#kappa_________Neutron_________kappa_________Proton__________
-1       -60.2331985800015    -1      -53.34083707662751    
-2      -52.568212406817906   -2      -46.30394586063085    
 1      -52.12738567320321     1      -45.69682370503881    
-3      -42.93359848056889    -3      -37.07386366716412    
 2      -41.016769590905255    2      -34.93191809757184    
-1      -35.52230384428344    -1      -28.154227860945753   
-4      -32.13929378861155    -4      -26.60052128530583    
 3      -28.050003772008722    3      -22.25226233291403    
-2      -22.45131142640446    -2      -16.04420956271133    
 1      -21.679482729324604   -5      -15.510290388297335   
-5      -20.840526010536905    1      -15.200087135942226   
 4      -14.259527018523727    4       -8.67850051564642    
-3      -10.925614115843246    0              0.0           
-6      -9.594352757152024     0              0.0           
 2      -9.357458289345118     0              0.0           
