#kappa_________Neutron_________kappa_________Proton__________
-1      -58.81895147215073    -1      -51.34412343349652    
-2      -50.58536519359939    -2       -42.9887844315507    
 1      -49.561853869754714    1      -41.98095144371541    
-3       -40.8624138925195    -3      -33.232694851460906   
 2      -38.402323178815095    2      -30.769336834535807   
-1      -34.714992318204395   -1      -27.332316618953882   
-4      -30.284208109224892   -4      -22.72862330399016    
 3      -25.99415464730498     3      -18.398738176880897   
-2      -22.318976536280047   -2      -15.192318755712677   
 1      -21.02359126590386     1      -13.864248569195638   
-5      -19.354666430231987   -5      -11.941828776472448   
 4      -13.244723335177468    4      -5.768498353936366    
-3      -11.199773240692139    0              0.0           
 2      -9.433693370776723     0              0.0           
-1      -9.111235671071654     0              0.0           
-6      -8.491714766762925     0              0.0           
