#kappa_________Neutron_________kappa_________Proton__________
-1      -59.40025307140638    -1      -47.99697963601409    
-2      -53.27324257359396    -2      -42.581415886785294   
1       -52.800959192274945    1      -42.008090038137425   
-3      -45.85467756434866    -3      -35.725046815731275   
2       -44.71332919952124     2      -34.40624870898978    
-1      -41.59385802078282    -1      -30.567701153435678   
-4      -37.46331363583192    -4      -27.829848942875174   
3       -35.32429796521353     3      -25.45106635369973    
-2      -31.058913338972957   -2      -20.614441585591976   
1       -30.109102382424226    1      -19.64002426160664    
-5      -28.410485241523702   -5      -19.220151664447826   
4       -24.994271191261646    4      -15.532272014634145   
-3      -20.74668158089173    -3      -10.76651802744766    
2       -19.135807022925405   -6      -10.166701909588824   
-6      -18.98348186709302     2      -9.164690214966413    
-1      -18.27074915870469    -1      -7.949745491027215    
5       -14.141349112658418    0              0.0           
-4      -11.020153534169253    0              0.0           
-7      -9.452581614314681     0              0.0           
3       -8.960267628789666     0              0.0           
-2      -8.393654414365074     0              0.0           
1       -7.653805380365384     0              0.0           
