#kappa_________Neutron_________kappa_________Proton__________
-1       -59.7525870420277    -1      -48.52142333659242    
-2      -53.48595635516017    -2       -42.9427902436604    
 1      -52.93919115232893     1      -42.29107427919871    
-3      -45.92745476658695    -3      -35.93437358437018    
 2       -44.6093241289924     2      -34.43658885524326    
-1      -41.46981895866497    -1      -30.64174055469357    
-4      -37.435734629161175   -4      -27.925967809392205   
 3      -34.987543790849145    3      -25.246174951463104   
-2      -30.891832169099985   -2      -20.618423445429585   
 1      -29.850861734306022    1      -19.570471689333772   
-5      -28.34722698142889    -5      -19.257679682500452   
 4       -24.5042064633343     4      -15.167483254282956   
-3      -20.692962155126338   -3      -10.811906153717814   
 2      -19.038743976440855   -6      -10.197169261894373   
-6      -18.951598707166454    2      -9.181610564066204    
-1      -18.306524826355144   -1      -8.071502716410805    
 5      -13.633975996699405    0              0.0           
-4      -11.083024237790937    0              0.0           
-7      -9.499465796915956     0              0.0           
 3       -9.03567248852255     0              0.0           
-2      -8.419453610010464     0              0.0           
 1      -7.6418646551077245    0              0.0           
