#kappa_________Neutron_________kappa_________Proton__________
-1      -59.79670471216252    -1      -48.03653963284148    
-2      -53.627849217305084   -2      -42.622304713542576   
 1      -53.15544447233481     1      -42.03817385066452    
-3      -46.15996635678334    -3      -35.77373406976801    
 2      -45.02037206118075     2      -34.431800224812264   
-1      -41.88786670079605    -1      -30.613342513443968   
-4      -37.70652437625438    -4      -27.89192893602842    
 3      -35.56783372472978     3      -25.472589360375196   
-2      -31.238428809022594   -2      -20.65744388645976    
 1      -30.275413106461883    1      -19.66493253844419    
-5      -28.580845890630258   -5      -19.30359714268559    
 4      -25.16187417096512     4      -15.559027850717712   
-3      -20.835543724906074   -3      -10.846091340982639   
 2      -19.221866521248444   -6      -10.27924521064108    
-6      -19.07213866902009     2      -9.240658782743822    
-1      -18.378083577383563   -1      -8.076318022714872    
 5      -14.219851740728927    0              0.0           
-4      -11.015342870926588    0              0.0           
-7      -9.452980576055552     0              0.0           
 3      -8.938465462121258     0              0.0           
-2      -8.351873357235718     0              0.0           
 1      -7.578812982827685     0              0.0           
