#kappa_________Neutron_________kappa_________Proton__________
-1      -59.804947168266494   -1       -51.8477421147727    
-2      -53.41487147470821    -2      -46.078559073235965   
 1      -52.83675146519727     1      -45.40008549865752    
-3      -45.64994693791061    -3      -38.769703017733036   
 2      -44.19443015384718     2      -37.15539313937131    
-1      -40.76651657497564    -1      -32.96268570548591    
-4       -36.9265392702431    -4      -30.40731822299483    
 3      -34.16914686089774     3      -27.46153797560862    
-2      -29.854078253738862   -2       -22.4630559701219    
 1      -28.717091287005474   -5      -21.381499693771616   
-5      -27.633241942889754    1      -21.329676570085553   
 4      -23.277330465529303    4      -16.83832094990612    
-3      -19.556242775502938   -3      -12.357508383694835   
-6      -18.103584206052346   -6      -12.000079760769381   
 2      -17.793794925679208    2      -10.610390735509782   
-1      -17.223042631838666   -1       -9.59200252452365    
 5      -12.105164294729093    0              0.0           
-4      -10.09157951468319     0              0.0           
-7      -8.622820208346184     0              0.0           
 3      -7.975362413288963     0              0.0           
-2       -7.62738833601577     0              0.0           
 1      -6.825472093166127     0              0.0           
