#kappa_________Neutron_________kappa_________Proton__________
-1      -61.40537227402285    -1      -51.99350240353817    
-2      -54.93262778912356    -2      -46.162538989887594   
 1      -54.36166065525322     1       -45.4835147738587    
-3      -47.027430768139425   -3      -38.73312415096905    
 2      -45.56928247640337     2      -37.10197664952784    
-1      -41.968087884654665   -1      -32.70144072143148    
-4      -38.11444766245256    -4      -30.20350647373232    
 3      -35.32068967813041     3      -27.202060057573703   
-2      -30.723190688701493   -2      -21.90771408317869    
 1      -29.548873646436164   -5      -20.985936954123645   
-5      -28.600925020867408    1      -20.73822069876894    
 4      -24.148434341517827    4      -16.326029065440252   
-3      -20.171500776483867   -3      -11.624633953340322   
-6      -18.842959792622082   -6      -11.414375055337928   
 2      -18.35682896026333     2      -9.831480077061201    
-1      -17.82660715190582    -1      -8.895354641608378    
 5      -12.66720405578883     0              0.0           
-4      -10.549652549302664    0              0.0           
-7      -9.148916960127849     0              0.0           
 3      -8.369603526031142     0              0.0           
-2      -8.094883374493293     0              0.0           
 1       -7.25549728943065     0              0.0           
