#kappa_________Neutron_________kappa_________Proton__________
-1      -59.791899234885136   -1      -48.97785760442525    
-2      -53.511794177598404   -2      -43.312538557326775   
 1       -52.967793394772      1      -42.678732775765184   
-3      -45.92380590673065    -3      -36.18844308239943    
 2      -44.597235266266466    2      -34.71561089669842    
-1      -41.40199112663527    -1      -30.83941362123653    
-4      -37.40271751242926    -4      -28.04718618931213    
 3      -34.927613174277894    3      -25.393163786437754   
-2      -30.82296403938949    -2       -20.6829968434663    
 1      -29.782611366995866    1      -19.641741024002158   
-5      -28.297565530286192   -5      -19.24360156453963    
 4      -24.40921628020328     4      -15.173221709880977   
-3      -20.682123855201212   -3      -10.808061756250254   
 2      -19.03662011951019    -6      -10.060676346966261   
-6      -18.907650783951794    2      -9.180754766508358    
-1      -18.344228268543475   -1      -8.117691913418867    
 5      -13.539171113168663    0              0.0           
-4      -11.174643575733285    0              0.0           
-7      -9.489333590500223     0              0.0           
 3      -9.148609301172314     0              0.0           
-2      -8.580203916219716     0              0.0           
 1      -7.810881622839361     0              0.0           
