#kappa_________Neutron_________kappa_________Proton__________
-1      -72.17564540781632    -1       -61.4584087063331    
-2      -66.49177655588971    -2      -56.297859950087286   
 1      -64.48144596610337     1      -53.86997161898432    
-3      -57.712542717420206   -3      -48.088201888823505   
 2      -52.709560116214334    2      -42.54277713280874    
-4      -47.18941375177167    -4      -38.06654477135385    
 3      -38.40289893929446     3      -28.760064018204503   
-1      -37.64612112864688    -5      -27.021600198497367   
-5      -35.77249323084129    -1      -26.944684899225308   
-2      -27.09460343981675    -2      -16.499196850223484   
 1      -26.67072135813794     1      -16.203117174917907   
-6      -24.003553240410156   -6      -15.454769676476758   
 4      -23.329417928460884    4      -14.165367266504518   
-3      -16.562416954910645   -3      -6.036583060175076    
 2      -15.335223511930621    2      -4.895850964852684    
-7      -12.227275627118729    0              0.0           
-1      -11.038593948105813    0              0.0           
 5       -9.17239547351096     0              0.0           
-4      -6.870239938159784     0              0.0           
 3      -5.095189532400582     0              0.0           
