#kappa_________Neutron_________kappa_________Proton__________
-1      -58.47710950904991    -1      -51.47277216720306    
-2      -50.63410061918478    -2      -43.67065460050458    
 1      -49.80443328029969     1      -42.82041173667574    
-3      -41.18840070281078    -3      -34.326755905790606   
 2      -39.038481366923975    2      -32.11895071192646    
-1      -34.962723794191334   -1      -28.20535517270912    
-4      -30.788148331066964   -4      -24.086749203843965   
 3      -26.83397625075395     3      -20.03417997440306    
-2      -22.613829345218733   -2      -16.070664468199425   
 1      -21.35846130405764     1      -14.796957265073615   
-5      -19.960759950284796   -5      -13.430760360811632   
 4      -14.08771767495739     4      -7.438067468518852    
-3      -11.512586110912366    0              0.0           
 2      -9.817662798726019     0              0.0           
-1      -9.447839362225864     0              0.0           
-6      -9.148603711806231     0              0.0           
