#kappa_________Neutron_________kappa_________Proton__________
-1      -58.41033525831597    -1      -51.462733331793515   
-2      -50.58707397169951    -2      -43.680767384656974   
 1      -49.75672158236978     1      -42.82965911994927    
-3      -41.15630265216748    -3      -34.35143357941956    
 2      -39.000537852919365    2      -32.13739269406551    
-1      -34.903874949612145   -1      -28.200436188808794   
-4      -30.76685343415386    -4      -24.121439951583397   
 3      -26.79609519308599     3      -20.051544904853017   
-2      -22.546672735067773   -2      -16.057073482533497   
 1      -21.28499934511683     1      -14.77684855242535    
-5      -19.94814180591868    -5      -13.473003977682424   
 4      -14.04371444836238     4      -7.447680328499246    
-3      -11.451004482031863    0              0.0           
 2      -9.750613858266433     0              0.0           
-1      -9.390686089724909     0              0.0           
-6      -9.145037877594973     0              0.0           
