#kappa_________Neutron_________kappa_________Proton__________
-1      -60.44075910617937    -1      -52.29053113849534    
-2      -52.25892961805539    -2      -44.36682246779924    
 1      -51.39333289937542     1       -43.4210890306706    
-3      -42.42955758407095    -3      -34.90109159070721    
 2      -40.173797563325934    2      -32.474060954206834   
-1       -35.9802708152306    -1      -28.534228904944598   
-4      -31.62052570400624    -4      -24.55989194770575    
 3      -27.44562397590653     3      -20.141766408697322   
-2      -23.06925935042898    -2      -16.22898898279334    
 1      -21.710895652016006    1      -14.865418482325822   
-5      -20.38639252928249    -5      -13.83663874333456    
 4      -14.147371486215889    4      -7.366018184976497    
-3      -11.534294911015195    0              0.0           
 2      -9.698743150150563     0              0.0           
-1      -9.417080133232616     0              0.0           
-6      -9.200681112807388     0              0.0           
