#kappa_________Neutron_________kappa_________Proton__________
-1      -58.258740814508656   -1      -50.92264274171373    
-2      -50.435425239757706   -2      -43.21830134938875    
 1      -49.60568618643208     1      -42.346234365614805   
-3      -41.04571253258973    -3      -34.03094880815229    
 2      -38.92386211677115     2      -31.80864034866545    
-1       -34.9764997936893    -1      -28.07598046811563    
-4      -30.704791410636176   -4      -23.96962023798517    
 3      -26.816396167562175    3      -19.927267595240096   
-2      -22.624586826532436   -2      -16.07986885878836    
 1      -21.359936982529803    1      -14.800529780941588   
-5      -19.915650713577975   -5       -13.4811414141883    
 4      -14.130146840589987    4      -7.529625917115595    
-3      -11.417530728529414    0              0.0           
 2      -9.696619467843448     0              0.0           
-1       -9.2875163778657      0              0.0           
-6      -9.105212232090935     0              0.0           
