#kappa_________Neutron_________kappa_________Proton__________
-1      -59.56874259244978    -1      -51.17492899173783    
-2      -51.404529492324514   -2      -43.34898805167961    
 1       -50.5980703056299     1      -42.45065049268317    
-3      -41.69401049431144    -3      -34.11398622560091    
 2      -39.661573879745106    2      -31.884116893774603   
-1      -35.849218561402495   -1      -28.403959321430648   
-4      -31.03278357096474    -4      -24.06437649503914    
 3      -27.32164877326079     3      -20.071689361966264   
-2      -23.198750209397645   -2      -16.549290537755496   
 1      -21.935847577826507    1      -15.276547253180297   
-5      -19.91598455343967    -5      -13.629211856743154   
 4      -14.372417200024529    4      -7.8183864629215805   
-3      -11.622635128908428    0              0.0           
 2      -9.839368492730046     0              0.0           
-1      -9.417754410401358     0              0.0           
-6      -8.778262336995454     0              0.0           
