9.999999999999999547e-07 6.681057597491505564e-38
9.707907504702855187e-05 6.662781611198214148e-38
1.931581500940571065e-04 6.644528807507057239e-38
2.892372251410857019e-04 6.626298910083679070e-38
3.853163001881142430e-04 6.608091928910280564e-38
4.813953752351427841e-04 6.589907856455251941e-38
5.774744502821713794e-04 6.571746651015745074e-38
6.735535253291998663e-04 6.553608316438097025e-38
7.696326003762284616e-04 6.535492831631046426e-38
8.657116754232570570e-04 6.517400155888178976e-38
9.617907504702855439e-04 6.499330260370466814e-38
1.057869825517313922e-03 6.481283138874170389e-38
1.153948900564342626e-03 6.463258774000564490e-38
1.250027975611371113e-03 6.445257138953948834e-38
1.346107050658399600e-03 6.427278201446222164e-38
1.442186125705428304e-03 6.409321938093078916e-38
1.538265200752456791e-03 6.391388336043880983e-38
1.634344275799485277e-03 6.373477377201657990e-38
1.730423350846513981e-03 6.355589038823653518e-38
1.826502425893542468e-03 6.337723294801721388e-38
1.922581500940570955e-03 6.319880116817274275e-38
2.018660575987599876e-03 6.302059482239776378e-38
2.114739651034628146e-03 6.284261374952263347e-38
2.210818726081656849e-03 6.266485776276839400e-38
2.306897801128685553e-03 6.248732665022442549e-38
2.402976876175713823e-03 6.231002018011131815e-38
2.499055951222742527e-03 6.213293810495437341e-38
2.595135026269771231e-03 6.195608016567316371e-38
2.691214101316799501e-03 6.177944613438304030e-38
2.787293176363828204e-03 6.160303583086236038e-38
2.883372251410856908e-03 6.142684906300251666e-38
2.979451326457885178e-03 6.125088562423665427e-38
3.075530401504913882e-03 6.107514529592786950e-38
3.171609476551942586e-03 6.089962784937074516e-38
3.267688551598970856e-03 6.072433304747423186e-38
3.363767626645999560e-03 6.054926064625367707e-38
3.459846701693028263e-03 6.037441041521923822e-38
3.555925776740056533e-03 6.019978216172120889e-38
3.652004851787085237e-03 6.002537568986520899e-38
3.748083926834113941e-03 5.985119079500865936e-38
3.844163001881142211e-03 5.967722726493753960e-38
3.940242076928170481e-03 5.950348488089000468e-38
4.036321151975199618e-03 5.932996341844850375e-38
4.132400227022227888e-03 5.915666264831962181e-38
4.228479302069256159e-03 5.898358233701665796e-38
4.324558377116285296e-03 5.881072225395728776e-38
4.420637452163313566e-03 5.863808219659192610e-38
4.516716527210341836e-03 5.846566196653184564e-38
4.612795602257370974e-03 5.829346135988999308e-38
4.708874677304399244e-03 5.812148016789728073e-38
4.804953752351427514e-03 5.794971817745649601e-38
4.901032827398456651e-03 5.777817517163728507e-38
4.997111902445484921e-03 5.760685093011989426e-38
5.093190977492513191e-03 5.743574522959309894e-38
5.189270052539542329e-03 5.726485784411187364e-38
5.285349127586570599e-03 5.709418854658374161e-38
5.381428202633598869e-03 5.692373712576295409e-38
5.477507277680628006e-03 5.675350338143802086e-38
5.573586352727656276e-03 5.658348711023806630e-38
5.669665427774684546e-03 5.641368810557397642e-38
5.765744502821713684e-03 5.624410615795221899e-38
5.861823577868741954e-03 5.607474105526147664e-38
5.957902652915770224e-03 5.590559258303397233e-38
6.053981727962799361e-03 5.573666052468435807e-38
6.150060803009827631e-03 5.556794466172807774e-38
6.246139878056855901e-03 5.539944477398132331e-38
6.342218953103885039e-03 5.523116063976098056e-38
6.438298028150913309e-03 5.506309204230589415e-38
6.534377103197941579e-03 5.489523877876426862e-38
6.630456178244970716e-03 5.472760064640077214e-38
6.726535253291998986e-03 5.456017744032317265e-38
6.822614328339027256e-03 5.439296895366805323e-38
6.918693403386056394e-03 5.422597497777286088e-38
7.014772478433084664e-03 5.405919530233463328e-38
7.110851553480112934e-03 5.389262971555782562e-38
7.206930628527142071e-03 5.372627800429072601e-38
7.303009703574170342e-03 5.356013995415201506e-38
7.399088778621198612e-03 5.339421534964877472e-38
7.495167853668227749e-03 5.322850397428539300e-38
7.591246928715256019e-03 5.306300561145911762e-38
7.687326003762284289e-03 5.289772005367053895e-38
7.783405078809313427e-03 5.273264709893732441e-38
7.879484153856339962e-03 5.256778654395388278e-38
7.975563228903369967e-03 5.240313818406809230e-38
8.071642303950398237e-03 5.223870181338766841e-38
8.167721378997426507e-03 5.207447722487975552e-38
8.263800454044454777e-03 5.191046421046454687e-38
8.359879529091483047e-03 5.174666256110235820e-38
8.455958604138511317e-03 5.158307206687594054e-38
8.552037679185541322e-03 5.141969251706705075e-38
8.648116754232569592e-03 5.125652370022887715e-38
8.744195829279597862e-03 5.109356540425343292e-38
8.840274904326626132e-03 5.093081741643518039e-38
8.936353979373654402e-03 5.076827952599249222e-38
9.032433054420682672e-03 5.060595153025782666e-38
9.128512129467712677e-03 5.044383322757965797e-38
9.224591204514740947e-03 5.028192441538595399e-38
9.320670279561769217e-03 5.012022489025203929e-38
9.416749354608797487e-03 4.995873444796472064e-38
9.512828429655825757e-03 4.979745288358275834e-38
9.608907504702854027e-03 4.963637999149418444e-38
9.704986579749884032e-03 4.947551556547024881e-38
9.801065654796912302e-03 4.931485939871651483e-38
9.897144729843940572e-03 4.915441128392123016e-38
9.993223804890968842e-03 4.899417101330107701e-38
1.008930287993799711e-02 4.883413837864436439e-38
1.018538195498502538e-02 4.867431317135194438e-38
1.028146103003205539e-02 4.851469518254364249e-38
1.037754010507908366e-02 4.835528420675441976e-38
1.047361918012611193e-02 4.819608004366115628e-38
1.056969825517314020e-02 4.803708249279140185e-38
1.066577733022016847e-02 4.787829135309250751e-38
1.076185640526719674e-02 4.771970642297375292e-38
1.085793548031422674e-02 4.756132750034655267e-38
1.095401455536125501e-02 4.740315438266256407e-38
1.105009363040828328e-02 4.724518686694983209e-38
1.114617270545531155e-02 4.708742474984746223e-38
1.124225178050233982e-02 4.692986782763853415e-38
1.133833085554936809e-02 4.677251589628130311e-38
1.143440993059639810e-02 4.661536875143900750e-38
1.153048900564342637e-02 4.645842618850831917e-38
1.162656808069045464e-02 4.630168800264629562e-38
1.172264715573748291e-02 4.614515398879637672e-38
1.181872623078451118e-02 4.598882394193464455e-38
1.191480530583153945e-02 4.583269766071678991e-38
1.201088438087856945e-02 4.567677494676046985e-38
1.210696345592559772e-02 4.552105560140407399e-38
1.220304253097262599e-02 4.536553942562815997e-38
1.229912160601965426e-02 4.521022622008250467e-38
1.239520068106668253e-02 4.505511578511178782e-38
1.249127975611371080e-02 4.490020792078067008e-38
1.258735883116073907e-02 4.474550242689731024e-38
1.268343790620776908e-02 4.459099910303607324e-38
1.277951698125479735e-02 4.443669774855908456e-38
1.287559605630182562e-02 4.428259816263730440e-38
1.297167513134885389e-02 4.412870014427018183e-38
1.306775420639588216e-02 4.397500349230477658e-38
1.316383328144291043e-02 4.382150800545406642e-38
1.325991235648994043e-02 4.366821348231429925e-38
1.335599143153696870e-02 4.351511972138189627e-38
1.345207050658399697e-02 4.336222652138311553e-38
1.354814958163102524e-02 4.320953368428544347e-38
1.364422865667805351e-02 4.305704101387164358e-38
1.374030773172508178e-02 4.290474831372599523e-38
1.383638680677211179e-02 4.275265538722416121e-38
1.393246588181914006e-02 4.260076203755110882e-38
1.402854495686616833e-02 4.244906806771827402e-38
1.412462403191319660e-02 4.229757328057997908e-38
1.422070310696022487e-02 4.214627747884935959e-38
1.431678218200725314e-02 4.199518046511339872e-38
1.441286125705428314e-02 4.184428204184787278e-38
1.450894033210131141e-02 4.169358201143105961e-38
1.460501940714833968e-02 4.154308017615764006e-38
1.470109848219536795e-02 4.139277633825144062e-38
1.479717755724239622e-02 4.124267029987812382e-38
1.489325663228942449e-02 4.109276186315712693e-38
1.498933570733645450e-02 4.094305083017338664e-38
1.508541478238348277e-02 4.079353700298836943e-38
1.518149385743051104e-02 4.064422018393513014e-38
1.527757293247753931e-02 4.049510017794803366e-38
1.537365200752456758e-02 4.034617679128061609e-38
1.546973108257159585e-02 4.019744983008203473e-38
1.556581015761862585e-02 4.004891910039550729e-38
1.566188923266565586e-02 3.990058440817020356e-38
1.575796830771268239e-02 3.975244555927289700e-38
1.585404738275971240e-02 3.960450235949907343e-38
1.595012645780674240e-02 3.945675461458386743e-38
1.604620553285376894e-02 3.930920213021228358e-38
1.614228460790079894e-02 3.916184471202945947e-38
1.623836368294782548e-02 3.901468216565017697e-38
1.633444275799485548e-02 3.886771429666837350e-38
1.643052183304188549e-02 3.872094091066614176e-38
1.652660090808891202e-02 3.857436181322234314e-38
1.662267998313594203e-02 3.842797680992118452e-38
1.671875905818296856e-02 3.828178570636035148e-38
1.681483813322999857e-02 3.813578830815869245e-38
1.691091720827702510e-02 3.798998442096397603e-38
1.700699628332405511e-02 3.784437385063759359e-38
1.710307535837108511e-02 3.769895640500388907e-38
1.719915443341811165e-02 3.755373189304994778e-38
1.729523350846514165e-02 3.740870012373744811e-38
1.739131258351216819e-02 3.726386090599360963e-38
1.748739165855919819e-02 3.711921404871939929e-38
1.758347073360622820e-02 3.697475936079742446e-38
1.767954980865325473e-02 3.683049665109981547e-38
1.777562888370028474e-02 3.668642572849552874e-38
1.787170795874731127e-02 3.654254640185774388e-38
1.796778703379434128e-02 3.639885848007069697e-38
1.806386610884136781e-02 3.625536177203661303e-38
1.815994518388839782e-02 3.611205608668221050e-38
1.825602425893542782e-02 3.596894123296500200e-38
1.835210333398245436e-02 3.582601701987960567e-38
1.844818240902948436e-02 3.568328325646345085e-38
1.854426148407651090e-02 3.554073975180281793e-38
1.864034055912354090e-02 3.539838631503826216e-38
1.873641963417056744e-02 3.525622275537005839e-38
1.883249870921759744e-02 3.511424888206342129e-38
1.892857778426462745e-02 3.497246450452328014e-38
1.902465685931165398e-02 3.483086943351097663e-38
1.912073593435868399e-02 3.468946348095183629e-38
1.921681500940571052e-02 3.454824645882078738e-38
1.931289408445274053e-02 3.440721817910866425e-38
1.940897315949977053e-02 3.426637845382803834e-38
1.950505223454679707e-02 3.412572709501875165e-38
1.960113130959382707e-02 3.398526391475327271e-38
1.969721038464085361e-02 3.384498872514203686e-38
1.979328945968788361e-02 3.370490133833847860e-38
1.988936853473491015e-02 3.356500156654392816e-38
1.998544760978194015e-02 3.342528922201247155e-38
2.008152668482897016e-02 3.328576411705556527e-38
2.017760575987599669e-02 3.314642606404658312e-38
2.027368483492302670e-02 3.300727487542518554e-38
2.036976390997005323e-02 3.286831036370154282e-38
2.046584298501708324e-02 3.272953234146046951e-38
2.056192206006411324e-02 3.259094062136548576e-38
2.065800113511113978e-02 3.245253501616262290e-38
2.075408021015816978e-02 3.231431533868426552e-38
2.085015928520519632e-02 3.217628140185277957e-38
2.094623836025222632e-02 3.203843301869498283e-38
2.104231743529925286e-02 3.190077000303375936e-38
2.113839651034628286e-02 3.176329216987706157e-38
2.123447558539331287e-02 3.162599933438130563e-38
2.133055466044033940e-02 3.148889131175474994e-38
2.142663373548736941e-02 3.135196791726147294e-38
2.152271281053439594e-02 3.121522896622540319e-38
2.161879188558142595e-02 3.107867427403404137e-38
2.171487096062845595e-02 3.094230365614222408e-38
2.181095003567548249e-02 3.080611692807579889e-38
2.190702911072251249e-02 3.067011390543491832e-38
2.200310818576953903e-02 3.053429440389779319e-38
2.209918726081656903e-02 3.039865823922364728e-38
2.219526633586359557e-02 3.026320522725625144e-38
2.229134541091062557e-02 3.012793518392690435e-38
2.238742448595765558e-02 2.999284792525750721e-38
2.248350356100468211e-02 2.985794326736359676e-38
2.257958263605171212e-02 2.972322102645717460e-38
2.267566171109873865e-02 2.958868101884951572e-38
2.277174078614576866e-02 2.945432306095395086e-38
2.286781986119279866e-02 2.932014696928850795e-38
2.296389893623982520e-02 2.918615256047847531e-38
2.305997801128685520e-02 2.905233965125887596e-38
2.315605708633388174e-02 2.891870805872751897e-38
2.325213616138091174e-02 2.878525760105370496e-38
2.334821523642793828e-02 2.865198809672005880e-38
2.344429431147496828e-02 2.851889936428660588e-38
2.354037338652199829e-02 2.838599122239354933e-38
2.363645246156902482e-02 2.825326348976417245e-38
2.373253153661605483e-02 2.812071598520742797e-38
2.382861061166308136e-02 2.798834852762074130e-38
2.392468968671011137e-02 2.785616093599241183e-38
2.402076876175714137e-02 2.772415302940433796e-38
2.411684783680416791e-02 2.759232462703427217e-38
2.421292691185119791e-02 2.746067554815833722e-38
2.430900598689822445e-02 2.732920561215333348e-38
2.440508506194525445e-02 2.719791463849885837e-38
2.450116413699228099e-02 2.706680244677981205e-38
2.459724321203931099e-02 2.693586885668818799e-38
2.469332228708634100e-02 2.680511368802547948e-38
2.478940136213336753e-02 2.667453676070453283e-38
2.488548043718039754e-02 2.654413789475156237e-38
2.498155951222742407e-02 2.641391691030814461e-38
2.507763858727445408e-02 2.628387362763301919e-38
2.517371766232148061e-02 2.615400786710400996e-38
2.526979673736851062e-02 2.602431944921971110e-38
2.536587581241554062e-02 2.589480819464253847e-38
2.546195488746256716e-02 2.576547392474878145e-38
2.555803396250959716e-02 2.563631646146278717e-38
2.565411303755662370e-02 2.550733562681528083e-38
2.575019211260365370e-02 2.537853124293458535e-38
2.584627118765068371e-02 2.524990313204846404e-38
2.594235026269771024e-02 2.512145111648615132e-38
2.603842933774474025e-02 2.499317501868027376e-38
2.613450841279176678e-02 2.486507466116861449e-38
2.623058748783879679e-02 2.473714986659596643e-38
2.632666656288582333e-02 2.460940045771593850e-38
2.642274563793285333e-02 2.448182625739262602e-38
2.651882471297988333e-02 2.435442708860226564e-38
2.661490378802690987e-02 2.422720277443497881e-38
2.671098286307393987e-02 2.410015313809619695e-38
2.680706193812096641e-02 2.397327800290837889e-38
2.690314101316799641e-02 2.384657719231247779e-38
2.699922008821502642e-02 2.372005052986932969e-38
2.709529916326205295e-02 2.359369783926127179e-38
2.719137823830908296e-02 2.346751894429338490e-38
2.728745731335610950e-02 2.334151366889494202e-38
2.738353638840313950e-02 2.321568183712075779e-38
2.747961546345016604e-02 2.309002327315244657e-38
2.757569453849719604e-02 2.296453780129974315e-38
2.767177361354422604e-02 2.283922524600189135e-38
2.776785268859125258e-02 2.271408543201628534e-38
2.786393176363828258e-02 2.258911818474913033e-38
2.796001083868530912e-02 2.246432332980811462e-38
2.805608991373233913e-02 2.233970069291054385e-38
2.815216898877936913e-02 2.221525009988470861e-38
2.824824806382639567e-02 2.209097137667145055e-38
2.834432713887342567e-02 2.196686434932531347e-38
2.844040621392045221e-02 2.184292884401600234e-38
2.853648528896748221e-02 2.171916468702968316e-38
2.863256436401450875e-02 2.159557170477018620e-38
2.872864343906153875e-02 2.147214972376031893e-38
2.882472251410856875e-02 2.134889857064301968e-38
2.892080158915559529e-02 2.122581807218257916e-38
2.901688066420262530e-02 2.110290805526573933e-38
2.911295973924965183e-02 2.098016834690290190e-38
2.920903881429668184e-02 2.085759877422916716e-38
2.930511788934371184e-02 2.073519916450538320e-38
2.940119696439073838e-02 2.061296934511927095e-38
2.949727603943776838e-02 2.049090914358636638e-38
2.959335511448479492e-02 2.036901838755111152e-38
2.968943418953182492e-02 2.024729690478767149e-38
2.978551326457885146e-02 2.012574452320105418e-38
2.988159233962588146e-02 2.000436107082796119e-38
2.997767141467291147e-02 1.988314637583761261e-38
3.007375048971993800e-02 1.976210026653278323e-38
3.016982956476696801e-02 1.964122257136606623e-38
3.026590863981399454e-02 1.952051311921905703e-38
3.036198771486102455e-02 1.939997173936164318e-38
3.045806678990805455e-02 1.927959826119110185e-38
3.055414586495508109e-02 1.915939251422372654e-38
3.065022494000211109e-02 1.903935432809556315e-38
3.074630401504913763e-02 1.891948353256368368e-38
3.084238309009616763e-02 1.879977995750690145e-38
3.093846216514319417e-02 1.868024343292683080e-38
3.103454124019022417e-02 1.856087378894880058e-38
3.113062031523725418e-02 1.844167085582265295e-38
3.122669939028428071e-02 1.832263446392370901e-38
3.132277846533131072e-02 1.820376444375353888e-38
3.141885754037834072e-02 1.808506062594087517e-38
3.151493661542536379e-02 1.796652284124236998e-38
3.161101569047239379e-02 1.784815092054333090e-38
3.170709476551942380e-02 1.772994469485865024e-38
3.180317384056645380e-02 1.761190399533339755e-38
3.189925291561348381e-02 1.749402865324364696e-38
3.199533199066050687e-02 1.737631849999719504e-38
3.209141106570753688e-02 1.725877336713415064e-38
3.218749014075456688e-02 1.714139308632781451e-38
3.228356921580159689e-02 1.702417748938517262e-38
3.237964829084862689e-02 1.690712640824765051e-38
3.247572736589564996e-02 1.679023967499167961e-38
3.257180644094267996e-02 1.667351712182937596e-38
3.266788551598970997e-02 1.655695858110910655e-38
3.276396459103673997e-02 1.644056388536233581e-38
3.286004366608376998e-02 1.632433286752470813e-38
3.295612274113079304e-02 1.620826536075512990e-38
3.305220181617782305e-02 1.609236119833665273e-38
3.314828089122485305e-02 1.597662021367706595e-38
3.324435996627188306e-02 1.586104224030957261e-38
3.334043904131890612e-02 1.574562711189353603e-38
3.343651811636593613e-02 1.563037466221498611e-38
3.353259719141296613e-02 1.551528472518745720e-38
3.362867626645999614e-02 1.540035713485247621e-38
3.372475534150702614e-02 1.528559172538026990e-38
3.382083441655404921e-02 1.517098833107034702e-38
3.391691349160107921e-02 1.505654678635201763e-38
3.401299256664810922e-02 1.494226692578510052e-38
3.410907164169513922e-02 1.482814858406037211e-38
3.420515071674216923e-02 1.471419159600020594e-38
3.430122979178919229e-02 1.460039579655902943e-38
3.439730886683622230e-02 1.448676102082386683e-38
3.449338794188325230e-02 1.437328710401496297e-38
3.458946701693028231e-02 1.425997388148607303e-38
3.468554609197731231e-02 1.414682118872516207e-38
3.478162516702433538e-02 1.403382886135473383e-38
3.487770424207136538e-02 1.392099673513236067e-38
3.497378331711839539e-02 1.380832464595110374e-38
3.506986239216542539e-02 1.369581242984001155e-38
3.516594146721245540e-02 1.358345992296448536e-38
3.526202054225947846e-02 1.347126696162673859e-38
3.535809961730650847e-02 1.335923338226625094e-38
3.545417869235353847e-02 1.324735902152579147e-38
3.555025776740056848e-02 1.313564371636613602e-38
3.564633684244759154e-02 1.302408730390795128e-38
3.574241591749462155e-02 1.291268962139941623e-38
3.583849499254165155e-02 1.280145050621678849e-38
3.593457406758868156e-02 1.269036979586483768e-38
3.603065314263571156e-02 1.257944732797727863e-38
3.612673221768273463e-02 1.246868294031731170e-38
3.622281129272976463e-02 1.235807647077795429e-38
3.631889036777679464e-02 1.224762775738260718e-38
3.641496944282382464e-02 1.213733663828536782e-38
3.651104851787085465e-02 1.202720295177148964e-38
3.660712759291787771e-02 1.191722653625781013e-38
3.670320666796490772e-02 1.180740723029307977e-38
3.679928574301193772e-02 1.169774487255842653e-38
3.689536481805896773e-02 1.158823930186764439e-38
3.699144389310599773e-02 1.147889035716765527e-38
3.708752296815302080e-02 1.136969787753879616e-38
3.718360204320005080e-02 1.126066170219518322e-38
3.727968111824708081e-02 1.115178167048508246e-38
3.737576019329411081e-02 1.104305762189119026e-38
3.747183926834113388e-02 1.093448939603101583e-38
3.756791834338816388e-02 1.082607683265711996e-38
3.766399741843519389e-02 1.071781977165753009e-38
3.776007649348222389e-02 1.060971805305591124e-38
3.785615556852925390e-02 1.050177151701197842e-38
3.795223464357627696e-02 1.039398000382169629e-38
3.804831371862330697e-02 1.028634335391757153e-38
3.814439279367033697e-02 1.017886140786959636e-38
3.824047186871736698e-02 1.007153400644494856e-38
3.833655094376439698e-02 9.964360990652799445e-39
3.843263001881142005e-02 9.857342201642902801e-39
3.852870909385845005e-02 9.750477480694205600e-39
3.862478816890548006e-02 9.643766669215145571e-39
3.872086724395251006e-02 9.537209608744011392e-39
3.881694631899954007e-02 9.430806140949232412e-39
3.891302539404656313e-02 9.324556107629663155e-39
3.900910446909359314e-02 9.218459350714905674e-39
3.910518354414062314e-02 9.112515712265583607e-39
3.920126261918765315e-02 9.006725034473656701e-39
3.929734169423468315e-02 8.901087159662670079e-39
3.939342076928170622e-02 8.795601930288019165e-39
3.948949984432873622e-02 8.690269188937200256e-39
3.958557891937576623e-02 8.585088778330131570e-39
3.968165799442279623e-02 8.480060541319313764e-39
3.977773706946981930e-02 8.375184320890145762e-39
3.987381614451684930e-02 8.270459960161095716e-39
3.996989521956387931e-02 8.165887302383993343e-39
4.006597429461090931e-02 8.061466190944204799e-39
4.016205336965793932e-02 7.957196469360880641e-39
4.025813244470496238e-02 7.853077981287164641e-39
4.035421151975199239e-02 7.749110570510343864e-39
4.045029059479902239e-02 7.645294080952141000e-39
4.054636966984605240e-02 7.541628356668856623e-39
4.064244874489308240e-02 7.438113241851550587e-39
4.073852781994010547e-02 7.334748580826253449e-39
4.083460689498713547e-02 7.231534218054074788e-39
4.093068597003416548e-02 7.128469998131502067e-39
4.102676504508119548e-02 7.025555765791162784e-39
4.112284412012822549e-02 6.922791365940884949e-39
4.121892319517524855e-02 6.820176643680391417e-39
4.131500227022227856e-02 6.717711444243690593e-39
4.141108134526930856e-02 6.615395612994228124e-39
4.150716042031633857e-02 6.513228995425047424e-39
4.160323949536336857e-02 6.411211437159045466e-39
4.169931857041039164e-02 6.309342783949148968e-39
4.179539764545742164e-02 6.207622881678459247e-39
4.189147672050445165e-02 6.106051576360527595e-39
4.198755579555148165e-02 6.004628714139509272e-39
4.208363487059850472e-02 5.903354141290334471e-39
4.217971394564553472e-02 5.802227704218847956e-39
4.227579302069256473e-02 5.701249249462058334e-39
4.237187209573959473e-02 5.600418623688235276e-39
4.246795117078662474e-02 5.499735673697117028e-39
4.256403024583364780e-02 5.399200246420037648e-39
4.266010932088067781e-02 5.298812188920043162e-39
4.275618839592770781e-02 5.198571348392138218e-39
4.285226747097473782e-02 5.098477572163323931e-39
4.294834654602176782e-02 4.998530707692819747e-39
4.304442562106879089e-02 4.898730602572118253e-39
4.314050469611582089e-02 4.799077104525164624e-39
4.323658377116285090e-02 4.699570061408474732e-39
4.333266284620988090e-02 4.600209321211242809e-39
4.342874192125691091e-02 4.500994732055485662e-39
4.352482099630393397e-02 4.401926142196096178e-39
4.362090007135096398e-02 4.303003400021017548e-39
4.371697914639799398e-02 4.204226354051307870e-39
4.381305822144502399e-02 4.105594852941263477e-39
4.390913729649204705e-02 4.007108745478499196e-39
4.400521637153907706e-02 3.908767880584317030e-39
4.410129544658610706e-02 3.810572107331172441e-39
4.419737452163313707e-02 3.712521274950524288e-39
4.429345359668016707e-02 3.614615232804958077e-39
4.438953267172719014e-02 3.516853830385652836e-39
4.448561174677422014e-02 3.419236917312503793e-39
4.458169082182125015e-02 3.321764343334285505e-39
4.467776989686828015e-02 3.224435958328741256e-39
4.477384897191531016e-02 3.127251612302681593e-39
4.486992804696233322e-02 3.030211155392135707e-39
4.496600712200936323e-02 2.933314437862406575e-39
4.506208619705639323e-02 2.836561310108247144e-39
4.515816527210342324e-02 2.739951622653893281e-39
4.525424434715045324e-02 2.643485226153195588e-39
4.535032342219747631e-02 2.547161971389704879e-39
4.544640249724450631e-02 2.450981709276766473e-39
4.554248157229153632e-02 2.354944290857604699e-39
4.563856064733856632e-02 2.259049567305386513e-39
4.573463972238559633e-02 2.163297389923354617e-39
4.583071879743261939e-02 2.067687610144845730e-39
4.592679787247964940e-02 1.972220079533394666e-39
4.602287694752667940e-02 1.876894649782818836e-39
4.611895602257370941e-02 1.781711172717233257e-39
4.621503509762073247e-02 1.686669500291190519e-39
4.631111417266776248e-02 1.591769484589661865e-39
4.640719324771479248e-02 1.497010977828179763e-39
4.650327232276182249e-02 1.402393832352806264e-39
4.659935139780885249e-02 1.307917900640272475e-39
4.669543047285587556e-02 1.213583035297969429e-39
4.679150954790290556e-02 1.119389089063998979e-39
4.688758862294993557e-02 1.025335914807272819e-39
4.698366769799696557e-02 9.314233655274734994e-40
4.707974677304399558e-02 8.376512943551883531e-40
4.717582584809101864e-02 7.440195545541922147e-40
4.727190492313804865e-02 6.505279995223292318e-40
4.736798399818507865e-02 5.571764827852174150e-40
4.746406307323210866e-02 4.639648579955032031e-40
4.756014214827913866e-02 3.708929789329217408e-40
4.765622122332616173e-02 2.779606995043501414e-40
4.775230029837319173e-02 1.851678737438849748e-40
4.784837937342022174e-02 9.251435581287493506e-41
4.794445844846725174e-02 0.000000000000000000e+00
