# ## E_nu, Sigma
1.000000000000000000e+00 1.727871047483508646e-42
1.103807615230461003e+00 2.119488750206084795e-42
1.207615230460921785e+00 2.549761081534511793e-42
1.311422845691382788e+00 3.018671362764592480e-42
1.415230460921843569e+00 3.526205171282951700e-42
1.519038076152304573e+00 4.072349177075711186e-42
1.622845691382765576e+00 4.657090482520831837e-42
1.726653306613226579e+00 5.280416231271223871e-42
1.830460921843687361e+00 5.942313367870012661e-42
1.934268537074148142e+00 6.642768485244249623e-42
2.038076152304609145e+00 7.381767725244712545e-42
2.141883767535070149e+00 8.159296712214036613e-42
2.245691382765531152e+00 8.975340507747258373e-42
2.349498997995992156e+00 9.829883579333047899e-42
2.453306613226453159e+00 1.072290977823870638e-41
2.557114228456913718e+00 1.165440232369878753e-41
2.660921843687374722e+00 1.262434379148362060e-41
2.764729458917835725e+00 1.363271610556121517e-41
2.868537074148296284e+00 1.467950053197713475e-41
2.972344689378757288e+00 1.576467767434696427e-41
3.076152304609218291e+00 1.688822747053864650e-41
3.179959919839679294e+00 1.805012919027688218e-41
3.283767535070140298e+00 1.925036143348521585e-41
3.387575150300601301e+00 2.048890212915149696e-41
3.491382765531062304e+00 2.176572853457839766e-41
3.595190380761522864e+00 2.308081723493329935e-41
3.698997995991983867e+00 2.443414414303380897e-41
3.802805611222444870e+00 2.582568449932055412e-41
3.906613226452905874e+00 2.725541287198023088e-41
4.010420841683366433e+00 2.872330315719072334e-41
4.114228456913827436e+00 3.022932857947884321e-41
4.218036072144288440e+00 3.177346169223111334e-41
4.321843687374749443e+00 3.335567437832521323e-41
4.425651302605210446e+00 3.497593785081739441e-41
4.529458917835671450e+00 3.663422265367219300e-41
4.633266533066132453e+00 3.833049866252881649e-41
4.737074148296592568e+00 4.006473508549970851e-41
4.840881763527054460e+00 4.183690046399778406e-41
4.944689378757514575e+00 4.364696267358904724e-41
5.048496993987975578e+00 4.549488892487066782e-41
5.152304609218436582e+00 4.738064576440791296e-41
5.256112224448897585e+00 4.930419907576692456e-41
5.359919839679358589e+00 5.126551408058411465e-41
5.463727454909819592e+00 5.326455533964660795e-41
5.567535070140280595e+00 5.530128675398276816e-41
5.671342685370741599e+00 5.737567156596302696e-41
5.775150300601202602e+00 5.948767236041106181e-41
5.878957915831663605e+00 6.163725106572512874e-41
5.982765531062124609e+00 6.382436895500983564e-41
6.086573146292584724e+00 6.604898664723022390e-41
6.190380761523045727e+00 6.831106410844430667e-41
6.294188376753506731e+00 7.061056065309862729e-41
6.397995991983967734e+00 7.294743494533467620e-41
6.501803607214428737e+00 7.532164500029965131e-41
6.605611222444889741e+00 7.773314818546267307e-41
6.709418837675350744e+00 8.018190122193676015e-41
6.813226452905811747e+00 8.266786018580717757e-41
6.917034068136272751e+00 8.519098050946654453e-41
7.020841683366733754e+00 8.775121698295892481e-41
7.124649298597193869e+00 9.034852375536781002e-41
7.228456913827654873e+00 9.298285433628790196e-41
7.332264529058115876e+00 9.565416159732539236e-41
7.436072144288576879e+00 9.836239777360204548e-41
7.539879759519037883e+00 1.011075144652626149e-40
7.643687374749498886e+00 1.038894626389865933e-40
7.747494989979959890e+00 1.067081926295044078e-40
7.851302605210420893e+00 1.095636541411192843e-40
7.955110220440881896e+00 1.124557962492344131e-40
8.058917835671342900e+00 1.153845674018975497e-40
8.162725450901803015e+00 1.183499154214175776e-40
8.266533066132264906e+00 1.213517875060413075e-40
8.370340681362725022e+00 1.243901302316390042e-40
8.474148296593185137e+00 1.274648895533924016e-40
8.577955911823647028e+00 1.305760108074857755e-40
8.681763527054108920e+00 1.337234387128014019e-40
8.785571142284569035e+00 1.369071173726181341e-40
8.889378757515029150e+00 1.401269902763153843e-40
8.993186372745491042e+00 1.433830003010841193e-40
9.096993987975951157e+00 1.466750897136756424e-40
9.200801603206413048e+00 1.500032001722335316e-40
9.304609218436873164e+00 1.533672727281498441e-40
9.408416833667335055e+00 1.567672478279274384e-40
9.512224448897795170e+00 1.602030653150412966e-40
9.616032064128257062e+00 1.636746644318062504e-40
9.719839679358717177e+00 1.671819838212441358e-40
9.823647294589179069e+00 1.707249615289596751e-40
9.927454909819639184e+00 1.743035350050142388e-40
1.003126252505009930e+01 1.779176411058212423e-40
1.013507014028056119e+01 1.815672160961026977e-40
1.023887775551102131e+01 1.852521956509078570e-40
1.034268537074148320e+01 1.889725148576398499e-40
1.044649298597194331e+01 1.927281082180801589e-40
1.055030060120240520e+01 1.965189096504216601e-40
1.065410821643286532e+01 2.003448524912987263e-40
1.075791583166332721e+01 2.042058694978216953e-40
1.086172344689378733e+01 2.081018928496174544e-40
1.096553106212424922e+01 2.120328541508715347e-40
1.106933867735470933e+01 2.159986844324060534e-40
1.117314629258516945e+01 2.199993141538377952e-40
1.127695390781563134e+01 2.240346732057590100e-40
1.138076152304609145e+01 2.281046909119199228e-40
1.148456913827655335e+01 2.322092960314156903e-40
1.158837675350701346e+01 2.363484167608749463e-40
1.169218436873747535e+01 2.405219807366483897e-40
1.179599198396793547e+01 2.447299150369972077e-40
1.189979959919839736e+01 2.489721461842935315e-40
1.200360721442885747e+01 2.532486001472255810e-40
1.210741482965931759e+01 2.575592023430665947e-40
1.221122244488977948e+01 2.619038776399976752e-40
1.231503006012023960e+01 2.662825503594432771e-40
1.241883767535070149e+01 2.706951442784056344e-40
1.252264529058116160e+01 2.751415826317976799e-40
1.262645290581162349e+01 2.796217881147770643e-40
1.273026052104208361e+01 2.841356828850853151e-40
1.283406813627254550e+01 2.886831885653859348e-40
1.293787575150300562e+01 2.932642262456145298e-40
1.304168336673346751e+01 2.978787164853448861e-40
1.314549098196392762e+01 3.025265793162389762e-40
1.324929859719438774e+01 3.072077342445158083e-40
1.335310621242484963e+01 3.119221002534254545e-40
1.345691382765530975e+01 3.166695958057278100e-40
1.356072144288577164e+01 3.214501388461577717e-40
1.366452905811623175e+01 3.262636468039057920e-40
1.376833667334669364e+01 3.311100365950912953e-40
1.387214428857715376e+01 3.359892246252350342e-40
1.397595190380761565e+01 3.409011267917566093e-40
1.407975951903807577e+01 3.458456584865122414e-40
1.418356713426853766e+01 3.508227345983909456e-40
1.428737474949899777e+01 3.558322695159233481e-40
1.439118236472945789e+01 3.608741771298756574e-40
1.449498997995991978e+01 3.659483708358557901e-40
1.459879759519037989e+01 3.710547635369159472e-40
1.470260521042084179e+01 3.761932676461601258e-40
1.480641282565130190e+01 3.813637950893387845e-40
1.491022044088176379e+01 3.865662573074678963e-40
1.501402805611222391e+01 3.918005652594522434e-40
1.511783567134268580e+01 3.970666294247890141e-40
1.522164328657314591e+01 4.023643598062800456e-40
1.532545090180360781e+01 4.076936659327715545e-40
1.542925851703406792e+01 4.130544568618631986e-40
1.553306613226452804e+01 4.184466411826358174e-40
1.563687374749498993e+01 4.238701270183665296e-40
1.574068136272545004e+01 4.293248220292604701e-40
1.584448897795591193e+01 4.348106334151693956e-40
1.594829659318637205e+01 4.403274679183112673e-40
1.605210420841683572e+01 4.458752318260578622e-40
1.615591182364729406e+01 4.514538309737518275e-40
1.625971943887775595e+01 4.570631707475585657e-40
1.636352705410821784e+01 4.627031560872818217e-40
1.646733466933867618e+01 4.683736914891968064e-40
1.657114228456913807e+01 4.740746810088846266e-40
1.667494989979959996e+01 4.798060282640579045e-40
1.677875751503005830e+01 4.855676364373919441e-40
1.688256513026052019e+01 4.913594082793566322e-40
1.698637274549098208e+01 4.971812461110570661e-40
1.709018036072144398e+01 5.030330518271395981e-40
1.719398797595190231e+01 5.089147268987468199e-40
1.729779559118236421e+01 5.148261723764287453e-40
1.740160320641282610e+01 5.207672888930833572e-40
1.750541082164328799e+01 5.267379766668783941e-40
1.760921843687374633e+01 5.327381355041800703e-40
1.771302605210420822e+01 5.387676648024672762e-40
1.781683366733467011e+01 5.448264635532753886e-40
1.792064128256512845e+01 5.509144303451143048e-40
1.802444889779559034e+01 5.570314633664338672e-40
1.812825651302605223e+01 5.631774604086472002e-40
1.823206412825651412e+01 5.693523188691520894e-40
1.833587174348697246e+01 5.755559357543528498e-40
1.843967935871743435e+01 5.817882076826516070e-40
1.854348697394789625e+01 5.880490308875018951e-40
1.864729458917835814e+01 5.943383012203977356e-40
1.875110220440881648e+01 6.006559141538741354e-40
1.885490981963927837e+01 6.070017647845238981e-40
1.895871743486974026e+01 6.133757478360160669e-40
1.906252505010019860e+01 6.197777576621925895e-40
1.916633266533066049e+01 6.262076882501487507e-40
1.927014028056112238e+01 6.326654332233286143e-40
1.937394789579158427e+01 6.391508858446340040e-40
1.947775551102204261e+01 6.456639390195199452e-40
1.958156312625250450e+01 6.522044852990431234e-40
1.968537074148296639e+01 6.587724168829849769e-40
1.978917835671342829e+01 6.653676256229043161e-40
1.989298597194388663e+01 6.719900030252361899e-40
1.999679358717434852e+01 6.786394402544226457e-40
2.010060120240481041e+01 6.853158281360593943e-40
2.020440881763526875e+01 6.920190571600436982e-40
2.030821643286573064e+01 6.987490174837622274e-40
2.041202404809619253e+01 7.055055989352491443e-40
2.051583166332665442e+01 7.122886910163000595e-40
2.061963927855711276e+01 7.190981829056647012e-40
2.072344689378757465e+01 7.259339634621547539e-40
2.082725450901803654e+01 7.327959212278036557e-40
2.093106212424849844e+01 7.396839444310096745e-40
2.103486973947895677e+01 7.465979209897670753e-40
2.113867735470941867e+01 7.535377385148751023e-40
2.124248496993988056e+01 7.605032843131200430e-40
2.134629258517033890e+01 7.674944453905085172e-40
2.145010020040080079e+01 7.745111084554970127e-40
2.155390781563126268e+01 7.815531599221517647e-40
2.165771543086172457e+01 7.886204859133773125e-40
2.176152304609218291e+01 7.957129722640935078e-40
2.186533066132264480e+01 8.028305045244345448e-40
2.196913827655310669e+01 8.099729679629685457e-40
2.207294589178356503e+01 8.171402475699468358e-40
2.217675350701402692e+01 8.243322280605654540e-40
2.228056112224448881e+01 8.315487938782935474e-40
2.238436873747495071e+01 8.387898291980200363e-40
2.248817635270540904e+01 8.460552179293399205e-40
2.259198396793587094e+01 8.533448437197921356e-40
2.269579158316633283e+01 8.606585899580928412e-40
2.279959919839679472e+01 8.679963397773656100e-40
2.290340681362725306e+01 8.753579760583792834e-40
2.300721442885771495e+01 8.827433814328386830e-40
2.311102204408817684e+01 8.901524382866309493e-40
2.321482965931863518e+01 8.975850287632007557e-40
2.331863727454909707e+01 9.050410347667576583e-40
2.342244488977955896e+01 9.125203379655606086e-40
2.352625250501002085e+01 9.200228197952055645e-40
2.363006012024047919e+01 9.275483614618871636e-40
2.373386773547094108e+01 9.350968439456975916e-40
2.383767535070140298e+01 9.426681480038102777e-40
2.394148296593186487e+01 9.502621541738073105e-40
2.404529058116232321e+01 9.578787427769856472e-40
2.414909819639278510e+01 9.655177939216094878e-40
2.425290581162324699e+01 9.731791875063011501e-40
2.435671342685370533e+01 9.808628032232998062e-40
2.446052104208416722e+01 9.885685205617569251e-40
2.456432865731462911e+01 9.962962188109724969e-40
2.466813627254509100e+01 1.004045777063761274e-39
2.477194388777554934e+01 1.011817074219647235e-39
2.487575150300601123e+01 1.019609988988214981e-39
2.497955911823647313e+01 1.027424399892372221e-39
2.508336673346693502e+01 1.035260185271612105e-39
2.518717434869739336e+01 1.043117223285457600e-39
2.529098196392785525e+01 1.050995391916670472e-39
2.539478957915831714e+01 1.058894568974582295e-39
2.549859719438877548e+01 1.066814632098369008e-39
2.560240480961923737e+01 1.074755458760407696e-39
2.570621242484969926e+01 1.082716926269502864e-39
2.581002004008016115e+01 1.090698911774130328e-39
2.591382765531061949e+01 1.098701292265758596e-39
2.601763527054108138e+01 1.106723944582184766e-39
2.612144288577154327e+01 1.114766745410773852e-39
2.622525050100200517e+01 1.122829571291908872e-39
2.632905811623246350e+01 1.130912298622179116e-39
2.643286573146292540e+01 1.139014803657647853e-39
2.653667334669338729e+01 1.147136962517211884e-39
2.664048096192384563e+01 1.155278651185815254e-39
2.674428857715430752e+01 1.163439745517820226e-39
2.684809619238476941e+01 1.171620121240155088e-39
2.695190380761523130e+01 1.179819653955678270e-39
2.705571142284568964e+01 1.188038219146441492e-39
2.715951903807615153e+01 1.196275692177084383e-39
2.726332665330661342e+01 1.204531948297983599e-39
2.736713426853707531e+01 1.212806862648578279e-39
2.747094188376753365e+01 1.221100310260716221e-39
2.757474949899799554e+01 1.229412166061789128e-39
2.767855711422845744e+01 1.237742304878033922e-39
2.778236472945891578e+01 1.246090601437896701e-39
2.788617234468937767e+01 1.254456930375116440e-39
2.798997995991983956e+01 1.262841166232142773e-39
2.809378757515030145e+01 1.271243183463308768e-39
2.819759519038075979e+01 1.279662856438133869e-39
2.830140280561122168e+01 1.288100059444530919e-39
2.840521042084168357e+01 1.296554666692192957e-39
2.850901803607214546e+01 1.305026552315718190e-39
2.861282565130260380e+01 1.313515590377866767e-39
2.871663326653306569e+01 1.322021654872722780e-39
2.882044088176352759e+01 1.330544619729005859e-39
2.892424849699398592e+01 1.339084358813317834e-39
2.902805611222444782e+01 1.347640745933244702e-39
2.913186372745490971e+01 1.356213654840719443e-39
2.923567134268537160e+01 1.364802959235252211e-39
2.933947895791582994e+01 1.373408532766995265e-39
2.944328657314629183e+01 1.382030249040160603e-39
2.954709418837675372e+01 1.390667981616004794e-39
2.965090180360721561e+01 1.399321604016197994e-39
2.975470941883767395e+01 1.407990989725904872e-39
2.985851703406813584e+01 1.416676012196988857e-39
2.996232464929859773e+01 1.425376544851219489e-39
3.006613226452905607e+01 1.434092461083453832e-39
3.016993987975951796e+01 1.442823634264802063e-39
3.027374749498997986e+01 1.451569937745755863e-39
3.037755511022044175e+01 1.460331244859332638e-39
3.048136272545090009e+01 1.469107428924447960e-39
3.058517034068136198e+01 1.477898363248941510e-39
3.068897795591182387e+01 1.486703921132468444e-39
3.079278557114228576e+01 1.495523975870013920e-39
3.089659318637274410e+01 1.504358400754759992e-39
3.100040080160320599e+01 1.513207069081319714e-39
3.110420841683366788e+01 1.522069854148867651e-39
3.120801603206412622e+01 1.530946629264240058e-39
3.131182364729458811e+01 1.539837267745039288e-39
3.141563126252505000e+01 1.548741642922797587e-39
3.151943887775551190e+01 1.557659628145982978e-39
3.162324649298597024e+01 1.566591096783097472e-39
3.172705410821643213e+01 1.575535922225770718e-39
3.183086172344689402e+01 1.584493977891819064e-39
3.193466933867735591e+01 1.593465137228197931e-39
3.203847695390781780e+01 1.602449273714409654e-39
3.214228456913827614e+01 1.611446260865165478e-39
3.224609218436873448e+01 1.620455972233522277e-39
3.234989979959919992e+01 1.629478281414181089e-39
3.245370741482965826e+01 1.638513062046357274e-39
3.255751503006011660e+01 1.647560187816706462e-39
3.266132264529058205e+01 1.656619532462346745e-39
3.276513026052104038e+01 1.665690969773891967e-39
3.286893787575149872e+01 1.674774373598438028e-39
3.297274549098196417e+01 1.683869617842594543e-39
3.307655310621242251e+01 1.692976576475509642e-39
3.318036072144288795e+01 1.702095123531685317e-39
3.328416833667334629e+01 1.711225133114234201e-39
3.338797595190380463e+01 1.720366479397477289e-39
3.349178356713427007e+01 1.729519036630206921e-39
3.359559118236472841e+01 1.738682679138466230e-39
3.369939879759518675e+01 1.747857281328320443e-39
3.380320641282565219e+01 1.757042717689098976e-39
3.390701402805611053e+01 1.766238862796128234e-39
3.401082164328657598e+01 1.775445591313534553e-39
3.411462925851703432e+01 1.784662777997289561e-39
3.421843687374749265e+01 1.793890297698141345e-39
3.432224448897795810e+01 1.803128025364496351e-39
3.442605210420841644e+01 1.812375836045039620e-39
3.452985971943887478e+01 1.821633604891806574e-39
3.463366733466934022e+01 1.830901207162864920e-39
3.473747494989979856e+01 1.840178518225467347e-39
3.484128256513025690e+01 1.849465413558527227e-39
3.494509018036072234e+01 1.858761768755680290e-39
3.504889779559118068e+01 1.868067459527878430e-39
3.515270541082164613e+01 1.877382361706264431e-39
3.525651302605210446e+01 1.886706351245143912e-39
3.536032064128256280e+01 1.896039304224448308e-39
3.546412825651302825e+01 1.905381096852702904e-39
3.556793587174348659e+01 1.914731605469873169e-39
3.567174348697394493e+01 1.924090706550021212e-39
3.577555110220441037e+01 1.933458276703737761e-39
3.587935871743486871e+01 1.942834192681304651e-39
3.598316633266532705e+01 1.952218331375198259e-39
3.608697394789579249e+01 1.961610569822892446e-39
3.619078156312625083e+01 1.971010785209271618e-39
3.629458917835671627e+01 1.980418854869653571e-39
3.639839679358717461e+01 1.989834656292381341e-39
3.650220440881763295e+01 1.999258067121351762e-39
3.660601202404809840e+01 2.008688965158958704e-39
3.670981963927855674e+01 2.018127228368220646e-39
3.681362725450901507e+01 2.027572734875730118e-39
3.691743486973948052e+01 2.037025362974389103e-39
3.702124248496993886e+01 2.046484991125881154e-39
3.712505010020039720e+01 2.055951497963128822e-39
3.722885771543086264e+01 2.065424762293219601e-39
3.733266533066132098e+01 2.074904663099535787e-39
3.743647294589178642e+01 2.084391079544499025e-39
3.754028056112224476e+01 2.093883890972046332e-39
3.764408817635270310e+01 2.103382976910544298e-39
3.774789579158316855e+01 2.112888217074872618e-39
3.785170340681362688e+01 2.122399491369079565e-39
3.795551102204408522e+01 2.131916679888856381e-39
3.805931863727455067e+01 2.141439662924095202e-39
3.816312625250500901e+01 2.150968320961319076e-39
3.826693386773546735e+01 2.160502534686138419e-39
3.837074148296593279e+01 2.170042184985407625e-39
3.847454909819639113e+01 2.179587152950283476e-39
3.857835671342685657e+01 2.189137319878281267e-39
3.868216432865731491e+01 2.198692567275680034e-39
3.878597194388777325e+01 2.208252776859965951e-39
3.888977955911823869e+01 2.217817830562309010e-39
3.899358717434869703e+01 2.227387610529634484e-39
3.909739478957915537e+01 2.236961999127188669e-39
3.920120240480962082e+01 2.246540878941209045e-39
3.930501002004007916e+01 2.256124132780828354e-39
3.940881763527053749e+01 2.265711643680279508e-39
3.951262525050100294e+01 2.275303294901563125e-39
3.961643286573146128e+01 2.284898969936486040e-39
3.972024048096192672e+01 2.294498552509343204e-39
3.982404809619238506e+01 2.304101926578727148e-39
3.992785571142284340e+01 2.313708976339984112e-39
4.003166332665330884e+01 2.323319586227505403e-39
4.013547094188376718e+01 2.332933640917171448e-39
4.023927855711422552e+01 2.342551025327894701e-39
4.034308617234469097e+01 2.352171624624347877e-39
4.044689378757514930e+01 2.361795324219064117e-39
4.055070140280560764e+01 2.371422009774408938e-39
4.065450901803607309e+01 2.381051567205176973e-39
4.075831663326653143e+01 2.390683882680601447e-39
4.086212424849699687e+01 2.400318842626095119e-39
4.096593186372745521e+01 2.409956333725738387e-39
4.106973947895791355e+01 2.419596242924035571e-39
4.117354709418837899e+01 2.429238457428725688e-39
4.127735470941883733e+01 2.438882864712255541e-39
4.138116232464929567e+01 2.448529352513812023e-39
4.148496993987976111e+01 2.458177808841563561e-39
4.158877755511021945e+01 2.467828121975030103e-39
4.169258517034067779e+01 2.477480180466524239e-39
4.179639278557114324e+01 2.487133873143405031e-39
4.190020040080160157e+01 2.496789089110486185e-39
4.200400801603205991e+01 2.506445717751267700e-39
4.210781563126252536e+01 2.516103648730597861e-39
4.221162324649298370e+01 2.525762771995993644e-39
4.231543086172344914e+01 2.535422977779952294e-39
4.241923847695390748e+01 2.545084156601609089e-39
4.252304609218436582e+01 2.554746199269024450e-39
4.262685370741483126e+01 2.564408996881182324e-39
4.273066132264528960e+01 2.574072440829566690e-39
4.283446893787574794e+01 2.583736422799648682e-39
4.293827655310621338e+01 2.593400834773257880e-39
4.304208416833667172e+01 2.603065569030811030e-39
4.314589178356713006e+01 2.612730518152165881e-39
4.324969939879759551e+01 2.622395575019270457e-39
4.335350701402805385e+01 2.632060632817253761e-39
4.345731462925851929e+01 2.641725585036875376e-39
4.356112224448897763e+01 2.651390325475874571e-39
4.366492985971943597e+01 2.661054748240882869e-39
4.376873747494990141e+01 2.670718747749123885e-39
4.387254509018035975e+01 2.680382218730141558e-39
4.397635270541081809e+01 2.690045056227522174e-39
4.408016032064128353e+01 2.699707155600597150e-39
4.418396793587174187e+01 2.709368412525812687e-39
4.428777555110220021e+01 2.719028722998481498e-39
4.439158316633266566e+01 2.728687983335468942e-39
4.449539078156312399e+01 2.738346090175703957e-39
4.459919839679358944e+01 2.748002940482061939e-39
4.470300601202404778e+01 2.757658431542990519e-39
4.480681362725450612e+01 2.767312460974152964e-39
4.491062124248497156e+01 2.776964926719914310e-39
4.501442885771542990e+01 2.786615727055064375e-39
4.511823647294588824e+01 2.796264760586053646e-39
4.522204408817635368e+01 2.805911926253032766e-39
4.532585170340681202e+01 2.815557123330760204e-39
4.542965931863727036e+01 2.825200251430856092e-39
4.553346693386773580e+01 2.834841210502305005e-39
4.563727454909819414e+01 2.844479900833655637e-39
4.574108216432865959e+01 2.854116223054817218e-39
4.584488977955911793e+01 2.863750078137645487e-39
4.594869739478957626e+01 2.873381367397410885e-39
4.605250501002004171e+01 2.883009992494633471e-39
4.615631262525050005e+01 2.892635855436660743e-39
4.626012024048095839e+01 2.902258858578838925e-39
4.636392785571142383e+01 2.911878904625589644e-39
4.646773547094188217e+01 2.921495896632004719e-39
4.657154308617234051e+01 2.931109738004945995e-39
4.667535070140280595e+01 2.940720332504559869e-39
4.677915831663326429e+01 2.950327584245974521e-39
4.688296593186372974e+01 2.959931397699667942e-39
4.698677354709418807e+01 2.969531677693893064e-39
4.709058116232464641e+01 2.979128329415392603e-39
4.719438877755511186e+01 2.988721258410153390e-39
4.729819639278557020e+01 2.998310370585222360e-39
4.740200400801602854e+01 3.007895572210077516e-39
4.750581162324649398e+01 3.017476769917651104e-39
4.760961923847695232e+01 3.027053870704877731e-39
4.771342685370741066e+01 3.036626781934451635e-39
4.781723446893787610e+01 3.046195411336256374e-39
4.792104208416833444e+01 3.055759667007946236e-39
4.802484969939879988e+01 3.065319457416896649e-39
4.812865731462925822e+01 3.074874691400000592e-39
4.823246492985971656e+01 3.084425278165477413e-39
4.833627254509018201e+01 3.093971127294389302e-39
4.844008016032064035e+01 3.103512148740942116e-39
4.854388777555109868e+01 3.113048252834088641e-39
4.864769539078156413e+01 3.122579350278482593e-39
4.875150300601202247e+01 3.132105352155766713e-39
4.885531062124248081e+01 3.141626169924485328e-39
4.895911823647294625e+01 3.151141715421884032e-39
4.906292585170340459e+01 3.160651900865182116e-39
4.916673346693387003e+01 3.170156638851912539e-39
4.927054108216432837e+01 3.179655842361104968e-39
4.937434869739478671e+01 3.189149424754027699e-39
4.947815631262525216e+01 3.198637299775309363e-39
4.958196392785571049e+01 3.208119381554484114e-39
4.968577154308616883e+01 3.217595584605898972e-39
4.978957915831663428e+01 3.227065823829855751e-39
4.989338677354709262e+01 3.236530014513555270e-39
4.999719438877755096e+01 3.245988072331967174e-39
5.010100200400801640e+01 3.255439913348070070e-39
5.020480961923847474e+01 3.264885454014848266e-39
5.030861723446894018e+01 3.274324611175653928e-39
5.041242484969939852e+01 3.283757302064220127e-39
5.051623246492985686e+01 3.293183444306102938e-39
5.062004008016032230e+01 3.302602955918894157e-39
5.072384769539078064e+01 3.312015755313968782e-39
5.082765531062123898e+01 3.321421761296620089e-39
5.093146292585170443e+01 3.330820893066534666e-39
5.103527054108216277e+01 3.340213070218606129e-39
5.113907815631262110e+01 3.349598212744371333e-39
5.124288577154308655e+01 3.358976241031800913e-39
5.134669338677354489e+01 3.368347075865889826e-39
5.145050100200401033e+01 3.377710638430086388e-39
5.155430861723446867e+01 3.387066850305683468e-39
5.165811623246492701e+01 3.396415633473453727e-39
5.176192384769539245e+01 3.405756910314178818e-39
5.186573146292585079e+01 3.415090603609160974e-39
5.196953907815630913e+01 3.424416636540660202e-39
5.207334669338677458e+01 3.433734932691968669e-39
5.217715430861723291e+01 3.443045416048228327e-39
5.228096192384769125e+01 3.452348010997769900e-39
5.238476953907815670e+01 3.461642642331935403e-39
5.248857715430861504e+01 3.470929235244864756e-39
5.259238476953908048e+01 3.480207715335544086e-39
5.269619238476953882e+01 3.489478008606992012e-39
5.279999999999999716e+01 3.498740041467235187e-39
