# ## E_nu, Sigma
1.000000000000000000e+00 1.727871155624574796e-42
1.103807615230461003e+00 2.119488913345984253e-42
1.207615230460921785e+00 2.549761318093715801e-42
1.311422845691382788e+00 3.018671694829491197e-42
1.415230460921843569e+00 3.526205624935154905e-42
1.519038076152304573e+00 4.072349782721326035e-42
1.622845691382765576e+00 4.657091275219703666e-42
1.726653306613226579e+00 5.280417251066132071e-42
1.830460921843687361e+00 5.942314660115806014e-42
1.934268537074148142e+00 6.642770100936918554e-42
2.038076152304609145e+00 7.381769721350365153e-42
2.141883767535070149e+00 8.159299151997823080e-42
2.245691382765531152e+00 8.975343461102283271e-42
2.349498997995992156e+00 9.829887123109360237e-42
2.453306613226453159e+00 1.072291399657232916e-41
2.557114228456913718e+00 1.165440730834076387e-41
2.660921843687374722e+00 1.262434964212906242e-41
2.764729458917835725e+00 1.363272293017832764e-41
2.868537074148296284e+00 1.467950844713621014e-41
2.972344689378757288e+00 1.576468680554933126e-41
3.076152304609218291e+00 1.688823795254555059e-41
3.179959919839679294e+00 1.805014116743835085e-41
3.283767535070140298e+00 1.925037506006892626e-41
3.387575150300601301e+00 2.048891756967171502e-41
3.491382765531062304e+00 2.176574596412488649e-41
3.595190380761522864e+00 2.308083683950026857e-41
3.698997995991983867e+00 2.443416611984880025e-41
3.802805611222444870e+00 2.582570905717332158e-41
3.906613226452905874e+00 2.725544023155156040e-41
4.010420841683366433e+00 2.872333355138113967e-41
4.114228456913827436e+00 3.022936225373730686e-41
4.218036072144288440e+00 3.177349890488371751e-41
4.321843687374749443e+00 3.335571540090382978e-41
4.425651302605210446e+00 3.497598296838848290e-41
4.529458917835671450e+00 3.663427216516547723e-41
4.633266533066132453e+00 3.833055288106605278e-41
4.737074148296592568e+00 4.006479433872334693e-41
4.840881763527054460e+00 4.183696509439963990e-41
4.944689378757514575e+00 4.364703303883885513e-41
5.048496993987975578e+00 4.549496539814458496e-41
5.152304609218436582e+00 4.738072873471699175e-41
5.256112224448897585e+00 4.930428894828557497e-41
5.359919839679358589e+00 5.126561127697859214e-41
5.463727454909819592e+00 5.326466029840348612e-41
5.567535070140280595e+00 5.530139993073744701e-41
5.671342685370741599e+00 5.737579343382819020e-41
5.775150300601202602e+00 5.948780341030505263e-41
5.878957915831663605e+00 6.163739180670024400e-41
5.982765531062124609e+00 6.382451991458064044e-41
6.086573146292584724e+00 6.604914837170169281e-41
6.190380761523045727e+00 6.831123716323988345e-41
6.294188376753506731e+00 7.061074562308848846e-41
6.397995991983967734e+00 7.294763243516374994e-41
6.501803607214428737e+00 7.532185563471586068e-41
6.605611222444889741e+00 7.773337260964492431e-41
6.709418837675350744e+00 8.018214010182299217e-41
6.813226452905811747e+00 8.266811420842236046e-41
6.917034068136272751e+00 8.519125038325046395e-41
7.020841683366733754e+00 8.775150343809402758e-41
7.124649298597193869e+00 9.034882754410682534e-41
7.228456913827654873e+00 9.298317623328148311e-41
7.332264529058115876e+00 9.565450239994977873e-41
7.436072144288576879e+00 9.836275830228676539e-41
7.539879759519037883e+00 1.011078955638178112e-40
7.643687374749498886e+00 1.038898651749307567e-40
7.747494989979959890e+00 1.067086174943916212e-40
7.851302605210420893e+00 1.095641022508666703e-40
7.955110220440881896e+00 1.124562685444491538e-40
8.058917835671342900e+00 1.153850648482040903e-40
8.162725450901803015e+00 1.183504390097844418e-40
8.266533066132264906e+00 1.213523382531081990e-40
8.370340681362725022e+00 1.243907091800435612e-40
8.474148296593185137e+00 1.274654977720971961e-40
8.577955911823647028e+00 1.305766493921048844e-40
8.681763527054108920e+00 1.337241087859270803e-40
8.785571142284569035e+00 1.369078200841473454e-40
8.889378757515029150e+00 1.401277268037761672e-40
8.993186372745491042e+00 1.433837718499617718e-40
9.096993987975951157e+00 1.466758975177388034e-40
9.200801603206413048e+00 1.500040454938602216e-40
9.304609218436873164e+00 1.533681568586533231e-40
9.408416833667335055e+00 1.567681720878819810e-40
9.512224448897795170e+00 1.602040310546080093e-40
9.616032064128257062e+00 1.636756730310585820e-40
9.719839679358717177e+00 1.671830366904933064e-40
9.823647294589179069e+00 1.707260601090798610e-40
9.927454909819639184e+00 1.743046807677677362e-40
1.003126252505009930e+01 1.779188355541833054e-40
1.013507014028056119e+01 1.815684607645862947e-40
1.023887775551102131e+01 1.852534921058882838e-40
1.034268537074148320e+01 1.889738646976791192e-40
1.044649298597194331e+01 1.927295130742514099e-40
1.055030060120240520e+01 1.965203711866333638e-40
1.065410821643286532e+01 2.003463724046185859e-40
1.075791583166332721e+01 2.042074495188004640e-40
1.086172344689378733e+01 2.081035347426125497e-40
1.096553106212424922e+01 2.120345597143702452e-40
1.106933867735470933e+01 2.160004554993485819e-40
1.117314629258516945e+01 2.200011525919405469e-40
1.127695390781563134e+01 2.240365809178369424e-40
1.138076152304609145e+01 2.281066698362093038e-40
1.148456913827655335e+01 2.322113481418962439e-40
1.158837675350701346e+01 2.363505440675924885e-40
1.169218436873747535e+01 2.405241852860359958e-40
1.179599198396793547e+01 2.447321989121973991e-40
1.189979959919839736e+01 2.489745115054791983e-40
1.200360721442885747e+01 2.532510490719214757e-40
1.210741482965931759e+01 2.575617370664694799e-40
1.221122244488977948e+01 2.619065003952976541e-40
1.231503006012023960e+01 2.662852634181435332e-40
1.241883767535070149e+01 2.706979499506425798e-40
1.252264529058116160e+01 2.751444832666609800e-40
1.262645290581162349e+01 2.796247861006288887e-40
1.273026052104208361e+01 2.841387806498795067e-40
1.283406813627254550e+01 2.886863885769868929e-40
1.293787575150300562e+01 2.932675310121156861e-40
1.304168336673346751e+01 2.978821285553868129e-40
1.314549098196392762e+01 3.025301012793272915e-40
1.324929859719438774e+01 3.072113687313385908e-40
1.335310621242484963e+01 3.119258499361706997e-40
1.345691382765530975e+01 3.166734633983997851e-40
1.356072144288577164e+01 3.214541271048939417e-40
1.366452905811623175e+01 3.262677585272929705e-40
1.376833667334669364e+01 3.311142746244811837e-40
1.387214428857715376e+01 3.359935918450594348e-40
1.397595190380761565e+01 3.409056261298427199e-40
1.407975951903807577e+01 3.458502929143968486e-40
1.418356713426853766e+01 3.508275071316346590e-40
1.428737474949899777e+01 3.558371832144241821e-40
1.439118236472945789e+01 3.608792350981826535e-40
1.449498997995991978e+01 3.659535762234816606e-40
1.459879759519037989e+01 3.710601195386495557e-40
1.470260521042084179e+01 3.761987775023786007e-40
1.480641282565130190e+01 3.813694620863188984e-40
1.491022044088176379e+01 3.865720847776969967e-40
1.501402805611222391e+01 3.918065565819388571e-40
1.511783567134268580e+01 3.970727880253731256e-40
1.522164328657314591e+01 4.023706891579419072e-40
1.532545090180360781e+01 4.077001695559418011e-40
1.542925851703406792e+01 4.130611383247307607e-40
1.553306613226452804e+01 4.184535041014557524e-40
1.563687374749498993e+01 4.238771750577680160e-40
1.574068136272545004e+01 4.293320589025534969e-40
1.584448897795591193e+01 4.348180628846514515e-40
1.594829659318637205e+01 4.403350937955727253e-40
1.605210420841683572e+01 4.458830579722869555e-40
1.615591182364729406e+01 4.514618613000401158e-40
1.625971943887775595e+01 4.570714092152039537e-40
1.636352705410821784e+01 4.627116067080931277e-40
1.646733466933867618e+01 4.683823583257953948e-40
1.657114228456913807e+01 4.740835681750075079e-40
1.667494989979959996e+01 4.798151399248589600e-40
1.677875751503005830e+01 4.855769768097429869e-40
1.688256513026052019e+01 4.913689816321471634e-40
1.698637274549098208e+01 4.971910567654941942e-40
1.709018036072144398e+01 5.030431041570470612e-40
1.719398797595190231e+01 5.089250253308627840e-40
1.729779559118236421e+01 5.148367213907031952e-40
1.740160320641282610e+01 5.207780930229752424e-40
1.750541082164328799e+01 5.267490404996513071e-40
1.760921843687374633e+01 5.327494636811982501e-40
1.771302605210420822e+01 5.387792620194889213e-40
1.781683366733467011e+01 5.448383345607476818e-40
1.792064128256512845e+01 5.509265799484655842e-40
1.802444889779559034e+01 5.570438964263657149e-40
1.812825651302605223e+01 5.631901818414264497e-40
1.823206412825651412e+01 5.693653336469008753e-40
1.833587174348697246e+01 5.755692489053390656e-40
1.843967935871743435e+01 5.818018242915765077e-40
1.854348697394789625e+01 5.880629560957895762e-40
1.864729458917835814e+01 5.943525402264817570e-40
1.875110220440881648e+01 6.006704722134835744e-40
1.885490981963927837e+01 6.070166472109694025e-40
1.895871743486974026e+01 6.133909600004740320e-40
1.906252505010019860e+01 6.197933049939884378e-40
1.916633266533066049e+01 6.262235762370401303e-40
1.927014028056112238e+01 6.326816674117872919e-40
1.937394789579158427e+01 6.391674718401259638e-40
1.947775551102204261e+01 6.456808824867860580e-40
1.958156312625250450e+01 6.522217919623772883e-40
1.968537074148296639e+01 6.587900925265126702e-40
1.978917835671342829e+01 6.653856760908588560e-40
1.989298597194388663e+01 6.720084342222349202e-40
1.999679358717434852e+01 6.786582581457418145e-40
2.010060120240481041e+01 6.853350387479073190e-40
2.020440881763526875e+01 6.920386665798345841e-40
2.030821643286573064e+01 6.987690318603866415e-40
2.041202404809619253e+01 7.055260244793449781e-40
2.051583166332665442e+01 7.123095340005224327e-40
2.061963927855711276e+01 7.191194496649538247e-40
2.072344689378757465e+01 7.259556603940031414e-40
2.082725450901803654e+01 7.328180547925222746e-40
2.093106212424849844e+01 7.397065211519927914e-40
2.103486973947895677e+01 7.466209474537557155e-40
2.113867735470941867e+01 7.535612213722202639e-40
2.124248496993988056e+01 7.605272302780438727e-40
2.134629258517033890e+01 7.675188612413640169e-40
2.145010020040080079e+01 7.745360010350267684e-40
2.155390781563126268e+01 7.815785361377463478e-40
2.165771543086172457e+01 7.886463527373309093e-40
2.176152304609218291e+01 7.957393367338600373e-40
2.186533066132264480e+01 8.028573737428803514e-40
2.196913827655310669e+01 8.100003490986254175e-40
2.207294589178356503e+01 8.171681478572632292e-40
2.217675350701402692e+01 8.243606548001569021e-40
2.228056112224448881e+01 8.315777544371896427e-40
2.238436873747495071e+01 8.388193310099136974e-40
2.248817635270540904e+01 8.460852684948312755e-40
2.259198396793587094e+01 8.533754506066338734e-40
2.269579158316633283e+01 8.606897608014332790e-40
2.279959919839679472e+01 8.680280822799898033e-40
2.290340681362725306e+01 8.753902979909493206e-40
2.300721442885771495e+01 8.827762906341321852e-40
2.311102204408817684e+01 8.901859426637787542e-40
2.321482965931863518e+01 8.976191362919223183e-40
2.331863727454909707e+01 9.050757534915951462e-40
2.342244488977955896e+01 9.125556760001115289e-40
2.352625250501002085e+01 9.200587853223544120e-40
2.363006012024047919e+01 9.275849627340344596e-40
2.373386773547094108e+01 9.351340892849885951e-40
2.383767535070140298e+01 9.427060458023605982e-40
2.394148296593186487e+01 9.503007128939281942e-40
2.404529058116232321e+01 9.579179709514074682e-40
2.414909819639278510e+01 9.655577001537036090e-40
2.425290581162324699e+01 9.732197804702991732e-40
2.435671342685370533e+01 9.809040916645123326e-40
2.446052104208416722e+01 9.886105132967898695e-40
2.456432865731462911e+01 9.963389247279427488e-40
2.466813627254509100e+01 1.004089205122509423e-39
2.477194388777554934e+01 1.011861233451948827e-39
2.487575150300601123e+01 1.019654888497991611e-39
2.497955911823647313e+01 1.027470048855898388e-39
2.508336673346693502e+01 1.035306592937721898e-39
2.518717434869739336e+01 1.043164398975749104e-39
2.529098196392785525e+01 1.051043345025709033e-39
2.539478957915831714e+01 1.058943308970100355e-39
2.549859719438877548e+01 1.066864168521465944e-39
2.560240480961923737e+01 1.074805801225747210e-39
2.570621242484969926e+01 1.082768084465507762e-39
2.581002004008016115e+01 1.090750895463175673e-39
2.591382765531061949e+01 1.098754111284364362e-39
2.601763527054108138e+01 1.106777608841204751e-39
2.612144288577154327e+01 1.114821264895583766e-39
2.622525050100200517e+01 1.122884956062591658e-39
2.632905811623246350e+01 1.130968558813709289e-39
2.643286573146292540e+01 1.139071949480072901e-39
2.653667334669338729e+01 1.147195004255832860e-39
2.664048096192384563e+01 1.155337599201362632e-39
2.674428857715430752e+01 1.163499610246632203e-39
2.684809619238476941e+01 1.171680913194350015e-39
2.695190380761523130e+01 1.179881383723326109e-39
2.705571142284568964e+01 1.188100897391734608e-39
2.715951903807615153e+01 1.196339329640504601e-39
2.726332665330661342e+01 1.204596555796466797e-39
2.736713426853707531e+01 1.212872451075678177e-39
2.747094188376753365e+01 1.221166890586766533e-39
2.757474949899799554e+01 1.229479749334061477e-39
2.767855711422845744e+01 1.237810902220894445e-39
2.778236472945891578e+01 1.246160224052961189e-39
2.788617234468937767e+01 1.254527589541403192e-39
2.798997995991983956e+01 1.262912873306222519e-39
2.809378757515030145e+01 1.271315949879452297e-39
2.819759519038075979e+01 1.279736693708458692e-39
2.830140280561122168e+01 1.288174979159143516e-39
2.840521042084168357e+01 1.296630680519330869e-39
2.850901803607214546e+01 1.305103672001888842e-39
2.861282565130260380e+01 1.313593827747982705e-39
2.871663326653306569e+01 1.322101021830238381e-39
2.882044088176352759e+01 1.330625128256046851e-39
2.892424849699398592e+01 1.339166020970813111e-39
2.902805611222444782e+01 1.347723573861051285e-39
2.913186372745490971e+01 1.356297660757748742e-39
2.923567134268537160e+01 1.364888155439591722e-39
2.933947895791582994e+01 1.373494931636028965e-39
2.944328657314629183e+01 1.382117863030685258e-39
2.954709418837675372e+01 1.390756823264346931e-39
2.965090180360721561e+01 1.399411685938324664e-39
2.975470941883767395e+01 1.408082324617534746e-39
2.985851703406813584e+01 1.416768612833699890e-39
2.996232464929859773e+01 1.425470424088553166e-39
3.006613226452905607e+01 1.434187631857018754e-39
3.016993987975951796e+01 1.442920109590373296e-39
3.027374749498997986e+01 1.451667730719372492e-39
3.037755511022044175e+01 1.460430368657392710e-39
3.048136272545090009e+01 1.469207896803799835e-39
3.058517034068136198e+01 1.478000188546974893e-39
3.068897795591182387e+01 1.486807117267200518e-39
3.079278557114228576e+01 1.495628556340174339e-39
3.089659318637274410e+01 1.504464379139871465e-39
3.100040080160320599e+01 1.513314459041778921e-39
3.110420841683366788e+01 1.522178669426019961e-39
3.120801603206412622e+01 1.531056883680454563e-39
3.131182364729458811e+01 1.539948975203778629e-39
3.141563126252505000e+01 1.548854817408686469e-39
3.151943887775551190e+01 1.557774283724874073e-39
3.162324649298597024e+01 1.566707247602133413e-39
3.172705410821643213e+01 1.575653582513445761e-39
3.183086172344689402e+01 1.584613161958033900e-39
3.193466933867735591e+01 1.593585859464315804e-39
3.203847695390781780e+01 1.602571548593308892e-39
3.214228456913827614e+01 1.611570102941284516e-39
3.224609218436873448e+01 1.620581396142910879e-39
3.234989979959919992e+01 1.629605301874538523e-39
3.245370741482965826e+01 1.638641693857075378e-39
3.255751503006011660e+01 1.647690445858904882e-39
3.266132264529058205e+01 1.656751431698911107e-39
3.276513026052104038e+01 1.665824525249500631e-39
3.286893787575149872e+01 1.674909600439594061e-39
3.297274549098196417e+01 1.684006531257651495e-39
3.307655310621242251e+01 1.693115191754692101e-39
3.318036072144288795e+01 1.702235456047110117e-39
3.328416833667334629e+01 1.711367198319928037e-39
3.338797595190380463e+01 1.720510292829387815e-39
3.349178356713427007e+01 1.729664613906216772e-39
3.359559118236472841e+01 1.738830035958398251e-39
3.369939879759518675e+01 1.748006433473944208e-39
3.380320641282565219e+01 1.757193681024132096e-39
3.390701402805611053e+01 1.766391653266235377e-39
3.401082164328657598e+01 1.775600224946322877e-39
3.411462925851703432e+01 1.784819270902300883e-39
3.421843687374749265e+01 1.794048666066843006e-39
3.432224448897795810e+01 1.803288285470265228e-39
3.442605210420841644e+01 1.812538004243148425e-39
3.452985971943887478e+01 1.821797697619401667e-39
3.463366733466934022e+01 1.831067240938943794e-39
3.473747494989979856e+01 1.840346509650853837e-39
3.484128256513025690e+01 1.849635379315841489e-39
3.494509018036072234e+01 1.858933725609307482e-39
3.504889779559118068e+01 1.868241424323930865e-39
3.515270541082164613e+01 1.877558351372545686e-39
3.525651302605210446e+01 1.886884382791104786e-39
3.536032064128256280e+01 1.896219394741141794e-39
3.546412825651302825e+01 1.905563263512737206e-39
3.556793587174348659e+01 1.914915865527359177e-39
3.567174348697394493e+01 1.924277077340518341e-39
3.577555110220441037e+01 1.933646775644194241e-39
3.587935871743486871e+01 1.943024837269998803e-39
3.598316633266532705e+01 1.952411139191673241e-39
3.608697394789579249e+01 1.961805558527887412e-39
3.619078156312625083e+01 1.971207972544651242e-39
3.629458917835671627e+01 1.980618258658332355e-39
3.639839679358717461e+01 1.990036294438248900e-39
3.650220440881763295e+01 1.999461957609188323e-39
3.660601202404809840e+01 2.008895126054352884e-39
3.670981963927855674e+01 2.018335677817481690e-39
3.681362725450901507e+01 2.027783491105796541e-39
3.691743486973948052e+01 2.037238444292734404e-39
3.702124248496993886e+01 2.046700415920416260e-39
3.712505010020039720e+01 2.056169284702100292e-39
3.722885771543086264e+01 2.065644929525106527e-39
3.733266533066132098e+01 2.075127229452941803e-39
3.743647294589178642e+01 2.084616063728038762e-39
3.754028056112224476e+01 2.094111311774234166e-39
3.764408817635270310e+01 2.103612853199673304e-39
3.774789579158316855e+01 2.113120567798896461e-39
3.785170340681362688e+01 2.122634335555484278e-39
3.795551102204408522e+01 2.132154036644536059e-39
3.805931863727455067e+01 2.141679551435216600e-39
3.816312625250500901e+01 2.151210760493188496e-39
3.826693386773546735e+01 2.160747544583063045e-39
3.837074148296593279e+01 2.170289784670552944e-39
3.847454909819639113e+01 2.179837361925527767e-39
3.857835671342685657e+01 2.189390157724066822e-39
3.868216432865731491e+01 2.198948053650861770e-39
3.878597194388777325e+01 2.208510931501655457e-39
3.888977955911823869e+01 2.218078673285714026e-39
3.899358717434869703e+01 2.227651161227897394e-39
3.909739478957915537e+01 2.237228277771218806e-39
3.920120240480962082e+01 2.246809905579514663e-39
3.930501002004007916e+01 2.256395927539343381e-39
3.940881763527053749e+01 2.265986226762184099e-39
3.951262525050100294e+01 2.275580686587106829e-39
3.961643286573146128e+01 2.285179190582801174e-39
3.972024048096192672e+01 2.294781622550259860e-39
3.982404809619238506e+01 2.304387866524581677e-39
3.992785571142284340e+01 2.313997806777423366e-39
4.003166332665330884e+01 2.323611327819291950e-39
4.013547094188376718e+01 2.333228314401980314e-39
4.023927855711422552e+01 2.342848651520107821e-39
4.034308617234469097e+01 2.352472224413846915e-39
4.044689378757514930e+01 2.362098918571019048e-39
4.055070140280560764e+01 2.371728619729059775e-39
4.065450901803607309e+01 2.381361213877618435e-39
4.075831663326653143e+01 2.390996587260557179e-39
4.086212424849699687e+01 2.400634626377694857e-39
4.096593186372745521e+01 2.410275217987285329e-39
4.106973947895791355e+01 2.419918249107774728e-39
4.117354709418837899e+01 2.429563607020607670e-39
4.127735470941883733e+01 2.439211179271694466e-39
4.138116232464929567e+01 2.448860853673442450e-39
4.148496993987976111e+01 2.458512518306993835e-39
4.158877755511021945e+01 2.468166061524590477e-39
4.169258517034067779e+01 2.477821371951012713e-39
4.179639278557114324e+01 2.487478338485830583e-39
4.190020040080160157e+01 2.497136850305803842e-39
4.200400801603205991e+01 2.506796796866117851e-39
4.210781563126252536e+01 2.516458067903035135e-39
4.221162324649298370e+01 2.526120553435215125e-39
4.231543086172344914e+01 2.535784143766020528e-39
4.241923847695390748e+01 2.545448729485173448e-39
4.252304609218436582e+01 2.555114201471039244e-39
4.262685370741483126e+01 2.564780450892619031e-39
4.273066132264528960e+01 2.574447369211124886e-39
4.283446893787574794e+01 2.584114848181463709e-39
4.293827655310621338e+01 2.593782779854601006e-39
4.304208416833667172e+01 2.603451056579789940e-39
4.314589178356713006e+01 2.613119571005422553e-39
4.324969939879759551e+01 2.622788216081671211e-39
4.335350701402805385e+01 2.632456885061577349e-39
4.345731462925851929e+01 2.642125471503501401e-39
4.356112224448897763e+01 2.651793869272461461e-39
4.366492985971943597e+01 2.661461972542050420e-39
4.376873747494990141e+01 2.671129675796124388e-39
4.387254509018035975e+01 2.680796873830532881e-39
4.397635270541081809e+01 2.690463461754835949e-39
4.408016032064128353e+01 2.700129334994001087e-39
4.418396793587174187e+01 2.709794389289771917e-39
4.428777555110220021e+01 2.719458520702416965e-39
4.439158316633266566e+01 2.729121625613408957e-39
4.449539078156312399e+01 2.738783600725935747e-39
4.459919839679358944e+01 2.748444343066780909e-39
4.470300601202404778e+01 2.758103749987938100e-39
4.480681362725450612e+01 2.767761719168261635e-39
4.491062124248497156e+01 2.777418148614940876e-39
4.501442885771542990e+01 2.787072936665225529e-39
4.511823647294588824e+01 2.796725981987652070e-39
4.522204408817635368e+01 2.806377183584084861e-39
4.532585170340681202e+01 2.816026440790618927e-39
4.542965931863727036e+01 2.825673653279830208e-39
4.553346693386773580e+01 2.835318721061273111e-39
4.563727454909819414e+01 2.844961544483680518e-39
4.574108216432865959e+01 2.854602024236754981e-39
4.584488977955911793e+01 2.864240061351748823e-39
4.594869739478957626e+01 2.873875557202933964e-39
4.605250501002004171e+01 2.883508413509428022e-39
4.615631262525050005e+01 2.893138532336772790e-39
4.626012024048095839e+01 2.902765816098101937e-39
4.636392785571142383e+01 2.912390167555210505e-39
4.646773547094188217e+01 2.922011489820150346e-39
4.657154308617234051e+01 2.931629686356326373e-39
4.667535070140280595e+01 2.941244660980004561e-39
4.677915831663326429e+01 2.950856317862010477e-39
4.688296593186372974e+01 2.960464561528088180e-39
4.698677354709418807e+01 2.970069296861329911e-39
4.709058116232464641e+01 2.979670429102879199e-39
4.719438877755511186e+01 2.989267863852687794e-39
4.729819639278557020e+01 2.998861507071325136e-39
4.740200400801602854e+01 3.008451265081347361e-39
4.750581162324649398e+01 3.018037044568320472e-39
4.760961923847695232e+01 3.027618752581358021e-39
4.771342685370741066e+01 3.037196296534879029e-39
4.781723446893787610e+01 3.046769584210038982e-39
4.792104208416833444e+01 3.056338523755300146e-39
4.802484969939879988e+01 3.065903023688382630e-39
4.812865731462925822e+01 3.075462992896056885e-39
4.823246492985971656e+01 3.085018340635949251e-39
4.833627254509018201e+01 3.094568976538059094e-39
4.844008016032064035e+01 3.104114810605049833e-39
4.854388777555109868e+01 3.113655753213853513e-39
4.864769539078156413e+01 3.123191715116618931e-39
4.875150300601202247e+01 3.132722607442002995e-39
4.885531062124248081e+01 3.142248341695071537e-39
4.895911823647294625e+01 3.151768829759098344e-39
4.906292585170340459e+01 3.161283983896841501e-39
4.916673346693387003e+01 3.170793716750872272e-39
4.927054108216432837e+01 3.180297941344755526e-39
4.937434869739478671e+01 3.189796571083792315e-39
4.947815631262525216e+01 3.199289519756138312e-39
4.958196392785571049e+01 3.208776701534345089e-39
4.968577154308616883e+01 3.218258030975264847e-39
4.978957915831663428e+01 3.227733423021183208e-39
4.989338677354709262e+01 3.237202793000774521e-39
4.999719438877755096e+01 3.246666056629955370e-39
5.010100200400801640e+01 3.256123130012126665e-39
5.020480961923847474e+01 3.265573929640168426e-39
5.030861723446894018e+01 3.275018372396798675e-39
5.041242484969939852e+01 3.284456375554583877e-39
5.051623246492985686e+01 3.293887856777376464e-39
5.062004008016032230e+01 3.303312734120524950e-39
5.072384769539078064e+01 3.312730926032622712e-39
5.082765531062123898e+01 3.322142351355631973e-39
5.093146292585170443e+01 3.331546929325368629e-39
5.103527054108216277e+01 3.340944579572298339e-39
5.113907815631262110e+01 3.350335222122980573e-39
5.124288577154308655e+01 3.359718777399855234e-39
5.134669338677354489e+01 3.369095166221825372e-39
5.145050100200401033e+01 3.378464309805688828e-39
5.155430861723446867e+01 3.387826129765522907e-39
5.165811623246492701e+01 3.397180548114320916e-39
5.176192384769539245e+01 3.406527487264514847e-39
5.186573146292585079e+01 3.415866870028489568e-39
5.196953907815630913e+01 3.425198619619009578e-39
5.207334669338677458e+01 3.434522659649297312e-39
5.217715430861723291e+01 3.443838914133847498e-39
5.228096192384769125e+01 3.453147307489760277e-39
5.238476953907815670e+01 3.462447764536562409e-39
5.248857715430861504e+01 3.471740210495996506e-39
5.259238476953908048e+01 3.481024570994058885e-39
5.269619238476953882e+01 3.490300772060189780e-39
5.279999999999999716e+01 3.499568740128242343e-39
