9.999999999999999547e-07 1.320528963764504765e-37
8.109227261342830725e-05 1.316785805517443165e-37
1.611845452268566173e-04 1.313047949006554479e-37
2.412768178402849273e-04 1.309315323614379856e-37
3.213690904537132645e-04 1.305587931831019121e-37
4.014613630671415474e-04 1.301865771572950909e-37
4.815536356805698846e-04 1.298148832378245818e-37
5.616459082939982217e-04 1.294437115069689197e-37
6.417381809074265047e-04 1.290730614245122215e-37
7.218304535208547876e-04 1.287029319646877336e-37
8.019227261342830705e-04 1.283333224013282114e-37
8.820149987477114619e-04 1.279642325665617094e-37
9.621072713611397449e-04 1.275956620133949322e-37
1.042199543974568028e-03 1.272276100620542765e-37
1.122291816587996311e-03 1.268600758972007147e-37
1.202384089201424594e-03 1.264930589273735711e-37
1.282476361814852877e-03 1.261265588197343126e-37
1.362568634428281160e-03 1.257605751107395087e-37
1.442660907041709442e-03 1.253951072218477098e-37
1.522753179655137725e-03 1.250301544912690306e-37
1.602845452268566008e-03 1.246657162028901026e-37
1.682937724881994508e-03 1.243017917837422114e-37
1.763029997495422791e-03 1.239383808203245387e-37
1.843122270108851074e-03 1.235754828352512597e-37
1.923214542722279357e-03 1.232130972890040410e-37
2.003306815335708074e-03 1.228512235929767823e-37
2.083399087949136357e-03 1.224898611198184224e-37
2.163491360562564639e-03 1.221290092137174452e-37
2.243583633175992922e-03 1.217686672978107510e-37
2.323675905789421205e-03 1.214088349118878053e-37
2.403768178402849488e-03 1.210495115658656890e-37
2.483860451016277771e-03 1.206906967339794897e-37
2.563952723629706054e-03 1.203323898606984868e-37
2.644044996243134337e-03 1.199745903656823347e-37
2.724137268856562620e-03 1.196172976479488212e-37
2.804229541469990903e-03 1.192605110896033356e-37
2.884321814083419186e-03 1.189042301074553000e-37
2.964414086696847469e-03 1.185484542111933365e-37
3.044506359310275752e-03 1.181931829018799910e-37
3.124598631923704035e-03 1.178384156590398774e-37
3.204690904537132318e-03 1.174841519435714676e-37
3.284783177150561034e-03 1.171303912002799325e-37
3.364875449763989317e-03 1.167771328600850752e-37
3.444967722377417600e-03 1.164243763419494178e-37
3.525059994990845883e-03 1.160721210545679315e-37
3.605152267604274166e-03 1.157203664146040386e-37
3.685244540217702449e-03 1.153691119081196017e-37
3.765336812831130732e-03 1.150183570305649452e-37
3.845429085444559015e-03 1.146681012638919711e-37
3.925521358057987298e-03 1.143183440780823751e-37
4.005613630671416014e-03 1.139690849325166031e-37
4.085705903284843864e-03 1.136203232771971839e-37
4.165798175898272580e-03 1.132720585538451894e-37
4.245890448511700430e-03 1.129242901968837699e-37
4.325982721125129146e-03 1.125770176343215868e-37
4.406074993738556995e-03 1.122302402916626911e-37
4.486167266351985712e-03 1.118839576342681113e-37
4.566259538965413561e-03 1.115381691537971889e-37
4.646351811578842278e-03 1.111928743340815315e-37
4.726444084192270127e-03 1.108480726510956116e-37
4.806536356805698844e-03 1.105037635737323492e-37
4.886628629419126693e-03 1.101599465645102247e-37
4.966720902032555410e-03 1.098166210802180627e-37
5.046813174645983259e-03 1.094737865725052119e-37
5.126905447259411976e-03 1.091314424884197731e-37
5.206997719872840692e-03 1.087895882709022041e-37
5.287089992486268542e-03 1.084482233592951296e-37
5.367182265099697258e-03 1.081073472058373263e-37
5.447274537713125107e-03 1.077669592966424207e-37
5.527366810326553824e-03 1.074270591177641525e-37
5.607459082939981673e-03 1.070876461500207957e-37
5.687551355553410390e-03 1.067487198694532245e-37
5.767643628166838239e-03 1.064102797477487552e-37
5.847735900780266956e-03 1.060723252526330193e-37
5.927828173393694805e-03 1.057348558482332303e-37
6.007920446007123522e-03 1.053978709954148890e-37
6.088012718620551371e-03 1.050613701520938705e-37
6.168104991233980088e-03 1.047253527735260227e-37
6.248197263847407937e-03 1.043898183125760714e-37
6.328289536460836653e-03 1.040547662221284333e-37
6.408381809074264503e-03 1.037201959779513394e-37
6.488474081687693219e-03 1.033861070687219943e-37
6.568566354301121936e-03 1.030524989798771677e-37
6.648658626914549785e-03 1.027193711936162639e-37
6.728750899527978502e-03 1.023867231891632945e-37
6.808843172141406351e-03 1.020545544430124595e-37
6.888935444754835068e-03 1.017228644291574624e-37
6.969027717368262917e-03 1.013916526193067718e-37
7.049119989981691634e-03 1.010609184830851023e-37
7.129212262595119483e-03 1.007306614882225749e-37
7.209304535208548199e-03 1.004008811007315164e-37
7.289396807821976049e-03 1.000715767850729645e-37
7.369489080435404765e-03 9.974274800431427670e-38
7.449581353048832615e-03 9.941439422675894488e-38
7.529673625662261331e-03 9.908651494051809032e-38
7.609765898275689180e-03 9.875910963585898286e-38
7.689858170889117897e-03 9.843217780086104651e-38
7.769950443502546614e-03 9.810571892158232255e-38
7.850042716115973596e-03 9.777973248221705824e-38
7.930134988729402312e-03 9.745421796524398268e-38
8.010227261342831029e-03 9.712917485156681479e-38
8.090319533956258011e-03 9.680460262064712903e-38
8.170411806569686727e-03 9.648050075062924447e-38
8.250504079183115444e-03 9.615686871845914196e-38
8.330596351796544161e-03 9.583370599999657403e-38
8.410688624409971142e-03 9.551101207012095239e-38
8.490780897023399859e-03 9.518878640283172270e-38
8.570873169636828576e-03 9.486702847155535671e-38
8.650965442250257292e-03 9.454573775859365899e-38
8.731057714863684274e-03 9.422491375845242394e-38
8.811149987477112991e-03 9.390455596518327436e-38
8.891242260090541707e-03 9.358466387148582125e-38
8.971334532703970424e-03 9.326523696881084720e-38
9.051426805317399141e-03 9.294627474745867663e-38
9.131519077930826123e-03 9.262777669667252420e-38
9.211611350544254839e-03 9.230974230472708235e-38
9.291703623157683556e-03 9.199217105901305789e-38
9.371795895771112272e-03 9.167506244611815891e-38
9.451888168384539254e-03 9.135841595190299706e-38
9.531980440997967971e-03 9.104223106157426500e-38
9.612072713611396688e-03 9.072650725975418643e-38
9.692164986224825404e-03 9.041124403054653139e-38
9.772257258838252386e-03 9.009644085759980201e-38
9.852349531451681103e-03 8.978209722481157911e-38
9.932441804065109819e-03 8.946821262544239934e-38
1.001253407667853854e-02 8.915478655959483683e-38
1.009262634929196552e-02 8.884181852669856591e-38
1.017271862190539423e-02 8.852930802537583538e-38
1.025281089451882295e-02 8.821725455350745240e-38
1.033290316713225167e-02 8.790565760829621892e-38
1.041299543974568038e-02 8.759451668632710014e-38
1.049308771235910737e-02 8.728383128362527370e-38
1.057317998497253608e-02 8.697360089571120319e-38
1.065327225758596480e-02 8.666382501765381157e-38
1.073336453019939352e-02 8.635450314412106534e-38
1.081345680281282050e-02 8.604563476942837664e-38
1.089354907542624921e-02 8.573721938758509469e-38
1.097364134803967793e-02 8.542925649233904500e-38
1.105373362065310665e-02 8.512174557721916822e-38
1.113382589326653363e-02 8.481468613557578918e-38
1.121391816587996235e-02 8.450807766151578171e-38
1.129401043849339106e-02 8.420191965729631286e-38
1.137410271110681978e-02 8.389621162927159520e-38
1.145419498372024676e-02 8.359095308335387460e-38
1.153428725633367548e-02 8.328614352501264719e-38
1.161437952894710419e-02 8.298178245931792475e-38
1.169447180156053291e-02 8.267786939098208016e-38
1.177456407417396163e-02 8.237440382439971963e-38
1.185465634678738861e-02 8.207138526368637517e-38
1.193474861940081733e-02 8.176881321271528639e-38
1.201484089201424604e-02 8.146668717515334710e-38
1.209493316462767476e-02 8.116500665449493253e-38
1.217502543724110174e-02 8.086377115409499561e-38
1.225511770985453046e-02 8.056298017720056599e-38
1.233520998246795917e-02 8.026263322698137193e-38
1.241530225508138789e-02 7.996272980655872915e-38
1.249539452769481487e-02 7.966326941903401206e-38
1.257548680030824359e-02 7.936425156751536048e-38
1.265557907292167231e-02 7.906567575595956924e-38
1.273567134553510102e-02 7.876754149484089684e-38
1.281576361814852801e-02 7.846984829757377868e-38
1.289585589076195672e-02 7.817259567736912329e-38
1.297594816337538544e-02 7.787578314724404290e-38
1.305604043598881416e-02 7.757941022005119118e-38
1.313613270860224287e-02 7.728347640850681682e-38
1.321622498121566985e-02 7.698798122521781488e-38
1.329631725382909857e-02 7.669292418270777573e-38
1.337640952644252729e-02 7.639830479344233464e-38
1.345650179905595600e-02 7.610412256985357112e-38
1.353659407166938299e-02 7.581037702436313465e-38
1.361668634428281170e-02 7.551706766940523461e-38
1.369677861689624042e-02 7.522419401744845047e-38
1.377687088950966914e-02 7.493175558101653967e-38
1.385696316212309612e-02 7.463975187270921419e-38
1.393705543473652483e-02 7.434818240522123622e-38
1.401714770734995355e-02 7.405704669136204624e-38
1.409723997996338227e-02 7.376634424407336572e-38
1.417733225257681098e-02 7.347607457697088089e-38
1.425742452519023797e-02 7.318623720862151195e-38
1.433751679780366668e-02 7.289683166018575275e-38
1.441760907041709540e-02 7.260785745280879134e-38
1.449770134303052412e-02 7.231931410761489307e-38
1.457779361564395110e-02 7.203120114572766553e-38
1.465788588825737981e-02 7.174351808828897670e-38
1.473797816087080853e-02 7.145626445647761216e-38
1.481807043348423725e-02 7.116943977152749368e-38
1.489816270609766423e-02 7.088304355474481207e-38
1.497825497871109295e-02 7.059707532752509742e-38
1.505834725132452166e-02 7.031153461136953754e-38
1.513843952393795038e-02 7.002642092790053427e-38
1.521853179655137736e-02 6.974173379887733294e-38
1.529862406916480608e-02 6.945747274621048243e-38
1.537871634177823479e-02 6.917363729197634740e-38
1.545880861439166351e-02 6.889022695843092113e-38
1.553890088700509223e-02 6.860724126802321016e-38
1.561899315961851921e-02 6.832467974340826405e-38
1.569908543223194966e-02 6.804254190745946384e-38
1.577917770484537838e-02 6.776082728350178339e-38
1.585926997745880709e-02 6.747953539835258126e-38
1.593936225007223581e-02 6.719866578145723282e-38
1.601945452268566453e-02 6.691821796241204111e-38
1.609954679529908977e-02 6.663819147091360048e-38
1.617963906791251849e-02 6.635858583677280775e-38
1.625973134052594721e-02 6.607940058992796499e-38
1.633982361313937592e-02 6.580063526045807028e-38
1.641991588575280464e-02 6.552228937859489735e-38
1.650000815836623336e-02 6.524436247473559725e-38
1.658010043097966207e-02 6.496685407945425596e-38
1.666019270359309079e-02 6.468976372351339981e-38
1.674028497620651951e-02 6.441309093787529210e-38
1.682037724881994475e-02 6.413683525371242578e-38
1.690046952143337347e-02 6.386099620241821448e-38
1.698056179404680219e-02 6.358557331561704676e-38
1.706065406666023090e-02 6.331056612517417322e-38
1.714074633927365962e-02 6.303597416320516554e-38
1.722083861188708834e-02 6.276179696208535477e-38
1.730093088450051705e-02 6.248803405445855949e-38
1.738102315711394577e-02 6.221468497324607513e-38
1.746111542972737102e-02 6.194174925169793672e-38
1.754120770234079973e-02 6.166922642520129483e-38
1.762129997495422845e-02 6.139711603187921923e-38
1.770139224756765717e-02 6.112541761021263783e-38
1.778148452018108588e-02 6.085413069886829833e-38
1.786157679279451460e-02 6.058325483670823775e-38
1.794166906540794332e-02 6.031278956279925193e-38
1.802176133802137203e-02 6.004273441642187438e-38
1.810185361063480075e-02 5.977308893707930286e-38
1.818194588324822600e-02 5.950385266450586665e-38
1.826203815586165471e-02 5.923502513867548333e-38
1.834213042847508343e-02 5.896660589980968750e-38
1.842222270108851215e-02 5.869859448838556557e-38
1.850231497370194086e-02 5.843099044514335643e-38
1.858240724631536958e-02 5.816379331109395817e-38
1.866249951892879830e-02 5.789700262752618418e-38
1.874259179154222701e-02 5.763061793601357041e-38
1.882268406415565226e-02 5.736463877842170452e-38
1.890277633676908098e-02 5.709906469691423967e-38
1.898286860938250969e-02 5.683389523395981651e-38
1.906296088199593841e-02 5.656912993233817089e-38
1.914305315460936713e-02 5.630476833514614759e-38
1.922314542722279584e-02 5.604080998580410030e-38
1.930323769983622456e-02 5.577725442877481317e-38
1.938332997244965328e-02 5.551410121109639398e-38
1.946342224506308199e-02 5.525134988050629611e-38
1.954351451767650724e-02 5.498899998498770025e-38
1.962360679028993596e-02 5.472705107277626937e-38
1.970369906290336467e-02 5.446550269236675759e-38
1.978379133551679339e-02 5.420435439251935797e-38
1.986388360813022211e-02 5.394360572226601901e-38
1.994397588074365082e-02 5.368325623091657321e-38
2.002406815335707954e-02 5.342330546806438537e-38
2.010416042597050826e-02 5.316375298359252297e-38
2.018425269858393351e-02 5.290459832767903896e-38
2.026434497119736222e-02 5.264584105080253662e-38
2.034443724381079094e-02 5.238748070374753596e-38
2.042452951642421966e-02 5.212951683760957907e-38
2.050462178903764837e-02 5.187194900380033556e-38
2.058471406165107709e-02 5.161477675405244695e-38
2.066480633426450580e-02 5.135799964042413091e-38
2.074489860687793452e-02 5.110161721530429707e-38
2.082499087949136324e-02 5.084562903141654580e-38
2.090508315210478849e-02 5.059003464182390812e-38
2.098517542471821720e-02 5.033483359993285488e-38
2.106526769733164592e-02 5.008002545949768175e-38
2.114535996994507464e-02 4.982560977475946170e-38
2.122545224255850335e-02 4.957158610179438167e-38
2.130554451517193207e-02 4.931795399790523966e-38
2.138563678778536079e-02 4.906471302069660552e-38
2.146572906039878950e-02 4.881186272806524703e-38
2.154582133301221475e-02 4.855940267820491161e-38
2.162591360562564347e-02 4.830733242961079487e-38
2.170600587823907218e-02 4.805565154108405089e-38
2.178609815085250090e-02 4.780435957173606239e-38
2.186619042346592962e-02 4.755345608099260648e-38
2.194628269607935833e-02 4.730294062859803086e-38
2.202637496869278705e-02 4.705281277461918986e-38
2.210646724130621577e-02 4.680307207944934401e-38
2.218655951391964448e-02 4.655371810381198641e-38
2.226665178653306973e-02 4.630475040876452308e-38
2.234674405914649845e-02 4.605616855570185920e-38
2.242683633175992716e-02 4.580797210635993846e-38
2.250692860437335588e-02 4.556016062281912059e-38
2.258702087698678460e-02 4.531273366750753792e-38
2.266711314960021331e-02 4.506569080320437894e-38
2.274720542221364203e-02 4.481903159304296305e-38
2.282729769482707075e-02 4.457275560051386221e-38
2.290738996744049599e-02 4.432686238946788173e-38
2.298748224005392471e-02 4.408135152411900452e-38
2.306757451266735343e-02 4.383622256904962169e-38
2.314766678528078214e-02 4.359147508973916583e-38
2.322775905789421086e-02 4.334710865320184721e-38
2.330785133050763958e-02 4.310312282693286937e-38
2.338794360312106829e-02 4.285951717874688340e-38
2.346803587573449701e-02 4.261629127678125588e-38
2.354812814834792573e-02 4.237344468949934716e-38
2.362822042096135097e-02 4.213097698569356517e-38
2.370831269357477969e-02 4.188888773448853419e-38
2.378840496618820841e-02 4.164717650534376229e-38
2.386849723880163712e-02 4.140584286805700328e-38
2.394858951141506584e-02 4.116488639276680930e-38
2.402868178402849456e-02 4.092430664995536028e-38
2.410877405664192327e-02 4.068410321045110012e-38
2.418886632925535199e-02 4.044427564543148774e-38
2.426895860186877724e-02 4.020482352642552373e-38
2.434905087448220595e-02 3.996574642531610464e-38
2.442914314709563467e-02 3.972704391434266967e-38
2.450923541970906339e-02 3.948871556610352364e-38
2.458932769232249210e-02 3.925076095355799822e-38
2.466941996493592082e-02 3.901317965002890019e-38
2.474951223754934954e-02 3.877597122920465696e-38
2.482960451016277825e-02 3.853913526514134727e-38
2.490969678277620697e-02 3.830267133226492499e-38
2.498978905538963222e-02 3.806657900537318716e-38
2.506988132800306093e-02 3.783085785963773681e-38
2.514997360061648965e-02 3.759550747066153090e-38
2.523006587322991837e-02 3.736052741517008237e-38
2.531015814584334708e-02 3.712591727077500916e-38
2.539025041845677580e-02 3.689167661543733057e-38
2.547034269107020452e-02 3.665780502745754879e-38
2.555043496368363323e-02 3.642430208547805017e-38
2.563052723629705848e-02 3.619116736848517249e-38
2.571061950891048720e-02 3.595840045581153840e-38
2.579071178152391591e-02 3.572600092713801297e-38
2.587080405413734463e-02 3.549396836249569787e-38
2.595089632675077335e-02 3.526230234226816039e-38
2.603098859936420206e-02 3.503100244719310393e-38
2.611108087197763078e-02 3.480006825836450305e-38
2.619117314459105950e-02 3.456949935723426880e-38
2.627126541720448821e-02 3.433929532561424797e-38
2.635135768981791346e-02 3.410945574567781013e-38
2.643144996243134218e-02 3.387998019996160160e-38
2.651154223504477089e-02 3.365086827136735686e-38
2.659163450765819961e-02 3.342211954316337590e-38
2.667172678027162833e-02 3.319373359898612684e-38
2.675181905288505704e-02 3.296571002284193726e-38
2.683191132549848576e-02 3.273804839910834628e-38
2.691200359811191448e-02 3.251074831253558184e-38
2.699209587072534319e-02 3.228380934824812683e-38
2.707218814333876844e-02 3.205723109174605544e-38
2.715228041595219716e-02 3.183101312890622858e-38
2.723237268856562587e-02 3.160515504598386523e-38
2.731246496117905459e-02 3.137965642975678293e-38
2.739255723379248331e-02 3.115451686800704357e-38
2.747264950640591202e-02 3.092973594904366133e-38
2.755274177901934074e-02 3.070531326152539625e-38
2.763283405163276946e-02 3.048124839446227336e-38
2.771292632424619470e-02 3.025754093721710174e-38
2.779301859685962342e-02 3.003419047950707191e-38
2.787311086947305214e-02 2.981119661140502438e-38
2.795320314208648085e-02 2.958855892334104704e-38
2.803329541469990957e-02 2.936627700610374366e-38
2.811338768731333829e-02 2.914435045084170076e-38
2.819347995992676700e-02 2.892277884906469355e-38
2.827357223254019572e-02 2.870156179264499617e-38
2.835366450515362444e-02 2.848069887381867106e-38
2.843375677776704968e-02 2.826018968518684277e-38
2.851384905038047840e-02 2.804003381971666366e-38
2.859394132299390712e-02 2.782023087074276513e-38
2.867403359560733583e-02 2.760078043196814507e-38
2.875412586822076455e-02 2.738168209746547814e-38
2.883421814083419327e-02 2.716293546167795100e-38
2.891431041344762198e-02 2.694454011942050997e-38
2.899440268606105070e-02 2.672649566588078500e-38
2.907449495867447595e-02 2.650880169662007627e-38
2.915458723128790466e-02 2.629145780757425735e-38
2.923467950390133338e-02 2.607446359505490273e-38
2.931477177651476210e-02 2.585781865574994034e-38
2.939486404912819081e-02 2.564152258672471130e-38
2.947495632174161953e-02 2.542557498542392228e-38
2.955504859435504825e-02 2.520997544985998663e-38
2.963514086696847696e-02 2.499472357881398815e-38
2.971523313958190568e-02 2.477981897147401215e-38
2.979532541219533093e-02 2.456526122738399748e-38
2.987541768480875964e-02 2.435104994644478062e-38
2.995550995742218836e-02 2.413718472891516061e-38
3.003560223003561708e-02 2.392366517541288562e-38
3.011569450264904579e-02 2.371049088691548826e-38
3.019578677526247451e-02 2.349766146476140005e-38
3.027587904787590323e-02 2.328517651065074231e-38
3.035597132048933194e-02 2.307303562664626060e-38
3.043606359310275719e-02 2.286123841517418600e-38
3.051615586571618591e-02 2.264978447902505737e-38
3.059624813832961462e-02 2.243867342135461920e-38
3.067634041094304334e-02 2.222790484568450284e-38
3.075643268355647206e-02 2.201747835590307480e-38
3.083652495616990077e-02 2.180739355626622502e-38
3.091661722878332949e-02 2.159765005139797239e-38
3.099670950139675821e-02 2.138824744629135223e-38
3.107680177401018692e-02 2.117918534630896960e-38
3.115689404662361217e-02 2.097046335718373538e-38
3.123698631923704089e-02 2.076208108501948222e-38
3.131707859185046960e-02 2.055403813629168238e-38
3.139717086446389832e-02 2.034633411784793317e-38
3.147726313707732704e-02 2.013896863690868519e-38
3.155735540969075575e-02 1.993194130106772520e-38
3.163744768230418447e-02 1.972525171829280515e-38
3.171753995491761319e-02 1.951889949692615640e-38
3.179763222753104190e-02 1.931288424568879379e-38
3.187772450014447062e-02 1.910720557384094937e-38
3.195781677275789934e-02 1.890186309123114534e-38
3.203790904537132805e-02 1.869685640808105474e-38
3.211800131798475677e-02 1.849218513496984332e-38
3.219809359059817855e-02 1.828784888283480121e-38
3.227818586321160726e-02 1.808384726297195628e-38
3.235827813582503598e-02 1.788017988703679454e-38
3.243837040843846470e-02 1.767684636704477697e-38
3.251846268105189341e-02 1.747384631537195806e-38
3.259855495366532213e-02 1.727117934475554443e-38
3.267864722627875085e-02 1.706884506829454214e-38
3.275873949889217956e-02 1.686684309945014553e-38
3.283883177150560828e-02 1.666517305204636637e-38
3.291892404411903700e-02 1.646383454027052184e-38
3.299901631673246571e-02 1.626282717867374096e-38
3.307910858934589443e-02 1.606215058217139266e-38
3.315920086195932315e-02 1.586180436604357121e-38
3.323929313457275186e-02 1.566178814593562872e-38
3.331938540718618058e-02 1.546210153785845703e-38
3.339947767979960930e-02 1.526274415818900973e-38
3.347956995241303801e-02 1.506371562367068323e-38
3.355966222502645979e-02 1.486501555141375528e-38
3.363975449763988851e-02 1.466664355889561985e-38
3.371984677025331723e-02 1.446859926396131182e-38
3.379993904286674594e-02 1.427088228482379142e-38
3.388003131548017466e-02 1.407349224006429139e-38
3.396012358809360338e-02 1.387642874863261198e-38
3.404021586070703209e-02 1.367969142984750977e-38
3.412030813332046081e-02 1.348327990339687002e-38
3.420040040593388952e-02 1.328719378934194806e-38
3.428049267854731824e-02 1.309143270821867337e-38
3.436058495116074696e-02 1.289599628104148121e-38
3.444067722377417567e-02 1.270088412918646011e-38
3.452076949638760439e-02 1.250609587438546080e-38
3.460086176900103311e-02 1.231163113872641467e-38
3.468095404161446182e-02 1.211748954465367828e-38
3.476104631422789054e-02 1.192367071496853973e-38
3.484113858684131926e-02 1.173017427282941704e-38
3.492123085945474104e-02 1.153699984175229925e-38
3.500132313206816975e-02 1.134414704561099177e-38
3.508141540468159847e-02 1.115161550863750010e-38
3.516150767729502719e-02 1.095940485542234821e-38
3.524159994990845590e-02 1.076751471091478999e-38
3.532169222252188462e-02 1.057594470042314858e-38
3.540178449513531334e-02 1.038469444961512565e-38
3.548187676774874205e-02 1.019376358451795670e-38
3.556196904036217077e-02 1.000315173151875689e-38
3.564206131297559949e-02 9.812858517364703809e-39
3.572215358558902820e-02 9.622883569163344079e-39
3.580224585820245692e-02 9.433226514382695210e-39
3.588233813081588564e-02 9.243886980851540524e-39
3.596243040342931435e-02 9.054864596759657540e-39
3.604252267604274307e-02 8.866158990657879313e-39
3.612261494865617178e-02 8.677769791458442889e-39
3.620270722126960050e-02 8.489696628435025839e-39
3.628279949388302228e-02 8.301939131222989010e-39
3.636289176649645100e-02 8.114496929819462651e-39
3.644298403910987971e-02 7.927369654583587852e-39
3.652307631172330843e-02 7.740556936236542647e-39
3.660316858433673715e-02 7.554058405861750822e-39
3.668326085695016586e-02 7.367873694906609815e-39
3.676335312956359458e-02 7.182002435227853329e-39
3.684344540217702330e-02 6.996444259092289996e-39
3.692353767479045201e-02 6.811198799121248240e-39
3.700362994740388073e-02 6.626265688287505468e-39
3.708372222001730945e-02 6.441644559915506016e-39
3.716381449263073816e-02 6.257335047681568652e-39
3.724390676524416688e-02 6.073336785614099304e-39
3.732399903785759560e-02 5.889649408093634124e-39
3.740409131047102431e-02 5.706272549853123342e-39
3.748418358308445303e-02 5.523205845978048716e-39
3.756427585569788175e-02 5.340448931906524681e-39
3.764436812831130352e-02 5.158001443429473875e-39
3.772446040092473224e-02 4.975863016690736113e-39
3.780455267353816096e-02 4.794033288187183233e-39
3.788464494615158967e-02 4.612511894768886793e-39
3.796473721876501839e-02 4.431298473639140916e-39
3.804482949137844711e-02 4.250392662354601926e-39
3.812492176399187582e-02 4.069794098825379051e-39
3.820501403660530454e-02 3.889502421315094456e-39
3.828510630921873326e-02 3.709517268440997438e-39
3.836519858183216197e-02 3.529838279173963118e-39
3.844529085444559069e-02 3.350465092838656878e-39
3.852538312705901941e-02 3.171397349113490647e-39
3.860547539967244812e-02 2.992634688030732518e-39
3.868556767228587684e-02 2.814176749976487505e-39
3.876565994489930556e-02 2.636023175690828374e-39
3.884575221751273427e-02 2.458173606267741153e-39
3.892584449012616299e-02 2.280627683155140470e-39
3.900593676273958477e-02 2.103385048154987989e-39
3.908602903535301348e-02 1.926445343423176906e-39
3.916612130796644220e-02 1.749808211469602754e-39
3.924621358057987092e-02 1.573473295158298474e-39
3.932630585319329963e-02 1.397440237713637697e-39
3.940639812580672835e-02 1.221708682719116144e-39
3.948649039842015707e-02 1.046278274104555012e-39
3.956658267103358578e-02 8.711486561452448564e-40
3.964667494364701450e-02 6.963194734620035834e-40
3.972676721626044322e-02 5.217903710211284898e-40
3.980685948887387193e-02 3.475609941345443867e-40
3.988695176148730065e-02 1.736309884597698114e-40
3.996704403410072937e-02 9.611143359655673168e-54
