9.999999999999999547e-07 2.844156294365792089e-36
2.992091482365242733e-05 2.834173450284510799e-36
5.884182964730485068e-05 2.824213986806618814e-36
8.776274447095728419e-05 2.814277371284700668e-36
1.166836592946097042e-04 2.804363623795835198e-36
1.456045741182621241e-04 2.794472721926054507e-36
1.745254889419145712e-04 2.784604594742869317e-36
2.034464037655669911e-04 2.774759243081495881e-36
2.323673185892194111e-04 2.764936625908953114e-36
2.612882334128718582e-04 2.755136671461288380e-36
2.902091482365242781e-04 2.745359329548328343e-36
3.191300630601766981e-04 2.735604584516334901e-36
3.480509778838291723e-04 2.725872402180998881e-36
3.769718927074815922e-04 2.716162733517178356e-36
4.058928075311340122e-04 2.706475521061182104e-36
4.348137223547864322e-04 2.696810722897040122e-36
4.637346371784388521e-04 2.687168312735022105e-36
4.926555520020913263e-04 2.677548255692521012e-36
5.215764668257436920e-04 2.667950509590341612e-36
5.504973816493961662e-04 2.658375026991355109e-36
5.794182964730485320e-04 2.648821757163652838e-36
6.083392112967010061e-04 2.639290659259622307e-36
6.372601261203533719e-04 2.629781701960829644e-36
6.661810409440058461e-04 2.620294849751614131e-36
6.951019557676583202e-04 2.610830063208647517e-36
7.240228705913106860e-04 2.601387299835926758e-36
7.529437854149631602e-04 2.591966514726424943e-36
7.818647002386155259e-04 2.582567661272178390e-36
8.107856150622680001e-04 2.573190698402746211e-36
8.397065298859203658e-04 2.563835592024599687e-36
8.686274447095728400e-04 2.554502306040285712e-36
8.975483595332252058e-04 2.545190802137599118e-36
9.264692743568776799e-04 2.535901040166437480e-36
9.553901891805301541e-04 2.526632978454257520e-36
9.843111040041825199e-04 2.517386574071139525e-36
1.013232018827834886e-03 2.508161783080030294e-36
1.042152933651487251e-03 2.498958564116799540e-36
1.071073848475139617e-03 2.489776881441512185e-36
1.099994763298792200e-03 2.480616698630003049e-36
1.128915678122444565e-03 2.471477977945379565e-36
1.157836592946096931e-03 2.462360680522331627e-36
1.186757507769749514e-03 2.453264766527261267e-36
1.215678422593401880e-03 2.444190195297766224e-36
1.244599337417054245e-03 2.435136925464389726e-36
1.273520252240706611e-03 2.426104915057119470e-36
1.302441167064359194e-03 2.417094122837983339e-36
1.331362081888011559e-03 2.408104511905246219e-36
1.360282996711663925e-03 2.399136045734386294e-36
1.389203911535316508e-03 2.390188686998032340e-36
1.418124826358968874e-03 2.381262397662144503e-36
1.447045741182621239e-03 2.372357139071821733e-36
1.475966656006273605e-03 2.363472872027990761e-36
1.504887570829926188e-03 2.354609556856037015e-36
1.533808485653578553e-03 2.345767153467300921e-36
1.562729400477230919e-03 2.336945621414255470e-36
1.591650315300883285e-03 2.328144920199514894e-36
1.620571230124535867e-03 2.319365011961953851e-36
1.649492144948188233e-03 2.310605860239579186e-36
1.678413059771840599e-03 2.301867428100641640e-36
1.707333974595493182e-03 2.293149678165571564e-36
1.736254889419145547e-03 2.284452572655126768e-36
1.765175804242797913e-03 2.275776073434255266e-36
1.794096719066450279e-03 2.267120142052092195e-36
1.823017633890102861e-03 2.258484739778428690e-36
1.851938548713755227e-03 2.249869827637043260e-36
1.880859463537407593e-03 2.241275366436145253e-36
1.909780378361060175e-03 2.232701316806290690e-36
1.938701293184712541e-03 2.224147640358643228e-36
1.967622208008365341e-03 2.215614300660365567e-36
1.996543122832017490e-03 2.207101261218892469e-36
2.025464037655670072e-03 2.198608485257419522e-36
2.054384952479322221e-03 2.190135935743016282e-36
2.083305867302974804e-03 2.181683575412591185e-36
2.112226782126627386e-03 2.173251366796903659e-36
2.141147696950279535e-03 2.164839272242775134e-36
2.170068611773932118e-03 2.156447253933637594e-36
2.198989526597584700e-03 2.148075273908588718e-36
2.227910441421236849e-03 2.139723294080023771e-36
2.256831356244889432e-03 2.131391276249992261e-36
2.285752271068542014e-03 2.123079182308345687e-36
2.314673185892194163e-03 2.114786975620522171e-36
2.343594100715846746e-03 2.106514620190559498e-36
2.372515015539499329e-03 2.098262079851036927e-36
2.401435930363151477e-03 2.090029318273293175e-36
2.430356845186804060e-03 2.081816298983278914e-36
2.459277760010456209e-03 2.073622985376351861e-36
2.488198674834108792e-03 2.065449340731116691e-36
2.517119589657761374e-03 2.057295328222376917e-36
2.546040504481413523e-03 2.049160910933250532e-36
2.574961419305066106e-03 2.041046051866507882e-36
2.603882334128718688e-03 2.032950713955192224e-36
2.632803248952370837e-03 2.024874860072569432e-36
2.661724163776023420e-03 2.016818453042744884e-36
2.690645078599676002e-03 2.008781456128995282e-36
2.719565993423328151e-03 2.000763833726004355e-36
2.748486908246980734e-03 1.992765550308805488e-36
2.777407823070633316e-03 1.984786570254985067e-36
2.806328737894285465e-03 1.976826857854588085e-36
2.835249652717938048e-03 1.968886377319453434e-36
2.864170567541590197e-03 1.960965092792030692e-36
2.893091482365242779e-03 1.953062968353670035e-36
2.922012397188895362e-03 1.945179968032469478e-36
2.950933312012547511e-03 1.937316055810663058e-36
2.979854226836200094e-03 1.929471195631603436e-36
3.008775141659852676e-03 1.921645351406348928e-36
3.037696056483504825e-03 1.913838487019886365e-36
3.066616971307157408e-03 1.906050566337001821e-36
3.095537886130809990e-03 1.898281553233524901e-36
3.124458800954462139e-03 1.890531412211002481e-36
3.153379715778114722e-03 1.882800108398923118e-36
3.182300630601766871e-03 1.875087606904883754e-36
3.211221545425419453e-03 1.867393872788831281e-36
3.240142460249072036e-03 1.859718871069079270e-36
3.269063375072724185e-03 1.852062566727991607e-36
3.297984289896376767e-03 1.844424924717415548e-36
3.326905204720029350e-03 1.836805909963803413e-36
3.355826119543681499e-03 1.829205487373106412e-36
3.384747034367334081e-03 1.821623621835410894e-36
3.413667949190986664e-03 1.814060278229337380e-36
3.442588864014638813e-03 1.806515421426233799e-36
3.471509778838291396e-03 1.798989016294151892e-36
3.500430693661943978e-03 1.791481027701626503e-36
3.529351608485596127e-03 1.783991420521265769e-36
3.558272523309248710e-03 1.776520159694956890e-36
3.587193438132900859e-03 1.769067210768713747e-36
3.616114352956553441e-03 1.761632539610118223e-36
3.645035267780206024e-03 1.754216112070676192e-36
3.673956182603858173e-03 1.746817893985899370e-36
3.702877097427510755e-03 1.739437851179049858e-36
3.731798012251163338e-03 1.732075949464717637e-36
3.760718927074815487e-03 1.724732154652228010e-36
3.789639841898468069e-03 1.717406432548902709e-36
3.818560756722120652e-03 1.710098748963172663e-36
3.847481671545772801e-03 1.702809069707540092e-36
3.876402586369425383e-03 1.695537360601420652e-36
3.905323501193077532e-03 1.688283587473851621e-36
3.934244416016730549e-03 1.681047716166075122e-36
3.963165330840382264e-03 1.673829712534015109e-36
3.992086245664034846e-03 1.666629542450622049e-36
4.021007160487687429e-03 1.659447171808144772e-36
4.049928075311340012e-03 1.652282566599828872e-36
4.078848990134992594e-03 1.645135693315572411e-36
4.107769904958644309e-03 1.638006518627260666e-36
4.136690819782296892e-03 1.630895009209133619e-36
4.165611734605949475e-03 1.623801131739961921e-36
4.194532649429602057e-03 1.616724852905435344e-36
4.223453564253254640e-03 1.609666139400442314e-36
4.252374479076907222e-03 1.602624957931265586e-36
4.281295393900558938e-03 1.595601275217685711e-36
4.310216308724211520e-03 1.588595057994986279e-36
4.339137223547864103e-03 1.581606273015892673e-36
4.368058138371516685e-03 1.574634887052420287e-36
4.396979053195169268e-03 1.567680866897653251e-36
4.425899968018821851e-03 1.560744179367436961e-36
4.454820882842473566e-03 1.553824791302023831e-36
4.483741797666126148e-03 1.546922669567621157e-36
4.512662712489778731e-03 1.540037781057906246e-36
4.541583627313431314e-03 1.533170092695451996e-36
4.570504542137083896e-03 1.526319571504694045e-36
4.599425456960735611e-03 1.519486184895751985e-36
4.628346371784388194e-03 1.512669900408026706e-36
4.657267286608040777e-03 1.505870685597336553e-36
4.686188201431693359e-03 1.499088508037485240e-36
4.715109116255345942e-03 1.492323335321801528e-36
4.744030031078998524e-03 1.485575135064615594e-36
4.772950945902650240e-03 1.478843874902688960e-36
4.801871860726302822e-03 1.472129522496585787e-36
4.830792775549955405e-03 1.465432045531983702e-36
4.859713690373607987e-03 1.458751411720954217e-36
4.888634605197260570e-03 1.452087588803166140e-36
4.917555520020912285e-03 1.445440544547070951e-36
4.946476434844564868e-03 1.438810246751026028e-36
4.975397349668217450e-03 1.432196663244375611e-36
5.004318264491870033e-03 1.425599761888499367e-36
5.033239179315522616e-03 1.419019510577809494e-36
5.062160094139175198e-03 1.412455877240715922e-36
5.091081008962826913e-03 1.405908829840554436e-36
5.120001923786479496e-03 1.399378336424495592e-36
5.148922838610132079e-03 1.392864365334687119e-36
5.177843753433784661e-03 1.386366885028316880e-36
5.206764668257437244e-03 1.379885863988406348e-36
5.235685583081088959e-03 1.373421270724777809e-36
5.264606497904741542e-03 1.366973073775058821e-36
5.293527412728394124e-03 1.360541241705647917e-36
5.322448327552046707e-03 1.354125743112650744e-36
5.351369242375699289e-03 1.347726546622771091e-36
5.380290157199351872e-03 1.341343620894188729e-36
5.409211072023003587e-03 1.334976934617386130e-36
5.438131986846656170e-03 1.328626456515956975e-36
5.467052901670308752e-03 1.322292155347383598e-36
5.495973816493961335e-03 1.315973999903782856e-36
5.524894731317613918e-03 1.309671959012628436e-36
5.553815646141266500e-03 1.303386001537444949e-36
5.582736560964918215e-03 1.297116096378477113e-36
5.611657475788570798e-03 1.290862212473335068e-36
5.640578390612223381e-03 1.284624318797613949e-36
5.669499305435875963e-03 1.278402384365490752e-36
5.698420220259528546e-03 1.272196378253573913e-36
5.727341135083180261e-03 1.266006269757877954e-36
5.756262049906832844e-03 1.259832028292465730e-36
5.785182964730485426e-03 1.253673623303734703e-36
5.814103879554138009e-03 1.247531024270594344e-36
5.843024794377790591e-03 1.241404200705116288e-36
5.871945709201443174e-03 1.235293122153167439e-36
5.900866624025094889e-03 1.229197758195024043e-36
5.929787538848747472e-03 1.223118078445952178e-36
5.958708453672400054e-03 1.217054052556785568e-36
5.987629368496052637e-03 1.211005650214469998e-36
6.016550283319705220e-03 1.204972841142593688e-36
6.045471198143356935e-03 1.198955595101899959e-36
6.074392112967009517e-03 1.192953881890781368e-36
6.103313027790662100e-03 1.186967671345754618e-36
6.132233942614314683e-03 1.180996933341920111e-36
6.161154857437967265e-03 1.175041637793407128e-36
6.190075772261619848e-03 1.169101754653799301e-36
6.218996687085271563e-03 1.163177253916549055e-36
6.247917601908924146e-03 1.157268105615370178e-36
6.276838516732576728e-03 1.151374279824627201e-36
6.305759431556229311e-03 1.145495746666584776e-36
6.334680346379881893e-03 1.139632476415015561e-36
6.363601261203533609e-03 1.133784439470369736e-36
6.392522176027186191e-03 1.127951606271351090e-36
6.421443090850838774e-03 1.122133947292749413e-36
6.450364005674491356e-03 1.116331433045869470e-36
6.479284920498143939e-03 1.110544034078932420e-36
6.508205835321796522e-03 1.104771720977478235e-36
6.537126750145448237e-03 1.099014464364745396e-36
6.566047664969100819e-03 1.093272234902039736e-36
6.594968579792753402e-03 1.087545003289092427e-36
6.623889494616405985e-03 1.081832740264402087e-36
6.652810409440058567e-03 1.076135416605570721e-36
6.681731324263710282e-03 1.070453003129624110e-36
6.710652239087362865e-03 1.064785470693319857e-36
6.739573153911015448e-03 1.059132790193447896e-36
6.768494068734668030e-03 1.053494932567120327e-36
6.797414983558320613e-03 1.047871868792046040e-36
6.826335898381973195e-03 1.042263569886804507e-36
6.855256813205624911e-03 1.036670006911098857e-36
6.884177728029277493e-03 1.031091150966007121e-36
6.913098642852930076e-03 1.025526973194224111e-36
6.942019557676582658e-03 1.019977444780913536e-36
6.970940472500235241e-03 1.014442537004509237e-36
6.999861387323887824e-03 1.008922221272147030e-36
7.028782302147539539e-03 1.003416469037839347e-36
7.057703216971192121e-03 9.979252517937785653e-37
7.086624131794844704e-03 9.924485410706096240e-37
7.115545046618497287e-03 9.869863084376879506e-37
7.144465961442149869e-03 9.815385255033315338e-37
7.173386876265801584e-03 9.761051639150601365e-37
7.202307791089454167e-03 9.706861953598351761e-37
7.231228705913106750e-03 9.652815915642798939e-37
7.260149620736759332e-03 9.598913242949015284e-37
7.289070535560411915e-03 9.545153653583032992e-37
7.317991450384064497e-03 9.491536866013815230e-37
7.346912365207716213e-03 9.438062599115260715e-37
7.375833280031368795e-03 9.384730572168089676e-37
7.404754194855021378e-03 9.331540504861649650e-37
7.433675109678673960e-03 9.278492117295674487e-37
7.462596024502326543e-03 9.225585129981936459e-37
7.491516939325978258e-03 9.172819263845936778e-37
7.520437854149630841e-03 9.120194240228387315e-37
7.549358768973283423e-03 9.067709780886780845e-37
7.578279683796936006e-03 9.015365607996759172e-37
7.607200598620588589e-03 8.963161444153569785e-37
7.636121513444241171e-03 8.911097012507661889e-37
7.665042428267892886e-03 8.859172037314550957e-37
7.693963343091545469e-03 8.807386243446404379e-37
7.722884257915198052e-03 8.755739356167769783e-37
7.751805172738850634e-03 8.704231101137135256e-37
7.780726087562503217e-03 8.652861204408459505e-37
7.809647002386154932e-03 8.601629392432747116e-37
7.838567917209807515e-03 8.550535392059516905e-37
7.867488832033460097e-03 8.499578930538225164e-37
7.896409746857110945e-03 8.448759735519605387e-37
7.925330661680763528e-03 8.398077535057013002e-37
7.954251576504416110e-03 8.347532057607686582e-37
7.983172491328068693e-03 8.297123032033967296e-37
8.012093406151721275e-03 8.246850187604454879e-37
8.041014320975373858e-03 8.196713253995153577e-37
8.069935235799026441e-03 8.146711961290504506e-37
8.098856150622679023e-03 8.096846039984506543e-37
8.127777065446331606e-03 8.047115220981596663e-37
8.156697980269984188e-03 7.997519235597699005e-37
8.185618895093636771e-03 7.948057815561053425e-37
8.214539809917287619e-03 7.898730693013144285e-37
8.243460724740940201e-03 7.849537600509488914e-37
8.272381639564592784e-03 7.800478271020447795e-37
8.301302554388245367e-03 7.751552437931966255e-37
8.330223469211897949e-03 7.702759835057416480e-37
8.359144384035550532e-03 7.654100196947564727e-37
8.388065298859203114e-03 7.605573258920477885e-37
8.416986213682855697e-03 7.557178756709333271e-37
8.445907128506508280e-03 7.508916426443535547e-37
8.474828043330160862e-03 7.460786004649534421e-37
8.503748958153813445e-03 7.412787228251742573e-37
8.532669872977464293e-03 7.364919834573314094e-37
8.561590787801116875e-03 7.317183561336968876e-37
8.590511702624769458e-03 7.269578146665731789e-37
8.619432617448422040e-03 7.222103329083635123e-37
8.648353532272074623e-03 7.174758847516435221e-37
8.677274447095727206e-03 7.127544441292263964e-37
8.706195361919379788e-03 7.080459850142219287e-37
8.735116276743032371e-03 7.033504814201014997e-37
8.764037191566684953e-03 6.986679074007495273e-37
8.792958106390337536e-03 6.939982370505185932e-37
8.821879021213990119e-03 6.893414445042828977e-37
8.850799936037642701e-03 6.846975039374801052e-37
8.879720850861293549e-03 6.800663895661640479e-37
8.908641765684946132e-03 6.754480756470389708e-37
8.937562680508598714e-03 6.708425364775077244e-37
8.966483595332251297e-03 6.662497463957029198e-37
8.995404510155903879e-03 6.616696797805253491e-37
9.024325424979556462e-03 6.571023110516743051e-37
9.053246339803209045e-03 6.525476146696794034e-37
9.082167254626861627e-03 6.480055651417330565e-37
9.111088169450514210e-03 6.434761370467047952e-37
9.140009084274166792e-03 6.389593050134066797e-37
9.168929999097819375e-03 6.344550437099902754e-37
9.197850913921470223e-03 6.299633278439775565e-37
9.226771828745122805e-03 6.254841321623034197e-37
9.255692743568775388e-03 6.210174314513532700e-37
9.284613658392427971e-03 6.165632005369980171e-37
9.313534573216080553e-03 6.121214142846264828e-37
9.342455488039733136e-03 6.076920475991766388e-37
9.371376402863385718e-03 6.032750754251663438e-37
9.400297317687038301e-03 5.988704727467173980e-37
9.429218232510690884e-03 5.944782145875817697e-37
9.458139147334343466e-03 5.900982760111638129e-37
9.487060062157996049e-03 5.857306321205409809e-37
9.515980976981646897e-03 5.813752580584827865e-37
9.544901891805299479e-03 5.770321290074682583e-37
9.573822806628952062e-03 5.727012201897006410e-37
9.602743721452604644e-03 5.683825068671200909e-37
9.631664636276257227e-03 5.640759643414173742e-37
9.660585551099909810e-03 5.597815679540418846e-37
9.689506465923562392e-03 5.554992930862097460e-37
9.718427380747214975e-03 5.512291151589125817e-37
9.747348295570867557e-03 5.469710096329211065e-37
9.776269210394520140e-03 5.427249520087875485e-37
9.805190125218172723e-03 5.384909178268496585e-37
9.834111040041823570e-03 5.342688826673239226e-37
9.863031954865476153e-03 5.300588221599266799e-37
9.891952869689128736e-03 5.258607119918280196e-37
9.920873784512781318e-03 5.216745278909019824e-37
9.949794699336433901e-03 5.175002456237041963e-37
9.978715614160086483e-03 5.133378409954769714e-37
1.000763652898373907e-02 5.091872898501589890e-37
1.003655744380739165e-02 5.050485680703888926e-37
1.006547835863104423e-02 5.009216515775113858e-37
1.009439927345469681e-02 4.968065163315780669e-37
1.012332018827834940e-02 4.927031383313511882e-37
1.015224110310200024e-02 4.886114936143005647e-37
1.018116201792565283e-02 4.845315582566056631e-37
1.021008293274930541e-02 4.804633083731500050e-37
1.023900384757295799e-02 4.764067201175205828e-37
1.026792476239661057e-02 4.723617696820001750e-37
1.029684567722026316e-02 4.683284332975613329e-37
1.032576659204391574e-02 4.643066872338609512e-37
1.035468750686756832e-02 4.602965077992288254e-37
1.038360842169122090e-02 4.562978713406610535e-37
1.041252933651487349e-02 4.523107542438060038e-37
1.044145025133852607e-02 4.483351329329552943e-37
1.047037116616217692e-02 4.443709838710280906e-37
1.049929208098582950e-02 4.404182835595589944e-37
1.052821299580948208e-02 4.364770085386820906e-37
1.055713391063313467e-02 4.325471353871169157e-37
1.058605482545678725e-02 4.286286407221472420e-37
1.061497574028043983e-02 4.247215011996077145e-37
1.064389665510409241e-02 4.208256935143276963e-37
1.067281756992774500e-02 4.169411944085605842e-37
1.070173848475139758e-02 4.130679806706563634e-37
1.073065939957505016e-02 4.092060291269925305e-37
1.075958031439870274e-02 4.053553166416607122e-37
1.078850122922235359e-02 4.015158201164559741e-37
1.081742214404600617e-02 3.976875164908598653e-37
1.084634305886965876e-02 3.938703827420256348e-37
1.087526397369331134e-02 3.900643958847642829e-37
1.090418488851696392e-02 3.862695329715226780e-37
1.093310580334061650e-02 3.824857710923694410e-37
1.096202671816426909e-02 3.787130873749735631e-37
1.099094763298792167e-02 3.749514589845872838e-37
1.101986854781157425e-02 3.712008631240220774e-37
1.104878946263522684e-02 3.674612770336309457e-37
1.107771037745887942e-02 3.637326779912824430e-37
1.110663129228253200e-02 3.600150433123419655e-37
1.113555220710618285e-02 3.563083503496450667e-37
1.116447312192983543e-02 3.526125764934738190e-37
1.119339403675348801e-02 3.489276991715332607e-37
1.122231495157714060e-02 3.452536958489234151e-37
1.125123586640079318e-02 3.415905440281142337e-37
1.128015678122444576e-02 3.379382212489193694e-37
1.130907769604809834e-02 3.342967050884661078e-37
1.133799861087175093e-02 3.306659731611688906e-37
1.136691952569540351e-02 3.270460031187000399e-37
1.139584044051905609e-02 3.234367726499590636e-37
1.142476135534270867e-02 3.198382594810451342e-37
1.145368227016635952e-02 3.162504413752228436e-37
1.148260318499001210e-02 3.126732961335084163e-37
1.151152409981366469e-02 3.091068015997287930e-37
1.154044501463731727e-02 3.055509356575848052e-37
1.156936592946096985e-02 3.020056762273748671e-37
1.159828684428462243e-02 2.984710012659340030e-37
1.162720775910827502e-02 2.949468887666067434e-37
1.165612867393192760e-02 2.914333167592178089e-37
1.168504958875558018e-02 2.879302633100439203e-37
1.171397050357923277e-02 2.844377065217826442e-37
1.174289141840288535e-02 2.809556245335233269e-37
1.177181233322653620e-02 2.774839955207162743e-37
1.180073324805018878e-02 2.740227976951405108e-37
1.182965416287384136e-02 2.705720093048742130e-37
1.185857507769749394e-02 2.671316086342600882e-37
1.188749599252114653e-02 2.637015740038743455e-37
1.191641690734479911e-02 2.602818837704928269e-37
1.194533782216845169e-02 2.568725163270578902e-37
1.197425873699210427e-02 2.534734501026434541e-37
1.200317965181575686e-02 2.500846635624220898e-37
1.203210056663940944e-02 2.467061352076283121e-37
1.206102148146306202e-02 2.433378435755250031e-37
1.208994239628671287e-02 2.399797672393660352e-37
1.211886331111036545e-02 2.366318848083616083e-37
1.214778422593401803e-02 2.332941749276409569e-37
1.217670514075767062e-02 2.299666162782159335e-37
1.220562605558132320e-02 2.266491875769430048e-37
1.223454697040497578e-02 2.233418675764864603e-37
1.226346788522862837e-02 2.200446350652803245e-37
1.229238880005228095e-02 2.167574688674895607e-37
1.232130971487593353e-02 2.134803478429719837e-37
1.235023062969958611e-02 2.102132508876509436e-37
1.237915154452323870e-02 2.069561569358016674e-37
1.240807245934688954e-02 2.037090449581963597e-37
1.243699337417054213e-02 2.004718939608626624e-37
1.246591428899419471e-02 1.972446829850402636e-37
1.249483520381784729e-02 1.940273911071481564e-37
1.252375611864149987e-02 1.908199974387417495e-37
1.255267703346515246e-02 1.876224811264813573e-37
1.258159794828880504e-02 1.844348213520881419e-37
1.261051886311245762e-02 1.812569973323105772e-37
1.263943977793611020e-02 1.780889883188823540e-37
1.266836069275976279e-02 1.749307735984864218e-37
1.269728160758341537e-02 1.717823324927133949e-37
1.272620252240706622e-02 1.686436443580240705e-37
1.275512343723071880e-02 1.655146885857081263e-37
1.278404435205437138e-02 1.623954446018443629e-37
1.281296526687802396e-02 1.592858918672622832e-37
1.284188618170167655e-02 1.561860098774990564e-37
1.287080709652532913e-02 1.530957781627608883e-37
1.289972801134898171e-02 1.500151762878801528e-37
1.292864892617263430e-02 1.469441838522764069e-37
1.295756984099628688e-02 1.438827804899122692e-37
1.298649075581993946e-02 1.408309458692549781e-37
1.301541167064359204e-02 1.377886596932312891e-37
1.304433258546724289e-02 1.347559016991884897e-37
1.307325350029089547e-02 1.317326516588488164e-37
1.310217441511454806e-02 1.287188893782700313e-37
1.313109532993820064e-02 1.257145946978013425e-37
1.316001624476185322e-02 1.227197474920406607e-37
1.318893715958550580e-02 1.197343276697911458e-37
1.321785807440915839e-02 1.167583151740189859e-37
1.324677898923281097e-02 1.137916899819482381e-37
1.327569990405646355e-02 1.108344321057508410e-37
1.330462081888011613e-02 1.078865215918647665e-37
1.333354173370376872e-02 1.049479385205674852e-37
1.336246264852741956e-02 1.020186630059330759e-37
1.339138356335107215e-02 9.909867519578820913e-38
1.342030447817472473e-02 9.618795527167249389e-38
1.344922539299837731e-02 9.328648344879219508e-38
1.347814630782202990e-02 9.039423997598065358e-38
1.350706722264568248e-02 8.751120513565193051e-38
1.353598813746933506e-02 8.463735924376065305e-38
1.356490905229298764e-02 8.177268264975685944e-38
1.359382996711664023e-02 7.891715573654277527e-38
1.362275088194029281e-02 7.607075892042938109e-38
1.365167179676394539e-02 7.323347265109266678e-38
1.368059271158759797e-02 7.040527741152940564e-38
1.370951362641124882e-02 6.758615371801405603e-38
1.373843454123490140e-02 6.477608212005302163e-38
1.376735545605855399e-02 6.197504320034177235e-38
1.379627637088220657e-02 5.918301757472013816e-38
1.382519728570585915e-02 5.639998589212710179e-38
1.385411820052951173e-02 5.362592883455754377e-38
1.388303911535316432e-02 5.086082711701612683e-38
1.391196003017681690e-02 4.810466148747321613e-38
1.394088094500046948e-02 4.535741272682046545e-38
1.396980185982412206e-02 4.261906164882403858e-38
1.399872277464777465e-02 3.988958910008233579e-38
1.402764368947142549e-02 3.716897595997784231e-38
1.405656460429507808e-02 3.445720314063364890e-38
1.408548551911873066e-02 3.175425158686779561e-38
1.411440643394238324e-02 2.906010227614760511e-38
1.414332734876603583e-02 2.637473621854466850e-38
1.417224826358968841e-02 2.369813445669769806e-38
1.420116917841334099e-02 2.103027806582200724e-38
1.423009009323699357e-02 1.837114815359058304e-38
1.425901100806064616e-02 1.572072586004248380e-38
1.428793192288429874e-02 1.307899235753786679e-38
1.431685283770795132e-02 1.044592885071187391e-38
1.434577375253160217e-02 7.821516576429913748e-39
1.437469466735525475e-02 5.205736803742216765e-39
1.440361558217890733e-02 2.598570833837583284e-39
1.443253649700255992e-02 0.000000000000000000e+00
