9.999999999999999547e-07 2.440012699751216083e-36
3.128785159117052653e-05 2.431537535955844937e-36
6.157570318234105585e-05 2.423081877436085207e-36
9.186355477351157840e-05 2.414645280882072421e-36
1.221514063646821145e-04 2.406227763138388982e-36
1.524392579558526235e-04 2.397829306175936955e-36
1.827271095470231596e-04 2.389449850984984084e-36
2.130149611381936686e-04 2.381089398750546374e-36
2.433028127293642047e-04 2.372747915668229779e-36
2.735906643205347679e-04 2.364425342158090410e-36
3.038785159117052769e-04 2.356121636597657897e-36
3.341663675028757859e-04 2.347836786368899917e-36
3.644542190940463491e-04 2.339570763360894358e-36
3.947420706852168581e-04 2.331323527027243966e-36
4.250299222763873671e-04 2.323095029741653017e-36
4.553177738675579303e-04 2.314885236842340963e-36
4.856056254587284393e-04 2.306694126798736753e-36
5.158934770498989483e-04 2.298521670895490913e-36
5.461813286410695115e-04 2.290367834305582892e-36
5.764691802322399663e-04 2.282232577797460985e-36
6.067570318234105295e-04 2.274115859373702685e-36
6.370448834145810927e-04 2.266017645279135249e-36
6.673327350057515475e-04 2.257937909764180420e-36
6.976205865969221107e-04 2.249876623571685907e-36
7.279084381880926739e-04 2.241833754172290382e-36
7.581962897792631287e-04 2.233809266463366817e-36
7.884841413704336919e-04 2.225803123322829358e-36
8.187719929616042551e-04 2.217815286201064842e-36
8.490598445527747099e-04 2.209845721161063322e-36
8.793476961439452731e-04 2.201894400121392303e-36
9.096355477351158363e-04 2.193961293328606511e-36
9.399233993262862911e-04 2.186046369175036501e-36
9.702112509174568543e-04 2.178149594514114424e-36
1.000499102508627201e-03 2.170270934924319230e-36
1.030786954099797764e-03 2.162410354930945977e-36
1.061074805690968327e-03 2.154567818214864127e-36
1.091362657282138890e-03 2.146743290594474019e-36
1.121650508873309453e-03 2.138936742601302225e-36
1.151938360464479800e-03 2.131148144200023012e-36
1.182226212055650363e-03 2.123377464256415133e-36
1.212514063646820926e-03 2.115624670691514527e-36
1.242801915237991489e-03 2.107889730615539550e-36
1.273089766829162053e-03 2.100172610444542115e-36
1.303377618420332616e-03 2.092473276002237355e-36
1.333665470011502962e-03 2.084791692609070837e-36
1.363953321602673525e-03 2.077127826189064886e-36
1.394241173193844089e-03 2.069481646292000503e-36
1.424529024785014652e-03 2.061853122790271080e-36
1.454816876376185215e-03 2.054242224884219360e-36
1.485104727967355778e-03 2.046648921182540879e-36
1.515392579558526125e-03 2.039073179774017966e-36
1.545680431149696688e-03 2.031514968291628009e-36
1.575968282740867251e-03 2.023974253969919696e-36
1.606256134332037814e-03 2.016451003696415956e-36
1.636543985923208377e-03 2.008945184057751228e-36
1.666831837514378941e-03 2.001456761595423304e-36
1.697119689105549287e-03 1.993985705048369205e-36
1.727407540696719850e-03 1.986531984332227989e-36
1.757695392287890413e-03 1.979095568969959467e-36
1.787983243879060977e-03 1.971676428109525203e-36
1.818271095470231540e-03 1.964274530564127659e-36
1.848558947061402103e-03 1.956889844848858477e-36
1.878846798652572449e-03 1.949522339214117391e-36
1.909134650243743013e-03 1.942171981676079741e-36
1.939422501834913576e-03 1.934838740044557371e-36
1.969710353426084356e-03 1.927522581948425309e-36
1.999998205017254702e-03 1.920223474867029091e-36
2.030286056608425482e-03 1.912941387092618936e-36
2.060573908199595829e-03 1.905676288554861907e-36
2.090861759790766609e-03 1.898428149135356399e-36
2.121149611381936955e-03 1.891196938477592214e-36
2.151437462973107301e-03 1.883982626010415771e-36
2.181725314564278081e-03 1.876785180969726937e-36
2.212013166155448428e-03 1.869604572418517749e-36
2.242301017746619208e-03 1.862440769265427078e-36
2.272588869337789554e-03 1.855293740281912811e-36
2.302876720928959901e-03 1.848163454118139098e-36
2.333164572520130681e-03 1.841049879317726337e-36
2.363452424111301027e-03 1.833952984331396974e-36
2.393740275702471807e-03 1.826872737680572091e-36
2.424028127293642153e-03 1.819809109115642727e-36
2.454315978884812934e-03 1.812762068924223621e-36
2.484603830475983280e-03 1.805731587250350263e-36
2.514891682067153626e-03 1.798717634102806225e-36
2.545179533658324406e-03 1.791720179368344662e-36
2.575467385249494753e-03 1.784739192824036816e-36
2.605755236840665533e-03 1.777774644148830391e-36
2.636043088431835879e-03 1.770826502934354200e-36
2.666330940023006225e-03 1.763894738695024894e-36
2.696618791614177005e-03 1.756979320877522913e-36
2.726906643205347352e-03 1.750080218869647021e-36
2.757194494796518132e-03 1.743197402008617922e-36
2.787482346387688478e-03 1.736330839589880672e-36
2.817770197978859258e-03 1.729480501271492311e-36
2.848058049570029605e-03 1.722646357656801606e-36
2.878345901161199951e-03 1.715828379417543688e-36
2.908633752752370731e-03 1.709026537143550820e-36
2.938921604343541077e-03 1.702240801351005897e-36
2.969209455934711857e-03 1.695471142490238903e-36
2.999497307525882204e-03 1.688717530953064981e-36
3.029785159117052550e-03 1.681979937079715920e-36
3.060073010708223330e-03 1.675258331165375396e-36
3.090360862299393677e-03 1.668552683466346374e-36
3.120648713890564457e-03 1.661862964205869054e-36
3.150936565481734803e-03 1.655189143579622754e-36
3.181224417072905149e-03 1.648531191760908402e-36
3.211512268664075929e-03 1.641889078905557734e-36
3.241800120255246276e-03 1.635262775177491274e-36
3.272087971846417056e-03 1.628652251259320302e-36
3.302375823437587402e-03 1.622057478359500164e-36
3.332663675028758182e-03 1.615478427668256953e-36
3.362951526619928529e-03 1.608915070335529845e-36
3.393239378211098875e-03 1.602367377475966160e-36
3.423527229802269655e-03 1.595835320173686572e-36
3.453815081393440001e-03 1.589318869486792724e-36
3.484102932984610781e-03 1.582817996451644989e-36
3.514390784575781128e-03 1.576332672086939105e-36
3.544678636166951474e-03 1.569862867397571322e-36
3.574966487758122254e-03 1.563408553378307448e-36
3.605254339349292601e-03 1.556969701017270799e-36
3.635542190940463381e-03 1.550546281299266123e-36
3.665830042531633727e-03 1.544138265208919089e-36
3.696117894122804507e-03 1.537745623733681150e-36
3.726405745713974853e-03 1.531368327917315901e-36
3.756693597305145200e-03 1.525006349305111192e-36
3.786981448896315980e-03 1.518659659712116012e-36
3.817269300487486326e-03 1.512328230939599912e-36
3.847557152078657106e-03 1.506012034774984514e-36
3.877845003669827453e-03 1.499711042994970312e-36
3.908132855260998233e-03 1.493425227368500770e-36
3.938420706852168579e-03 1.487154559659615163e-36
3.968708558443338925e-03 1.480899011630157424e-36
3.998996410034509272e-03 1.474658555042365549e-36
4.029284261625680486e-03 1.468433161661347252e-36
4.059572113216850832e-03 1.462222803257442682e-36
4.089859964808021178e-03 1.456027451608477903e-36
4.120147816399191525e-03 1.449847078501918470e-36
4.150435667990361871e-03 1.443681655736929299e-36
4.180723519581533085e-03 1.437531155126337976e-36
4.211011371172703431e-03 1.431395548498513382e-36
4.241299222763873777e-03 1.425274807764427023e-36
4.271587074355044124e-03 1.419168905247537016e-36
4.301874925946214470e-03 1.413077813424019576e-36
4.332162777537385684e-03 1.407001504771559362e-36
4.362450629128556030e-03 1.400939951771143065e-36
4.392738480719726377e-03 1.394893126909029740e-36
4.423026332310896723e-03 1.388861002678666842e-36
4.453314183902067069e-03 1.382843551582502526e-36
4.483602035493238283e-03 1.376840746133742830e-36
4.513889887084408629e-03 1.370852558858020472e-36
4.544177738675578976e-03 1.364878962295007873e-36
4.574465590266749322e-03 1.358919928999948979e-36
4.604753441857919669e-03 1.352975431545149831e-36
4.635041293449090882e-03 1.347045442521380096e-36
4.665329145040261229e-03 1.341129934539243026e-36
4.695616996631431575e-03 1.335228880230466569e-36
4.725904848222601921e-03 1.329342252249161074e-36
4.756192699813773135e-03 1.323470023273007834e-36
4.786480551404943481e-03 1.317612166063070718e-36
4.816768402996113828e-03 1.311768653700566871e-36
4.847056254587284174e-03 1.305939459375052790e-36
4.877344106178454521e-03 1.300124556289319832e-36
4.907631957769625734e-03 1.294323917660683325e-36
4.937919809360796081e-03 1.288537516722268000e-36
4.968207660951966427e-03 1.282765326724234958e-36
4.998495512543136773e-03 1.277007320934969213e-36
5.028783364134307120e-03 1.271263472642215279e-36
5.059071215725478333e-03 1.265533755154178188e-36
5.089359067316648680e-03 1.259818141800574216e-36
5.119646918907819026e-03 1.254116605933644865e-36
5.149934770498989373e-03 1.248429120929129416e-36
5.180222622090159719e-03 1.242755660187208245e-36
5.210510473681330933e-03 1.237096197133397200e-36
5.240798325272501279e-03 1.231450705219421928e-36
5.271086176863671625e-03 1.225819157924041922e-36
5.301374028454841972e-03 1.220201528753859867e-36
5.331661880046012318e-03 1.214597791244087051e-36
5.361949731637183532e-03 1.209007918998526094e-36
5.392237583228353878e-03 1.203431885865421652e-36
5.422525434819524225e-03 1.197869665789232067e-36
5.452813286410694571e-03 1.192321232735508636e-36
5.483101138001864917e-03 1.186786560691686588e-36
5.513388989593036131e-03 1.181265623667921822e-36
5.543676841184206477e-03 1.175758395697890233e-36
5.573964692775376824e-03 1.170264850839568324e-36
5.604252544366547170e-03 1.164784963175970059e-36
5.634540395957718384e-03 1.159318706815876520e-36
5.664828247548888730e-03 1.153866055894523985e-36
5.695116099140059077e-03 1.148426984574273450e-36
5.725403950731229423e-03 1.143001467045257607e-36
5.755691802322399769e-03 1.137589477526000256e-36
5.785979653913570983e-03 1.132190990264013002e-36
5.816267505504741329e-03 1.126805979536376079e-36
5.846555357095911676e-03 1.121434419650293282e-36
5.876843208687082022e-03 1.116076284943623682e-36
5.907131060278252369e-03 1.110731549785401476e-36
5.937418911869423582e-03 1.105400188576327443e-36
5.967706763460593929e-03 1.100082175768170881e-36
5.997994615051764275e-03 1.094777485993986194e-36
6.028282466642934621e-03 1.089486093985339547e-36
6.058570318234104968e-03 1.084207974500329142e-36
6.088858169825276181e-03 1.078943102323705486e-36
6.119146021416446528e-03 1.073691452267407284e-36
6.149433873007616874e-03 1.068452999171093489e-36
6.179721724598787221e-03 1.063227717902639762e-36
6.210009576189957567e-03 1.058015583358633774e-36
6.240297427781128781e-03 1.052816570464845943e-36
6.270585279372299127e-03 1.047630654176681300e-36
6.300873130963469473e-03 1.042457809479621834e-36
6.331160982554639820e-03 1.037298011389653126e-36
6.361448834145810166e-03 1.032151234953668776e-36
6.391736685736981380e-03 1.027017455249868812e-36
6.422024537328151726e-03 1.021896647388140224e-36
6.452312388919322073e-03 1.016788786510422632e-36
6.482600240510492419e-03 1.011693847791067770e-36
6.512888092101663633e-03 1.006611806437174589e-36
6.543175943692833979e-03 1.001542637688922682e-36
6.573463795284004325e-03 9.964863168198903396e-37
6.603751646875174672e-03 9.914428191428950490e-37
6.634039498466345018e-03 9.864121200954466200e-37
6.664327350057516232e-03 9.813941952204394701e-37
6.694615201648686578e-03 9.763890200922901022e-37
6.724903053239856925e-03 9.713965703150464586e-37
6.755190904831027271e-03 9.664168215227442331e-37
6.785478756422197617e-03 9.614497493797387953e-37
6.815766608013368831e-03 9.564953295810421263e-37
6.846054459604539177e-03 9.515535378526295179e-37
6.876342311195709524e-03 9.466243499517526206e-37
6.906630162786879870e-03 9.417077416672287703e-37
6.936918014378050217e-03 9.368036888197336557e-37
6.967205865969221430e-03 9.319121672620687623e-37
6.997493717560391777e-03 9.270331528794339940e-37
7.027781569151562123e-03 9.221666215896800827e-37
7.058069420742732469e-03 9.173125493435584915e-37
7.088357272333902816e-03 9.124709121249577872e-37
7.118645123925074029e-03 9.076416859511381761e-37
7.148932975516244376e-03 9.028248468729503357e-37
7.179220827107414722e-03 8.980203709750492365e-37
7.209508678698585069e-03 8.932282343761034527e-37
7.239796530289755415e-03 8.884484132289899400e-37
7.270084381880926629e-03 8.836808837214729176e-37
7.300372233472096975e-03 8.789256221177399684e-37
7.330660085063267321e-03 8.741826047885977654e-37
7.360947936654437668e-03 8.694518081436262780e-37
7.391235788245608881e-03 8.647332086237872413e-37
7.421523639836779228e-03 8.600267827016464968e-37
7.451811491427949574e-03 8.553325068815874793e-37
7.482099343019119921e-03 8.506503577000195256e-37
7.512387194610290267e-03 8.459803117255784990e-37
7.542675046201461481e-03 8.413223455593205646e-37
7.572962897792631827e-03 8.366764358349084475e-37
7.603250749383802173e-03 8.320425592187913436e-37
7.633538600974972520e-03 8.274206924103804865e-37
7.663826452566142866e-03 8.228108121422145250e-37
7.694114304157314080e-03 8.182128951801235639e-37
7.724402155748484426e-03 8.136269183233848528e-37
7.754690007339654773e-03 8.090528584048701219e-37
7.784977858930825119e-03 8.044906922911940878e-37
7.815265710521995465e-03 7.999403968828515997e-37
7.845553562113164944e-03 7.954019491143522795e-37
7.875841413704336158e-03 7.908753259543469777e-37
7.906129265295507372e-03 7.863605044057567336e-37
7.936417116886676851e-03 7.818574615058862013e-37
7.966704968477848064e-03 7.773661743265407499e-37
7.996992820069017543e-03 7.728866199849796202e-37
8.027280671660188757e-03 7.684187756894491449e-37
8.057568523251359971e-03 7.639626186993126155e-37
8.087856374842529450e-03 7.595181263062004427e-37
8.118144226433700664e-03 7.550852758341299294e-37
8.148432078024870143e-03 7.506640446396433358e-37
8.178719929616041356e-03 7.462544101119274023e-37
8.209007781207212570e-03 7.418563496729393029e-37
8.239295632798382049e-03 7.374698407775227440e-37
8.269583484389553263e-03 7.330948609135162115e-37
8.299871335980722742e-03 7.287313876018698200e-37
8.330159187571893956e-03 7.243793983967411153e-37
8.360447039163065169e-03 7.200388708856007321e-37
8.390734890754234648e-03 7.157097826893271933e-37
8.421022742345405862e-03 7.113921114622974503e-37
8.451310593936575341e-03 7.070858348924806800e-37
8.481598445527746555e-03 7.027909307015161293e-37
8.511886297118917769e-03 6.985073766448016502e-37
8.542174148710087248e-03 6.942351505115677022e-37
8.572462000301258461e-03 6.899742301249525239e-37
8.602749851892427940e-03 6.857245933420753830e-37
8.633037703483599154e-03 6.814862180541025605e-37
8.663325555074770368e-03 6.772590821863135853e-37
8.693613406665939847e-03 6.730431636981627910e-37
8.723901258257111060e-03 6.688384405842087699e-37
8.754189109848280539e-03 6.646448908993980591e-37
8.784476961439451753e-03 6.604624927620567158e-37
8.814764813030622967e-03 6.562912243247218514e-37
8.845052664621792446e-03 6.521310637725121638e-37
8.875340516212963660e-03 6.479819893232023573e-37
8.905628367804133139e-03 6.438439792272939704e-37
8.935916219395304352e-03 6.397170117680820285e-37
8.966204070986475566e-03 6.356010652617196075e-37
8.996491922577645045e-03 6.314961180572817297e-37
9.026779774168816259e-03 6.274021485368193201e-37
9.057067625759985738e-03 6.233191351154229354e-37
9.087355477351156952e-03 6.192470562412679501e-37
9.117643328942328165e-03 6.151858903956721047e-37
9.147931180533497644e-03 6.111356160931427801e-37
9.178219032124668858e-03 6.070962118814203467e-37
9.208506883715838337e-03 6.030676563415252716e-37
9.238794735307009551e-03 5.990499280877966233e-37
9.269082586898180764e-03 5.950430057679334995e-37
9.299370438489350243e-03 5.910468680630312765e-37
9.329658290080521457e-03 5.870614936876155199e-37
9.359946141671690936e-03 5.830868613896749763e-37
9.390233993262862150e-03 5.791229499506924777e-37
9.420521844854033364e-03 5.751697381856730050e-37
9.450809696445202843e-03 5.712272049431704993e-37
9.481097548036374056e-03 5.672953291053114159e-37
9.511385399627545270e-03 5.633740895924574454e-37
9.541673251218714749e-03 5.594634653837837144e-37
9.571961102809885963e-03 5.555634354996933297e-37
9.602248954401055442e-03 5.516739789929436324e-37
9.632536805992226656e-03 5.477950749486724248e-37
9.662824657583397869e-03 5.439267024844306278e-37
9.693112509174567348e-03 5.400688407502133520e-37
9.723400360765738562e-03 5.362214689284851220e-37
9.753688212356908041e-03 5.323845662342127010e-37
9.783976063948079255e-03 5.285581119148841346e-37
9.814263915539250469e-03 5.247420852505353946e-37
9.844551767130419948e-03 5.209364655537716779e-37
9.874839618721591161e-03 5.171412321697846957e-37
9.905127470312760640e-03 5.133563644763746403e-37
9.935415321903931854e-03 5.095818418839641339e-37
9.965703173495103068e-03 5.058176438356134295e-37
9.995991025086272547e-03 5.020637498070370325e-37
1.002627887667744376e-02 4.983201393066101318e-37
1.005656672826861324e-02 4.945867918753838849e-37
1.008685457985978445e-02 4.908636870870931020e-37
1.011714243145095567e-02 4.871508045481635124e-37
1.014743028304212515e-02 4.834481238977183633e-37
1.017771813463329636e-02 4.797556248075835142e-37
1.020800598622446584e-02 4.760732869822918643e-37
1.023829383781563705e-02 4.724010901590843542e-37
1.026858168940680827e-02 4.687390141079128897e-37
1.029886954099797775e-02 4.650870386315059913e-37
1.032915739258914896e-02 4.614451435730986802e-37
1.035944524418031844e-02 4.578133088231376104e-37
1.038973309577148965e-02 4.541915143055867400e-37
1.042002094736266087e-02 4.505797399762201039e-37
1.045030879895383034e-02 4.469779658226271585e-37
1.048059665054500156e-02 4.433861718642146194e-37
1.051088450213617104e-02 4.398043381522167352e-37
1.054117235372734225e-02 4.362324447696919460e-37
1.057146020531851346e-02 4.326704718315295659e-37
1.060174805690968294e-02 4.291183994844462745e-37
1.063203590850085416e-02 4.255762079069890404e-37
1.066232376009202364e-02 4.220438773095313627e-37
1.069261161168319485e-02 4.185213879342705984e-37
1.072289946327436606e-02 4.150087200552262913e-37
1.075318731486553554e-02 4.115058539782330733e-37
1.078347516645670676e-02 4.080127700409356522e-37
1.081376301804787624e-02 4.045294486127835501e-37
1.084405086963904745e-02 4.010558700950211643e-37
1.087433872123021866e-02 3.975920149206815023e-37
1.090462657282138814e-02 3.941378635545752409e-37
1.093491442441255936e-02 3.906933964932805357e-37
1.096520227600372883e-02 3.872585942651329986e-37
1.099549012759490005e-02 3.838334374302118328e-37
1.102577797918607126e-02 3.804179065803283898e-37
1.105606583077724074e-02 3.770119823390123883e-37
1.108635368236841195e-02 3.736156453614960441e-37
1.111664153395958143e-02 3.702288763347006654e-37
1.114692938555075265e-02 3.668516559775793504e-37
1.117721723714192386e-02 3.634839650478830917e-37
1.120750508873309334e-02 3.601257843412524540e-37
1.123779294032426455e-02 3.567770946846015205e-37
1.126808079191543577e-02 3.534378769358591362e-37
1.129836864350660525e-02 3.501081119839508248e-37
1.132865649509777646e-02 3.467877807487887661e-37
1.135894434668894594e-02 3.434768641812595175e-37
1.138923219828011715e-02 3.401753432632071010e-37
1.141952004987128837e-02 3.368831990074212258e-37
1.144980790146245785e-02 3.336004124576196651e-37
1.148009575305362906e-02 3.303269646884317182e-37
1.151038360464479854e-02 3.270628368053853479e-37
1.154067145623596975e-02 3.238080099448834598e-37
1.157095930782714097e-02 3.205624652741914152e-37
1.160124715941831045e-02 3.173261839914146052e-37
1.163153501100948166e-02 3.140991473254806183e-37
1.166182286260065114e-02 3.108813365361197374e-37
1.169211071419182235e-02 3.076727329138431402e-37
1.172239856578299357e-02 3.044733177799220182e-37
1.175268641737416304e-02 3.012830724863671971e-37
1.178297426896533426e-02 2.981019784159042461e-37
1.181326212055650374e-02 2.949300169819541010e-37
1.184354997214767495e-02 2.917671696286065032e-37
1.187383782373884616e-02 2.886134178305979077e-37
1.190412567533001564e-02 2.854687430932880131e-37
1.193441352692118686e-02 2.823331269526318641e-37
1.196470137851235634e-02 2.792065509751581778e-37
1.199498923010352755e-02 2.760889967579407362e-37
1.202527708169469876e-02 2.729804459290476195e-37
1.205556493328586824e-02 2.698808801515828860e-37
1.208585278487703946e-02 2.667902811214103788e-37
1.211614063646820894e-02 2.637086305644833413e-37
1.214642848805938015e-02 2.606359102367917973e-37
1.217671633965055136e-02 2.575721019243376609e-37
1.220700419124172084e-02 2.545171874431112244e-37
1.223729204283289206e-02 2.514711486390661432e-37
1.226757989442406153e-02 2.484339673880954640e-37
1.229786774601523275e-02 2.454056255960047303e-37
1.232815559760640396e-02 2.423861051984867167e-37
1.235844344919757344e-02 2.393753881610964965e-37
1.238873130078874465e-02 2.363734564792222505e-37
1.241901915237991413e-02 2.333802921780606273e-37
1.244930700397108535e-02 2.303958773125875517e-37
1.247959485556225656e-02 2.274201939675312046e-37
1.250988270715342604e-02 2.244532242573440428e-37
1.254017055874459725e-02 2.214949503261735237e-37
1.257045841033576673e-02 2.185453543478335399e-37
1.260074626192693795e-02 2.156044185257753952e-37
1.263103411351810916e-02 2.126721250930585706e-37
1.266132196510927864e-02 2.097484563123196539e-37
1.269160981670044985e-02 2.068333944757431896e-37
1.272189766829161933e-02 2.039269219050308586e-37
1.275218551988279055e-02 2.010290209513703241e-37
1.278247337147396176e-02 1.981396739954043272e-37
1.281276122306513124e-02 1.952588634471997417e-37
1.284304907465630245e-02 1.923865717462143316e-37
1.287333692624747193e-02 1.895227813612674339e-37
1.290362477783864315e-02 1.866674747905045240e-37
1.293391262942981436e-02 1.838206345616802151e-37
1.296420048102098384e-02 1.809822432339527696e-37
1.299448833261215505e-02 1.781522833964580326e-37
1.302477618420332627e-02 1.753307376673096300e-37
1.305506403579449574e-02 1.725175886935618423e-37
1.308535188738566696e-02 1.697128191511806428e-37
1.311563973897683644e-02 1.669164117450119371e-37
1.314592759056800765e-02 1.641283492087488431e-37
1.317621544215917886e-02 1.613486143049018939e-37
1.320650329375034834e-02 1.585771898247651684e-37
1.323679114534151956e-02 1.558140585883845109e-37
1.326707899693268904e-02 1.530592034445256246e-37
1.329736684852386025e-02 1.503126072706399525e-37
1.332765470011503146e-02 1.475742529728331885e-37
1.335794255170620094e-02 1.448441234858314715e-37
1.338823040329737216e-02 1.421222017729473072e-37
1.341851825488854164e-02 1.394084708260474744e-37
1.344880610647971285e-02 1.367029136655171095e-37
1.347909395807088406e-02 1.340055133402282182e-37
1.350938180966205354e-02 1.313162529275035513e-37
1.353966966125322476e-02 1.286351155330823806e-37
1.356995751284439423e-02 1.259620842910871523e-37
1.360024536443556545e-02 1.232971423639875925e-37
1.363053321602673666e-02 1.206402729425662954e-37
1.366082106761790614e-02 1.179914592458840605e-37
1.369110891920907735e-02 1.153506845212432889e-37
1.372139677080024683e-02 1.127179320441543853e-37
1.375168462239141805e-02 1.100931851182984439e-37
1.378197247398258926e-02 1.074764270754931915e-37
1.381226032557375874e-02 1.048676412756558821e-37
1.384254817716492995e-02 1.022668111067677781e-37
1.387283602875609943e-02 9.967391998493984212e-38
1.390312388034727065e-02 9.708895135492872674e-38
1.393341173193844186e-02 9.451188868963176793e-38
1.396369958352961134e-02 9.194271548975341165e-38
1.399398743512078255e-02 8.938141528376802477e-38
1.402427528671195203e-02 8.682797162788630809e-38
1.405456313830312325e-02 8.428236810601771050e-38
1.408485098989429446e-02 8.174458832973594412e-38
1.411513884148546394e-02 7.921461593824372673e-38
1.414542669307663515e-02 7.669243459833486195e-38
1.417571454466780463e-02 7.417802800436037029e-38
1.420600239625897585e-02 7.167137987819067369e-38
1.423629024785014706e-02 6.917247396918016054e-38
1.426657809944131654e-02 6.668129405413118685e-38
1.429686595103248775e-02 6.419782393725601023e-38
1.432715380262365723e-02 6.172204745014163682e-38
1.435744165421482844e-02 5.925394845171292454e-38
1.438772950580599966e-02 5.679351082819525840e-38
1.441801735739716914e-02 5.434071849307866651e-38
1.444830520898834035e-02 5.189555538707930517e-38
1.447859306057950983e-02 4.945800547810389849e-38
1.450888091217068104e-02 4.702805276121188130e-38
1.453916876376185226e-02 4.460568125857857543e-38
1.456945661535302174e-02 4.219087501945701414e-38
1.459974446694419295e-02 3.978361812014184937e-38
1.463003231853536243e-02 3.738389466393133785e-38
1.466032017012653364e-02 3.499168878108914989e-38
1.469060802171770486e-02 3.260698462880840182e-38
1.472089587330887434e-02 3.022976639117244680e-38
1.475118372490004555e-02 2.786001827911796244e-38
1.478147157649121676e-02 2.549772453039735986e-38
1.481175942808238624e-02 2.314286940953979365e-38
1.484204727967355746e-02 2.079543720782071484e-38
1.487233513126472693e-02 1.845541224325809141e-38
1.490262298285589815e-02 1.612277886052852423e-38
1.493291083444706936e-02 1.379752143089878090e-38
1.496319868603823884e-02 1.147962435218806390e-38
1.499348653762941005e-02 9.169072048730140299e-39
1.502377438922057953e-02 6.865848971335855159e-39
1.505406224081175075e-02 4.569939597254852839e-39
1.508435009240292196e-02 2.281328430138058431e-39
1.511463794399409144e-02 0.000000000000000000e+00
