9.999999999999999547e-07 1.171424921270205575e-35
1.948431722202267587e-05 1.166722691420959426e-35
3.796863444404534777e-05 1.162034452662758008e-35
5.645295166606801966e-05 1.157359798527901383e-35
7.493726888809069833e-05 1.152698746558181607e-35
9.342158611011337700e-05 1.148051276163412630e-35
1.119059033321360421e-04 1.143417335093948195e-35
1.303902205541587343e-04 1.138796922060670182e-35
1.488745377761813995e-04 1.134190004765711428e-35
1.673588549982040646e-04 1.129596529134407541e-35
1.858431722202267568e-04 1.125016457782106140e-35
2.043274894422494219e-04 1.120449777391773496e-35
2.228118066642720870e-04 1.115896461077593237e-35
2.412961238862947793e-04 1.111356471370322920e-35
2.597804411083174986e-04 1.106829764891995056e-35
2.782647583303401637e-04 1.102316309954612464e-35
2.967490755523628288e-04 1.097816085610606107e-35
3.152333927743854940e-04 1.093329064679354734e-35
3.337177099964081591e-04 1.088855214797828109e-35
3.522020272184308784e-04 1.084394499882196810e-35
3.706863444404535435e-04 1.079946881584797568e-35
3.891706616624762086e-04 1.075512328920964285e-35
4.076549788844988738e-04 1.071090817429321535e-35
4.261392961065215389e-04 1.066682319620403559e-35
4.446236133285442040e-04 1.062286805250342425e-35
4.631079305505669233e-04 1.057904241917850879e-35
4.815922477725895884e-04 1.053534595537023058e-35
5.000765649946123078e-04 1.049177830867296697e-35
5.185608822166349729e-04 1.044833916797591677e-35
5.370451994386576380e-04 1.040502827003161735e-35
5.555295166606803031e-04 1.036184533711799489e-35
5.740138338827029682e-04 1.031879007608112971e-35
5.924981511047256334e-04 1.027586218101775788e-35
6.109824683267482985e-04 1.023306133551926701e-35
6.294667855487709636e-04 1.019038721455605417e-35
6.479511027707936287e-04 1.014783948631489792e-35
6.664354199928162938e-04 1.010541783849487243e-35
6.849197372148389589e-04 1.006312199758855847e-35
7.034040544368617325e-04 1.002095168494018393e-35
7.218883716588843976e-04 9.978906612895385988e-36
7.403726888809070627e-04 9.936986486105299754e-36
7.588570061029297278e-04 9.895191002658941887e-36
7.773413233249523930e-04 9.853519855068709714e-36
7.958256405469750581e-04 9.811972731130037245e-36
8.143099577689977232e-04 9.770549314672806891e-36
8.327942749910203883e-04 9.729249295492755119e-36
8.512785922130430534e-04 9.688072393596297537e-36
8.697629094350657186e-04 9.647018331128932840e-36
8.882472266570883837e-04 9.606086824857081765e-36
9.067315438791111572e-04 9.565277586843496060e-36
9.252158611011338223e-04 9.524590325049540629e-36
9.437001783231564874e-04 9.484024743872894984e-36
9.621844955451791526e-04 9.443580544628418366e-36
9.806688127672017093e-04 9.403257425978630574e-36
9.991531299892244828e-04 9.363055084319599052e-36
1.017637447211247039e-03 9.322973216127445892e-36
1.036121764433269813e-03 9.283011536578556084e-36
1.054606081655292370e-03 9.243169769966304810e-36
1.073090398877315143e-03 9.203447637500645610e-36
1.091574716099337700e-03 9.163844857511888640e-36
1.110059033321360474e-03 9.124361145785521923e-36
1.128543350543383030e-03 9.084996215866977350e-36
1.147027667765405804e-03 9.045749779339099740e-36
1.165511984987428360e-03 9.006621546075156092e-36
1.183996302209451134e-03 8.967611224469580712e-36
1.202480619431473908e-03 8.928718521648674596e-36
1.220964936653496464e-03 8.889943143756341352e-36
1.239449253875519238e-03 8.851284804209337960e-36
1.257933571097541794e-03 8.812743229503753201e-36
1.276417888319564568e-03 8.774318145723026377e-36
1.294902205541587125e-03 8.736009277214244549e-36
1.313386522763609898e-03 8.697816346781451585e-36
1.331870839985632455e-03 8.659739075863953636e-36
1.350355157207655228e-03 8.621777184701091072e-36
1.368839474429677785e-03 8.583930392484432387e-36
1.387323791651700559e-03 8.546198417498539362e-36
1.405808108873723332e-03 8.508580977251113333e-36
1.424292426095745889e-03 8.471077788593495452e-36
1.442776743317768662e-03 8.433688567832194473e-36
1.461261060539791219e-03 8.396413032199971109e-36
1.479745377761813993e-03 8.359250909111900187e-36
1.498229694983836549e-03 8.322201930060240159e-36
1.516714012205859323e-03 8.285265825564625057e-36
1.535198329427881880e-03 8.248442325256728316e-36
1.553682646649904653e-03 8.211731157987535532e-36
1.572166963871927210e-03 8.175132051927543730e-36
1.590651281093949983e-03 8.138644734660272049e-36
1.609135598315972757e-03 8.102268933269663824e-36
1.627619915537995314e-03 8.066004374421731525e-36
1.646104232760018087e-03 8.029850784440886910e-36
1.664588549982040644e-03 7.993807889381322554e-36
1.683072867204063417e-03 7.957875415093734742e-36
1.701557184426085974e-03 7.922053087302372600e-36
1.720041501648108748e-03 7.886340635028224256e-36
1.738525818870131304e-03 7.850737794724276977e-36
1.757010136092154078e-03 7.815244303413029397e-36
1.775494453314176635e-03 7.779859897663247601e-36
1.793978770536199408e-03 7.744584313655977075e-36
1.812463087758222182e-03 7.709417287246680469e-36
1.830947404980244738e-03 7.674358554023693637e-36
1.849431722202267512e-03 7.639407849363366110e-36
1.867916039424290069e-03 7.604564908481943467e-36
1.886400356646312842e-03 7.569829466484444183e-36
1.904884673868335399e-03 7.535201258410742103e-36
1.923368991090358172e-03 7.500680019278981495e-36
1.941853308312380729e-03 7.466265484126487723e-36
1.960337625534403719e-03 7.431957388048356624e-36
1.978821942756426276e-03 7.397755466434737211e-36
1.997306259978449267e-03 7.363659459037938983e-36
2.015790577200471823e-03 7.329669109608616523e-36
2.034274894422494380e-03 7.295784161901464299e-36
2.052759211644516937e-03 7.262004359549413637e-36
2.071243528866539927e-03 7.228329446102748632e-36
2.089727846088562484e-03 7.194759165066232188e-36
2.108212163310585040e-03 7.161293259934235499e-36
2.126696480532607597e-03 7.127931474224050052e-36
2.145180797754630588e-03 7.094673551507507773e-36
2.163665114976653144e-03 7.061519235440887923e-36
2.182149432198675701e-03 7.028468269793339281e-36
2.200633749420698691e-03 6.995520398473773503e-36
2.219118066642721248e-03 6.962675365556412741e-36
2.237602383864743805e-03 6.929932915304970148e-36
2.256086701086766361e-03 6.897292792195588877e-36
2.274571018308789352e-03 6.864754741384173661e-36
2.293055335530811908e-03 6.832318512066045355e-36
2.311539652752834465e-03 6.799983855469119613e-36
2.330023969974857022e-03 6.767750522895798033e-36
2.348508287196880012e-03 6.735618265731994082e-36
2.366992604418902569e-03 6.703586835470864574e-36
2.385476921640925126e-03 6.671655983735443981e-36
2.403961238862948116e-03 6.639825462300168202e-36
2.422445556084970673e-03 6.608095023111381354e-36
2.440929873306993229e-03 6.576464418306896400e-36
2.459414190529015786e-03 6.544933400234586900e-36
2.477898507751038776e-03 6.513501721470140849e-36
2.496382824973061333e-03 6.482169134833912462e-36
2.514867142195083890e-03 6.450935393407052304e-36
2.533351459417106447e-03 6.419800250546772793e-36
2.551835776639129437e-03 6.388763459900977569e-36
2.570320093861151994e-03 6.357824775422115776e-36
2.588804411083174550e-03 6.326983951928613660e-36
2.607288728305197541e-03 6.296240747463753803e-36
2.625773045527220097e-03 6.265594921251921528e-36
2.644257362749242654e-03 6.235046232714599848e-36
2.662741679971265211e-03 6.204594441484949393e-36
2.681225997193288201e-03 6.174239307422383002e-36
2.699710314415310758e-03 6.143980590626524230e-36
2.718194631637333315e-03 6.113818051450544449e-36
2.736678948859355871e-03 6.083751450513905252e-36
2.755163266081378862e-03 6.053780548714544921e-36
2.773647583303401418e-03 6.023905107240531686e-36
2.792131900525423975e-03 5.994124887581201133e-36
2.810616217747446965e-03 5.964439651537763739e-36
2.829100534969469522e-03 5.934849161233496123e-36
2.847584852191492079e-03 5.905353179123447862e-36
2.866069169413514636e-03 5.875951468003710635e-36
2.884553486635537626e-03 5.846643791020269088e-36
2.903037803857560183e-03 5.817429911677457457e-36
2.921522121079582739e-03 5.788309594322798422e-36
2.940006438301605296e-03 5.759282605760594592e-36
2.958490755523628286e-03 5.730348713665241068e-36
2.976975072745650843e-03 5.701507685992944587e-36
2.995459389967673400e-03 5.672759290991098238e-36
3.013943707189696390e-03 5.644103297207284677e-36
3.032428024411718947e-03 5.615539473497877748e-36
3.050912341633741504e-03 5.587067589036340081e-36
3.069396658855764060e-03 5.558687413321135813e-36
3.087880976077787051e-03 5.530398716183303869e-36
3.106365293299809607e-03 5.502201267793743912e-36
3.124849610521832164e-03 5.474094838670173559e-36
3.143333927743854721e-03 5.446079199683801595e-36
3.161818244965877711e-03 5.418154122065695847e-36
3.180302562187900268e-03 5.390319377412897123e-36
3.198786879409922825e-03 5.362574737694273242e-36
3.217271196631945815e-03 5.334919975256095083e-36
3.235755513853968372e-03 5.307354862827398827e-36
3.254239831075990928e-03 5.279879173525080240e-36
3.272724148298013485e-03 5.252492681170179628e-36
3.291208465520036475e-03 5.225195161447754811e-36
3.309692782742059032e-03 5.197986390822661423e-36
3.328177099964081589e-03 5.170866146093249315e-36
3.346661417186104145e-03 5.143834204397003424e-36
3.365145734408127136e-03 5.116890343216055015e-36
3.383630051630149693e-03 5.090034340382479098e-36
3.402114368852172249e-03 5.063265974083341950e-36
3.420598686074195240e-03 5.036585022865587590e-36
3.439083003296217796e-03 5.009991265640679708e-36
3.457567320518240353e-03 4.983484481689085226e-36
3.476051637740262910e-03 4.957064450664555400e-36
3.494535954962285900e-03 4.930730952598231852e-36
3.513020272184308457e-03 4.904483767902565514e-36
3.531504589406331013e-03 4.878322677375103937e-36
3.549988906628353570e-03 4.852247462202073458e-36
3.568473223850376561e-03 4.826257903961831749e-36
3.586957541072399117e-03 4.800353784628158658e-36
3.605441858294421674e-03 4.774534886573428779e-36
3.623926175516444664e-03 4.748800992571588912e-36
3.642410492738467221e-03 4.723151885949514057e-36
3.660894809960489778e-03 4.697587351429650612e-36
3.679379127182512334e-03 4.672107174514302926e-36
3.697863444404535325e-03 4.646711141069840646e-36
3.716347761626557882e-03 4.621399037328805527e-36
3.734832078848580438e-03 4.596170649893182892e-36
3.753316396070603429e-03 4.571025765737548150e-36
3.771800713292625985e-03 4.545964172212123095e-36
3.790285030514648542e-03 4.520985657045627084e-36
3.808769347736671099e-03 4.496090008348079428e-36
3.827253664958694089e-03 4.471277014613448772e-36
3.845737982180716646e-03 4.446546464722192216e-36
3.864222299402739202e-03 4.421898147943704912e-36
3.882706616624761759e-03 4.397331853938620640e-36
3.901190933846784750e-03 4.372847372761058270e-36
3.919675251068807306e-03 4.348444494860722552e-36
3.938159568290830297e-03 4.324123011084952794e-36
3.956643885512852420e-03 4.299882712680648586e-36
3.975128202734875410e-03 4.275723391296093963e-36
3.993612519956898400e-03 4.251644838982739471e-36
4.012096837178920523e-03 4.227646848196853267e-36
4.030581154400943514e-03 4.203729211845703152e-36
4.049065471622965637e-03 4.179891723832590761e-36
4.067549788844988627e-03 4.156134178865796326e-36
4.086034106067011618e-03 4.132456372039824605e-36
4.104518423289033741e-03 4.108858098828223826e-36
4.123002740511056731e-03 4.085339155085427226e-36
4.141487057733079721e-03 4.061899337048549816e-36
4.159971374955101844e-03 4.038538441339064203e-36
4.178455692177124835e-03 4.015256264964430981e-36
4.196940009399147825e-03 3.992052605319630886e-36
4.215424326621169948e-03 3.968927260188654869e-36
4.233908643843192939e-03 3.945880027745891259e-36
4.252392961065215062e-03 3.922910706557463479e-36
4.270877278287238052e-03 3.900019095582498944e-36
4.289361595509261042e-03 3.877204994174335146e-36
4.307845912731283165e-03 3.854468202081666269e-36
4.326330229953306156e-03 3.831808519449609621e-36
4.344814547175329146e-03 3.809225746820743339e-36
4.363298864397351269e-03 3.786719685136072588e-36
4.381783181619374259e-03 3.764290135735932961e-36
4.400267498841397250e-03 3.741936900360859789e-36
4.418751816063419373e-03 3.719659781152383297e-36
4.437236133285442363e-03 3.697458580658635388e-36
4.455720450507464486e-03 3.675333102097326978e-36
4.474204767729487477e-03 3.653283149480047589e-36
4.492689084951510467e-03 3.631308527233503850e-36
4.511173402173532590e-03 3.609409040166635144e-36
4.529657719395555580e-03 3.587584493471544390e-36
4.548142036617578571e-03 3.565834692724366697e-36
4.566626353839600694e-03 3.544159443886114624e-36
4.585110671061623684e-03 3.522558553303458627e-36
4.603594988283646675e-03 3.501031827709462737e-36
4.622079305505668798e-03 3.479579074224276808e-36
4.640563622727691788e-03 3.458200100355802703e-36
4.659047939949713911e-03 3.436894714000287646e-36
4.677532257171736901e-03 3.415662723442904214e-36
4.696016574393759892e-03 3.394503937358272861e-36
4.714500891615782015e-03 3.373418164810965735e-36
4.732985208837805005e-03 3.352405215255936327e-36
4.751469526059827996e-03 3.331464898538969158e-36
4.769953843281850119e-03 3.310597024897036598e-36
4.788438160503873109e-03 3.289801404958660357e-36
4.806922477725896099e-03 3.269077849744222191e-36
4.825406794947918222e-03 3.248426170666248555e-36
4.843891112169941213e-03 3.227846179529657832e-36
4.862375429391963336e-03 3.207337688531991524e-36
4.880859746613986326e-03 3.186900510332978976e-36
4.899344063836009316e-03 3.166534458283589292e-36
4.917828381058031439e-03 3.146239346197196578e-36
4.936312698280054430e-03 3.126014988265909709e-36
4.954797015502077420e-03 3.105861199060908427e-36
4.973281332724099543e-03 3.085777793532729998e-36
4.991765649946122534e-03 3.065764587011545173e-36
5.010249967168145524e-03 3.045821395207398738e-36
5.028734284390167647e-03 3.025948034210422667e-36
5.047218601612190637e-03 3.006144320491017869e-36
5.065702918834212760e-03 2.986410070900011547e-36
5.084187236056235751e-03 2.966745102668803198e-36
5.102671553278258741e-03 2.947149233409460835e-36
5.121155870500280864e-03 2.927622281114822547e-36
5.139640187722303855e-03 2.908164064158532253e-36
5.158124504944326845e-03 2.888774401295103843e-36
5.176608822166348968e-03 2.869453111659925526e-36
5.195093139388371958e-03 2.850200014769256818e-36
5.213577456610394949e-03 2.831014930520199148e-36
5.232061773832417072e-03 2.811897679190656762e-36
5.250546091054440062e-03 2.792848081439262892e-36
5.269030408276462185e-03 2.773865958305294897e-36
5.287514725498485176e-03 2.754951131208576702e-36
5.305999042720508166e-03 2.736103421949340822e-36
5.324483359942530289e-03 2.717322652714254105e-36
5.342967677164553279e-03 2.698608646203361699e-36
5.361451994386576270e-03 2.679961225620686934e-36
5.379936311608598393e-03 2.661380214546334857e-36
5.398420628830621383e-03 2.642865436930944574e-36
5.416904946052644373e-03 2.624416717095645147e-36
5.435389263274666496e-03 2.606033879731934653e-36
5.453873580496689487e-03 2.587716749901579622e-36
5.472357897718711610e-03 2.569465153036487746e-36
5.490842214940734600e-03 2.551278914938559206e-36
5.509326532162757591e-03 2.533157861779530649e-36
5.527810849384779714e-03 2.515101820100796449e-36
5.546295166606802704e-03 2.497110616813214260e-36
5.564779483828825694e-03 2.479184079196913583e-36
5.583263801050847817e-03 2.461322034901066239e-36
5.601748118272870808e-03 2.443524311943651837e-36
5.620232435494893798e-03 2.425790738711219225e-36
5.638716752716915921e-03 2.408121143958633921e-36
5.657201069938938912e-03 2.390515356808784769e-36
5.675685387160961035e-03 2.372973206752320344e-36
5.694169704382984025e-03 2.355494523647347928e-36
5.712654021605007015e-03 2.338079137719122135e-36
5.731138338827029138e-03 2.320726879559730527e-36
5.749622656049052129e-03 2.303437580127763524e-36
5.768106973271075119e-03 2.286211070747973300e-36
5.786591290493097242e-03 2.269047183110923307e-36
5.805075607715120233e-03 2.251945749295522362e-36
5.823559924937143223e-03 2.234906601846286254e-36
5.842044242159165346e-03 2.217929573696068115e-36
5.860528559381188336e-03 2.201014498136707121e-36
5.879012876603210459e-03 2.184161208818700745e-36
5.897497193825233450e-03 2.167369539750896053e-36
5.915981511047256440e-03 2.150639325300134891e-36
5.934465828269278563e-03 2.133970400190924472e-36
5.952950145491301553e-03 2.117362599505071872e-36
5.971434462713324544e-03 2.100815758681321871e-36
5.989918779935346667e-03 2.084329713514990784e-36
6.008403097157369657e-03 2.067904300157577909e-36
6.026887414379392648e-03 2.051539355116383319e-36
6.045371731601414771e-03 2.035234715254100605e-36
6.063856048823437761e-03 2.018990217788422302e-36
6.082340366045459884e-03 2.002805700291619936e-36
6.100824683267482874e-03 1.986681000690127738e-36
6.119309000489505865e-03 1.970615957264110661e-36
6.137793317711527988e-03 1.954610408647039409e-36
6.156277634933550978e-03 1.938664193825236400e-36
6.174761952155573969e-03 1.922777152137438436e-36
6.193246269377596092e-03 1.906949123274334985e-36
6.211730586599619082e-03 1.891179947278112803e-36
6.230214903821642072e-03 1.875469464541988876e-36
6.248699221043664195e-03 1.859817515809737332e-36
6.267183538265687186e-03 1.844223942175202006e-36
6.285667855487709309e-03 1.828688585082273041e-36
6.304152172709732299e-03 1.813211286350782315e-36
6.322636489931755290e-03 1.797791888189884294e-36
6.341120807153777413e-03 1.782430233157811887e-36
6.359605124375800403e-03 1.767126164157667836e-36
6.378089441597823393e-03 1.751879524436949640e-36
6.396573758819845516e-03 1.736690157587078810e-36
6.415058076041868507e-03 1.721557907542914092e-36
6.433542393263891497e-03 1.706482618582283400e-36
6.452026710485913620e-03 1.691464135325481001e-36
6.470511027707936610e-03 1.676502302734776063e-36
6.488995344929958733e-03 1.661596966113921530e-36
6.507479662151981724e-03 1.646747971107648639e-36
6.525963979374004714e-03 1.631955163701155754e-36
6.544448296596026837e-03 1.617218390219609559e-36
6.562932613818049828e-03 1.602537497327616186e-36
6.581416931040072818e-03 1.587912332028717398e-36
6.599901248262094941e-03 1.573342741664855034e-36
6.618385565484117931e-03 1.558828573915857171e-36
6.636869882706140922e-03 1.544369676798899228e-36
6.655354199928163045e-03 1.529965898667979434e-36
6.673838517150186035e-03 1.515617088213375254e-36
6.692322834372208158e-03 1.501323094461113686e-36
6.710807151594231149e-03 1.487083766772422001e-36
6.729291468816254139e-03 1.472898954843182668e-36
6.747775786038276262e-03 1.458768508703389449e-36
6.766260103260299252e-03 1.444692278716596140e-36
6.784744420482322243e-03 1.430670115579358796e-36
6.803228737704344366e-03 1.416701870321588707e-36
6.821713054926367356e-03 1.402787394318065161e-36
6.840197372148390347e-03 1.388926539284022546e-36
6.858681689370412470e-03 1.375119157264679958e-36
6.877166006592435460e-03 1.361365100634451402e-36
6.895650323814457583e-03 1.347664222096386847e-36
6.914134641036480573e-03 1.334016374681617130e-36
6.932618958258503564e-03 1.320421411748801192e-36
6.951103275480525687e-03 1.306879186983557113e-36
6.969587592702548677e-03 1.293389554397908684e-36
6.988071909924571667e-03 1.279952368329716275e-36
7.006556227146593790e-03 1.266567483442118227e-36
7.025040544368616781e-03 1.253234754722948023e-36
7.043524861590639771e-03 1.239954037484187705e-36
7.062009178812661894e-03 1.226725187361375525e-36
7.080493496034684885e-03 1.213548060313044998e-36
7.098977813256707008e-03 1.200422512620148922e-36
7.117462130478729998e-03 1.187348400885483394e-36
7.135946447700752988e-03 1.174325582033107825e-36
7.154430764922775111e-03 1.161353913307772462e-36
7.172915082144798102e-03 1.148433252274333892e-36
7.191399399366821092e-03 1.135563456817176219e-36
7.209883716588843215e-03 1.122744385139630072e-36
7.228368033810866206e-03 1.109975895763386936e-36
7.246852351032889196e-03 1.097257847527915321e-36
7.265336668254911319e-03 1.084590099589881939e-36
7.283820985476934309e-03 1.071972511422551002e-36
7.302305302698957300e-03 1.059404942815216091e-36
7.320789619920979423e-03 1.046887253872597616e-36
7.339273937143002413e-03 1.034419305014052179e-36
7.357758254365024536e-03 1.022000956971666054e-36
7.376242571587047527e-03 1.009632070790600648e-36
7.394726888809070517e-03 9.973125078292085934e-37
7.413211206031092640e-03 9.850421297584509217e-37
7.431695523253115630e-03 9.728207985612896761e-37
7.450179840475138621e-03 9.606483765321127668e-37
7.468664157697160744e-03 9.485247262761234109e-37
7.487148474919183734e-03 9.364497107087509547e-37
7.505632792141206724e-03 9.244231930550600263e-37
7.524117109363228847e-03 9.124450368491474923e-37
7.542601426585251838e-03 9.005151059335467658e-37
7.561085743807273961e-03 8.886332644586426380e-37
7.579570061029296951e-03 8.767993768820555396e-37
7.598054378251319942e-03 8.650133079680637232e-37
7.616538695473342065e-03 8.532749227869967121e-37
7.635023012695365055e-03 8.415840867146366011e-37
7.653507329917388045e-03 8.299406654316270419e-37
7.671991647139410168e-03 8.183445249228743762e-37
7.690475964361433159e-03 8.067955314769476003e-37
7.708960281583456149e-03 7.952935516854820044e-37
7.727444598805478272e-03 7.838384524425861528e-37
7.745928916027501263e-03 7.724301009442410134e-37
7.764413233249523386e-03 7.610683646877010908e-37
7.782897550471546376e-03 7.497531114709041635e-37
7.801381867693569366e-03 7.384842093918685747e-37
7.819866184915591489e-03 7.272615268480992113e-37
7.838350502137613612e-03 7.160849325359928964e-37
7.856834819359635735e-03 7.049542954502367674e-37
7.875319136581659593e-03 6.938694848832164248e-37
7.893803453803681716e-03 6.828303704228514114e-37
7.912287771025703839e-03 6.718368219453622092e-37
7.930772088247727697e-03 6.608887096208214881e-37
7.949256405469749820e-03 6.499859039154662151e-37
7.967740722691771943e-03 6.391282755910839200e-37
7.986225039913795801e-03 6.283156957044149150e-37
8.004709357135817924e-03 6.175480356065470810e-37
8.023193674357840047e-03 6.068251669423099848e-37
8.041677991579862170e-03 5.961469616496684956e-37
8.060162308801886027e-03 5.855132919591261741e-37
8.078646626023908150e-03 5.749240303931231485e-37
8.097130943245930274e-03 5.643790497654269747e-37
8.115615260467954131e-03 5.538782231805386146e-37
8.134099577689976254e-03 5.434214240330913978e-37
8.152583894911998377e-03 5.330085260072474781e-37
8.171068212134022235e-03 5.226394030761028094e-37
8.189552529356044358e-03 5.123139295010897823e-37
8.208036846578066481e-03 5.020319798313751844e-37
8.226521163800090339e-03 4.917934289032657604e-37
8.245005481022112462e-03 4.815981518396174478e-37
8.263489798244134585e-03 4.714460240492319165e-37
8.281974115466158443e-03 4.613369212262635492e-37
8.300458432688180566e-03 4.512707193496342730e-37
8.318942749910202689e-03 4.412472946824306841e-37
8.337427067132226546e-03 4.312665237713157052e-37
8.355911384354248669e-03 4.213282834459429994e-37
8.374395701576270792e-03 4.114324508183555985e-37
8.392880018798294650e-03 4.015789032824041588e-37
8.411364336020316773e-03 3.917675185131612081e-37
8.429848653242338896e-03 3.819981744663240330e-37
8.448332970464361019e-03 3.722707493776361514e-37
8.466817287686384877e-03 3.625851217607566172e-37
8.485301604908407000e-03 3.529411704007626964e-37
8.503785922130429123e-03 3.433387743596691685e-37
8.522270239352452981e-03 3.337778129784607129e-37
8.540754556574475104e-03 3.242581658764918735e-37
8.559238873796497227e-03 3.147797129508862712e-37
8.577723191018521084e-03 3.053423343759422900e-37
8.596207508240543207e-03 2.959459106025410588e-37
8.614691825462565331e-03 2.865903223575418229e-37
8.633176142684589188e-03 2.772754506431999904e-37
8.651660459906611311e-03 2.680011767365677234e-37
8.670144777128633434e-03 2.587673821889057210e-37
8.688629094350657292e-03 2.495739488250921620e-37
8.707113411572679415e-03 2.404207587430370360e-37
8.725597728794701538e-03 2.313076943130884548e-37
8.744082046016725396e-03 2.222346381774537907e-37
8.762566363238747519e-03 2.132014732496092039e-37
8.781050680460769642e-03 2.042080827137185250e-37
8.799534997682793500e-03 1.952543500240469592e-37
8.818019314904815623e-03 1.863401589043874650e-37
8.836503632126837746e-03 1.774653933474694883e-37
8.854987949348859869e-03 1.686299376143888078e-37
8.873472266570883726e-03 1.598336762340250390e-37
8.891956583792905849e-03 1.510764940024672196e-37
8.910440901014927972e-03 1.423582759824353231e-37
8.928925218236951830e-03 1.336789075027107090e-37
8.947409535458973953e-03 1.250382741575580334e-37
8.965893852680996076e-03 1.164362618061582888e-37
8.984378169903019934e-03 1.078727565720322801e-37
9.002862487125042057e-03 9.934764484247846700e-38
9.021346804347064180e-03 9.086081326799778754e-38
9.039831121569088038e-03 8.241214876173152099e-38
9.058315438791110161e-03 7.400153849855753858e-38
9.076799756013132284e-03 6.562886991312511145e-38
9.095284073235156141e-03 5.729403070150066549e-38
9.113768390457178264e-03 4.899690882160652197e-38
9.132252707679200388e-03 4.073739249263600057e-38
9.150737024901224245e-03 3.251537019448319649e-38
9.169221342123246368e-03 2.433073066716070404e-38
9.187705659345268491e-03 1.618336291022362281e-38
9.206189976567292349e-03 8.073156182196552435e-39
9.224674293789314472e-03 4.462780062622902359e-52
