# ## E_nu, Sigma
3.212643348543723909e-01 2.343720258978930518e-44
4.264321417985519891e-01 2.399799925458111048e-42
5.315999487427316428e-01 7.378284293803056450e-42
6.367677556869112410e-01 1.419760950279736346e-41
7.419355626310908391e-01 2.259316696822800960e-41
8.471033695752705484e-01 3.245318192258965814e-41
9.522711765194500355e-01 4.372363246816295489e-41
1.057438983463629745e+00 5.637562970042775075e-41
1.162606790407809232e+00 7.039241169889660494e-41
1.267774597351988941e+00 8.576354520742106768e-41
1.372942404296168650e+00 1.024821067009001365e-40
1.478110211240348137e+00 1.205432134887847329e-40
1.583278018184527847e+00 1.399432134943612010e-40
1.688445825128707334e+00 1.606792165849858895e-40
1.793613632072887043e+00 1.827488123044530375e-40
1.898781439017066530e+00 2.061498938673911516e-40
2.003949245961246017e+00 2.308805450531345729e-40
2.109117052905425727e+00 2.569389655755092605e-40
2.214284859849605436e+00 2.843234206921245463e-40
2.319452666793785145e+00 3.130322064822963694e-40
2.424620473737964854e+00 3.430636254696558311e-40
2.529788280682144119e+00 3.744159692215432215e-40
2.634956087626323828e+00 4.070875057449609866e-40
2.740123894570503538e+00 4.410764702367691222e-40
2.845291701514683247e+00 4.763810582162720026e-40
2.950459508458862956e+00 5.129994203742805134e-40
3.055627315403042221e+00 5.509296586754563389e-40
3.160795122347221930e+00 5.901698233925216842e-40
3.265962929291401640e+00 6.307179108494078477e-40
3.371130736235581349e+00 6.725718616934114494e-40
3.476298543179760614e+00 7.157295595646855023e-40
3.581466350123940323e+00 7.601888300714684049e-40
3.686634157068120032e+00 8.059474400029360551e-40
3.791801964012299742e+00 8.530030967283303626e-40
3.896969770956479451e+00 9.013534477432975708e-40
4.002137577900658272e+00 9.509960803335031825e-40
4.107305384844837981e+00 1.001928521334739419e-39
4.212473191789017690e+00 1.054148236984546485e-39
4.317640998733197399e+00 1.107652632849211050e-39
4.422808805677377109e+00 1.162439053801516594e-39
4.527976612621556818e+00 1.218504784038745087e-39
4.633144419565736527e+00 1.275847047134168499e-39
4.738312226509915348e+00 1.334463006116621293e-39
4.843480033454095057e+00 1.394349763573779030e-39
4.948647840398274766e+00 1.455504361775593481e-39
5.053815647342454476e+00 1.517923782815548820e-39
5.158983454286634185e+00 1.581604948776164723e-39
5.264151261230813894e+00 1.646544721924698567e-39
5.369319068174993603e+00 1.712739904923878995e-39
5.474486875119173312e+00 1.780187241051142441e-39
5.579654682063353022e+00 1.848883414425358100e-39
5.684822489007531843e+00 1.918825050240289618e-39
5.789990295951711552e+00 1.990008715004187631e-39
5.895158102895891261e+00 2.062430916784964378e-39
6.000325909840070970e+00 2.136088105460586599e-39
6.105493716784250680e+00 2.210976672978500109e-39
6.210661523728430389e+00 2.287092953636356223e-39
6.315829330672610098e+00 2.364433224376260250e-39
6.420997137616789807e+00 2.442993705082246745e-39
6.526164944560969516e+00 2.522770558880137479e-39
6.631332751505148337e+00 2.603759892439780164e-39
6.736500558449328047e+00 2.685957756279593548e-39
6.841668365393507756e+00 2.769360145073437803e-39
6.946836172337687465e+00 2.853962997959774968e-39
7.052003979281867174e+00 2.939762198854410804e-39
7.157171786226046883e+00 3.026753576777752842e-39
7.262339593170226593e+00 3.114932906198883490e-39
7.367507400114406302e+00 3.204295907383320590e-39
7.472675207058586011e+00 3.294838246741786454e-39
7.577843014002764832e+00 3.386555537180000728e-39
7.683010820946944541e+00 3.479443338449634757e-39
7.788178627891124250e+00 3.573497157500469219e-39
7.893346434835303960e+00 3.668712448833837237e-39
7.998514241779483669e+00 3.765084614857662281e-39
8.103682048723664266e+00 3.862609006249505886e-39
8.208849855667843087e+00 3.961280922337562551e-39
8.314017662612023685e+00 4.061095611488785512e-39
8.419185469556202506e+00 4.162048271497569757e-39
8.524353276500383103e+00 4.264134049974839624e-39
8.629521083444561924e+00 4.367348044737818935e-39
8.734688890388742522e+00 4.471685304200438663e-39
8.839856697332921343e+00 4.577140827764309026e-39
8.945024504277101940e+00 4.683709566210812640e-39
9.050192311221280761e+00 4.791386422096387883e-39
9.155360118165459582e+00 4.900166250162885720e-39
9.260527925109640179e+00 5.010043857759733411e-39
9.365695732053819000e+00 5.121014005266914532e-39
9.470863538997999598e+00 5.233071406518600879e-39
9.576031345942178419e+00 5.346210729226274743e-39
9.681199152886359016e+00 5.460426595402791482e-39
9.786366959830537837e+00 5.575713581786156932e-39
9.891534766774718435e+00 5.692066220264096350e-39
9.996702573718897256e+00 5.809478998299739823e-39
1.010187038066307608e+01 5.927946359366313911e-39
1.020703818760725667e+01 6.047462703397660409e-39
1.031220599455143550e+01 6.168022387240799498e-39
1.041737380149561609e+01 6.289619725109388806e-39
1.052254160843979491e+01 6.412248989036674810e-39
1.062770941538397551e+01 6.535904409327678169e-39
1.073287722232815433e+01 6.660580175012620158e-39
1.083804502927233493e+01 6.786270434299432964e-39
1.094321283621651375e+01 6.912969295026200800e-39
1.104838064316069257e+01 7.040670825119161898e-39
1.115354845010487317e+01 7.169369053064306612e-39
1.125871625704905199e+01 7.299057968385289414e-39
1.136388406399323259e+01 7.429731522122317077e-39
1.146905187093741141e+01 7.561383627310752345e-39
1.157421967788159201e+01 7.694008159457697383e-39
1.167938748482577083e+01 7.827598957019411146e-39
1.178455529176995142e+01 7.962149821878316971e-39
1.188972309871413024e+01 8.097654519819863993e-39
1.199489090565830907e+01 8.234106781009875356e-39
1.210005871260248966e+01 8.371500300482094168e-39
1.220522651954666848e+01 8.509828738638013986e-39
1.231039432649084908e+01 8.649085721746029381e-39
1.241556213343502790e+01 8.789264842440449451e-39
1.252072994037920850e+01 8.930359660218573340e-39
1.262589774732338732e+01 9.072363701938818922e-39
1.273106555426756792e+01 9.215270462317010058e-39
1.283623336121174674e+01 9.359073404423204138e-39
1.294140116815592556e+01 9.503765960176197930e-39
1.304656897510010616e+01 9.649341530844839312e-39
1.315173678204428498e+01 9.795793487561481295e-39
1.325690458898846558e+01 9.943115171837302284e-39
1.336207239593264440e+01 1.009129989607924070e-38
1.346724020287682499e+01 1.024034094410243234e-38
1.357240800982100382e+01 1.039023157164350524e-38
1.367757581676518441e+01 1.054096500687283034e-38
1.378274362370936323e+01 1.069253445090478864e-38
1.388791143065354206e+01 1.084493307830902612e-38
1.399307923759772265e+01 1.099815403762209511e-38
1.409824704454190147e+01 1.115219045186817871e-38
1.420341485148608207e+01 1.130703541908734952e-38
1.430858265843026089e+01 1.146268201286286638e-38
1.441375046537444149e+01 1.161912328284536907e-38
1.451891827231862031e+01 1.177635225527867297e-38
1.462408607926280091e+01 1.193436193352292103e-38
1.472925388620697973e+01 1.209314529857492716e-38
1.483442169315115855e+01 1.225269530958979995e-38
1.493958950009533915e+01 1.241300490439997584e-38
1.504475730703951797e+01 1.257406700004133355e-38
1.514992511398369857e+01 1.273587449328532478e-38
1.525509292092787739e+01 1.289842026117612427e-38
1.536026072787205798e+01 1.306169716156174259e-38
1.546542853481623681e+01 1.322569803362546780e-38
1.557059634176041740e+01 1.339041569841520859e-38
1.567576414870459622e+01 1.355584295937140451e-38
1.578093195564877504e+01 1.372197260285484734e-38
1.588609976259295564e+01 1.388879739866754658e-38
1.599126756953713446e+01 1.405631010058163151e-38
1.609643537648131328e+01 1.422450344687363263e-38
1.620160318342549388e+01 1.439337016086230512e-38
1.630677099036967448e+01 1.456290295144348974e-38
1.641193879731385508e+01 1.473309451362188605e-38
1.651710660425803212e+01 1.490393752904409402e-38
1.662227441120221272e+01 1.507542466652930145e-38
1.672744221814639332e+01 1.524754858259472231e-38
1.683261002509057036e+01 1.542030192198331903e-38
1.693777783203475096e+01 1.559367731818571984e-38
1.704294563897893156e+01 1.576766739397068163e-38
1.714811344592311215e+01 1.594226476192449250e-38
1.725328125286728920e+01 1.611746202498024706e-38
1.735844905981146979e+01 1.629325177695011029e-38
1.746361686675565039e+01 1.646962660305475200e-38
1.756878467369983099e+01 1.664657908044959442e-38
1.767395248064400803e+01 1.682410177874796929e-38
1.777912028758818863e+01 1.700218726054765777e-38
1.788428809453236923e+01 1.718082808194910922e-38
1.798945590147654627e+01 1.736001679307574551e-38
1.809462370842072687e+01 1.753974593860438211e-38
1.819979151536490747e+01 1.772000805829133731e-38
1.830495932230908807e+01 1.790079568749798023e-38
1.841012712925326511e+01 1.808210135770929937e-38
1.851529493619744571e+01 1.826391759706212081e-38
1.862046274314162631e+01 1.844623693085554622e-38
1.872563055008580335e+01 1.862905188206591422e-38
1.883079835702998395e+01 1.881235497186089000e-38
1.893596616397416454e+01 1.899613872010983545e-38
1.904113397091834514e+01 1.918039564590302502e-38
1.914630177786252219e+01 1.936511826806403094e-38
1.925146958480670278e+01 1.955029910566480985e-38
1.935663739175088338e+01 1.973593067854048666e-38
1.946180519869506398e+01 1.992200550779738347e-38
1.956697300563924102e+01 2.010851611631252900e-38
1.967214081258342162e+01 2.029545502924585321e-38
1.977730861952760222e+01 2.048281477453297052e-38
1.988247642647177926e+01 2.067058788338968494e-38
1.998764423341595986e+01 2.085876689080981348e-38
2.009281204036014046e+01 2.104734433606647824e-38
2.019797984730432105e+01 2.123631276320692547e-38
2.030314765424849810e+01 2.142566472155866740e-38
2.040831546119267870e+01 2.161539276621957949e-38
2.051348326813685929e+01 2.180548945854202331e-38
2.061865107508103634e+01 2.199594736663214710e-38
2.072381888202521694e+01 2.218675906582198374e-38
2.082898668896939753e+01 2.237791713916075141e-38
2.093415449591357813e+01 2.256941417789292341e-38
2.103932230285775518e+01 2.276124278194447827e-38
2.114449010980193577e+01 2.295339556040001690e-38
2.124965791674611637e+01 2.314586513197569323e-38
2.135482572369029697e+01 2.333864412550633856e-38
2.145999353063447401e+01 2.353172518040856507e-38
2.156516133757865461e+01 2.372510094715457079e-38
2.167032914452283521e+01 2.391876408773296441e-38
2.177549695146701225e+01 2.411270727611419177e-38
2.188066475841119285e+01 2.430692319870909250e-38
2.198583256535537345e+01 2.450140455482886611e-38
2.209100037229955404e+01 2.469614405714004754e-38
2.219616817924373109e+01 2.489113443213675651e-38
2.230133598618791169e+01 2.508636842057942243e-38
2.240650379313209228e+01 2.528183877794388719e-38
2.251167160007626933e+01 2.547753827487182342e-38
2.261683940702044993e+01 2.567345969761244022e-38
2.272200721396463052e+01 2.586959584846284198e-38
2.282717502090881112e+01 2.606593954620051512e-38
2.293234282785298817e+01 2.626248362652908995e-38
2.303751063479716876e+01 2.645922094249197188e-38
2.314267844174134936e+01 2.665614436492555247e-38
2.324784624868552996e+01 2.685324678287712655e-38
2.335301405562970700e+01 2.705052110402279354e-38
2.345818186257388760e+01 2.724796025509300654e-38
2.356334966951806820e+01 2.744555718229557903e-38
2.366851747646224524e+01 2.764330485172521306e-38
2.377368528340642584e+01 2.784119624977559045e-38
2.387885309035060644e+01 2.803922438353620527e-38
2.398402089729478703e+01 2.823738228121328777e-38
2.408918870423896408e+01 2.843566299251710464e-38
2.419435651118314468e+01 2.863405958907025519e-38
2.429952431812732527e+01 2.883256516480721834e-38
2.440469212507150232e+01 2.903117283636378276e-38
2.450985993201568292e+01 2.922987574345354132e-38
2.461502773895986351e+01 2.942866704927221458e-38
2.472019554590404411e+01 2.962753994086524471e-38
2.482536335284822115e+01 2.982648762951789385e-38
2.493053115979240175e+01 3.002550335112303112e-38
2.503569896673658235e+01 3.022458036654146518e-38
2.514086677368076295e+01 3.042371196199375483e-38
2.524603458062493999e+01 3.062289144941077446e-38
2.535120238756912059e+01 3.082211216679924594e-38
2.545637019451330119e+01 3.102136747859613055e-38
2.556153800145747823e+01 3.122065077603256864e-38
2.566670580840165883e+01 3.141995547748327582e-38
2.577187361534583943e+01 3.161927502879536605e-38
2.587704142229002002e+01 3.181860290364611062e-38
2.598220922923419707e+01 3.201793260388083406e-38
2.608737703617837767e+01 3.221725765983943519e-38
2.619254484312255826e+01 3.241657163071405728e-38
2.629771265006673531e+01 3.261586810485604885e-38
2.640288045701091590e+01 3.281514070009447158e-38
2.650804826395509650e+01 3.301438306407596432e-38
2.661321607089927710e+01 3.321358887456788778e-38
2.671838387784345414e+01 3.341275183979352687e-38
2.682355168478763474e+01 3.361186569871519494e-38
2.692871949173181534e+01 3.381092422135390060e-38
2.703388729867599594e+01 3.400992120908634302e-38
2.713905510562017298e+01 3.420885049495964569e-38
2.724422291256435358e+01 3.440770594395501000e-38
2.734939071950853418e+01 3.460648145329249916e-38
2.745455852645271122e+01 3.480517095273088903e-38
2.755972633339689182e+01 3.500376840482051056e-38
2.766489414034107241e+01 3.520226780520311108e-38
2.777006194728525301e+01 3.540066318289883713e-38
2.787522975422943006e+01 3.559894860054609427e-38
2.798039756117361065e+01 3.579711815469776978e-38
2.808556536811779125e+01 3.599516597605375793e-38
2.819073317506197185e+01 3.619308622973652627e-38
2.829590098200614889e+01 3.639087311553199850e-38
2.840106878895032949e+01 3.658852086817170341e-38
2.850623659589451009e+01 3.678602375755018242e-38
2.861140440283868713e+01 3.698337608897228288e-38
2.871657220978286773e+01 3.718057220338819438e-38
2.882174001672704833e+01 3.737760647765141750e-38
2.892690782367122893e+01 3.757447332472988090e-38
2.903207563061540597e+01 3.777116719391754390e-38
2.913724343755958657e+01 3.796768257109166574e-38
2.924241124450376716e+01 3.816401397890011315e-38
2.934757905144794421e+01 3.836015597698269343e-38
2.945274685839212481e+01 3.855610316219103114e-38
2.955791466533630540e+01 3.875185016878575757e-38
2.966308247228048600e+01 3.894739166864193255e-38
2.976825027922466305e+01 3.914272237145426264e-38
2.987341808616884364e+01 3.933783702492060317e-38
2.997858589311302424e+01 3.953273041493377605e-38
3.008375370005720484e+01 3.972739736576298894e-38
3.018892150700138188e+01 3.992183274022923540e-38
3.029408931394556248e+01 4.011603143987068787e-38
3.039925712088974308e+01 4.030998840514002289e-38
3.050442492783392012e+01 4.050369861559790944e-38
3.060959273477810072e+01 4.069715709001257981e-38
3.071476054172228132e+01 4.089035888656393077e-38
3.081992834866646191e+01 4.108329910299150694e-38
3.092509615561063896e+01 4.127597287674525628e-38
3.103026396255481956e+01 4.146837538513032918e-38
3.113543176949900015e+01 4.166050184544965894e-38
3.124059957644317720e+01 4.185234751514087838e-38
3.134576738338735780e+01 4.204390769192477830e-38
3.145093519033153839e+01 4.223517771392212612e-38
3.155610299727571899e+01 4.242615295978568580e-38
3.166127080421989604e+01 4.261682884882801990e-38
3.176643861116407663e+01 4.280720084113676294e-38
3.187160641810825723e+01 4.299726443769096501e-38
3.197677422505243783e+01 4.318701518048007678e-38
3.208194203199661132e+01 4.337644865260305580e-38
3.218710983894079192e+01 4.356556047833032034e-38
3.229227764588497251e+01 4.375434632326914244e-38
3.239744545282915311e+01 4.394280189444923894e-38
3.250261325977333371e+01 4.413092294037441539e-38
3.260778106671750720e+01 4.431870525112122865e-38
3.271294887366168780e+01 4.450614465842841488e-38
3.281811668060586840e+01 4.469323703577693153e-38
3.292328448755004899e+01 4.487997829846791647e-38
3.302845229449422959e+01 4.506636440368897986e-38
3.313362010143841019e+01 4.525239135056998764e-38
3.323878790838259079e+01 4.543805518027301161e-38
3.334395571532676428e+01 4.562335197600938913e-38
3.344912352227094487e+01 4.580827786313168297e-38
3.355429132921512547e+01 4.599282900917769313e-38
3.365945913615930607e+01 4.617700162387445564e-38
3.376462694310348667e+01 4.636079195925084831e-38
3.386979475004766726e+01 4.654419630964464340e-38
3.397496255699184786e+01 4.672721101170359334e-38
3.408013036393602135e+01 4.690983244444735333e-38
3.418529817088020195e+01 4.709205702930937372e-38
3.429046597782438255e+01 4.727388123015010207e-38
3.439563378476856315e+01 4.745530155323650933e-38
3.450080159171274374e+01 4.763631454729499179e-38
3.460596939865692434e+01 4.781691680350843729e-38
3.471113720560110494e+01 4.799710495557596571e-38
3.481630501254528554e+01 4.817687567965406550e-38
3.492147281948945903e+01 4.835622569439754124e-38
3.502664062643363962e+01 4.853515176090940979e-38
3.513180843337782022e+01 4.871365068275408660e-38
3.523697624032200082e+01 4.889171930597783860e-38
3.534214404726618142e+01 4.906935451902676378e-38
3.544731185421036201e+01 4.924655325279256227e-38
3.555247966115454261e+01 4.942331248059666678e-38
3.565764746809871610e+01 4.959962921812839317e-38
3.576281527504289670e+01 4.977550052339939905e-38
3.586798308198707730e+01 4.995092349676626653e-38
3.597315088893125790e+01 5.012589528086116698e-38
3.607831869587543849e+01 5.030041306055564296e-38
3.618348650281961909e+01 5.047447406287931858e-38
3.628865430976379969e+01 5.064807555703525746e-38
3.639382211670797318e+01 5.082121485432715079e-38
3.649898992365215378e+01 5.099388930810357556e-38
3.660415773059633437e+01 5.116609631371614907e-38
3.670932553754051497e+01 5.133783330840822292e-38
3.681449334448469557e+01 5.150909777130031852e-38
3.691966115142887617e+01 5.167988722335426402e-38
3.702482895837305676e+01 5.185019922722605652e-38
3.712999676531723026e+01 5.202003138723565774e-38
3.723516457226141085e+01 5.218938134927443911e-38
3.734033237920559145e+01 5.235824680070953645e-38
3.744550018614977205e+01 5.252662547029681812e-38
3.755066799309395265e+01 5.269451512813273339e-38
3.765583580003813324e+01 5.286191358559628434e-38
3.776100360698231384e+01 5.302881869516030351e-38
3.786617141392648733e+01 5.319522835036633415e-38
3.797133922087066793e+01 5.336114048569163926e-38
3.807650702781484853e+01 5.352655307645812925e-38
3.818167483475902912e+01 5.369146413872597333e-38
3.828684264170320972e+01 5.385587172914014530e-38
3.839201044864739032e+01 5.401977394487617472e-38
3.849717825559157092e+01 5.418316892353974075e-38
3.860234606253575151e+01 5.434605484301390699e-38
3.870751386947992501e+01 5.450842992134866105e-38
3.881268167642410560e+01 5.467029241663677724e-38
3.891784948336828620e+01 5.483164062688674532e-38
3.902301729031246680e+01 5.499247288984780891e-38
3.912818509725664740e+01 5.515278758298296628e-38
3.923335290420082799e+01 5.531258312326942142e-38
3.933852071114500859e+01 5.547185796701561444e-38
3.944368851808918208e+01 5.563061060978106996e-38
3.954885632503336268e+01 5.578883958620852455e-38
3.965402413197754328e+01 5.594654346993412806e-38
3.975919193892172387e+01 5.610372087339316706e-38
3.986435974586590447e+01 5.626037044764792207e-38
3.996952755281008507e+01 5.641649088228551785e-38
4.007469535975426567e+01 5.657208090527239345e-38
4.017986316669843916e+01 5.672713928270997391e-38
4.028503097364261976e+01 5.688166481870715016e-38
4.039019878058680035e+01 5.703565635525449205e-38
4.049536658753098095e+01 5.718911277201276581e-38
4.060053439447516155e+01 5.734203298620099118e-38
4.070570220141934215e+01 5.749441595243891529e-38
4.081087000836352274e+01 5.764626066247695910e-38
4.091603781530769623e+01 5.779756614507945089e-38
4.102120562225187683e+01 5.794833146580187856e-38
4.112637342919605743e+01 5.809855572691722151e-38
4.123154123614023803e+01 5.824823806714841313e-38
4.133670904308441862e+01 5.839737766146243357e-38
4.144187685002859922e+01 5.854597372092406980e-38
4.154704465697277982e+01 5.869402549257105784e-38
4.165221246391696042e+01 5.884153225911598595e-38
4.175738027086113391e+01 5.898849333881252069e-38
4.186254807780531451e+01 5.913490808530038655e-38
4.196771588474949510e+01 5.928077588731177948e-38
4.207288369169367570e+01 5.942609616855306570e-38
4.217805149863785630e+01 5.957086838742620861e-38
4.228321930558203690e+01 5.971509203685886037e-38
4.238838711252621749e+01 5.985876664409575044e-38
4.249355491947039098e+01 6.000189177054170248e-38
4.259872272641457158e+01 6.014446701156854794e-38
4.270389053335875218e+01 6.028649199623568645e-38
4.280905834030293278e+01 6.042796638703316629e-38
4.291422614724711337e+01 6.056888987978492198e-38
4.301939395419129397e+01 6.070926220343182092e-38
4.312456176113547457e+01 6.084908311970583672e-38
4.322972956807964806e+01 6.098835242300934667e-38
4.333489737502382866e+01 6.112706994012582588e-38
4.344006518196800926e+01 6.126523553007964196e-38
4.354523298891218985e+01 6.140284908384864931e-38
4.365040079585637045e+01 6.153991052417620813e-38
4.375556860280055105e+01 6.167641980533483267e-38
4.386073640974473165e+01 6.181237691289793086e-38
4.396590421668890514e+01 6.194778186351046861e-38
4.407107202363308573e+01 6.208263470465147997e-38
4.417623983057726633e+01 6.221693551432701249e-38
4.428140763752144693e+01 6.235068440101355014e-38
4.438657544446562753e+01 6.248388150338095417e-38
4.449174325140980812e+01 6.261652698998065791e-38
4.459691105835398872e+01 6.274862105903850666e-38
4.470207886529816221e+01 6.288016393822481639e-38
4.480724667224234281e+01 6.301115588441302098e-38
4.491241447918652341e+01 6.314159718344105491e-38
4.501758228613070401e+01 6.327148814986972906e-38
4.512275009307488460e+01 6.340082912673093747e-38
4.522791790001906520e+01 6.352962048532761762e-38
4.533308570696324580e+01 6.365786262494906968e-38
4.543825351390742640e+01 6.378555597263959526e-38
4.554342132085159989e+01 6.391270098290909761e-38
4.564858912779578048e+01 6.403929813762704800e-38
4.575375693473996108e+01 6.416534794568776371e-38
4.585892474168414168e+01 6.429085094268056172e-38
4.596409254862832228e+01 6.441580769071375295e-38
4.606926035557250287e+01 6.454021877822688061e-38
4.617442816251668347e+01 6.466408481970600803e-38
4.627959596946085696e+01 6.478740645541429151e-38
4.638476377640503756e+01 6.491018435109791352e-38
4.648993158334921816e+01 6.503241919779035493e-38
4.659509939029339876e+01 6.515411171150304333e-38
4.670026719723757935e+01 6.527526263310093376e-38
4.680543500418175995e+01 6.539587272790374478e-38
4.691060281112594055e+01 6.551594278554648394e-38
4.701577061807011404e+01 6.563547361972780076e-38
4.712093842501429464e+01 6.575446606783279281e-38
4.722610623195847523e+01 6.587292099074600612e-38
4.733127403890265583e+01 6.599083927266899812e-38
4.743644184584683643e+01 6.610822182080252924e-38
4.754160965279101703e+01 6.622506956502333581e-38
4.764677745973519762e+01 6.634138345767188544e-38
4.775194526667937112e+01 6.645716447338029690e-38
4.785711307362355171e+01 6.657241360873179232e-38
4.796228088056773231e+01 6.668713188208072404e-38
4.806744868751191291e+01 6.680132033315999145e-38
4.817261649445609351e+01 6.691498002288424822e-38
4.827778430140027410e+01 6.702811203315997944e-38
4.838295210834445470e+01 6.714071746656384057e-38
4.848811991528862819e+01 6.725279744610965719e-38
4.859328772223280879e+01 6.736435311502962363e-38
4.869845552917698939e+01 6.747538563650925037e-38
4.880362333612116998e+01 6.758589619329597103e-38
4.890879114306535058e+01 6.769588598755856123e-38
4.901395895000953118e+01 6.780535624066819111e-38
4.911912675695371178e+01 6.791430819285197868e-38
4.922429456389789237e+01 6.802274310296386287e-38
4.932946237084206587e+01 6.813066224820921479e-38
4.943463017778624646e+01 6.823806692395415267e-38
4.953979798473042706e+01 6.834495844349476538e-38
4.964496579167460766e+01 6.845133813770921445e-38
4.975013359861878826e+01 6.855720735481823979e-38
4.985530140556296885e+01 6.866256746016214041e-38
4.996046921250714945e+01 6.876741983588280939e-38
5.006563701945132294e+01 6.887176588071290913e-38
5.017080482639550354e+01 6.897560700979634720e-38
5.027597263333968414e+01 6.907894465437152233e-38
5.038114044028386473e+01 6.918178026145302535e-38
5.048630824722804533e+01 6.928411529359956800e-38
5.059147605417222593e+01 6.938595122870458853e-38
5.069664386111640653e+01 6.948728955979991836e-38
5.080181166806058002e+01 6.958813179473410018e-38
5.090697947500476062e+01 6.968847945589416990e-38
5.101214728194894121e+01 6.978833408003046526e-38
5.111731508889312181e+01 6.988769721801641109e-38
5.122248289583730241e+01 6.998657043451451769e-38
5.132765070278148301e+01 7.008495530776238217e-38
5.143281850972566360e+01 7.018285342933604438e-38
5.153798631666983709e+01 7.028026640382405573e-38
5.164315412361401769e+01 7.037719584873531066e-38
5.174832193055819829e+01 7.047364339418395265e-38
5.185348973750237889e+01 7.056961068266592696e-38
5.195865754444655948e+01 7.066509936874921136e-38
5.206382535139074008e+01 7.076011111880630998e-38
5.216899315833492068e+01 7.085464761089688135e-38
5.227416096527909417e+01 7.094871053449782049e-38
5.237932877222327477e+01 7.104230159016472608e-38
5.248449657916745537e+01 7.113542248937863417e-38
5.258966438611163596e+01 7.122807495430480111e-38
5.269483219305581656e+01 7.132026071750394058e-38
5.279999999999999716e+01 7.141198152172670261e-38
