0.000000000000000000e+00 -4.232424286671407572e+02 3.472936298442258476e+02 -4.232424286671407572e+02 3.540777271612444110e+02
4.000000000000000083e-02 -4.232424286671407572e+02 3.472936298442258476e+02 -4.232424286671407572e+02 3.540777271612444110e+02
8.000000000000000167e-02 -4.230063580807891412e+02 3.470910731514655936e+02 -4.230063580807891412e+02 3.538764378055893758e+02
1.199999999999999956e-01 -4.226147131179204735e+02 3.467548296523580120e+02 -4.226147131179204735e+02 3.535325757023471738e+02
1.600000000000000033e-01 -4.220703279017271257e+02 3.462871401406555378e+02 -4.220703279017271257e+02 3.530732359944182690e+02
2.000000000000000111e-01 -4.213771188454879848e+02 3.456910944034075897e+02 -4.213771188454879848e+02 3.524777570873517334e+02
2.399999999999999911e-01 -4.205400856247054548e+02 3.449706482744905998e+02 -4.205400856247054548e+02 3.517579451775777102e+02
2.800000000000000266e-01 -4.195652735658074448e+02 3.441306016273721298e+02 -4.195652735658074448e+02 3.509184319865988186e+02
3.200000000000000067e-01 -4.184597391953203100e+02 3.431765826035031068e+02 -4.184597391953203100e+02 3.499647877140621972e+02
3.599999999999999867e-01 -4.172315056573579568e+02 3.421150238810275255e+02 -4.172315056573579568e+02 3.489034281014700127e+02
4.000000000000000222e-01 -4.158895115531604461e+02 3.409531343794516829e+02 -4.158895115531604461e+02 3.477414441635352773e+02
4.400000000000000022e-01 -4.144435523640395900e+02 3.396988652152999180e+02 -4.144435523640395900e+02 3.464866081994587717e+02
4.799999999999999822e-01 -4.129042146623933718e+02 3.383608696086496366e+02 -4.129042146623933718e+02 3.451474481189176231e+02
5.200000000000000178e-01 -4.112828030797433598e+02 3.369484563063875271e+02 -4.112828030797433598e+02 3.437331741606305968e+02
5.600000000000000533e-01 -4.095912602138009220e+02 3.354715361292632565e+02 -4.095912602138009220e+02 3.422535301096145872e+02
5.999999999999999778e-01 -4.078420795992967669e+02 3.339405613299148285e+02 -4.078420795992967669e+02 3.407187516648763790e+02
6.400000000000000133e-01 -4.060482119818692013e+02 3.323664575396795726e+02 -4.060482119818692013e+02 3.391395806853743125e+02
6.800000000000000488e-01 -4.042229654144491064e+02 3.307605482585182699e+02 -4.042229654144491064e+02 3.375271761460203948e+02
7.199999999999999734e-01 -4.023798994675009908e+02 3.291344719644473571e+02 -4.023798994675009908e+02 3.358929618521025304e+02
7.600000000000000089e-01 -4.005327144103405885e+02 3.275000920557606037e+02 -4.005327144103405885e+02 3.342485480473756070e+02
8.000000000000000444e-01 -3.986951359128399872e+02 3.258694001283261059e+02 -3.986951359128399872e+02 3.326056993828167947e+02
8.399999999999999689e-01 -3.968807962392073136e+02 3.242544131848785582e+02 -3.968807962392073136e+02 3.309762251183574335e+02
8.800000000000000044e-01 -3.951031129743205952e+02 3.226670656943255153e+02 -3.951031129743205952e+02 3.293718175798315997e+02
9.200000000000000400e-01 -3.933751663273806685e+02 3.211190974992044858e+02 -3.933751663273806685e+02 3.278039496792798673e+02
9.599999999999999645e-01 -3.917095762754669863e+02 3.196219388371977743e+02 -3.917095762754669863e+02 3.262838127174973124e+02
1.000000000000000000e+00 -3.901183808937897197e+02 3.181865939557097818e+02 -3.901183808937897197e+02 3.248221969441717647e+02
1.040000000000000036e+00 -3.886129172342830316e+02 3.168235248724346889e+02 -3.886129172342830316e+02 3.234293323759522991e+02
1.080000000000000071e+00 -3.872037061916295784e+02 3.155425369656957173e+02 -3.872037061916295784e+02 3.221147825460751051e+02
1.120000000000000107e+00 -3.859003428320054354e+02 3.143526682010869990e+02 -3.859003428320054354e+02 3.208873780822807475e+02
1.159999999999999920e+00 -3.847113936101316085e+02 3.132620838253817510e+02 -3.847113936101316085e+02 3.197551095340182883e+02
1.199999999999999956e+00 -3.836443018748459508e+02 3.122779783247646606e+02 -3.836443018748459508e+02 3.187249941070602404e+02
1.239999999999999991e+00 -3.827053030529693274e+02 3.114064863863227401e+02 -3.827053030529693274e+02 3.178029923136571711e+02
1.280000000000000027e+00 -3.818993506392387189e+02 3.106526044923113545e+02 -3.818993506392387189e+02 3.169939668628615550e+02
1.320000000000000062e+00 -3.812300541433812100e+02 3.100201246172771334e+02 -3.812300541433812100e+02 3.163016144057913266e+02
1.360000000000000098e+00 -3.806996299413725069e+02 3.095115812805854603e+02 -3.806996299413725069e+02 3.157283887133928033e+02
1.400000000000000133e+00 -3.803088656978252970e+02 3.091282129514975736e+02 -3.803088656978252970e+02 3.152754288369387154e+02
1.439999999999999947e+00 -3.800570989447906527e+02 3.088699385249067291e+02 -3.800570989447906527e+02 3.149426465453635728e+02
1.479999999999999982e+00 -3.799422101383415793e+02 3.087353492925974479e+02 -3.799422101383415793e+02 3.147286203879027653e+02
1.520000000000000018e+00 -3.799606301808474313e+02 3.087217164880850646e+02 -3.799606301808474313e+02 3.146306204293882729e+02
1.560000000000000053e+00 -3.801073624108119589e+02 3.088250141610905075e+02 -3.801073624108119589e+02 3.146446568579447671e+02
1.600000000000000089e+00 -3.803760185367856934e+02 3.090399568586057626e+02 -3.803760185367856934e+02 3.147655138630855731e+02
1.640000000000000124e+00 -3.807588679687064541e+02 3.093600512532423181e+02 -3.807588679687064541e+02 3.149867744060797463e+02
1.679999999999999938e+00 -3.812468998189815466e+02 3.097776605566337480e+02 -3.812468998189815466e+02 3.153008847474580421e+02
1.719999999999999973e+00 -3.818298964438678809e+02 3.102840804510772728e+02 -3.818298964438678809e+02 3.156992512102344790e+02
1.760000000000000009e+00 -3.824965175177706556e+02 3.108696249003302228e+02 -3.824965175177706556e+02 3.161723220737838460e+02
1.800000000000000044e+00 -3.832343933261947200e+02 3.115237202518186450e+02 -3.832343933261947200e+02 3.167096571791616384e+02
1.840000000000000080e+00 -3.840302259325604268e+02 3.122350055731392331e+02 -3.840302259325604268e+02 3.173000277808533269e+02
1.880000000000000115e+00 -3.848698967746858557e+02 3.129914380789158486e+02 -3.848698967746858557e+02 3.179315402615800394e+02
1.919999999999999929e+00 -3.857385792861626328e+02 3.137804009198500808e+02 -3.857385792861626328e+02 3.185917399542967132e+02
1.959999999999999964e+00 -3.866208550665219832e+02 3.145888122971293228e+02 -3.866208550665219832e+02 3.192676995286413444e+02
2.000000000000000000e+00 -3.875008321981489985e+02 3.154032340018355285e+02 -3.875008321981489985e+02 3.199461275285150350e+02
2.040000000000000036e+00 -3.883622643673916741e+02 3.162099778756321484e+02 -3.883622643673916741e+02 3.206134912343018186e+02
2.080000000000000071e+00 -3.891886694979905883e+02 3.169952089474286367e+02 -3.891886694979905883e+02 3.212561173300483119e+02
2.120000000000000107e+00 -3.899634467512458400e+02 3.177450440690085429e+02 -3.899634467512458400e+02 3.218602735042455265e+02
2.160000000000000142e+00 -3.906699908709285296e+02 3.184456451401215986e+02 -3.906699908709285296e+02 3.224122624161735189e+02
2.200000000000000178e+00 -3.912918028966098518e+02 3.190833062684513948e+02 -3.912918028966098518e+02 3.228985245014874295e+02
2.240000000000000213e+00 -3.918125965209763422e+02 3.196445343308573115e+02 -3.918125965209763422e+02 3.233057174540932124e+02
2.280000000000000249e+00 -3.922163994291149720e+02 3.201161227169724270e+02 -3.922163994291149720e+02 3.236207758076331515e+02
2.319999999999999840e+00 -3.924876491169027872e+02 3.204852181619286853e+02 -3.924876491169027872e+02 3.238309791049462660e+02
2.359999999999999876e+00 -3.926112828157395711e+02 3.207393807526543128e+02 -3.926112828157395711e+02 3.239240303436419026e+02
2.399999999999999911e+00 -3.925728212723743127e+02 3.208666374081076924e+02 -3.925728212723743127e+02 3.238881009724808564e+02
2.439999999999999947e+00 -3.923584462437635807e+02 3.208555291788849786e+02 -3.923584462437635807e+02 3.237118751640841765e+02
2.479999999999999982e+00 -3.919550716627367706e+02 3.206951528932546580e+02 -3.919550716627367706e+02 3.233845898467907318e+02
2.520000000000000018e+00 -3.913504085089304567e+02 3.203751976645531840e+02 -3.913504085089304567e+02 3.228960844950217393e+02
2.560000000000000053e+00 -3.905330234999037202e+02 3.198859769120032297e+02 -3.905330234999037202e+02 3.222368345387180284e+02
2.600000000000000089e+00 -3.894923917655058290e+02 3.192184565046879356e+02 -3.894923917655058290e+02 3.213979689951608520e+02
2.640000000000000124e+00 -3.882189436670641953e+02 3.183642796522551066e+02 -3.882189436670641953e+02 3.203712983943467520e+02
2.680000000000000160e+00 -3.867041060244639539e+02 3.173157891550491172e+02 -3.867041060244639539e+02 3.191493484784040788e+02
2.720000000000000195e+00 -3.849403379399802816e+02 3.160660475696520280e+02 -3.849403379399802816e+02 3.177253851309351376e+02
2.760000000000000231e+00 -3.829211614337944525e+02 3.146088557770242460e+02 -3.829211614337944525e+02 3.160934055912438225e+02
2.800000000000000266e+00 -3.806411871241014637e+02 3.129387704092646345e+02 -3.806411871241014637e+02 3.142481911561757215e+02
2.839999999999999858e+00 -3.780961350967235717e+02 3.110511204418439206e+02 -3.780961350967235717e+02 3.121853132745717971e+02
2.879999999999999893e+00 -3.752828511111106309e+02 3.089420232181624897e+02 -3.752828511111106309e+02 3.099011451516690840e+02
2.919999999999999929e+00 -3.721993182632863295e+02 3.066084001284264104e+02 -3.721993182632863295e+02 3.073928795975304524e+02
2.959999999999999964e+00 -3.688446641618138528e+02 3.040479918970779067e+02 -3.688446641618138528e+02 3.046585535764502310e+02
3.000000000000000000e+00 -3.652191636494560498e+02 3.012593735525636021e+02 -3.652191636494560498e+02 3.016970635980827637e+02
3.040000000000000036e+00 -3.613242370306563203e+02 2.982419688777284250e+02 -3.613242370306563203e+02 2.985081746741785764e+02
3.080000000000000071e+00 -3.571624438217239117e+02 2.949960642497174490e+02 -3.571624438217239117e+02 2.950925367168973139e+02
3.120000000000000107e+00 -3.527374718540021945e+02 2.915228214358116929e+02 -3.527374718540021945e+02 2.914517041574458176e+02
3.160000000000000142e+00 -3.480541216944805569e+02 2.878242890738052324e+02 -3.480541216944805569e+02 2.875881482437731620e+02
3.200000000000000178e+00 -3.431182862350212304e+02 2.839034123892735693e+02 -3.431182862350212304e+02 2.835052616843196347e+02
3.240000000000000213e+00 -3.379369253258332151e+02 2.797640406427639164e+02 -3.379369253258332151e+02 2.792073669727286642e+02
3.280000000000000249e+00 -3.325180353408716769e+02 2.754109317673720057e+02 -3.325180353408716769e+02 2.746997264817479731e+02
3.320000000000000284e+00 -3.268706135178643422e+02 2.708497536327034823e+02 -3.268706135178643422e+02 2.699885423526398540e+02
3.359999999999999876e+00 -3.210046170726941455e+02 2.660870813201681244e+02 -3.210046170726941455e+02 2.650809485341322329e+02
3.399999999999999911e+00 -3.149309169392653303e+02 2.611303898047867165e+02 -3.149309169392653303e+02 2.599850012060633162e+02
3.439999999999999947e+00 -3.086612461840970241e+02 2.559880414212441053e+02 -3.086612461840970241e+02 2.547096686262804326e+02
3.479999999999999982e+00 -3.022081431231760007e+02 2.506692675168705193e+02 -3.022081431231760007e+02 2.492648082640889129e+02
3.520000000000000018e+00 -2.955848892343578882e+02 2.451841437800426036e+02 -2.955848892343578882e+02 2.436611344917532449e+02
3.560000000000000053e+00 -2.888054420747152449e+02 2.395435586913492614e+02 -2.888054420747152449e+02 2.379101806195718609e+02
3.600000000000000089e+00 -2.818843634042753479e+02 2.337591746861597528e+02 -2.818843634042753479e+02 2.320242584274191415e+02
3.640000000000000124e+00 -2.748367428762535951e+02 2.278433817308455502e+02 -2.748367428762535951e+02 2.260164030948845095e+02
3.680000000000000160e+00 -2.676781176853766624e+02 2.218092430792785308e+02 -2.676781176853766624e+02 2.199003074031176936e+02
3.720000000000000195e+00 -2.604243886612078427e+02 2.156704331463060100e+02 -2.604243886612078427e+02 2.136902514043403016e+02
3.760000000000000231e+00 -2.530917333693490434e+02 2.094411675940142743e+02 -2.530917333693490434e+02 2.074010249988520513e+02
3.800000000000000266e+00 -2.456965168537606132e+02 2.031361258677823116e+02 -2.456965168537606132e+02 2.010478400476432057e+02
3.839999999999999858e+00 -2.382552007250483541e+02 1.967703666529298516e+02 -2.382552007250483541e+02 1.946462332221975373e+02
3.879999999999999893e+00 -2.307842513503042312e+02 1.903592368703278055e+02 -2.307842513503042312e+02 1.882119650519907168e+02
3.919999999999999929e+00 -2.233000479613335756e+02 1.839182750455079258e+02 -2.233000479613335756e+02 1.817609156217657187e+02
3.959999999999999964e+00 -2.158187915235515391e+02 1.774631100594527595e+02 -2.158187915235515391e+02 1.753089738340892154e+02
4.000000000000000000e+00 -2.083564152246257493e+02 1.710093564770680530e+02 -2.083564152246257493e+02 1.688719231102528227e+02
4.040000000000000036e+00 -2.009284974784105771e+02 1.645725077865317587e+02 -2.009284974784105771e+02 1.624653280340646404e+02
4.080000000000000071e+00 -1.935501782997938847e+02 1.581678290127734385e+02 -1.935501782997938847e+02 1.561044237621968307e+02
4.120000000000000107e+00 -1.862360798951193885e+02 1.518102502631298023e+02 -1.862360798951193885e+02 1.498040050528940981e+02
4.160000000000000142e+00 -1.790002322946963886e+02 1.455142628000604930e+02 -1.790002322946963886e+02 1.435783200268417943e+02
4.200000000000000178e+00 -1.718560047487388829e+02 1.392938192395110661e+02 -1.718560047487388829e+02 1.374409726036981283e+02
4.240000000000000213e+00 -1.648160435822765919e+02 1.331622394579910917e+02 -1.648160435822765919e+02 1.314048309200861979e+02
4.280000000000000249e+00 -1.578922171088311188e+02 1.271321236577262823e+02 -1.578922171088311188e+02 1.254819440231515841e+02
4.320000000000000284e+00 -1.510955680784191202e+02 1.212152739424192305e+02 -1.510955680784191202e+02 1.196834701647131425e+02
4.360000000000000320e+00 -1.444362740662683393e+02 1.154226255700000081e+02 -1.444362740662683393e+02 1.140196174356427150e+02
4.400000000000000355e+00 -1.379236160577710280e+02 1.097641888415671332e+02 -1.379236160577710280e+02 1.084995951029100354e+02
4.440000000000000391e+00 -1.315659553990938946e+02 1.042490023543076632e+02 -1.315659553990938946e+02 1.031315769400117262e+02
4.480000000000000426e+00 -1.253707191131847480e+02 9.888509809604603618e+01 -1.253707191131847480e+02 9.792267871637824328e+01
4.520000000000000462e+00 -1.193443935160972842e+02 9.367947860247780056e+01 -1.193443935160972842e+02 9.287894801261799671e+01
4.560000000000000497e+00 -1.134925258976683295e+02 8.863810612084117224e+01 -1.134925258976683295e+02 8.800536631246698960e+01
4.600000000000000533e+00 -1.078197339460110840e+02 8.376590353765143959e+01 -1.078197339460110840e+02 8.330586180410197983e+01
4.639999999999999680e+00 -1.023297224964757248e+02 7.906676649554812286e+01 -1.023297224964757248e+02 7.878333464334407665e+01
4.679999999999999716e+00 -9.702530707941417631e+01 7.454358602440986203e+01 -9.702530707941417631e+01 7.443968803082130137e+01
4.719999999999999751e+00 -9.190844366347569405e+01 7.019828077576877945e+01 -9.190844366347569405e+01 7.027587868484393141e+01
4.759999999999999787e+00 -8.698026395103056529e+01 6.603183783027030529e+01 -8.698026395103056529e+01 6.629195945658820222e+01
4.799999999999999822e+00 -8.224111551882850790e+01 6.204436094231071763e+01 -8.224111551882850790e+01 6.248714021119194229e+01
4.839999999999999858e+00 -7.769060603963373524e+01 5.823512502026827065e+01 -7.769060603963373524e+01 5.885984934503422039e+01
4.879999999999999893e+00 -7.332765087438370699e+01 5.460263560635748803e+01 -7.332765087438370699e+01 5.540779920339839748e+01
4.919999999999999929e+00 -6.915052326587878895e+01 5.114469212982993440e+01 -6.915052326587878895e+01 5.212805388132923667e+01
4.959999999999999964e+00 -6.515690642383168552e+01 4.785845372874774739e+01 -6.515690642383168552e+01 4.901709884532024830e+01
5.000000000000000000e+00 -6.134394664554576337e+01 4.474050650409078145e+01 -6.134394664554576337e+01 4.607091063576383760e+01
5.040000000000000036e+00 -5.770830721670267849e+01 4.178693114446294743e+01 -5.770830721670267849e+01 4.328502580291446833e+01
5.080000000000000071e+00 -5.424622158941922834e+01 3.899336995429532493e+01 -5.424622158941922834e+01 4.065460771921982541e+01
5.120000000000000107e+00 -5.095354660707499050e+01 3.635509243007412294e+01 -5.095354660707499050e+01 3.817451167784722799e+01
5.160000000000000142e+00 -4.782581392442963164e+01 3.386705864114248499e+01 -4.782581392442963164e+01 3.583934679235323983e+01
5.200000000000000178e+00 -4.485828000181628994e+01 3.152397979296027231e+01 -4.485828000181628994e+01 3.364353433483111644e+01
5.240000000000000213e+00 -4.204597401415677638e+01 2.932037546066132450e+01 -4.204597401415677638e+01 3.158136190403477528e+01
5.280000000000000249e+00 -3.938374338659911444e+01 2.725062711049709563e+01 -3.938374338659911444e+01 2.964703401564909413e+01
5.320000000000000284e+00 -3.686629672912422251e+01 2.530902761464983897e+01 -3.686629672912422251e+01 2.783471783135205868e+01
5.360000000000000320e+00 -3.448824394803853721e+01 2.348982658100898746e+01 -3.448824394803853721e+01 2.613858479061460116e+01
5.400000000000000355e+00 -3.224413343003195820e+01 2.178727140227164938e+01 -3.224413343003195820e+01 2.455284779416404106e+01
5.440000000000000391e+00 -3.012848620186006698e+01 2.019564400900005552e+01 -3.012848620186006698e+01 2.307179332436419372e+01
5.480000000000000426e+00 -2.813582704248740285e+01 1.870929338562648425e+01 -2.813582704248740285e+01 2.168981092829162094e+01
5.520000000000000462e+00 -2.626071254969770408e+01 1.732266395881396903e+01 -2.626071254969770408e+01 2.040141668267439812e+01
5.560000000000000497e+00 -2.449775621734583808e+01 1.603032002249756971e+01 -2.449775621734583808e+01 1.920127450213301046e+01
5.600000000000000533e+00 -2.284165061048772216e+01 1.482696640167126034e+01 -2.284165061048772216e+01 1.808421251198136659e+01
5.639999999999999680e+00 -2.128718672532457745e+01 1.370746557845543556e+01 -2.128718672532457745e+01 1.704523718907278607e+01
5.679999999999999716e+00 -1.982927068477551913e+01 1.266685153237565054e+01 -1.982927068477551913e+01 1.607954347682744967e+01
5.719999999999999751e+00 -1.846293790196076756e+01 1.170034056052644367e+01 -1.846293790196076756e+01 1.518252286724444744e+01
5.759999999999999787e+00 -1.718336487493413145e+01 1.080333933686460135e+01 -1.718336487493413145e+01 1.434976837802076943e+01
5.799999999999999822e+00 -1.598587877878278540e+01 9.971450488264277823e+00 -1.598587877878278540e+01 1.357707753101528070e+01
5.839999999999999858e+00 -1.486596501899244771e+01 9.200475944527529037e+00 -1.486596501899244771e+01 1.286045416886663872e+01
5.879999999999999893e+00 -1.381927292957090891e+01 8.486418328192096183e+00 -1.381927292957090891e+01 1.219610590691511653e+01
5.919999999999999929e+00 -1.284161977918086173e+01 7.825480617390907945e+00 -1.284161977918086173e+01 1.158044365261112318e+01
5.959999999999999964e+00 -1.192899325408752453e+01 7.214064327569584378e+00 -1.192899325408752453e+01 1.101007734578208641e+01
6.000000000000000000e+00 -1.107755257995027343e+01 6.648766420450820114e+00 -1.107755257995027343e+01 1.048181151342583561e+01
6.040000000000000036e+00 -1.028362844234646545e+01 6.126375147894083995e+00 -1.028362844234646545e+01 9.992639849348618597e+00
6.080000000000000071e+00 -9.543721848598767821e+00 5.643865012448343599e+00 -9.543721848598767821e+00 9.539738943880738731e+00
6.120000000000000107e+00 -8.854502069136655606e+00 5.198391015206707877e+00 -8.854502069136655606e+00 9.120462035363566144e+00
6.160000000000000142e+00 -8.212803799670618687e+00 4.787282342688795822e+00 -8.212803799670618687e+00 8.732331274110368469e+00
6.200000000000000178e+00 -7.615623646311803441e+00 4.408035629284015045e+00 -7.615623646311803441e+00 8.373030962904927321e+00
6.240000000000000213e+00 -7.060116060719352049e+00 4.058307915779582054e+00 -7.060116060719352049e+00 8.040399693936500114e+00
6.280000000000000249e+00 -6.543588816087608784e+00 3.735909409385031577e+00 -6.543588816087608784e+00 7.732422708629300701e+00
6.320000000000000284e+00 -6.063498123279455143e+00 3.438796138007720327e+00 -6.063498123279455143e+00 7.447224555336427798e+00
6.360000000000000320e+00 -5.617443461364186597e+00 3.165062578666079762e+00 -5.617443461364186597e+00 7.183061149472543150e+00
6.400000000000000355e+00 -5.203162205481979719e+00 2.912934326636223314e+00 -5.203162205481979719e+00 6.938312487970076603e+00
6.440000000000000391e+00 -4.818524109988070236e+00 2.680760863210408296e+00 -4.818524109988070236e+00 6.711475455329376949e+00
6.480000000000000426e+00 -4.461525709935107109e+00 2.467008468369802809e+00 -4.461525709935107109e+00 6.501156571776753879e+00
6.520000000000000462e+00 -4.130284687151740464e+00 2.270253317312891372e+00 -4.130284687151740464e+00 6.306065481967355169e+00
6.560000000000000497e+00 -3.823034250777419985e+00 2.089174791728728220e+00 -3.823034250777419985e+00 6.125007761611668045e+00
6.600000000000000533e+00 -3.538117561612146300e+00 1.922549028452527953e+00 -3.538117561612146300e+00 5.956879272816903992e+00
6.640000000000000568e+00 -3.273982241410916760e+00 1.769242724303250247e+00 -3.273982241410916760e+00 5.800659725155008495e+00
6.679999999999999716e+00 -3.029174984915216751e+00 1.628207208894210556e+00 -3.029174984915216751e+00 5.655407009407343644e+00
6.719999999999999751e+00 -2.802336305059976329e+00 1.498472793332670250e+00 -2.802336305059976329e+00 5.520252001488756832e+00
6.759999999999999787e+00 -2.592195422942573657e+00 1.379143398959096212e+00 -2.592195422942573657e+00 5.394393007427431108e+00
6.799999999999999822e+00 -2.397565319827651642e+00 1.269391466595132245e+00 -2.397565319827651642e+00 5.277091184791136591e+00
6.839999999999999858e+00 -2.217337962502928139e+00 1.168453144416399025e+00 -2.217337962502928139e+00 5.167665855960978938e+00
6.879999999999999893e+00 -2.050479707854886424e+00 1.075623749928996675e+00 -2.050479707854886424e+00 5.065490433877290144e+00
6.919999999999999929e+00 -1.896026894865256773e+00 9.902535000400227716e-01 -1.896026894865256773e+00 4.969988049873780511e+00
6.959999999999999964e+00 -1.753081623494545438e+00 9.117435014241742630e-01 -1.753081623494545438e+00 4.880627504128608685e+00
7.000000000000000000e+00 -1.620807729285563825e+00 8.395419924798857014e-01 -1.620807729285563825e+00 4.796922414494153131e+00
7.040000000000000036e+00 -1.498426940361016868e+00 7.731408271994127945e-01 -1.498426940361016868e+00 4.718422351646515800e+00
7.080000000000000071e+00 -1.385215230644585738e+00 7.120721906062652540e-01 -1.385215230644585738e+00 4.644715489509472661e+00
7.120000000000000107e+00 -1.280499355069617540e+00 6.559055351910233478e-01 -1.280499355069617540e+00 4.575422822186661520e+00
7.160000000000000142e+00 -1.183653567186418121e+00 6.042447273917760375e-01 -1.183653567186418121e+00 4.510196211661415155e+00
7.200000000000000178e+00 -1.094096515493814037e+00 5.567253931201656680e-01 -1.094096515493814037e+00 4.448715851366184637e+00
7.240000000000000213e+00 -1.011288310931482970e+00 5.130124514477660824e-01 -1.011288310931482970e+00 4.390687988477164794e+00
7.280000000000000249e+00 -9.347277613975902844e-01 4.727978255969436661e-01 -9.347277613975902844e-01 4.335843148037777262e+00
7.320000000000000284e+00 -8.639497674844557329e-01 4.357983208086348981e-01 -8.639497674844557329e-01 4.283933595058711852e+00
7.360000000000000320e+00 -7.985228706189152481e-01 4.017536585144314554e-01 -7.985228706189152481e-01 4.234732047747368000e+00
7.400000000000000355e+00 -7.380469514703618117e-01 3.704246573713793067e-01 -7.380469514703618117e-01 4.188029862970990891e+00
7.440000000000000391e+00 -6.821510676074463708e-01 3.415915512005903154e-01 -6.821510676074463708e-01 4.143635540854534227e+00
7.480000000000000426e+00 -6.304914270737932425e-01 3.150524348579487044e-01 -6.304914270737932425e-01 4.101373166382585644e+00
7.520000000000000462e+00 -5.827494886384952943e-01 2.906218293587571333e-01 -5.827494886384952943e-01 4.061081403493426834e+00
7.560000000000000497e+00 -5.386301855960637930e-01 2.681293579253406500e-01 -5.386301855960637930e-01 4.022612074511947355e+00
7.600000000000000533e+00 -4.978602618343037078e-01 2.474185251596983381e-01 -4.978602618343037078e-01 3.985829161251326802e+00
7.640000000000000568e+00 -4.601867213605333462e-01 2.283455919212159790e-01 -4.601867213605333462e-01 3.950607873495537437e+00
7.679999999999999716e+00 -4.253753754424243749e-01 2.107785389753976946e-01 -4.253753754424243749e-01 3.916833338472279991e+00
7.719999999999999751e+00 -3.932094906493290853e-01 1.945961128379369576e-01 -3.932094906493290853e-01 3.884400421755293653e+00
7.759999999999999787e+00 -3.634885270462261952e-01 1.796869476958481704e-01 -3.634885270462261952e-01 3.853212320907545063e+00
7.799999999999999822e+00 -3.360269622155660496e-01 1.659487576637873607e-01 -3.360269622155660496e-01 3.823180205453168945e+00
7.839999999999999858e+00 -3.106531967422016538e-01 1.532875940342753041e-01 -3.106531967422016538e-01 3.794222442524371797e+00
7.879999999999999893e+00 -2.872085344272471419e-01 1.416171624864498435e-01 -2.872085344272471419e-01 3.766264072865748158e+00
7.919999999999999929e+00 -2.655462350133248606e-01 1.308581956323837114e-01 -2.655462350133248606e-01 3.739236013268474768e+00
7.959999999999999964e+00 -2.455306321670476521e-01 1.209378765845811610e-01 -2.455306321670476521e-01 3.713074893128376353e+00
8.000000000000000000e+00 -2.270363145421694373e-01 1.117893094820023442e-01 -2.270363145421694373e-01 3.687722514253910067e+00
8.040000000000000924e+00 -2.099473650227073884e-01 1.033510333202671411e-01 -2.099473650227073884e-01 3.663125113868344496e+00
8.080000000000000071e+00 -1.941566539302870265e-01 9.556657557812703319e-02 -1.941566539302870265e-01 3.639233358540691299e+00
8.120000000000000995e+00 -1.795651831510804985e-01 8.838404249758585740e-02 -1.795651831510804985e-01 3.616001694330669203e+00
8.160000000000000142e+00 -1.660814782820369817e-01 8.175574302073027044e-02 -1.660814782820369817e-01 3.593388667295784877e+00
8.199999999999999289e+00 -1.536210246031410043e-01 7.563784371378141913e-02 -1.536210246031410043e-01 3.571355273697955468e+00
8.240000000000000213e+00 -1.421057430814822442e-01 6.999005212360089045e-02 -1.421057430814822442e-01 3.549866230003606571e+00
8.279999999999999361e+00 -1.314635061995689524e-01 6.477532625651573339e-02 -1.314635061995689524e-01 3.528888642719388624e+00
8.320000000000000284e+00 -1.216276887141334861e-01 5.995960806902997375e-02 -1.216276887141334861e-01 3.508392445357060740e+00
8.359999999999999432e+00 -1.125367516566521536e-01 5.551157896046977902e-02 -1.125367516566521536e-01 3.488349663041614868e+00
8.400000000000000355e+00 -1.041338570783470474e-01 5.140243550553322271e-02 -1.041338570783470474e-01 3.468734583945445316e+00
8.439999999999999503e+00 -9.636651135915914879e-02 4.760568370837380686e-02 -9.636651135915914879e-02 3.449523471991696510e+00
8.480000000000000426e+00 -8.918623519332828653e-02 4.409695029864774130e-02 -8.918623519332828653e-02 3.430694317294511908e+00
8.519999999999999574e+00 -8.254825815934961619e-02 4.085380961826759472e-02 -8.254825815934961619e-02 3.412226865744842907e+00
8.560000000000000497e+00 -7.641123623048827473e-02 3.785562483816493073e-02 -7.641123623048827473e-02 3.394102099099058023e+00
8.599999999999999645e+00 -7.073699036925058803e-02 3.508340229547541461e-02 -7.073699036925058803e-02 3.376302929602598368e+00
8.640000000000000568e+00 -6.549026491403707462e-02 3.251965786766725791e-02 -6.549026491403707462e-02 3.358813006392335154e+00
8.679999999999999716e+00 -6.063850433007242358e-02 3.014829439048340165e-02 -6.063850433007242358e-02 3.341617480404199370e+00
8.720000000000000639e+00 -5.615164632682975721e-02 2.795448919253199632e-02 -5.615164632682975721e-02 3.324702452524590068e+00
8.759999999999999787e+00 -5.200193125125989607e-02 2.592459090197398938e-02 -5.200193125125989607e-02 3.308055091574268136e+00
8.800000000000000711e+00 -4.816372565509462883e-02 2.404602476292548585e-02 -4.816372565509462883e-02 3.291663401427974645e+00
8.839999999999999858e+00 -4.461335920262828741e-02 2.230720574559417330e-02 -4.461335920262828741e-02 3.275516324619310193e+00
8.880000000000000782e+00 -4.132897417010261698e-02 2.069745880473738281e-02 -4.132897417010261698e-02 3.259603526364175607e+00
8.919999999999999929e+00 -3.829038629725207282e-02 1.920694568741592584e-02 -3.829038629725207282e-02 3.243915249492088204e+00
8.960000000000000853e+00 -3.547895632810293964e-02 1.782659774661777066e-02 -3.547895632810293964e-02 3.228442755415149357e+00
9.000000000000000000e+00 -3.287747136128416764e-02 1.654805426458308762e-02 -3.287747136128416764e-02 3.213177524785189476e+00
9.040000000000000924e+00 -3.047003524625903001e-02 1.536360581973571920e-02 -3.047003524625903001e-02 3.198111784117152911e+00
9.080000000000000071e+00 -2.824196740807854641e-02 1.426614228503236478e-02 -2.824196740807854641e-02 3.183238274175697935e+00
9.120000000000000995e+00 -2.617970948428887182e-02 1.324910506762177163e-02 -2.617970948428887182e-02 3.168550107011665062e+00
9.160000000000000142e+00 -2.427073893993968168e-02 1.230644324315735734e-02 -2.427073893993968168e-02 3.154040971431195661e+00
9.200000000000001066e+00 -2.250348956213743534e-02 1.143257325595256786e-02 -2.250348956213743534e-02 3.139704859418353422e+00
9.240000000000000213e+00 -2.086727792679562640e-02 1.062234189265185563e-02 -2.086727792679562640e-02 3.125536185028056746e+00
9.279999999999999361e+00 -1.935223552564268104e-02 9.870992258271650902e-03 -1.935223552564268104e-02 3.111529868355792594e+00
9.320000000000000284e+00 -1.794924615539801593e-02 9.174132508863275942e-03 -1.794924615539801593e-02 3.097680403407486516e+00
9.359999999999999432e+00 -1.664988808460009240e-02 8.527707105583941585e-03 -1.664988808460009240e-02 3.083983670476629246e+00
9.400000000000000355e+00 -1.544638074650950266e-02 7.927970389427200018e-03 -1.544638074650950266e-02 3.070435183104863963e+00
9.439999999999999503e+00 -1.433153546939036453e-02 7.371462285008416673e-03 -1.433153546939036453e-02 3.057030745966809793e+00
9.480000000000000426e+00 -1.329871003233361847e-02 6.854985954040333784e-03 -1.329871003233361847e-02 3.043766477167655360e+00
9.519999999999999574e+00 -1.234176673847957144e-02 6.375587241196346150e-03 -1.234176673847957144e-02 3.030638746078121670e+00
9.560000000000000497e+00 -1.145503369014879737e-02 5.930535765618216194e-03 -1.145503369014879737e-02 3.017644020798320614e+00
9.599999999999999645e+00 -1.063326907995983638e-02 5.517307524722691453e-03 -1.063326907995983638e-02 3.004779024101939644e+00
9.640000000000000568e+00 -9.871628236889001817e-03 5.133568881370158092e-03 -9.871628236889001817e-03 2.992040653027697061e+00
9.679999999999999716e+00 -9.165633101218600629e-03 4.777161825221444384e-03 -9.165633101218600629e-03 2.979425939976550808e+00
9.720000000000000639e+00 -8.511144407988476338e-03 4.446090409496515454e-03 -8.511144407988476338e-03 2.966932092553519418e+00
9.759999999999999787e+00 -7.904335559663903943e-03 4.138508257249625191e-03 -7.904335559663903943e-03 2.954556400495085722e+00
9.800000000000000711e+00 -7.341668634575037461e-03 3.852707054388513144e-03 -7.341668634575037461e-03 2.942296342888217620e+00
9.839999999999999858e+00 -6.819872472393438863e-03 3.587105957677974837e-03 -6.819872472393438863e-03 2.930149509974296684e+00
9.880000000000000782e+00 -6.335922383969023151e-03 3.340241830440667924e-03 -6.335922383969023151e-03 2.918113578250618456e+00
9.919999999999999929e+00 -5.887021161338855564e-03 3.110760247266661747e-03 -5.887021161338855564e-03 2.906186292829659568e+00
9.960000000000000853e+00 -5.470581831697080531e-03 2.897407205086245576e-03 -5.470581831697080531e-03 2.894365604113803947e+00
1.000000000000000000e+01 -5.084211591545715128e-03 2.699021482287379536e-03 -5.084211591545715128e-03 2.882649498175052116e+00
1.004000000000000092e+01 -4.725697061643863682e-03 2.514527592424027277e-03 -4.725697061643863682e-03 2.871035994643790890e+00
1.008000000000000007e+01 -4.392990625540966511e-03 2.342929293988976931e-03 -4.392990625540966511e-03 2.859523269364880438e+00
1.012000000000000099e+01 -4.084197835982867480e-03 2.183303592199258101e-03 -4.084197835982867480e-03 2.848109507468014723e+00
1.016000000000000014e+01 -3.797565794310550635e-03 2.034795218370795671e-03 -3.797565794310550635e-03 2.836792998018001999e+00
1.020000000000000107e+01 -3.531472395952145547e-03 1.896611530199237899e-03 -3.531472395952145547e-03 2.825572156306461746e+00
1.024000000000000021e+01 -3.284416429445994462e-03 1.768017807706382880e-03 -3.284416429445994462e-03 2.814445327142693021e+00
1.027999999999999936e+01 -3.055008425159836272e-03 1.648332911599516325e-03 -3.055008425159836272e-03 2.803410977111009839e+00
1.032000000000000028e+01 -2.841962203408991434e-03 1.536925275437277119e-03 -2.841962203408991434e-03 2.792467677079994104e+00
1.035999999999999943e+01 -2.644087078424926102e-03 1.433209205210216617e-03 -2.644087078424926102e-03 2.781613972991932027e+00
1.040000000000000036e+01 -2.460280641720909937e-03 1.336641462946227101e-03 -2.460280641720909937e-03 2.770848500800907388e+00
1.043999999999999950e+01 -2.289522114255851306e-03 1.246718110857488295e-03 -2.289522114255851306e-03 2.760169852450574446e+00
1.048000000000000043e+01 -2.130866198471588913e-03 1.162971596217337493e-03 -2.130866198471588913e-03 2.749576902784823584e+00
1.051999999999999957e+01 -1.983437402063605720e-03 1.084968058133095299e-03 -1.983437402063605720e-03 2.739068244055856916e+00
1.056000000000000050e+01 -1.846424795905966289e-03 1.012304838857544086e-03 -1.846424795905966289e-03 2.728642764334153537e+00
1.059999999999999964e+01 -1.719077166444429915e-03 9.446081836310672676e-04 -1.719077166444429915e-03 2.718299198858123322e+00
1.064000000000000057e+01 -1.600698542896012225e-03 8.815311143006625359e-04 -1.600698542896012225e-03 2.708036485529610182e+00
1.067999999999999972e+01 -1.490644062393786488e-03 8.227514635958000245e-04 -1.490644062393786488e-03 2.697853446208209771e+00
1.072000000000000064e+01 -1.388316147919637158e-03 7.679700572052742440e-04 -1.388316147919637158e-03 2.687749047650674683e+00
1.075999999999999979e+01 -1.293160979077035604e-03 7.169090326340952449e-04 -1.293160979077035604e-03 2.677722242990036250e+00
1.080000000000000071e+01 -1.204665228955872002e-03 6.693102838610459973e-04 -1.204665228955872002e-03 2.667771947308116953e+00
1.083999999999999986e+01 -1.122353048952598464e-03 6.249340225948332890e-04 -1.122353048952598464e-03 2.657897224101988698e+00
1.088000000000000078e+01 -1.045783280858670955e-03 5.835574468013001240e-04 -1.045783280858670955e-03 2.648097079058516545e+00
1.091999999999999993e+01 -9.745468800745640770e-04 5.449735084453401126e-04 -9.745468800745640770e-04 2.638370566881864665e+00
1.096000000000000085e+01 -9.082645341663246608e-04 5.089897729745221193e-04 -9.082645341663246608e-04 2.628716761560123238e+00
1.100000000000000000e+01 -8.465844604910321850e-04 4.754273632512818104e-04 -8.465844604910321850e-04 2.619134722597938225e+00
1.104000000000000092e+01 -7.891803698973354209e-04 4.441199819104357533e-04 -7.891803698973354209e-04 2.609623615708169808e+00
1.108000000000000007e+01 -7.357495819820140731e-04 4.149130057005551977e-04 -7.357495819820140731e-04 2.600182570416321504e+00
1.112000000000000099e+01 -6.860112856729217758e-04 3.876626468488168493e-04 -6.860112856729217758e-04 2.590810691226919982e+00
1.116000000000000014e+01 -6.397049270888315389e-04 3.622351760114915996e-04 -6.397049270888315389e-04 2.581507235004350420e+00
1.120000000000000107e+01 -5.965887193252343611e-04 3.385062023717874875e-04 -5.965887193252343611e-04 2.572271290471386695e+00
1.124000000000000021e+01 -5.564382646151320262e-04 3.163600064973635332e-04 -5.564382646151320262e-04 2.563102140142375696e+00
1.127999999999999936e+01 -5.190452776817139824e-04 2.956889219865544913e-04 -5.190452776817139824e-04 2.553998984969659158e+00
1.132000000000000028e+01 -4.842164074376984211e-04 2.763927622933252839e-04 -4.842164074376984211e-04 2.544961029539981823e+00
1.135999999999999943e+01 -4.517721429877629845e-04 2.583782893326737307e-04 -4.517721429877629845e-04 2.535987618273766397e+00
1.140000000000000036e+01 -4.215458036804090101e-04 2.415587206389015597e-04 -4.215458036804090101e-04 2.527077937589993439e+00
1.143999999999999950e+01 -3.933826041958537849e-04 2.258532725047613309e-04 -3.933826041958537849e-04 2.518231261397687604e+00
1.148000000000000043e+01 -3.671387866862150661e-04 2.111867360080411688e-04 -3.671387866862150661e-04 2.509446918556353712e+00
1.151999999999999957e+01 -3.426808210406965226e-04 1.974890838294400726e-04 -3.426808210406965226e-04 2.500724208481202471e+00
1.156000000000000050e+01 -3.198846607347711926e-04 1.846951054014272435e-04 -3.198846607347711926e-04 2.492062466641594032e+00
1.159999999999999964e+01 -2.986350567913998734e-04 1.727440683535873148e-04 -2.986350567913998734e-04 2.483460926960355142e+00
1.164000000000000057e+01 -2.788249199220163284e-04 1.615794042970993721e-04 -2.788249199220163284e-04 2.474919146861259023e+00
1.167999999999999972e+01 -2.603547317596301256e-04 1.511484171779640322e-04 -2.603547317596301256e-04 2.466436297160821134e+00
1.172000000000000064e+01 -2.431319980557247360e-04 1.414020125047744773e-04 -2.431319980557247360e-04 2.458011801367486981e+00
1.175999999999999979e+01 -2.270707427966095731e-04 1.322944459536926521e-04 -2.270707427966095731e-04 2.449645013073681099e+00
1.180000000000000071e+01 -2.120910394235882540e-04 1.237830899079361076e-04 -2.120910394235882540e-04 2.441335338889950801e+00
1.183999999999999986e+01 -1.981185762512476499e-04 1.158282166306396450e-04 -1.981185762512476499e-04 2.433082189662870043e+00
1.188000000000000078e+01 -1.850842537852948543e-04 1.083927968789592919e-04 -1.850842537852948543e-04 2.424884915605729052e+00
1.191999999999999993e+01 -1.729238117301107108e-04 1.014423127845172899e-04 -1.729238117301107108e-04 2.416742997391109427e+00
1.196000000000000085e+01 -1.615774827844630572e-04 9.494458401914888251e-05 -1.615774827844630572e-04 2.408655854038819655e+00
1.200000000000000000e+01 -1.509896721512495358e-04 8.886960624247750289e-05 -1.509896721512495358e-04 2.400622862066248420e+00
1.204000000000000092e+01 -1.411086600843654542e-04 8.318940096906862292e-05 -1.411086600843654542e-04 2.392643514545798489e+00
1.208000000000000007e+01 -1.318863261558070646e-04 7.787787600985338814e-05 -1.318863261558070646e-04 2.384717266608724184e+00
1.212000000000000099e+01 -1.232778936000103996e-04 7.291069574776490683e-05 -1.232778936000103996e-04 2.376843536764915221e+00
1.216000000000000014e+01 -1.152416921437018666e-04 6.826516050052091190e-05 -1.152416921437018666e-04 2.369021820927137423e+00
1.220000000000000107e+01 -1.077389379119592024e-04 6.392009440212589834e-05 -1.077389379119592024e-04 2.361251592901964180e+00
1.224000000000000021e+01 -1.007335294173503310e-04 5.985574100095172184e-05 -1.007335294173503310e-04 2.353532326757232784e+00
1.228000000000000114e+01 -9.419185815638301098e-05 5.605366637110269354e-05 -9.419185815638301098e-05 2.345863516211584177e+00
1.232000000000000028e+01 -8.808263286702490023e-05 5.249666878188227731e-05 -8.808263286702490023e-05 2.338244666699573759e+00
1.235999999999999943e+01 -8.237671648007401277e-05 4.916869475499164276e-05 -8.237671648007401277e-05 2.330675294461702407e+00
1.240000000000000036e+01 -7.704697467775044979e-05 4.605476094673559848e-05 -7.704697467775044979e-05 2.323154885463174502e+00
1.243999999999999950e+01 -7.206813545398129881e-05 4.314088144894161116e-05 -7.206813545398129881e-05 2.315682952263655725e+00
1.248000000000000043e+01 -6.741665861960346887e-05 4.041400013387784295e-05 -6.741665861960346887e-05 2.308259046192730590e+00
1.251999999999999957e+01 -6.307061468825127194e-05 3.786192767694794337e-05 -6.307061468825127194e-05 2.300882693719537908e+00
1.256000000000000050e+01 -5.900957238826408895e-05 3.547328293420903145e-05 -5.900957238826408895e-05 2.293553416812963874e+00
1.259999999999999964e+01 -5.521449422219471432e-05 3.323743836306415763e-05 -5.521449422219471432e-05 2.286270788875342408e+00
1.264000000000000057e+01 -5.166763942097716352e-05 3.114446920147862625e-05 -5.166763942097716352e-05 2.279034340442441575e+00
1.267999999999999972e+01 -4.835247381990623712e-05 2.918510614485391567e-05 -4.835247381990623712e-05 2.271843616281594702e+00
1.272000000000000064e+01 -4.525358610714978123e-05 2.735069126850911658e-05 -4.525358610714978123e-05 2.264698224966048112e+00
1.275999999999999979e+01 -4.235661004646013088e-05 2.563313697538457015e-05 -4.235661004646013088e-05 2.257597707962662792e+00
1.280000000000000071e+01 -3.964815214568898218e-05 2.402488775257139464e-05 -3.964815214568898218e-05 2.250541639982833519e+00
1.283999999999999986e+01 -3.711572447260066417e-05 2.251888454114403564e-05 -3.711572447260066417e-05 2.243529581531932049e+00
1.288000000000000078e+01 -3.474768218207351670e-05 2.110853153885738819e-05 -3.474768218207351670e-05 2.236561141892207782e+00
1.291999999999999993e+01 -3.253316547473824298e-05 1.978766526458912970e-05 -3.253316547473824298e-05 2.229635916456903733e+00
1.296000000000000085e+01 -3.046204559633874088e-05 1.855052572725156491e-05 -3.046204559633874088e-05 2.222753485921931560e+00
1.300000000000000000e+01 -2.852487464847418830e-05 1.739172955380019437e-05 -2.852487464847418830e-05 2.215913466353526040e+00
1.304000000000000092e+01 -2.671283891284298242e-05 1.630624494089343406e-05 -2.671283891284298242e-05 2.209115456005697364e+00
1.308000000000000007e+01 -2.501771544267747738e-05 1.528936830273657741e-05 -2.501771544267747738e-05 2.202359058986971707e+00
1.312000000000000099e+01 -2.343183168226373747e-05 1.433670249862166019e-05 -2.343183168226373747e-05 2.195643911227656453e+00
1.316000000000000014e+01 -2.194802789795313023e-05 1.344413653177803895e-05 -2.194802789795313023e-05 2.188969618436347631e+00
1.320000000000000107e+01 -2.055962223752245727e-05 1.260782661722065474e-05 -2.055962223752245727e-05 2.182335820692125505e+00
1.324000000000000021e+01 -1.926037821100902187e-05 1.182417852403036426e-05 -1.926037821100902187e-05 2.175742113155469060e+00
1.328000000000000114e+01 -1.804447443433843625e-05 1.108983110776457808e-05 -1.804447443433843625e-05 2.169188198951087720e+00
1.332000000000000028e+01 -1.690647645799432211e-05 1.040164094611239000e-05 -1.690647645799432211e-05 2.162673651239294781e+00
1.335999999999999943e+01 -1.584131056027662194e-05 9.756668006979688784e-06 -1.584131056027662194e-05 2.156198142886538882e+00
1.340000000000000036e+01 -1.484423934565505801e-05 9.152162276516043145e-06 -1.484423934565505801e-05 2.149761312844093109e+00
1.343999999999999950e+01 -1.391083902469487700e-05 8.585551280720758009e-06 -1.391083902469487700e-05 2.143362848074339855e+00
1.348000000000000043e+01 -1.303697825942579402e-05 8.054428441108177605e-06 -1.303697825942579402e-05 2.137002365480797028e+00
1.351999999999999957e+01 -1.221879846746603696e-05 7.556542208720501679e-06 -1.221879846746603696e-05 2.130679543446290403e+00
1.356000000000000050e+01 -1.145269547794774353e-05 7.089785919046049508e-06 -1.145269547794774353e-05 2.124394029718521537e+00
1.359999999999999964e+01 -1.073530244311478061e-05 6.652188324782860057e-06 -1.073530244311478061e-05 2.118145510166490109e+00
1.364000000000000057e+01 -1.006347392042710083e-05 6.241904756627828658e-06 -1.006347392042710083e-05 2.111933646299333223e+00
1.367999999999999972e+01 -9.434271047671079785e-06 5.857208870604628000e-06 -9.434271047671079785e-06 2.105758163872062383e+00
1.372000000000000064e+01 -8.844947724121696311e-06 5.496484942700359480e-06 -8.844947724121696311e-06 2.099618676267729800e+00
1.375999999999999979e+01 -8.292937738442477449e-06 5.158220673388235793e-06 -8.292937738442477449e-06 2.093514914618016753e+00
1.380000000000000071e+01 -7.775842769378017865e-06 4.841000467919523725e-06 -7.775842769378017865e-06 2.087446549381227090e+00
1.383999999999999986e+01 -7.291421205759099839e-06 4.543499160546018737e-06 -7.291421205759099839e-06 2.081413266302641230e+00
1.388000000000000078e+01 -6.837577721348281682e-06 4.264476152293099120e-06 -6.837577721348281682e-06 2.075414767778390512e+00
1.391999999999999993e+01 -6.412353560817174083e-06 4.002769934922619223e-06 -6.412353560817174083e-06 2.069451028462109043e+00
1.396000000000000085e+01 -6.013917478274571035e-06 3.757292975518851768e-06 -6.013917478274571035e-06 2.063520936272157158e+00
1.400000000000000000e+01 -5.640557294512305991e-06 3.527026936711239326e-06 -5.640557294512305991e-06 2.057625001145633625e+00
1.404000000000000092e+01 -5.290672011768763949e-06 3.311018210827007318e-06 -5.290672011768763949e-06 2.051762682445895436e+00
1.408000000000000007e+01 -4.962764479188097800e-06 3.108373746728789282e-06 -4.962764479188097800e-06 2.045933725099813749e+00
1.412000000000000099e+01 -4.655434533958998153e-06 2.918257149993977455e-06 -4.655434533958998153e-06 2.040137700341375204e+00
1.416000000000000014e+01 -4.367372612735878577e-06 2.739885037858814807e-06 -4.367372612735878577e-06 2.034374484283573370e+00
1.420000000000000107e+01 -4.097353788521671091e-06 2.572523632522965873e-06 -4.097353788521671091e-06 2.028643738894292614e+00
1.424000000000000021e+01 -3.844232208678749016e-06 2.415485576499860167e-06 -3.844232208678749016e-06 2.022945188586644516e+00
1.428000000000000114e+01 -3.606935903664118768e-06 2.268126955762873435e-06 -3.606935903664118768e-06 2.017278582360805483e+00
1.432000000000000028e+01 -3.384461945300022750e-06 2.129844516330143415e-06 -3.384461945300022750e-06 2.011643636177388395e+00
1.435999999999999943e+01 -3.175871923933940073e-06 2.000073062049019099e-06 -3.175871923933940073e-06 2.006040082060378538e+00
1.440000000000000036e+01 -2.980287731423122751e-06 1.878283021422501313e-06 -2.980287731423122751e-06 2.000467663603727519e+00
1.443999999999999950e+01 -2.796887621883373783e-06 1.763978172117791985e-06 -2.796887621883373783e-06 1.994926123669991780e+00
1.448000000000000043e+01 -2.624902535787401024e-06 1.656693513011863363e-06 -2.624902535787401024e-06 1.989415204063661236e+00
1.451999999999999957e+01 -2.463612666822963664e-06 1.555993273972096157e-06 -2.463612666822963664e-06 1.983934648215943453e+00
1.456000000000000050e+01 -2.312344257265902491e-06 1.461469054398035691e-06 -2.312344257265902491e-06 1.978484219430930446e+00
1.459999999999999964e+01 -2.170466606046449172e-06 1.372738081965176861e-06 -2.170466606046449172e-06 1.973063660555277599e+00
1.464000000000000057e+01 -2.037389272237114818e-06 1.289441583569026632e-06 -2.037389272237114818e-06 1.967672726162467800e+00
1.467999999999999972e+01 -1.912559465172273729e-06 1.211243261421305356e-06 -1.912559465172273729e-06 1.962311160054752257e+00
1.472000000000000064e+01 -1.795459571023105567e-06 1.137827867311703582e-06 -1.795459571023105567e-06 1.956978744843202556e+00
1.475999999999999979e+01 -1.685605054074119958e-06 1.068899868461496789e-06 -1.685605054074119958e-06 1.951675247631401433e+00
1.480000000000000071e+01 -1.582541970150888630e-06 1.004182199087914574e-06 -1.582541970150888630e-06 1.946400390313508533e+00
1.483999999999999986e+01 -1.485845337234131401e-06 9.434150921552170378e-07 -1.485845337234131401e-06 1.941153972336857159e+00
1.488000000000000078e+01 -1.395117098131476000e-06 8.863549860349714232e-07 -1.395117098131476000e-06 1.935935794084151951e+00
1.491999999999999993e+01 -1.309984420988665936e-06 8.327735012499759460e-07 -1.309984420988665936e-06 1.930745580346831192e+00
1.496000000000000085e+01 -1.230098076465388163e-06 7.824564823962118671e-07 -1.230098076465388163e-06 1.925583127188507548e+00
1.500000000000000000e+01 -1.155130921738747197e-06 7.352031018544413007e-07 -1.155130921738747197e-06 1.920448206511360389e+00
1.504000000000000092e+01 -1.084776482986009455e-06 6.908250203138446991e-07 -1.084776482986009455e-06 1.915340587471131339e+00
1.508000000000000007e+01 -1.018747630508758130e-06 6.491456008078206022e-07 -1.018747630508758130e-06 1.910260098781773719e+00
1.512000000000000099e+01 -9.567753401475882966e-07 6.099991734972925675e-07 -9.567753401475882966e-07 1.905206474540657391e+00
1.516000000000000014e+01 -8.986075352921367694e-07 5.732303462052629132e-07 -8.986075352921367694e-07 1.900179527319947770e+00
1.520000000000000107e+01 -8.440080039145344923e-07 5.386933597415537048e-07 -8.440080039145344923e-07 1.895179020978561280e+00
1.524000000000000021e+01 -7.927553860336043425e-07 5.062514838058868427e-07 -7.927553860336043425e-07 1.890204772451995696e+00
1.528000000000000114e+01 -7.446422268867704435e-07 4.757764512909197983e-07 -7.446422268867704435e-07 1.885256571155974337e+00
1.532000000000000028e+01 -6.994740911657182570e-07 4.471479284932390692e-07 -6.994740911657182570e-07 1.880334224665815013e+00
1.535999999999999943e+01 -6.570687347134118126e-07 4.202530188745133533e-07 -6.570687347134118126e-07 1.875437491676701818e+00
1.540000000000000036e+01 -6.172553296667560197e-07 3.949857982915058817e-07 -6.172553296667560197e-07 1.870566199885969727e+00
1.543999999999999950e+01 -5.798737396116163137e-07 3.712468795898177345e-07 -5.798737396116163137e-07 1.865720159636961251e+00
1.548000000000000043e+01 -5.447738413310190305e-07 3.489430047287863979e-07 -5.447738413310190305e-07 1.860899165189398685e+00
1.551999999999999957e+01 -5.118148903983808028e-07 3.279866626674640028e-07 -5.118148903983808028e-07 1.856103028173560210e+00
1.556000000000000050e+01 -4.808649274218793292e-07 3.082957313368681268e-07 -4.808649274218793292e-07 1.851331532506329092e+00
1.559999999999999964e+01 -4.518002225157018423e-07 2.897931422801328194e-07 -4.518002225157018423e-07 1.846584519726300222e+00
1.564000000000000057e+01 -4.245047553163769303e-07 2.724065661221359299e-07 -4.245047553163769303e-07 1.841861790086753548e+00
1.567999999999999972e+01 -3.988697283629544552e-07 2.560681185087460322e-07 -3.988697283629544552e-07 1.837163140255063443e+00
1.572000000000000064e+01 -3.747931117467339682e-07 2.407140834923942587e-07 -3.747931117467339682e-07 1.832488420404133844e+00
1.575999999999999979e+01 -3.521792166791376061e-07 2.262846552288966616e-07 -3.521792166791376061e-07 1.827837439090238325e+00
1.580000000000000071e+01 -3.309382964389243572e-07 2.127236954517394244e-07 -3.309382964389243572e-07 1.823209974638766884e+00
1.583999999999999986e+01 -3.109861726993711674e-07 1.999785062337058944e-07 -3.109861726993711674e-07 1.818605908826236517e+00
1.588000000000000078e+01 -2.922438858667283022e-07 1.879996169838675722e-07 -2.922438858667283022e-07 1.814025027510480337e+00
1.591999999999999993e+01 -2.746373673641057488e-07 1.767405847946428549e-07 -2.746373673641057488e-07 1.809467173054567279e+00
1.596000000000000085e+01 -2.580971330538950563e-07 1.661578072654617000e-07 -2.580971330538950563e-07 1.804932156942994803e+00
1.600000000000000000e+01 -2.425579959934738817e-07 1.562103470342535180e-07 -2.425579959934738817e-07 1.800419819537192545e+00
1.603999999999999915e+01 -2.279587975214176151e-07 1.468597672593398706e-07 -2.279587975214176151e-07 1.795929991341751242e+00
1.608000000000000185e+01 -2.142421552590273605e-07 1.380699773871339080e-07 -2.142421552590273605e-07 1.791462473767869934e+00
1.612000000000000099e+01 -2.013542272427798330e-07 1.298070885080532938e-07 -2.013542272427798330e-07 1.787017176461865864e+00
1.616000000000000014e+01 -1.892444909021579849e-07 1.220392777480815235e-07 -1.892444909021579849e-07 1.782593869722902236e+00
1.619999999999999929e+01 -1.778655359819093056e-07 1.147366611020304834e-07 -1.778655359819093056e-07 1.778192393337106880e+00
1.624000000000000199e+01 -1.671728706462732636e-07 1.078711741591855449e-07 -1.671728706462732636e-07 1.773812550639334074e+00
1.628000000000000114e+01 -1.571247397087442624e-07 1.014164602670471750e-07 -1.571247397087442624e-07 1.769454339245312369e+00
1.632000000000000028e+01 -1.476819544492792756e-07 9.534776562416659703e-08 -1.476819544492792756e-07 1.765117430767773055e+00
1.635999999999999943e+01 -1.388077330122234982e-07 8.964184089362080976e-08 -1.388077330122234982e-07 1.760801756298430165e+00
1.639999999999999858e+01 -1.304675509525138108e-07 8.427684891633031282e-08 -1.304675509525138108e-07 1.756507093927589080e+00
1.644000000000000128e+01 -1.226290011257732583e-07 7.923227814212627241e-08 -1.226290011257732583e-07 1.752233354930149201e+00
1.648000000000000043e+01 -1.152616625402303559e-07 7.448886142305765791e-08 -1.152616625402303559e-07 1.747980352778548241e+00
1.651999999999999957e+01 -1.083369769918041838e-07 7.002849983447521435e-08 -1.083369769918041838e-07 1.743747912119300247e+00
1.655999999999999872e+01 -1.018281340668328054e-07 6.583419120335877730e-08 -1.018281340668328054e-07 1.739535997239450626e+00
1.660000000000000142e+01 -9.570996282703265562e-08 6.188996305547440300e-08 -9.570996282703265562e-08 1.735344346027650531e+00
1.664000000000000057e+01 -8.995883059765228340e-08 5.818080970080214405e-08 -8.995883059765228340e-08 1.731172840969463333e+00
1.667999999999999972e+01 -8.455254786535206035e-08 5.469263320595869910e-08 -8.455254786535206035e-08 1.727021351619296707e+00
1.671999999999999886e+01 -7.947027925298762095e-08 5.141218800037958104e-08 -7.947027925298762095e-08 1.722889709555783577e+00
1.676000000000000156e+01 -7.469246002469669393e-08 4.832702890133315459e-08 -7.469246002469669393e-08 1.718777805709319484e+00
1.680000000000000071e+01 -7.020071776625707981e-08 4.542546233612902395e-08 -7.020071776625707981e-08 1.714685474727864589e+00
1.683999999999999986e+01 -6.597779896138165933e-08 4.269650056755287240e-08 -6.597779896138165933e-08 1.710612580920728654e+00
1.687999999999999901e+01 -6.200750017271218305e-08 4.012981873685531290e-08 -6.200750017271218305e-08 1.706559022570663053e+00
1.692000000000000171e+01 -5.827460345325611130e-08 3.771571453893575045e-08 -5.827460345325611130e-08 1.702524574485093645e+00
1.696000000000000085e+01 -5.476481579231297604e-08 3.544507038321212465e-08 -5.476481579231297604e-08 1.698509193563579656e+00
1.700000000000000000e+01 -5.146471233450236233e-08 3.330931786954873982e-08 -5.146471233450236233e-08 1.694512708859039707e+00
1.703999999999999915e+01 -4.836168310675790325e-08 3.130040445338639446e-08 -4.836168310675790325e-08 1.690534959916955238e+00
1.708000000000000185e+01 -4.544388304818485779e-08 2.941076214126236602e-08 -4.544388304818485779e-08 1.686575864073585729e+00
1.712000000000000099e+01 -4.270018513627021845e-08 2.763327811408482879e-08 -4.270018513627021845e-08 1.682635265617250298e+00
1.716000000000000014e+01 -4.012013641814390405e-08 2.596126714657136775e-08 -4.012013641814390405e-08 1.678713036337654785e+00
1.719999999999999929e+01 -3.769391676058074085e-08 2.438844571300123233e-08 -3.769391676058074085e-08 1.674809047444116406e+00
1.724000000000000199e+01 -3.541230012477933123e-08 2.290890767892765882e-08 -3.541230012477933123e-08 1.670923181748220410e+00
1.728000000000000114e+01 -3.326661826832719326e-08 2.151710147880881157e-08 -3.326661826832719326e-08 1.667055303328777827e+00
1.732000000000000028e+01 -3.124872665088192390e-08 2.020780868684893165e-08 -3.124872665088192390e-08 1.663205287607127048e+00
1.735999999999999943e+01 -2.935097248502067107e-08 1.897612389926958176e-08 -2.935097248502067107e-08 1.659373025745773722e+00
1.740000000000000213e+01 -2.756616465029965827e-08 1.781743584487238758e-08 -2.756616465029965827e-08 1.655558324719290431e+00
1.744000000000000128e+01 -2.588754560074662382e-08 1.672740964448207720e-08 -2.588754560074662382e-08 1.651761209520356433e+00
1.748000000000000043e+01 -2.430876487919628086e-08 1.570197016394948798e-08 -2.430876487919628086e-08 1.647981454618057784e+00
1.751999999999999957e+01 -2.282385430614781275e-08 1.473728636508239042e-08 -2.282385430614781275e-08 1.644218923199921356e+00
1.755999999999999872e+01 -2.142720468122063234e-08 1.382975663454309606e-08 -2.142720468122063234e-08 1.640473552309127836e+00
1.760000000000000142e+01 -2.011354389582308120e-08 1.297599499013183944e-08 -2.011354389582308120e-08 1.636745223882312805e+00
1.764000000000000057e+01 -1.887791640037772559e-08 1.217281813787582018e-08 -1.887791640037772559e-08 1.633033763240056890e+00
1.767999999999999972e+01 -1.771566390388758180e-08 1.141723331975763461e-08 -1.771566390388758180e-08 1.629339118887489057e+00
1.771999999999999886e+01 -1.662240725231731323e-08 1.070642690250835620e-08 -1.662240725231731323e-08 1.625661146183611683e+00
1.776000000000000156e+01 -1.559402942643032307e-08 1.003775366768940498e-08 -1.559402942643032307e-08 1.621999730632636361e+00
1.780000000000000071e+01 -1.462665952797220416e-08 9.408726757760280772e-09 -1.462665952797220416e-08 1.618354804346143094e+00
1.783999999999999986e+01 -1.371665777367484775e-08 8.817008240493059981e-09 -1.371665777367484775e-08 1.614726200332991635e+00
1.787999999999999901e+01 -1.286060135255167150e-08 8.260400257964015745e-09 -1.286060135255167150e-08 1.611113836016901280e+00
1.792000000000000171e+01 -1.205527119771604168e-08 7.736836719185063937e-09 -1.205527119771604168e-08 1.607517609033737083e+00
1.796000000000000085e+01 -1.129763943208088204e-08 7.244375512557706783e-09 -1.129763943208088204e-08 1.603937385434305529e+00
1.800000000000000000e+01 -1.058485769549035304e-08 6.781191209930811349e-09 -1.058485769549035304e-08 1.600373083721521761e+00
1.803999999999999915e+01 -9.914246072668608560e-09 6.345568222490206109e-09 -9.914246072668608560e-09 1.596824576633017800e+00
1.808000000000000185e+01 -9.283282696910460821e-09 5.935894398914904906e-09 -9.283282696910460821e-09 1.593291781603818347e+00
1.812000000000000099e+01 -8.689593972556890216e-09 5.550655036335592958e-09 -8.689593972556890216e-09 1.589774586096607933e+00
1.816000000000000014e+01 -8.130945331719273820e-09 5.188427284086236577e-09 -8.130945331719273820e-09 1.586272875191836906e+00
1.819999999999999929e+01 -7.605232581202076366e-09 4.847874916256941685e-09 -7.605232581202076366e-09 1.582786565672848367e+00
1.824000000000000199e+01 -7.110473664708374832e-09 4.527743467970773622e-09 -7.110473664708374832e-09 1.579315532590824578e+00
1.828000000000000114e+01 -6.644800947311884219e-09 4.226855711188540810e-09 -6.644800947311884219e-09 1.575859729597714365e+00
1.832000000000000028e+01 -6.206453893386716862e-09 3.944107460061532929e-09 -6.206453893386716862e-09 1.572418963365182165e+00
1.835999999999999943e+01 -5.793772157112566888e-09 3.678463695544527778e-09 -5.793772157112566888e-09 1.568993221019769679e+00
1.840000000000000213e+01 -5.405189029612456418e-09 3.428955002147948349e-09 -5.405189029612456418e-09 1.565582359672199386e+00
1.844000000000000128e+01 -5.039225238452951058e-09 3.194674311503627887e-09 -5.039225238452951058e-09 1.562186309413828633e+00
1.848000000000000043e+01 -4.694483043988509407e-09 2.974773943739963375e-09 -4.694483043988509407e-09 1.558804949234087189e+00
1.851999999999999957e+01 -4.369640636174064028e-09 2.768462956124714380e-09 -4.369640636174064028e-09 1.555438192509842388e+00
1.855999999999999872e+01 -4.063446785471499683e-09 2.575004791943450444e-09 -4.063446785471499683e-09 1.552086024550640042e+00
1.860000000000000142e+01 -3.774715736144615820e-09 2.393715242015238800e-09 -3.774715736144615820e-09 1.548748141425660085e+00
1.864000000000000057e+01 -3.502322318236274284e-09 2.223960724627129380e-09 -3.502322318236274284e-09 1.545424651766331259e+00
1.867999999999999972e+01 -3.245197232504031418e-09 2.065156901564567642e-09 -3.245197232504031418e-09 1.542115370103102068e+00
1.871999999999999886e+01 -3.002322533308936617e-09 1.916767644422888849e-09 -3.002322533308936617e-09 1.538820271288387387e+00
1.876000000000000156e+01 -2.772727235673269583e-09 1.778304378434013326e-09 -2.772727235673269583e-09 1.535539202325825636e+00
1.880000000000000071e+01 -2.555483057946330499e-09 1.649325834498798949e-09 -2.555483057946330499e-09 1.532272090898116890e+00
1.883999999999999986e+01 -2.349700261961967550e-09 1.529438243960738946e-09 -2.349700261961967550e-09 1.529018863277467721e+00
1.887999999999999901e+01 -2.154523585655868474e-09 1.418296024568918885e-09 -2.154523585655868474e-09 1.525779416942294464e+00
1.892000000000000171e+01 -1.969128209858109461e-09 1.315603010920914914e-09 -1.969128209858109461e-09 1.522553674133615198e+00
1.896000000000000085e+01 -1.792715788004633000e-09 1.221114297365868424e-09 -1.792715788004633000e-09 1.519341526592377978e+00
1.900000000000000000e+01 -1.624510468999900002e-09 1.134638769551358146e-09 -1.624510468999900002e-09 1.516142920959312690e+00
1.903999999999999915e+01 -1.463754913804222652e-09 1.056042420917401648e-09 -1.463754913804222652e-09 1.512957746010636040e+00
1.908000000000000185e+01 -1.309706269010535184e-09 9.852525632624366427e-10 -1.309706269010535184e-09 1.509785924668662904e+00
1.912000000000000099e+01 -1.161632082902273826e-09 9.222630625586423719e-10 -1.161632082902273826e-09 1.506627384886050081e+00
1.916000000000000014e+01 -1.018806119787330008e-09 8.671407548575453524e-10 -1.018806119787330008e-09 1.503482009123084495e+00
1.919999999999999929e+01 -8.805040647865888729e-10 8.200332215375118131e-10 -8.805040647865888729e-10 1.500349777805054963e+00
1.924000000000000199e+01 -7.459990463829759779e-10 7.811781414432384404e-10 -7.459990463829759779e-10 1.497230528040543129e+00
1.928000000000000114e+01 -6.145570228429121872e-10 7.509144638407075933e-10 -6.145570228429121872e-10 1.494124244841255056e+00
1.932000000000000028e+01 -4.854318895318696336e-10 7.296957002818255501e-10 -4.854318895318696336e-10 1.491030823854468945e+00
1.935999999999999943e+01 -3.578603525456294658e-10 7.181056775803874200e-10 -3.578603525456294658e-10 1.487950186575578204e+00
1.940000000000000213e+01 -2.310565120564678764e-10 7.168771552337872484e-10 -2.310565120564678764e-10 1.484882236741519757e+00
1.944000000000000128e+01 -1.042060635344482084e-10 7.269137766598560713e-10 -1.042060635344482084e-10 1.481826910005996867e+00
1.948000000000000043e+01 2.3539871505032732040e-11 7.493159157140328038e-10 2.3539871505032732040e-11 1.478784158247050895e+00
1.951999999999999957e+01 1.5307136376165507330e-10 7.854110243083694702e-10 1.5307136376165507330e-10 1.475753862501312463e+00
1.955999999999999872e+01 2.8532686036511535930e-10 8.367894020914617387e-10 2.8532686036511535930e-10 1.472735962191257908e+00
1.960000000000000142e+01 4.2130070262135919300e-10 9.053456438884744169e-10 4.2130070262135919300e-10 1.469730375930624389e+00
1.964000000000000057e+01 5.6205217887900217650e-10 9.933291587121158746e-10 5.6205217887900217650e-10 1.466737041931313490e+00
1.967999999999999972e+01 7.0871194276696090520e-10 1.103396155315515295e-09 7.0871194276696090520e-10 1.463755866715753307e+00
1.971999999999999886e+01 8.6250173119579485780e-10 1.238697427013630869e-09 8.6250173119579485780e-10 1.460786782736575029e+00
1.976000000000000156e+01 1.0247083190675433180e-09 1.402880731264841217e-09 1.0247083190675433180e-09 1.457829734175333458e+00
1.980000000000000071e+01 1.1968325570070416730e-09 1.600468222274563347e-09 1.1968325570070416730e-09 1.454884614958934064e+00
1.983999999999999986e+01 1.3800897859173126020e-09 1.835899987836863550e-09 1.3800897859173126020e-09 1.451951377807101595e+00
1.987999999999999901e+01 1.5773362364134166790e-09 2.117632656438461497e-09 1.5773362364134166790e-09 1.449029967384351858e+00
1.992000000000000171e+01 1.7859474479234704340e-09 2.443462133265418236e-09 1.7859474479234704340e-09 1.446120254775167480e+00
1.996000000000000085e+01 2.0244706854399151130e-09 2.856023838734663855e-09 2.0244706854399151130e-09 1.443222218509073507e+00
2.000000000000000000e+01 2.1639999509173854410e-09 3.092377689300271660e-09 2.1639999509173854410e-09 1.440335772009456505e+00
