0 470.342 388.647 -5.20426 10.5134
0.025 470.342 388.647 -5.20426 10.5134
0.05 469.985 388.089 -5.19787 10.5128
0.075 469.786 387.899 -5.19644 10.5119
0.1 469.516 387.648 -5.19464 10.5107
0.125 469.184 387.353 -5.19268 10.5092
0.15 468.785 387.002 -5.19041 10.5073
0.175 468.32 386.595 -5.18783 10.5051
0.2 467.788 386.131 -5.18495 10.5025
0.225 467.191 385.611 -5.18176 10.4996
0.25 466.527 385.036 -5.1783 10.4964
0.275 465.806 384.407 -5.17458 10.4928
0.3 465.026 383.727 -5.17063 10.4889
0.325 464.189 382.996 -5.16648 10.4847
0.35 463.297 382.215 -5.16212 10.4802
0.375 462.355 381.391 -5.15768 10.4753
0.4 461.362 380.524 -5.15315 10.4701
0.425 460.322 379.616 -5.14857 10.4646
0.45 459.24 378.669 -5.14398 10.4587
0.475 458.118 377.687 -5.13942 10.4526
0.5 456.96 376.671 -5.13496 10.4461
0.525 455.77 375.626 -5.13063 10.4393
0.55 454.55 374.554 -5.12649 10.4322
0.575 453.304 373.459 -5.12259 10.4248
0.6 452.037 372.343 -5.11898 10.4171
0.625 450.751 371.209 -5.11573 10.4091
0.65 449.451 370.061 -5.1129 10.4007
0.675 448.141 368.903 -5.11053 10.3921
0.7 446.824 367.737 -5.1087 10.3832
0.725 445.505 366.567 -5.10746 10.374
0.75 444.187 365.393 -5.10688 10.3645
0.775 442.874 364.225 -5.10702 10.3548
0.8 441.569 363.063 -5.10794 10.3447
0.825 440.278 361.91 -5.10972 10.3344
0.85 439.002 360.77 -5.11237 10.3238
0.875 437.747 359.645 -5.11603 10.3129
0.9 436.515 358.539 -5.12074 10.3018
0.925 435.31 357.455 -5.12655 10.2903
0.95 434.135 356.396 -5.13353 10.2787
0.975 432.993 355.364 -5.14174 10.2667
1 431.888 354.363 -5.15124 10.2545
1.025 430.822 353.395 -5.1621 10.242
1.05 429.798 352.462 -5.17436 10.2293
1.075 428.819 351.568 -5.1881 10.2163
1.1 427.887 350.713 -5.20336 10.203
1.125 427.004 349.9 -5.2202 10.1895
1.15 426.172 349.131 -5.23867 10.1758
1.175 425.393 348.407 -5.25882 10.1618
1.2 424.669 347.731 -5.2807 10.1475
1.225 424 347.103 -5.30435 10.133
1.25 423.389 346.524 -5.32982 10.1182
1.275 422.835 345.996 -5.35715 10.1032
1.3 422.34 345.519 -5.38637 10.088
1.325 421.904 345.094 -5.41752 10.0725
1.35 421.527 344.72 -5.45063 10.0568
1.375 421.21 344.398 -5.48573 10.0408
1.4 420.951 344.128 -5.52284 10.0245
1.425 420.751 343.91 -5.56199 10.0081
1.45 420.608 343.742 -5.6032 9.99135
1.475 420.521 343.625 -5.64647 9.97437
1.5 420.489 343.556 -5.69184 9.95715
1.525 420.512 343.538 -5.73932 9.93969
1.55 420.586 343.565 -5.78892 9.92197
1.575 420.71 343.638 -5.84059 9.904
1.6 420.881 343.752 -5.89433 9.88579
1.625 421.098 343.906 -5.9502 9.86732
1.65 421.357 344.101 -6.00816 9.84859
1.675 421.656 344.332 -6.0682 9.82961
1.7 421.992 344.598 -6.13029 9.81037
1.725 422.362 344.894 -6.19446 9.79088
1.75 422.761 345.221 -6.26066 9.77112
1.775 423.188 345.574 -6.32887 9.75111
1.8 423.637 345.95 -6.39907 9.73083
1.825 424.105 346.345 -6.47123 9.71028
1.85 424.589 346.757 -6.54531 9.68947
1.875 425.084 347.182 -6.62127 9.66839
1.9 425.585 347.617 -6.69909 9.64704
1.925 426.09 348.058 -6.77871 9.62542
1.95 426.593 348.501 -6.8601 9.60352
1.975 427.089 348.943 -6.94321 9.58135
2 427.575 349.381 -7.02797 9.5589
2.025 428.046 349.809 -7.11435 9.53617
2.05 428.496 350.225 -7.20228 9.51315
2.075 428.922 350.625 -7.29171 9.48986
2.1 429.32 351.005 -7.38257 9.46628
2.125 429.684 351.36 -7.47479 9.44242
2.15 430.01 351.688 -7.5683 9.41827
2.175 430.293 351.985 -7.66303 9.39383
2.2 430.529 352.246 -7.75891 9.3691
2.225 430.714 352.468 -7.85586 9.34409
2.25 430.842 352.648 -7.95378 9.31878
2.275 430.911 352.781 -8.0526 9.29318
2.3 430.916 352.865 -8.15222 9.26729
2.325 430.852 352.895 -8.25256 9.24111
2.35 430.716 352.869 -8.35351 9.21464
2.375 430.503 352.783 -8.45501 9.18787
2.4 430.211 352.633 -8.55688 9.16082
2.425 429.836 352.418 -8.65905 9.13347
2.45 429.374 352.133 -8.76141 9.10584
2.475 428.821 351.776 -8.86385 9.07791
2.5 428.176 351.344 -8.96623 9.0497
2.525 427.435 350.835 -9.06845 9.0212
2.55 426.595 350.246 -9.17038 8.99242
2.575 425.654 349.574 -9.27188 8.96335
2.6 424.61 348.818 -9.37283 8.934
2.625 423.46 347.975 -9.47308 8.90438
2.65 422.202 347.043 -9.5725 8.87448
2.675 420.835 346.021 -9.67094 8.84431
2.7 419.357 344.907 -9.76827 8.81387
2.725 417.766 343.699 -9.86433 8.78317
2.75 416.063 342.396 -9.95897 8.7522
2.775 414.245 340.997 -10.052 8.72098
2.8 412.312 339.501 -10.1433 8.6895
2.825 410.264 337.907 -10.2328 8.65777
2.85 408.1 336.214 -10.3202 8.6258
2.875 405.821 334.423 -10.4054 8.59359
2.9 403.426 332.531 -10.4883 8.56115
2.925 400.915 330.54 -10.5687 8.52847
2.95 398.291 328.45 -10.6464 8.49558
2.975 395.552 326.26 -10.7212 8.46247
3 392.701 323.97 -10.7931 8.42915
3.025 389.738 321.581 -10.8618 8.39562
3.05 386.666 319.094 -10.9272 8.3619
3.075 383.484 316.51 -10.9892 8.32798
3.1 380.196 313.83 -11.0475 8.29388
3.125 376.803 311.054 -11.1021 8.25961
3.15 373.307 308.185 -11.1528 8.22517
3.175 369.71 305.224 -11.1995 8.19056
3.2 366.015 302.172 -11.242 8.1558
3.225 362.226 299.032 -11.2801 8.1209
3.25 358.343 295.805 -11.3139 8.08585
3.275 354.371 292.493 -11.3431 8.05068
3.3 350.312 289.099 -11.3677 8.01538
3.325 346.17 285.626 -11.3875 7.97997
3.35 341.946 282.075 -11.4024 7.94446
3.375 337.647 278.45 -11.4124 7.90884
3.4 333.274 274.753 -11.4174 7.87314
3.425 328.832 270.987 -11.4173 7.83736
3.45 324.324 267.157 -11.412 7.80151
3.475 319.754 263.264 -11.4015 7.7656
3.5 315.125 259.312 -11.3858 7.72963
3.525 310.442 255.305 -11.3647 7.69361
3.55 305.709 251.246 -11.3383 7.65756
3.575 300.929 247.139 -11.3066 7.62149
3.6 296.108 242.987 -11.2696 7.58539
3.625 291.247 238.795 -11.2272 7.54928
3.65 286.353 234.566 -11.1795 7.51317
3.675 281.429 230.304 -11.1265 7.47707
3.7 276.479 226.013 -11.0682 7.44098
3.725 271.507 221.697 -11.0048 7.40491
3.75 266.518 217.36 -10.9361 7.36887
3.775 261.515 213.007 -10.8624 7.33287
3.8 256.503 208.64 -10.7837 7.29693
3.825 251.486 204.265 -10.7001 7.26103
3.85 246.467 199.885 -10.6116 7.2252
3.875 241.451 195.504 -10.5184 7.18944
3.9 236.441 191.126 -10.4207 7.15375
3.925 231.442 186.756 -10.3184 7.11815
3.95 226.457 182.396 -10.2118 7.08265
3.975 221.49 178.051 -10.101 7.04724
4 216.544 173.725 -9.98616 7.01194
4.025 211.623 169.421 -9.8674 6.97675
4.05 206.73 165.142 -9.7449 6.94168
4.075 201.87 160.893 -9.61884 6.90673
4.1 197.044 156.677 -9.48938 6.87192
4.125 192.256 152.496 -9.3567 6.83725
4.15 187.51 148.355 -9.22098 6.80271
4.175 182.807 144.256 -9.08242 6.76833
4.2 178.151 140.202 -8.9412 6.7341
4.225 173.545 136.196 -8.79751 6.70002
4.25 168.991 132.24 -8.65155 6.66611
4.275 164.491 128.338 -8.50353 6.63237
4.3 160.048 124.491 -8.35363 6.5988
4.325 155.664 120.701 -8.20205 6.56541
4.35 151.34 116.971 -8.049 6.5322
4.375 147.08 113.303 -7.89466 6.49917
4.4 142.884 109.698 -7.73925 6.46633
4.425 138.754 106.158 -7.58295 6.43368
4.45 134.692 102.685 -7.42597 6.40123
4.475 130.699 99.2798 -7.26848 6.36898
4.5 126.776 95.943 -7.11068 6.33692
4.525 122.925 92.676 -6.95275 6.30507
4.55 119.146 89.4799 -6.79487 6.27342
4.575 115.441 86.3553 -6.63723 6.24198
4.6 111.809 83.3028 -6.47998 6.21075
4.625 108.252 80.3228 -6.3233 6.17973
4.65 104.771 77.4158 -6.16736 6.14892
4.675 101.365 74.5817 -6.01229 6.11833
4.7 98.0342 71.8208 -5.85827 6.08795
4.725 94.7798 69.1329 -5.70542 6.0578
4.75 91.6013 66.5179 -5.55388 6.02785
4.775 88.4989 63.9755 -5.4038 5.99813
4.8 85.4722 61.5052 -5.25529 5.96863
4.825 82.5211 59.1066 -5.10847 5.93934
4.85 79.6451 56.7791 -4.96345 5.91028
4.875 76.844 54.522 -4.82034 5.88144
4.9 74.1171 52.3344 -4.67923 5.85281
4.925 71.464 50.2157 -4.54021 5.82441
4.95 68.8838 48.1648 -4.40337 5.79623
4.975 66.3759 46.1807 -4.26878 5.76827
5 63.9395 44.2625 -4.13652 5.74052
5.025 61.5736 42.4089 -4.00664 5.713
5.05 59.2775 40.6189 -3.87921 5.6857
5.075 57.0501 38.8912 -3.75426 5.65861
5.1 54.8903 37.2246 -3.63186 5.63174
5.125 52.7971 35.6177 -3.51202 5.60509
5.15 50.7693 34.0693 -3.39479 5.57865
5.175 48.8059 32.578 -3.28019 5.55243
5.2 46.9056 31.1425 -3.16824 5.52642
5.225 45.0672 29.7613 -3.05895 5.50063
5.25 43.2895 28.4331 -2.95232 5.47504
5.275 41.5712 27.1564 -2.84841 5.44967
5.3 39.9109 25.9299 -2.74714 5.4245
5.325 38.3075 24.7521 -2.64854 5.39954
5.35 36.7595 23.6216 -2.5526 5.37479
5.375 35.2656 22.537 -2.4593 5.35024
5.4 33.8246 21.4969 -2.36863 5.3259
5.425 32.4351 20.4998 -2.28056 5.30175
5.45 31.0957 19.5445 -2.19507 5.27781
5.475 29.8051 18.6295 -2.11213 5.25406
5.5 28.5619 17.7534 -2.03171 5.23051
5.525 27.365 16.915 -1.95377 5.20716
5.55 26.2128 16.1129 -1.87828 5.184
5.575 25.1042 15.3459 -1.8052 5.16103
5.6 24.0378 14.6126 -1.73449 5.13825
5.625 23.0124 13.9118 -1.6661 5.11566
5.65 22.0266 13.2424 -1.59999 5.09325
5.675 21.0794 12.603 -1.53612 5.07103
5.7 20.1693 11.9926 -1.47443 5.049
5.725 19.2952 11.4101 -1.41489 5.02714
5.75 18.456 10.8542 -1.35743 5.00546
5.775 17.6504 10.324 -1.30202 4.98396
5.8 16.8774 9.81838 -1.24859 4.96264
5.825 16.1358 9.33636 -1.19711 4.94149
5.85 15.4244 8.87694 -1.14751 4.92052
5.875 14.7423 8.43917 -1.09975 4.89971
5.9 14.0884 8.02213 -1.05378 4.87907
5.925 13.4617 7.62493 -1.00954 4.85861
5.95 12.8612 7.2467 -0.966986 4.8383
5.975 12.2859 6.88661 -0.926068 4.81816
6 11.7349 6.54387 -0.886735 4.79818
6.025 11.2072 6.21769 -0.848936 4.77837
6.05 10.702 5.90734 -0.812624 4.75871
6.075 10.2184 5.61209 -0.77775 4.73921
6.1 9.75563 5.33125 -0.744266 4.71986
6.125 9.3128 5.06416 -0.712127 4.70067
6.15 8.88914 4.81019 -0.681286 4.68163
6.175 8.48391 4.56872 -0.651699 4.66274
6.2 8.09636 4.33917 -0.623322 4.644
6.225 7.72578 4.12098 -0.59611 4.6254
6.25 7.37148 3.9136 -0.570024 4.60695
6.275 7.03281 3.71652 -0.545021 4.58865
6.3 6.70911 3.52925 -0.521062 4.57049
6.325 6.39977 3.35131 -0.498107 4.55247
6.35 6.1042 3.18227 -0.476119 4.53458
6.375 5.82181 3.02167 -0.455061 4.51684
6.4 5.55205 2.86912 -0.434898 4.49923
6.425 5.2944 2.72422 -0.415594 4.48176
6.45 5.04834 2.58659 -0.397116 4.46442
6.475 4.81337 2.45588 -0.379431 4.44722
6.5 4.58902 2.33175 -0.362509 4.43014
6.525 4.37484 2.21386 -0.346317 4.41319
6.55 4.17038 2.10192 -0.330828 4.39638
6.575 3.97523 1.99563 -0.316012 4.37968
6.6 3.78897 1.8947 -0.301841 4.36312
6.625 3.61123 1.79887 -0.288291 4.34667
6.65 3.44163 1.70788 -0.275334 4.33035
6.675 3.2798 1.62149 -0.262946 4.31415
6.7 3.12542 1.53948 -0.251103 4.29807
6.725 2.97814 1.46161 -0.239784 4.28211
6.75 2.83766 1.38769 -0.228964 4.26627
6.775 2.70367 1.31753 -0.218624 4.25054
6.8 2.57589 1.25091 -0.208742 4.23493
6.825 2.45403 1.18767 -0.1993 4.21943
6.85 2.33783 1.12764 -0.190279 4.20404
6.875 2.22704 1.07065 -0.181659 4.18876
6.9 2.12141 1.01656 -0.173426 4.1736
6.925 2.02071 0.965214 -0.16556 4.15854
6.95 1.92471 0.916476 -0.158047 4.14359
6.975 1.83321 0.870214 -0.150871 4.12875
7 1.746 0.826304 -0.144018 4.11401
7.025 1.66288 0.784627 -0.137474 4.09938
7.05 1.58367 0.745069 -0.131224 4.08485
7.075 1.50819 0.707523 -0.125256 4.07042
7.1 1.43627 0.671888 -0.119558 4.0561
7.125 1.36774 0.638067 -0.114117 4.04187
7.15 1.30245 0.605968 -0.108923 4.02775
7.175 1.24025 0.575504 -0.103965 4.01372
7.2 1.181 0.546591 -0.0992309 3.99979
7.225 1.12456 0.519152 -0.0947122 3.98595
7.25 1.0708 0.493111 -0.0903989 3.97221
7.275 1.01959 0.468397 -0.0862819 3.95856
7.3 0.970823 0.444943 -0.0823524 3.94501
7.325 0.924377 0.422685 -0.0786021 3.93155
7.35 0.880148 0.401562 -0.0750229 3.91818
7.375 0.838029 0.381516 -0.0716071 3.9049
7.4 0.797924 0.362493 -0.0683473 3.89172
7.425 0.759737 0.344439 -0.0652366 3.87862
7.45 0.723378 0.327306 -0.0622683 3.8656
7.475 0.68876 0.311046 -0.0594358 3.85268
7.5 0.655803 0.295615 -0.0567332 3.83984
7.525 0.624427 0.28097 -0.0541543 3.82708
7.55 0.594558 0.267069 -0.0516938 3.81441
7.575 0.566123 0.253878 -0.0493461 3.80183
7.6 0.539056 0.241359 -0.0471058 3.78932
7.625 0.51329 0.229476 -0.0449687 3.7769
7.65 0.488764 0.218197 -0.0429297 3.76456
7.675 0.465419 0.207491 -0.0409844 3.7523
7.7 0.443198 0.197328 -0.0391285 3.74012
7.725 0.422048 0.187681 -0.0373578 3.72802
7.75 0.401916 0.178523 -0.0356684 3.71599
7.775 0.382754 0.169827 -0.0340567 3.70404
7.8 0.364516 0.161572 -0.032519 3.69217
7.825 0.347157 0.153733 -0.0310519 3.68038
7.85 0.330635 0.146289 -0.0296521 3.66866
7.875 0.314909 0.139219 -0.0283166 3.65701
7.9 0.29994 0.132505 -0.0270424 3.64544
7.925 0.285692 0.126127 -0.0258266 3.63394
7.95 0.272131 0.120069 -0.0246665 3.62252
7.975 0.259223 0.114314 -0.0235596 3.61116
8 0.246935 0.108845 -0.0225034 3.59988
8.025 0.235239 0.103649 -0.0214954 3.58866
8.05 0.224105 0.0987102 -0.0205336 3.57752
8.075 0.213506 0.0940164 -0.0196156 3.56644
8.1 0.203416 0.0895544 -0.0187396 3.55544
8.125 0.19381 0.0853123 -0.0179035 3.5445
8.15 0.184665 0.0812788 -0.0171054 3.53363
8.175 0.175958 0.0774431 -0.0163437 3.52282
8.2 0.167668 0.0737949 -0.0156166 3.51208
8.225 0.159775 0.0703246 -0.0149224 3.50141
8.25 0.152259 0.0670231 -0.0142598 3.4908
8.275 0.145101 0.0638817 -0.0136271 3.48025
8.3 0.138285 0.0608922 -0.0130231 3.46977
8.325 0.131794 0.0580468 -0.0124463 3.45935
8.35 0.125612 0.0553382 -0.0118955 3.44899
8.375 0.119724 0.0527595 -0.0113696 3.4387
8.4 0.114116 0.0503041 -0.0108673 3.42846
8.425 0.108774 0.0479657 -0.0103876 3.41829
8.45 0.103685 0.0457384 -0.00992936 3.40818
8.475 0.0988367 0.0436168 -0.00949168 3.39812
8.5 0.0942181 0.0415955 -0.00907358 3.38813
8.525 0.0898179 0.0396695 -0.00867417 3.37819
8.55 0.0856253 0.0378342 -0.00829258 3.36832
8.575 0.0816306 0.036085 -0.00792799 3.3585
8.6 0.077824 0.0344178 -0.00757964 3.34873
8.625 0.0741967 0.0328284 -0.00724678 3.33903
8.65 0.07074 0.0313132 -0.0069287 3.32938
8.675 0.0674458 0.0298686 -0.00662474 3.31978
8.7 0.0643062 0.0284911 -0.00633425 3.31024
8.725 0.0613139 0.0271775 -0.00605662 3.30076
8.75 0.058462 0.0259249 -0.00579128 3.29133
8.775 0.0557437 0.0247302 -0.00553766 3.28195
8.8 0.0531527 0.0235908 -0.00529525 3.27263
8.825 0.0506829 0.0225041 -0.00506353 3.26336
8.85 0.0483287 0.0214676 -0.00484204 3.25414
8.875 0.0460846 0.020479 -0.0046303 3.24497
8.9 0.0439454 0.019536 -0.0044279 3.23586
8.925 0.0419062 0.0186365 -0.00423442 3.22679
8.95 0.0399622 0.0177786 -0.00404945 3.21778
8.975 0.0381091 0.0169603 -0.00387262 3.20882
9 0.0363425 0.0161797 -0.00370357 3.1999
9.025 0.0346584 0.0154353 -0.00354196 3.19104
9.05 0.0330529 0.0147253 -0.00338747 3.18222
9.075 0.0315225 0.0140481 -0.00323976 3.17346
9.1 0.0300635 0.0134024 -0.00309856 3.16474
9.125 0.0286727 0.0127866 -0.00296357 3.15607
9.15 0.0273469 0.0121993 -0.00283451 3.14745
9.175 0.026083 0.0116394 -0.00271114 3.13887
9.2 0.0248782 0.0111055 -0.0025932 3.13034
9.225 0.0237297 0.0105965 -0.00248045 3.12186
9.25 0.0226349 0.0101113 -0.00237267 3.11342
9.275 0.0215914 0.00964865 -0.00226964 3.10503
9.3 0.0205967 0.00920767 -0.00217115 3.09668
9.325 0.0196485 0.00878733 -0.002077 3.08838
9.35 0.0187447 0.00838668 -0.001987 3.08012
9.375 0.0178833 0.00800483 -0.00190098 3.07191
9.4 0.0170622 0.00764091 -0.00181875 3.06374
9.425 0.0162795 0.00729409 -0.00174015 3.05561
9.45 0.0155336 0.00696358 -0.00166502 3.04753
9.475 0.0148226 0.00664863 -0.00159321 3.03949
9.5 0.0141449 0.0063485 -0.00152457 3.03149
9.525 0.0134989 0.00606252 -0.00145897 3.02353
9.55 0.0128833 0.00579001 -0.00139626 3.01562
9.575 0.0122965 0.00553035 -0.00133633 3.00774
9.6 0.0117372 0.00528293 -0.00127904 2.99991
9.625 0.0112041 0.00504716 -0.00122429 2.99212
9.65 0.010696 0.0048225 -0.00117195 2.98437
9.675 0.0102116 0.00460842 -0.00112193 2.97665
9.7 0.00974997 0.00440441 -0.00107411 2.96898
9.725 0.0093099 0.00420999 -0.0010284 2.96135
9.75 0.0088904 0.0040247 -0.000984709 2.95376
9.775 0.00849049 0.0038481 -0.000942939 2.9462
9.8 0.00810925 0.00367975 -0.000903012 2.93869
9.825 0.00774579 0.00351928 -0.000864835 2.93121
9.85 0.00739926 0.00336632 -0.000828335 2.92377
9.875 0.00706886 0.00322047 -0.000793435 2.91637
9.9 0.00675382 0.00308138 -0.000760062 2.909
9.925 0.00645339 0.00294874 -0.000728147 2.90168
9.95 0.00616689 0.00282223 -0.000697625 2.89439
9.975 0.00589365 0.00270154 -0.000668431 2.88713
10 0.00563303 0.00258639 -0.000640506 2.87991
10.025 0.00538443 0.00247651 -0.000613791 2.87273
10.05 0.00514728 0.00237163 -0.000588232 2.86559
10.075 0.00492101 0.00227151 -0.000563775 2.85848
10.1 0.00470511 0.00217589 -0.00054037 2.8514
10.125 0.00449909 0.00208459 -0.00051797 2.84436
10.15 0.00430246 0.00199737 -0.000496528 2.83735
10.175 0.00411478 0.00191403 -0.000476001 2.83038
10.2 0.00393561 0.00183439 -0.000456344 2.82345
10.225 0.00376455 0.00175824 -0.000437524 2.81654
10.25 0.0036012 0.00168543 -0.0004195 2.80967
10.275 0.00344521 0.00161578 -0.000402235 2.80284
10.3 0.00329621 0.00154914 -0.000385696 2.79603
10.325 0.00315386 0.00148536 -0.00036985 2.78926
10.35 0.00301787 0.0014243 -0.000354668 2.78253
10.375 0.0028879 0.00136582 -0.000340116 2.77582
10.4 0.0027637 0.00130981 -0.000326168 2.76915
10.425 0.00264496 0.00125613 -0.000312797 2.76251
10.45 0.00253145 0.00120468 -0.000299978 2.7559
10.475 0.00242291 0.00115534 -0.000287687 2.74932
10.5 0.00231911 0.00110803 -0.000275901 2.74278
10.525 0.00221982 0.00106263 -0.000264597 2.73626
10.55 0.00212484 0.00101908 -0.000253755 2.72978
10.575 0.00203396 0.000977274 -0.000243356 2.72332
10.6 0.001947 0.000937132 -0.00023338 2.7169
10.625 0.00186377 0.000898585 -0.000223809 2.71051
10.65 0.00178411 0.000861561 -0.000214626 2.70414
10.675 0.00170785 0.000825995 -0.000205815 2.69781
10.7 0.00163484 0.000791823 -0.000197361 2.69151
10.725 0.00156494 0.000758989 -0.000189249 2.68523
10.75 0.00149799 0.000727437 -0.000181464 2.67899
10.775 0.00143389 0.000697114 -0.000173994 2.67277
10.8 0.0013725 0.000667973 -0.000166825 2.66659
10.825 0.00131369 0.000639963 -0.000159946 2.66043
10.85 0.00125737 0.000613055 -0.000153344 2.6543
10.875 0.00120343 0.000587194 -0.000147009 2.6482
10.9 0.00115176 0.000562347 -0.00014093 2.64212
10.925 0.00110227 0.000538477 -0.000135096 2.63608
10.95 0.00105487 0.00051555 -0.000129499 2.63006
10.975 0.00100946 0.000493534 -0.000124129 2.62407
11 0.000965981 0.000472396 -0.000118976 2.6181
11.025 0.000924337 0.000452108 -0.000114033 2.61217
11.05 0.000884458 0.00043264 -0.000109291 2.60626
11.075 0.000846272 0.000413965 -0.000104743 2.60037
11.1 0.00080971 0.000396058 -0.00010038 2.59452
11.125 0.000774708 0.000378891 -9.61952e-05 2.58869
11.15 0.000741202 0.000362441 -9.21829e-05 2.58288
11.175 0.000709133 0.000346684 -8.83363e-05 2.5771
11.2 0.000678442 0.000331595 -8.46476e-05 2.57135
11.225 0.000649075 0.00031715 -8.11109e-05 2.56563
11.25 0.000620977 0.000303331 -7.77219e-05 2.55992
11.275 0.000594097 0.000290113 -7.44732e-05 2.55425
11.3 0.000568387 0.000277475 -7.13599e-05 2.5486
11.325 0.000543799 0.000265396 -6.83767e-05 2.54297
11.35 0.000520287 0.000253854 -6.55187e-05 2.53737
11.375 0.000497806 0.00024283 -6.27808e-05 2.53179
11.4 0.000476314 0.000232303 -6.01583e-05 2.52624
11.425 0.00045577 0.000222254 -5.76469e-05 2.52071
11.45 0.000436135 0.000212662 -5.5242e-05 2.51521
11.475 0.000417369 0.000203509 -5.29394e-05 2.50973
11.5 0.000399439 0.000194777 -5.07352e-05 2.50427
11.525 0.000382302 0.000186447 -4.86254e-05 2.49884
11.55 0.000365929 0.000178501 -4.66062e-05 2.49343
11.575 0.000350287 0.000170922 -4.4674e-05 2.48805
11.6 0.000335342 0.000163693 -4.28253e-05 2.48268
11.625 0.000321065 0.000156798 -4.10567e-05 2.47735
11.65 0.000307425 0.000150222 -3.93649e-05 2.47203
11.675 0.000294394 0.000143949 -3.77467e-05 2.46674
11.7 0.000281945 0.000137964 -3.61992e-05 2.46147
11.725 0.000270052 0.000132254 -3.4719e-05 2.45622
11.75 0.00025869 0.000126804 -3.33043e-05 2.45099
11.775 0.000247834 0.000121604 -3.19513e-05 2.44579
11.8 0.000237462 0.000116639 -3.06578e-05 2.44061
11.825 0.000227551 0.0001119 -2.94212e-05 2.43545
11.85 0.000218081 0.000107373 -2.82389e-05 2.43031
11.875 0.000209031 0.000103051 -2.71087e-05 2.42519
11.9 0.000200383 9.89217e-05 -2.60282e-05 2.4201
11.925 0.000192118 9.49767e-05 -2.49952e-05 2.41502
11.95 0.000184219 9.1207e-05 -2.40073e-05 2.40997
11.975 0.000176669 8.76051e-05 -2.30629e-05 2.40494
12 0.000169452 8.41631e-05 -2.21597e-05 2.39993
12.025 0.000162554 8.08737e-05 -2.12958e-05 2.39494
12.05 0.00015596 7.77301e-05 -2.04695e-05 2.38997
12.075 0.000149657 7.4726e-05 -1.96786e-05 2.38502
12.1 0.000143632 7.18553e-05 -1.89221e-05 2.38009
12.125 0.000137872 6.91124e-05 -1.81977e-05 2.37519
12.15 0.000132365 6.64937e-05 -1.7504e-05 2.3703
12.175 0.000127101 6.39888e-05 -1.68396e-05 2.36543
12.2 0.000122069 6.1598e-05 -1.62029e-05 2.36059
12.225 0.000117258 5.9315e-05 -1.55927e-05 2.35576
12.25 0.000112659 5.71352e-05 -1.50074e-05 2.35095
12.275 0.000108262 5.50543e-05 -1.4446e-05 2.34616
12.3 0.000104058 5.30681e-05 -1.39071e-05 2.34139
12.325 0.000100039 5.11725e-05 -1.33897e-05 2.33664
12.35 9.6196e-05 4.93634e-05 -1.28927e-05 2.33191
12.375 9.2521e-05 4.76369e-05 -1.24149e-05 2.3272
12.4 8.90064e-05 4.59891e-05 -1.19555e-05 2.32251
12.425 8.56447e-05 4.44161e-05 -1.15135e-05 2.31784
12.45 8.24286e-05 4.29142e-05 -1.10881e-05 2.31318
12.475 7.93511e-05 4.14798e-05 -1.06784e-05 2.30855
12.5 7.64056e-05 4.01085e-05 -1.02837e-05 2.30393
12.525 7.35854e-05 3.87974e-05 -9.90333e-06 2.29933
12.55 7.08843e-05 3.75426e-05 -9.53652e-06 2.29475
12.575 6.82961e-05 3.63406e-05 -9.18269e-06 2.29019
12.6 6.5815e-05 3.51879e-05 -8.84125e-06 2.28565
12.625 6.34353e-05 3.4081e-05 -8.51166e-06 2.28112
12.65 6.11517e-05 3.30167e-05 -8.19346e-06 2.27661
12.675 5.89587e-05 3.19918e-05 -7.88612e-06 2.27212
12.7 5.68515e-05 3.10031e-05 -7.58923e-06 2.26765
12.725 5.48253e-05 3.00478e-05 -7.30239e-06 2.26319
12.75 5.28755e-05 2.9123e-05 -7.02523e-06 2.25876
12.775 5.09978e-05 2.8226e-05 -6.75738e-06 2.25434
12.8 4.91881e-05 2.73545e-05 -6.49858e-06 2.24993
12.825 4.74426e-05 2.6506e-05 -6.24849e-06 2.24555
12.85 4.57576e-05 2.56785e-05 -6.00685e-06 2.24118
12.875 4.41298e-05 2.487e-05 -5.77339e-06 2.23683
12.9 4.25561e-05 2.40789e-05 -5.54787e-06 2.23249
12.925 4.10335e-05 2.33037e-05 -5.33005e-06 2.22817
12.95 3.95594e-05 2.25431e-05 -5.11973e-06 2.22387
12.975 3.81314e-05 2.1796e-05 -4.9167e-06 2.21959
13 3.67473e-05 2.10616e-05 -4.72075e-06 2.21532
13.025 3.54051e-05 2.03393e-05 -4.53171e-06 2.21107
13.05 3.41031e-05 1.96285e-05 -4.34938e-06 2.20683
13.075 3.28397e-05 1.89291e-05 -4.17359e-06 2.20261
13.1 3.16137e-05 1.8241e-05 -4.00416e-06 2.19841
13.125 3.04238e-05 1.75642e-05 -3.84093e-06 2.19422
13.15 2.9269e-05 1.6899e-05 -3.68372e-06 2.19005
13.175 2.81486e-05 1.62459e-05 -3.53237e-06 2.18589
13.2 2.70618e-05 1.56052e-05 -3.38672e-06 2.18175
13.225 2.60082e-05 1.49777e-05 -3.24659e-06 2.17763
13.25 2.49871e-05 1.4364e-05 -3.11184e-06 2.17352
13.275 2.39985e-05 1.37649e-05 -2.98227e-06 2.16943
13.3 2.30419e-05 1.31812e-05 -2.85774e-06 2.16535
13.325 2.21171e-05 1.26138e-05 -2.73809e-06 2.16129
13.35 2.12241e-05 1.20639e-05 -2.62316e-06 2.15724
13.375 2.03628e-05 1.15311e-05 -2.5128e-06 2.15321
13.4 1.9533e-05 1.10175e-05 -2.40683e-06 2.14919
13.425 1.87346e-05 1.05236e-05 -2.30509e-06 2.14519
13.45 1.79676e-05 1.00497e-05 -2.20745e-06 2.1412
13.475 1.72318e-05 9.59669e-06 -2.11374e-06 2.13723
13.5 1.6527e-05 9.16506e-06 -2.02382e-06 2.13327
13.525 1.58531e-05 8.75524e-06 -1.93754e-06 2.12933
13.55 1.52098e-05 8.36755e-06 -1.85477e-06 2.1254
13.575 1.45968e-05 8.00219e-06 -1.77535e-06 2.12148
13.6 1.40136e-05 7.65924e-06 -1.69918e-06 2.11758
13.625 1.34598e-05 7.33863e-06 -1.6261e-06 2.1137
13.65 1.29348e-05 7.04018e-06 -1.55601e-06 2.10983
13.675 1.2438e-05 6.76356e-06 -1.48878e-06 2.10597
13.7 1.19687e-05 6.50833e-06 -1.42431e-06 2.10213
13.725 1.15261e-05 6.27391e-06 -1.36248e-06 2.0983
13.75 1.11094e-05 6.05961e-06 -1.3032e-06 2.09448
13.775 1.07174e-05 5.8646e-06 -1.24637e-06 2.09068
13.8 1.03494e-05 5.68798e-06 -1.19189e-06 2.08689
13.825 1.00041e-05 5.52872e-06 -1.1397e-06 2.08312
13.85 9.68039e-06 5.38573e-06 -1.08972e-06 2.07936
13.875 9.37716e-06 5.25784e-06 -1.04186e-06 2.07561
13.9 9.09314e-06 5.1438e-06 -9.96054e-07 2.07188
13.925 8.8271e-06 5.04234e-06 -9.52247e-07 2.06816
13.95 8.57776e-06 4.95217e-06 -9.10374e-07 2.06445
13.975 8.34379e-06 4.87194e-06 -8.70379e-07 2.06076
14 8.12394e-06 4.80032e-06 -8.32209e-07 2.05708
14.025 7.91695e-06 4.73598e-06 -7.95814e-07 2.05341
14.05 7.72158e-06 4.67763e-06 -7.61145e-07 2.04976
14.075 7.5365e-06 4.62398e-06 -7.28158e-07 2.04612
14.1 7.36062e-06 4.57382e-06 -6.96808e-07 2.04249
14.125 7.19278e-06 4.526e-06 -6.67051e-07 2.03888
14.15 7.03189e-06 4.47943e-06 -6.38845e-07 2.03528
14.175 6.87693e-06 4.4331e-06 -6.12147e-07 2.03169
14.2 6.72696e-06 4.3861e-06 -5.86915e-07 2.02811
14.225 6.58111e-06 4.33759e-06 -5.63106e-07 2.02454
14.25 6.4386e-06 4.28686e-06 -5.40676e-07 2.02099
14.275 6.29872e-06 4.23329e-06 -5.19581e-07 2.01745
14.3 6.16086e-06 4.17637e-06 -4.99775e-07 2.01393
14.325 6.02449e-06 4.11573e-06 -4.8121e-07 2.01041
14.35 5.8892e-06 4.05108e-06 -4.63838e-07 2.00691
14.375 5.75464e-06 3.98225e-06 -4.47608e-07 2.00342
14.4 5.62056e-06 3.90918e-06 -4.32469e-07 1.99994
14.425 5.48682e-06 3.8319e-06 -4.18367e-07 1.99647
14.45 5.35332e-06 3.75057e-06 -4.05247e-07 1.99302
14.475 5.22007e-06 3.66542e-06 -3.93053e-07 1.98958
14.5 5.08716e-06 3.57678e-06 -3.81727e-07 1.98615
14.525 4.95473e-06 3.48506e-06 -3.71211e-07 1.98273
14.55 4.82301e-06 3.39074e-06 -3.61453e-07 1.97932
14.575 4.69228e-06 3.29435e-06 -3.52377e-07 1.97593
14.6 4.56285e-06 3.1965e-06 -3.43931e-07 1.97254
14.625 4.43508e-06 3.09782e-06 -3.36056e-07 1.96917
14.65 4.30939e-06 2.99899e-06 -3.28692e-07 1.96581
14.675 4.18625e-06 2.90069e-06 -3.21779e-07 1.96246
14.7 4.066e-06 2.80365e-06 -3.15261e-07 1.95913
14.725 3.9491e-06 2.70855e-06 -3.0908e-07 1.9558
14.75 3.8361e-06 2.61612e-06 -3.03182e-07 1.95248
14.775 3.72742e-06 2.52703e-06 -2.97515e-07 1.94918
14.8 3.62348e-06 2.44193e-06 -2.92029e-07 1.94589
14.825 3.5247e-06 2.36147e-06 -2.8667e-07 1.94261
14.85 3.43149e-06 2.2862e-06 -2.81405e-07 1.93934
14.875 3.34418e-06 2.21666e-06 -2.76188e-07 1.93608
14.9 3.2631e-06 2.15332e-06 -2.70981e-07 1.93283
14.925 3.18853e-06 2.0966e-06 -2.65749e-07 1.92959
14.95 3.12068e-06 2.04682e-06 -2.60464e-07 1.92636
14.975 3.05974e-06 2.00428e-06 -2.55098e-07 1.92315
15 3.00582e-06 1.96915e-06 -2.49629e-07 1.91994
15.025 2.95898e-06 1.94157e-06 -2.44039e-07 1.91675
15.05 2.91923e-06 1.92157e-06 -2.38314e-07 1.91356
15.075 2.88652e-06 1.90912e-06 -2.32445e-07 1.91039
15.1 2.86072e-06 1.90411e-06 -2.26424e-07 1.90723
15.125 2.84167e-06 1.90635e-06 -2.20249e-07 1.90408
15.15 2.82913e-06 1.91563e-06 -2.13922e-07 1.90093
15.175 2.82284e-06 1.93153e-06 -2.07449e-07 1.8978
15.2 2.82243e-06 1.95371e-06 -2.00836e-07 1.89468
15.225 2.82756e-06 1.98171e-06 -1.94097e-07 1.89157
15.25 2.83778e-06 2.01502e-06 -1.87244e-07 1.88847
15.275 2.85263e-06 2.05312e-06 -1.80296e-07 1.88538
15.3 2.87161e-06 2.09537e-06 -1.7327e-07 1.8823
15.325 2.89418e-06 2.14116e-06 -1.66189e-07 1.87923
15.35 2.91981e-06 2.1898e-06 -1.59075e-07 1.87617
15.375 2.94791e-06 2.24063e-06 -1.51951e-07 1.87312
15.4 2.9779e-06 2.29293e-06 -1.44843e-07 1.87007
15.425 3.00919e-06 2.346e-06 -1.37776e-07 1.86704
15.45 3.04119e-06 2.39912e-06 -1.30777e-07 1.86402
15.475 3.07331e-06 2.45161e-06 -1.23871e-07 1.86101
15.5 3.10499e-06 2.50276e-06 -1.17084e-07 1.85801
15.525 3.13565e-06 2.55192e-06 -1.10439e-07 1.85502
15.55 3.16476e-06 2.59844e-06 -1.03962e-07 1.85204
15.575 3.19182e-06 2.64173e-06 -9.76748e-08 1.84906
15.6 3.21634e-06 2.68121e-06 -9.15988e-08 1.8461
15.625 3.23789e-06 2.71637e-06 -8.57537e-08 1.84315
15.65 3.25607e-06 2.74673e-06 -8.01565e-08 1.8402
15.675 3.27053e-06 2.77186e-06 -7.48241e-08 1.83727
15.7 3.28094e-06 2.79142e-06 -6.97694e-08 1.83434
15.725 3.28705e-06 2.80507e-06 -6.50036e-08 1.83142
15.75 3.28866e-06 2.81262e-06 -6.05354e-08 1.82852
15.775 3.28562e-06 2.81387e-06 -5.63711e-08 1.82562
15.8 3.27784e-06 2.80871e-06 -5.25147e-08 1.82273
15.825 3.26527e-06 2.7971e-06 -4.89674e-08 1.81985
15.85 3.24792e-06 2.77906e-06 -4.57282e-08 1.81698
15.875 3.22588e-06 2.75467e-06 -4.27931e-08 1.81412
15.9 3.19926e-06 2.7241e-06 -4.0157e-08 1.81127
15.925 3.16826e-06 2.68755e-06 -3.78114e-08 1.80842
15.95 3.13307e-06 2.64528e-06 -3.57461e-08 1.80559
15.975 3.09402e-06 2.59764e-06 -3.39487e-08 1.80276
16 3.05143e-06 2.545e-06 -3.24054e-08 1.79995
16.025 3.00565e-06 2.4878e-06 -3.11002e-08 1.79714
16.05 2.95713e-06 2.42653e-06 -3.0016e-08 1.79434
16.075 2.90628e-06 2.36169e-06 -2.91342e-08 1.79155
16.1 2.8536e-06 2.29386e-06 -2.84354e-08 1.78877
16.125 2.79959e-06 2.22363e-06 -2.78988e-08 1.78599
16.15 2.7448e-06 2.15162e-06 -2.75036e-08 1.78323
16.175 2.68979e-06 2.07846e-06 -2.7228e-08 1.78047
16.2 2.63512e-06 2.00484e-06 -2.70502e-08 1.77773
16.225 2.58138e-06 1.93139e-06 -2.69483e-08 1.77499
16.25 2.52914e-06 1.85881e-06 -2.69008e-08 1.77226
16.275 2.47903e-06 1.78777e-06 -2.68864e-08 1.76953
16.3 2.43162e-06 1.71896e-06 -2.68843e-08 1.76682
16.325 2.38749e-06 1.65304e-06 -2.68745e-08 1.76411
16.35 2.3472e-06 1.59065e-06 -2.68382e-08 1.76142
16.375 2.31132e-06 1.53244e-06 -2.67572e-08 1.75873
16.4 2.28038e-06 1.47903e-06 -2.66149e-08 1.75605
16.425 2.25488e-06 1.43099e-06 -2.6396e-08 1.75337
16.45 2.23531e-06 1.38888e-06 -2.60865e-08 1.75071
16.475 2.22212e-06 1.35321e-06 -2.5674e-08 1.74805
16.5 2.21573e-06 1.32448e-06 -2.51479e-08 1.7454
16.525 2.21652e-06 1.3031e-06 -2.44993e-08 1.74276
16.55 2.22482e-06 1.28951e-06 -2.37205e-08 1.74013
16.575 2.24096e-06 1.28403e-06 -2.28062e-08 1.73751
16.6 2.26517e-06 1.28697e-06 -2.1753e-08 1.73489
16.625 2.29769e-06 1.2986e-06 -2.05584e-08 1.73228
16.65 2.33866e-06 1.3191e-06 -1.92225e-08 1.72968
16.675 2.38823e-06 1.34864e-06 -1.77467e-08 1.72709
16.7 2.44645e-06 1.38733e-06 -1.61343e-08 1.7245
16.725 2.51337e-06 1.4352e-06 -1.43899e-08 1.72192
16.75 2.58895e-06 1.49227e-06 -1.25202e-08 1.71935
16.775 2.67314e-06 1.55848e-06 -1.05323e-08 1.71679
16.8 2.76583e-06 1.63375e-06 -8.43557e-09 1.71424
16.825 2.86685e-06 1.7179e-06 -6.24031e-09 1.71169
16.85 2.97601e-06 1.81076e-06 -3.95793e-09 1.70915
16.875 3.09307e-06 1.91208e-06 -1.60083e-09 1.70662
16.9 3.21774e-06 2.02159e-06 8.1804e-10 1.70409
16.925 3.34971e-06 2.13894e-06 3.28397e-09 1.70157
16.95 3.48861e-06 2.26379e-06 5.78267e-09 1.69906
16.975 3.63406e-06 2.39573e-06 8.29901e-09 1.69656
17 3.78563e-06 2.53435e-06 1.08175e-08 1.69407
17.025 3.94288e-06 2.67916e-06 1.33226e-08 1.69158
17.05 4.10532e-06 2.82969e-06 1.57985e-08 1.6891
17.075 4.27245e-06 2.98542e-06 1.82294e-08 1.68663
17.1 4.44377e-06 3.14583e-06 2.05999e-08 1.68416
17.125 4.61871e-06 3.31035e-06 2.28948e-08 1.6817
17.15 4.79675e-06 3.47843e-06 2.50992e-08 1.67925
17.175 4.9773e-06 3.64947e-06 2.71989e-08 1.67681
17.2 5.1598e-06 3.82289e-06 2.91802e-08 1.67437
17.225 5.34367e-06 3.99811e-06 3.103e-08 1.67194
17.25 5.52832e-06 4.17452e-06 3.27362e-08 1.66952
17.275 5.71318e-06 4.35154e-06 3.42875e-08 1.6671
17.3 5.89767e-06 4.52857e-06 3.56735e-08 1.66469
17.325 6.08121e-06 4.70503e-06 3.68849e-08 1.66229
17.35 6.26323e-06 4.88034e-06 3.79134e-08 1.65989
17.375 6.44319e-06 5.05394e-06 3.87514e-08 1.65751
17.4 6.62054e-06 5.22527e-06 3.9393e-08 1.65512
17.425 6.79475e-06 5.39381e-06 3.98333e-08 1.65275
17.45 6.96532e-06 5.55904e-06 4.00684e-08 1.65038
17.475 7.13174e-06 5.72045e-06 4.00955e-08 1.64802
17.5 7.29354e-06 5.87758e-06 3.99132e-08 1.64567
17.525 7.45029e-06 6.02997e-06 3.95208e-08 1.64332
17.55 7.60154e-06 6.17732e-06 3.89198e-08 1.64098
17.575 7.74691e-06 6.31885e-06 3.8111e-08 1.63864
17.6 7.886e-06 6.45459e-06 3.70978e-08 1.63632
17.625 8.01848e-06 6.58402e-06 3.58841e-08 1.63399
17.65 8.14403e-06 6.70684e-06 3.44752e-08 1.63168
17.675 8.26234e-06 6.82276e-06 3.28761e-08 1.62937
17.7 8.37316e-06 6.93151e-06 3.1094e-08 1.62707
17.725 8.47624e-06 7.03288e-06 2.91363e-08 1.62478
17.75 8.57139e-06 7.12666e-06 2.70113e-08 1.62249
17.775 8.65842e-06 7.21267e-06 2.4728e-08 1.62021
17.8 8.73719e-06 7.29078e-06 2.22959e-08 1.61793
17.825 8.80754e-06 7.36087e-06 1.97252e-08 1.61566
17.85 8.86945e-06 7.42286e-06 1.70265e-08 1.6134
17.875 8.92288e-06 7.47669e-06 1.42109e-08 1.61114
17.9 8.96766e-06 7.52232e-06 1.12897e-08 1.60889
17.925 9.00385e-06 7.55977e-06 8.27459e-09 1.60665
17.95 9.03147e-06 7.58905e-06 5.17747e-09 1.60441
17.975 9.05056e-06 7.61021e-06 2.01034e-09 1.60218
18 9.06119e-06 7.62333e-06 -1.21474e-09 1.59995
18.025 9.06343e-06 7.62849e-06 -4.48566e-09 1.59773
18.05 9.05741e-06 7.62581e-06 -7.79042e-09 1.59552
18.075 9.04324e-06 7.61543e-06 -1.11171e-08 1.59331
18.1 9.02108e-06 7.59751e-06 -1.44539e-08 1.59111
18.125 8.99111e-06 7.57221e-06 -1.77894e-08 1.58892
18.15 8.95349e-06 7.53951e-06 -2.11123e-08 1.58673
18.175 8.90844e-06 7.50027e-06 -2.44117e-08 1.58455
18.2 8.85618e-06 7.45405e-06 -2.7677e-08 1.58237
18.225 8.79692e-06 7.40131e-06 -3.0898e-08 1.5802
18.25 8.7309e-06 7.34228e-06 -3.40652e-08 1.57804
18.275 8.65841e-06 7.27724e-06 -3.71691e-08 1.57588
18.3 8.57968e-06 7.20642e-06 -4.02012e-08 1.57372
18.325 8.49498e-06 7.13009e-06 -4.31531e-08 1.57158
18.35 8.40459e-06 7.04853e-06 -4.60172e-08 1.56944
18.375 8.3088e-06 6.96202e-06 -4.87864e-08 1.5673
18.4 8.20789e-06 6.87086e-06 -5.1454e-08 1.56517
18.425 8.10216e-06 6.77531e-06 -5.40142e-08 1.56305
18.45 7.9919e-06 6.67568e-06 -5.64615e-08 1.56093
18.475 7.8774e-06 6.57225e-06 -5.87911e-08 1.55882
18.5 7.75896e-06 6.46526e-06 -6.09988e-08 1.55671
18.525 7.63688e-06 6.3551e-06 -6.3081e-08 1.55461
18.55 7.51144e-06 6.242e-06 -6.50346e-08 1.55251
18.575 7.38295e-06 6.12625e-06 -6.68571e-08 1.55043
18.6 7.25168e-06 6.00811e-06 -6.85465e-08 1.54834
18.625 7.11792e-06 5.88788e-06 -7.01014e-08 1.54626
18.65 6.98196e-06 5.7658e-06 -7.1521e-08 1.54419
18.675 6.84406e-06 5.64215e-06 -7.28049e-08 1.54212
18.7 6.7045e-06 5.51719e-06 -7.39531e-08 1.54006
18.725 6.56354e-06 5.39115e-06 -7.49663e-08 1.53801
18.75 6.42143e-06 5.26428e-06 -7.58454e-08 1.53595
18.775 6.27842e-06 5.13681e-06 -7.65918e-08 1.53391
18.8 6.13474e-06 5.00898e-06 -7.72074e-08 1.53187
18.825 5.99064e-06 4.88099e-06 -7.76943e-08 1.52984
18.85 5.84632e-06 4.75304e-06 -7.80549e-08 1.52781
18.875 5.70201e-06 4.62535e-06 -7.82922e-08 1.52578
18.9 5.55791e-06 4.49807e-06 -7.84092e-08 1.52376
18.925 5.41421e-06 4.37146e-06 -7.84092e-08 1.52175
18.95 5.27111e-06 4.24561e-06 -7.82959e-08 1.51974
18.975 5.12877e-06 4.1207e-06 -7.8073e-08 1.51774
19 4.98736e-06 3.99688e-06 -7.77445e-08 1.51574
19.025 4.84705e-06 3.8743e-06 -7.73144e-08 1.51375
19.05 4.70797e-06 3.75308e-06 -7.67871e-08 1.51177
19.075 4.57027e-06 3.63335e-06 -7.61667e-08 1.50979
19.1 4.43407e-06 3.51522e-06 -7.54578e-08 1.50781
19.125 4.2995e-06 3.39879e-06 -7.46648e-08 1.50584
19.15 4.16665e-06 3.28415e-06 -7.37921e-08 1.50387
19.175 4.03565e-06 3.17138e-06 -7.28442e-08 1.50191
19.2 3.90656e-06 3.06056e-06 -7.18256e-08 1.49996
19.225 3.77949e-06 2.95175e-06 -7.07406e-08 1.49801
19.25 3.65449e-06 2.84502e-06 -6.95936e-08 1.49606
19.275 3.53165e-06 2.7404e-06 -6.83889e-08 1.49412
19.3 3.41101e-06 2.63794e-06 -6.71307e-08 1.49218
19.325 3.29262e-06 2.53766e-06 -6.58229e-08 1.49025
19.35 3.17652e-06 2.4396e-06 -6.44695e-08 1.48833
19.375 3.06275e-06 2.34376e-06 -6.30742e-08 1.48641
19.4 2.95134e-06 2.25015e-06 -6.16407e-08 1.48449
19.425 2.84231e-06 2.15878e-06 -6.01724e-08 1.48258
19.45 2.73566e-06 2.06963e-06 -5.86722e-08 1.48068
19.475 2.63141e-06 1.98269e-06 -5.71434e-08 1.47878
19.5 2.52955e-06 1.89795e-06 -5.55887e-08 1.47688
19.525 2.43007e-06 1.81536e-06 -5.40109e-08 1.47499
19.55 2.33298e-06 1.7349e-06 -5.24115e-08 1.4731
19.575 2.23824e-06 1.65651e-06 -5.0793e-08 1.47122
19.6 2.14584e-06 1.58016e-06 -4.91569e-08 1.46934
19.625 2.05574e-06 1.50579e-06 -4.75047e-08 1.46747
19.65 1.96792e-06 1.43332e-06 -4.58375e-08 1.46561
19.675 1.88235e-06 1.3627e-06 -4.41559e-08 1.46374
19.7 1.79896e-06 1.29384e-06 -4.24605e-08 1.46189
19.725 1.71773e-06 1.22666e-06 -4.07511e-08 1.46003
19.75 1.63861e-06 1.16107e-06 -3.90274e-08 1.45818
19.775 1.56153e-06 1.09696e-06 -3.72886e-08 1.45634
19.8 1.48644e-06 1.03423e-06 -3.55335e-08 1.4545
19.825 1.41328e-06 9.72761e-07 -3.37604e-08 1.45267
19.85 1.34198e-06 9.12423e-07 -3.19671e-08 1.45084
19.875 1.27249e-06 8.53081e-07 -3.0151e-08 1.44901
19.9 1.20472e-06 7.9459e-07 -2.83088e-08 1.44719
19.925 1.13861e-06 7.36793e-07 -2.64367e-08 1.44538
19.95 1.07407e-06 6.79511e-07 -2.453e-08 1.44357
19.975 1.01105e-06 6.22602e-07 -2.2585e-08 1.44176
20 9.49398e-07 5.65749e-07 -2.05915e-08 1.43996
