0 498.806 412.642 -2.60084 10.6741
0.025 498.806 412.642 -2.60084 10.6741
0.05 498.424 412.05 -2.59611 10.6734
0.075 498.208 411.848 -2.59329 10.6724
0.1 497.915 411.583 -2.58945 10.6711
0.125 497.554 411.271 -2.58471 10.6694
0.15 497.121 410.899 -2.579 10.6673
0.175 496.614 410.468 -2.57233 10.6649
0.2 496.035 409.977 -2.5647 10.6621
0.225 495.385 409.426 -2.55612 10.6589
0.25 494.665 408.816 -2.54662 10.6553
0.275 493.878 408.149 -2.53621 10.6514
0.3 493.022 407.426 -2.52493 10.6471
0.325 492.107 406.649 -2.5128 10.6424
0.35 491.13 405.817 -2.49985 10.6374
0.375 490.095 404.938 -2.48609 10.632
0.4 489.005 404.013 -2.47161 10.6263
0.425 487.862 403.042 -2.4564 10.6202
0.45 486.669 402.029 -2.44052 10.6137
0.475 485.431 400.975 -2.424 10.6069
0.5 484.149 399.883 -2.40687 10.5998
0.525 482.828 398.757 -2.38918 10.5923
0.55 481.47 397.6 -2.37098 10.5844
0.575 480.08 396.414 -2.35229 10.5763
0.6 478.66 395.202 -2.33318 10.5677
0.625 477.216 393.966 -2.31367 10.5589
0.65 475.749 392.712 -2.29381 10.5497
0.675 474.264 391.441 -2.27363 10.5402
0.7 472.765 390.156 -2.25321 10.5304
0.725 471.255 388.861 -2.23257 10.5202
0.75 469.738 387.555 -2.21176 10.5097
0.775 468.217 386.248 -2.19082 10.4989
0.8 466.696 384.94 -2.16978 10.4878
0.825 465.178 383.634 -2.14869 10.4764
0.85 463.667 382.333 -2.12759 10.4647
0.875 462.166 381.039 -2.10652 10.4526
0.9 460.678 379.755 -2.08552 10.4403
0.925 459.206 378.484 -2.06461 10.4276
0.95 457.753 377.229 -2.04384 10.4147
0.975 456.322 375.992 -2.02324 10.4015
1 454.915 374.775 -2.00283 10.388
1.025 453.535 373.581 -1.98265 10.3741
1.05 452.185 372.412 -1.96272 10.36
1.075 450.866 371.269 -1.94307 10.3457
1.1 449.581 370.155 -1.92373 10.331
1.125 448.33 369.071 -1.9047 10.316
1.15 447.116 368.018 -1.88602 10.3008
1.175 445.941 366.999 -1.8677 10.2853
1.2 444.804 366.013 -1.84976 10.2695
1.225 443.707 365.062 -1.83219 10.2535
1.25 442.651 364.147 -1.81503 10.2371
1.275 441.636 363.268 -1.79827 10.2205
1.3 440.663 362.426 -1.78192 10.2036
1.325 439.731 361.621 -1.76598 10.1865
1.35 438.841 360.852 -1.75045 10.1691
1.375 437.992 360.12 -1.73535 10.1514
1.4 437.183 359.424 -1.72065 10.1334
1.425 436.414 358.763 -1.70635 10.1152
1.45 435.683 358.138 -1.69246 10.0967
1.475 434.989 357.546 -1.67895 10.0779
1.5 434.331 356.987 -1.66584 10.0589
1.525 433.708 356.461 -1.65308 10.0396
1.55 433.116 355.966 -1.64068 10.02
1.575 432.554 355.496 -1.62861 10.0002
1.6 432.019 355.053 -1.61684 9.98011
1.625 431.511 354.632 -1.60539 9.95973
1.65 431.025 354.235 -1.59421 9.93909
1.675 430.559 353.859 -1.58328 9.91818
1.7 430.11 353.5 -1.57259 9.89699
1.725 429.675 353.155 -1.56211 9.87554
1.75 429.251 352.824 -1.55181 9.85381
1.775 428.835 352.503 -1.54167 9.83181
1.8 428.423 352.188 -1.53166 9.80953
1.825 428.011 351.878 -1.52175 9.78699
1.85 427.597 351.568 -1.51192 9.76416
1.875 427.176 351.256 -1.50214 9.74106
1.9 426.746 350.94 -1.49238 9.71769
1.925 426.301 350.614 -1.4826 9.69404
1.95 425.838 350.277 -1.47279 9.67011
1.975 425.354 349.925 -1.46291 9.6459
2 424.845 349.555 -1.45293 9.62141
2.025 424.307 349.163 -1.44283 9.59665
2.05 423.736 348.746 -1.43257 9.5716
2.075 423.128 348.301 -1.42214 9.54627
2.1 422.479 347.825 -1.41149 9.52067
2.125 421.786 347.314 -1.40062 9.49478
2.15 421.045 346.765 -1.38948 9.46862
2.175 420.253 346.176 -1.37805 9.44217
2.2 419.405 345.542 -1.36632 9.41544
2.225 418.5 344.861 -1.35426 9.38844
2.25 417.532 344.13 -1.34184 9.36115
2.275 416.499 343.346 -1.32905 9.33359
2.3 415.399 342.506 -1.31586 9.30576
2.325 414.227 341.608 -1.30227 9.27764
2.35 412.981 340.648 -1.28824 9.24925
2.375 411.659 339.625 -1.27377 9.22058
2.4 410.258 338.536 -1.25885 9.19165
2.425 408.775 337.378 -1.24345 9.16244
2.45 407.208 336.149 -1.22758 9.13297
2.475 405.556 334.848 -1.21122 9.10323
2.5 403.816 333.473 -1.19436 9.07323
2.525 401.986 332.021 -1.177 9.04297
2.55 400.066 330.492 -1.15913 9.01245
2.575 398.053 328.883 -1.14075 8.98167
2.6 395.947 327.193 -1.12187 8.95065
2.625 393.747 325.421 -1.10248 8.91937
2.65 391.452 323.567 -1.08258 8.88785
2.675 389.06 321.629 -1.06219 8.85609
2.7 386.573 319.606 -1.0413 8.8241
2.725 383.99 317.499 -1.01993 8.79187
2.75 381.31 315.306 -0.998082 8.75942
2.775 378.534 313.028 -0.975769 8.72674
2.8 375.663 310.664 -0.953007 8.69385
2.825 372.696 308.215 -0.929808 8.66075
2.85 369.635 305.68 -0.90619 8.62743
2.875 366.482 303.062 -0.88217 8.59392
2.9 363.235 300.359 -0.857768 8.56021
2.925 359.899 297.574 -0.833004 8.52631
2.95 356.472 294.706 -0.8079 8.49223
2.975 352.959 291.757 -0.782479 8.45797
3 349.36 288.729 -0.756766 8.42355
3.025 345.676 285.622 -0.730786 8.38895
3.05 341.911 282.439 -0.704565 8.3542
3.075 338.067 279.181 -0.678133 8.3193
3.1 334.147 275.85 -0.651518 8.28426
3.125 330.152 272.449 -0.624748 8.24908
3.15 326.086 268.979 -0.597853 8.21378
3.175 321.95 265.443 -0.570864 8.17835
3.2 317.75 261.844 -0.543812 8.14281
3.225 313.487 258.184 -0.516729 8.10716
3.25 309.165 254.467 -0.489646 8.07141
3.275 304.788 250.694 -0.462596 8.03558
3.3 300.357 246.869 -0.435611 7.99966
3.325 295.878 242.995 -0.408721 7.96367
3.35 291.352 239.075 -0.381975 7.92761
3.375 286.785 235.113 -0.355377 7.89149
3.4 282.18 231.112 -0.32896 7.85532
3.425 277.539 227.076 -0.302781 7.81911
3.45 272.868 223.007 -0.276857 7.78286
3.475 268.169 218.91 -0.251219 7.74658
3.5 263.447 214.789 -0.225897 7.71029
3.525 258.705 210.646 -0.200921 7.67398
3.55 253.947 206.486 -0.176318 7.63768
3.575 249.176 202.312 -0.152117 7.60137
3.6 244.398 198.128 -0.128343 7.56508
3.625 239.614 193.939 -0.105022 7.52881
3.65 234.83 189.746 -0.082179 7.49257
3.675 230.048 185.555 -0.0598451 7.45636
3.7 225.272 181.369 -0.0380252 7.4202
3.725 220.506 177.191 -0.0167492 7.38408
3.75 215.754 173.026 0.00396356 7.34802
3.775 211.019 168.876 0.0241016 7.31203
3.8 206.304 164.746 0.0436341 7.27611
3.825 201.612 160.638 0.0625532 7.24027
3.85 196.947 156.556 0.0808449 7.20451
3.875 192.312 152.503 0.0984967 7.16884
3.9 187.711 148.483 0.115498 7.13327
3.925 183.145 144.498 0.131839 7.09781
3.95 178.618 140.551 0.147512 7.06245
3.975 174.132 136.645 0.16251 7.02722
4 169.691 132.783 0.176829 6.9921
4.025 165.297 128.968 0.190466 6.95712
4.05 160.952 125.202 0.203417 6.92226
4.075 156.659 121.486 0.215682 6.88755
4.1 152.419 117.825 0.227264 6.85298
4.125 148.235 114.218 0.238164 6.81856
4.15 144.109 110.669 0.248385 6.78429
4.175 140.043 107.18 0.257933 6.75018
4.2 136.038 103.751 0.266814 6.71623
4.225 132.096 100.384 0.275035 6.68245
4.25 128.218 97.0811 0.282605 6.64884
4.275 124.406 93.8439 0.289534 6.6154
4.3 120.66 90.6717 0.295831 6.58215
4.325 116.983 87.5664 0.30151 6.54907
4.35 113.375 84.5288 0.306583 6.51618
4.375 109.837 81.5596 0.311064 6.48348
4.4 106.369 78.6592 0.314968 6.45097
4.425 102.972 75.8281 0.318309 6.41865
4.45 99.6468 73.0666 0.321103 6.38652
4.475 96.3937 70.3748 0.323367 6.3546
4.5 93.213 67.7527 0.325118 6.32288
4.525 90.1048 65.2003 0.326374 6.29136
4.55 87.0691 62.7174 0.327152 6.26004
4.575 84.106 60.3038 0.327471 6.22893
4.6 81.2153 57.9589 0.32735 6.19803
4.625 78.3967 55.6823 0.326807 6.16734
4.65 75.6501 53.4735 0.325862 6.13686
4.675 72.975 51.3319 0.324533 6.10659
4.7 70.3708 49.2565 0.32284 6.07653
4.725 67.8372 47.2467 0.320802 6.04669
4.75 65.3734 45.3016 0.318438 6.01706
4.775 62.9787 43.4201 0.315768 5.98764
4.8 60.6525 41.6014 0.312809 5.95844
4.825 58.3938 39.8443 0.309581 5.92946
4.85 56.2019 38.1478 0.306102 5.90069
4.875 54.0757 36.5106 0.302391 5.87213
4.9 52.0143 34.9316 0.298464 5.84379
4.925 50.0167 33.4096 0.294339 5.81567
4.95 48.0818 31.9433 0.290033 5.78776
4.975 46.2085 30.5314 0.285564 5.76007
5 44.3957 29.1726 0.280946 5.73259
5.025 42.6422 27.8657 0.276196 5.70532
5.05 40.9468 26.6091 0.271328 5.67827
5.075 39.3084 25.4017 0.266358 5.65143
5.1 37.7256 24.242 0.261299 5.6248
5.125 36.1972 23.1288 0.25617 5.59839
5.15 34.722 22.0606 0.250973 5.57218
5.175 33.2987 21.0361 0.245727 5.54618
5.2 31.926 20.0539 0.240442 5.52039
5.225 30.6026 19.1128 0.235125 5.4948
5.25 29.3273 18.2114 0.229798 5.46942
5.275 28.0988 17.3483 0.224464 5.44425
5.3 26.9158 16.5224 0.219134 5.41928
5.325 25.777 15.7322 0.213816 5.39451
5.35 24.6811 14.9767 0.208519 5.36994
5.375 23.627 14.2544 0.203251 5.34557
5.4 22.6133 13.5643 0.198019 5.32139
5.425 21.6388 12.9051 0.19283 5.29741
5.45 20.7024 12.2757 0.18769 5.27363
5.475 19.8028 11.6748 0.182605 5.25004
5.5 18.9388 11.1015 0.177581 5.22664
5.525 18.1093 10.5546 0.172621 5.20344
5.55 17.3131 10.0331 0.167731 5.18042
5.575 16.5491 9.53591 0.162915 5.15758
5.6 15.8163 9.06207 0.158176 5.13494
5.625 15.1135 8.6106 0.153516 5.11247
5.65 14.4397 8.18057 0.14894 5.09019
5.675 13.7938 7.77105 0.144449 5.06809
5.7 13.1749 7.38117 0.140046 5.04617
5.725 12.582 7.01007 0.135732 5.02442
5.75 12.0141 6.65694 0.131508 5.00286
5.775 11.4702 6.32096 0.127376 4.98146
5.8 10.9496 6.00138 0.123336 4.96024
5.825 10.4512 5.69746 0.11939 4.93918
5.85 9.97435 5.40848 0.115537 4.9183
5.875 9.51806 5.13375 0.111778 4.89758
5.9 9.08158 4.87262 0.108112 4.87703
5.925 8.66413 4.62446 0.104539 4.85665
5.95 8.26495 4.38865 0.101059 4.83642
5.975 7.88332 4.16462 0.0976718 4.81636
6 7.51852 3.9518 0.0943757 4.79646
6.025 7.16987 3.74966 0.09117 4.77671
6.05 6.8367 3.55768 0.0880538 4.75712
6.075 6.51839 3.37538 0.085026 4.73768
6.1 6.21431 3.20228 0.0820853 4.7184
6.125 5.92388 3.03793 0.0792305 4.69927
6.15 5.64651 2.88191 0.07646 4.68028
6.175 5.38166 2.73381 0.0737726 4.66145
6.2 5.12879 2.59323 0.0711665 4.64276
6.225 4.8874 2.4598 0.0686403 4.62422
6.25 4.65699 2.33318 0.0661924 4.60582
6.275 4.43709 2.21301 0.0638211 4.58756
6.3 4.22725 2.09897 0.0615248 4.56945
6.325 4.02702 1.99076 0.0593016 4.55147
6.35 3.836 1.88809 0.0571501 4.53363
6.375 3.65376 1.79067 0.0550683 4.51592
6.4 3.47994 1.69824 0.0530546 4.49836
6.425 3.31416 1.61055 0.0511074 4.48092
6.45 3.15605 1.52736 0.0492248 4.46362
6.475 3.00529 1.44844 0.0474051 4.44644
6.5 2.86155 1.37357 0.0456468 4.4294
6.525 2.7245 1.30255 0.0439481 4.41249
6.55 2.59386 1.23519 0.0423073 4.3957
6.575 2.46932 1.17128 0.0407228 4.37903
6.6 2.35063 1.11067 0.039193 4.36249
6.625 2.23751 1.05318 0.0377163 4.34608
6.65 2.12971 0.998655 0.0362913 4.32978
6.675 2.02699 0.946939 0.0349161 4.31361
6.7 1.92912 0.897891 0.0335895 4.29755
6.725 1.83587 0.851374 0.0323098 4.28161
6.75 1.74705 0.807261 0.0310758 4.26579
6.775 1.66243 0.765428 0.0298859 4.25008
6.8 1.58184 0.725763 0.0287388 4.23449
6.825 1.50508 0.688146 0.0276331 4.21901
6.85 1.43199 0.652476 0.0265675 4.20364
6.875 1.36238 0.618656 0.0255407 4.18838
6.9 1.2961 0.586589 0.0245515 4.17323
6.925 1.233 0.556186 0.0235986 4.15819
6.95 1.17292 0.527362 0.0226808 4.14325
6.975 1.11572 0.500036 0.021797 4.12842
7 1.06128 0.474132 0.0209461 4.1137
7.025 1.00947 0.449576 0.0201269 4.09908
7.05 0.960149 0.426299 0.0193384 4.08457
7.075 0.913214 0.404236 0.0185795 4.07015
7.1 0.86855 0.383324 0.0178493 4.05584
7.125 0.82605 0.363504 0.0171467 4.04162
7.15 0.785612 0.344719 0.0164708 4.02751
7.175 0.747138 0.326918 0.0158206 4.01349
7.2 0.710536 0.310047 0.0151953 3.99957
7.225 0.675716 0.29406 0.014594 3.98574
7.25 0.642595 0.278911 0.0140158 3.97201
7.275 0.61109 0.264556 0.0134599 3.95837
7.3 0.581125 0.250954 0.0129256 3.94483
7.325 0.552625 0.238066 0.0124119 3.93138
7.35 0.525522 0.225854 0.0119183 3.91801
7.375 0.499747 0.214284 0.0114439 3.90474
7.4 0.475237 0.203322 0.0109881 3.89156
7.425 0.451931 0.192935 0.0105502 3.87847
7.45 0.42977 0.183094 0.0101295 3.86546
7.475 0.4087 0.17377 0.00972534 3.85254
7.5 0.388666 0.164935 0.00933715 3.83971
7.525 0.369619 0.156565 0.00896431 3.82696
7.55 0.351511 0.148632 0.00860625 3.81429
7.575 0.334296 0.141116 0.00826241 3.80171
7.6 0.31793 0.133995 0.00793223 3.78921
7.625 0.302371 0.127246 0.0076152 3.7768
7.65 0.28758 0.120851 0.00731074 3.76446
7.675 0.27352 0.114789 0.0070185 3.7522
7.7 0.260153 0.109044 0.00673791 3.74003
7.725 0.247447 0.103598 0.00646856 3.72793
7.75 0.235368 0.0984354 0.00620999 3.71591
7.775 0.223885 0.0935407 0.00596176 3.70396
7.8 0.212969 0.0888997 0.00572348 3.6921
7.825 0.202591 0.0844986 0.00549474 3.68031
7.85 0.192726 0.0803245 0.00527517 3.66859
7.875 0.183346 0.0763652 0.00506439 3.65695
7.9 0.174429 0.0726091 0.00486206 3.64538
7.925 0.165951 0.0690453 0.00466783 3.63388
7.95 0.157891 0.0656633 0.00448138 3.62246
7.975 0.150227 0.0624534 0.00430239 3.6111
8 0.142939 0.0594063 0.00413056 3.59982
8.025 0.136009 0.0565133 0.0039656 3.58861
8.05 0.12942 0.053766 0.00380723 3.57747
8.075 0.123153 0.0511566 0.00365517 3.5664
8.1 0.117193 0.0486778 0.00350918 3.55539
8.125 0.111525 0.0463226 0.003369 3.54445
8.15 0.106133 0.0440843 0.00323441 3.53358
8.175 0.101005 0.0419569 0.00310516 3.52278
8.2 0.0961271 0.0399343 0.00298104 3.51204
8.225 0.0914865 0.0380111 0.00286185 3.50137
8.25 0.0870716 0.0361821 0.00274738 3.49076
8.275 0.0828713 0.0344423 0.00263744 3.48022
8.3 0.0788748 0.0327871 0.00253184 3.46974
8.325 0.075072 0.0312121 0.00243042 3.45932
8.35 0.0714534 0.0297132 0.002333 3.44896
8.375 0.0680098 0.0282864 0.00223942 3.43867
8.4 0.0647326 0.0269281 0.00214952 3.42844
8.425 0.0616136 0.0256349 0.00206317 3.41826
8.45 0.058645 0.0244034 0.00198021 3.40815
8.475 0.0558194 0.0232306 0.00190051 3.3981
8.5 0.0531299 0.0221136 0.00182395 3.38811
8.525 0.0505697 0.0210496 0.00175039 3.37817
8.55 0.0481326 0.020036 0.00167972 3.3683
8.575 0.0458126 0.0190704 0.00161184 3.35848
8.6 0.043604 0.0181504 0.00154662 3.34871
8.625 0.0415014 0.0172739 0.00148396 3.33901
8.65 0.0394997 0.0164389 0.00142377 3.32936
8.675 0.037594 0.0156433 0.00136595 3.31977
8.7 0.0357797 0.0148853 0.00131041 3.31023
8.725 0.0340524 0.0141631 0.00125706 3.30074
8.75 0.032408 0.0134751 0.00120581 3.29131
8.775 0.0308425 0.0128198 0.0011566 3.28194
8.8 0.0293522 0.0121955 0.00110933 3.27261
8.825 0.0279333 0.0116009 0.00106394 3.26334
8.85 0.0265827 0.0110347 0.00102036 3.25413
8.875 0.025297 0.0104955 0.000978516 3.24496
8.9 0.0240731 0.00998209 0.000938344 3.23585
8.925 0.0229082 0.00949337 0.000899782 3.22678
8.95 0.0217994 0.00902821 0.000862769 3.21777
8.975 0.020744 0.00858551 0.000827247 3.20881
9 0.0197397 0.00816428 0.000793161 3.19989
9.025 0.0187838 0.00776354 0.000760456 3.19103
9.05 0.0178743 0.00738238 0.000729081 3.18222
9.075 0.0170088 0.00701989 0.000698985 3.17345
9.1 0.0161853 0.00667524 0.000670121 3.16473
9.125 0.0154019 0.00634762 0.000642441 3.15606
9.15 0.0146565 0.00603623 0.000615902 3.14744
9.175 0.0139475 0.00574034 0.000590458 3.13886
9.2 0.0132731 0.00545924 0.000566072 3.13033
9.225 0.0126316 0.00519222 0.000542697 3.12185
9.25 0.0120215 0.00493865 0.000520298 3.11341
9.275 0.0114412 0.00469788 0.000498837 3.10502
9.3 0.0108895 0.0044693 0.000478276 3.09668
9.325 0.0103648 0.00425235 0.00045858 3.08837
9.35 0.00986596 0.00404645 0.000439716 3.08012
9.375 0.00939166 0.00385109 0.00042165 3.0719
9.4 0.00894073 0.00366573 0.00040435 3.06373
9.425 0.00851204 0.0034899 0.000387786 3.05561
9.45 0.00810452 0.00332311 0.000371926 3.04752
9.475 0.00771712 0.00316492 0.000356744 3.03948
9.5 0.00734888 0.0030149 0.00034221 3.03148
9.525 0.00699885 0.00287263 0.000328297 3.02353
9.55 0.00666613 0.00273771 0.00031498 3.01561
9.575 0.00634988 0.00260977 0.000302233 3.00774
9.6 0.00604927 0.00248844 0.000290031 2.99991
9.625 0.00576354 0.00237337 0.000278352 2.99212
9.65 0.00549193 0.00226424 0.000267173 2.98436
9.675 0.00523375 0.00216071 0.000256472 2.97665
9.7 0.00498832 0.00206251 0.000246227 2.96898
9.725 0.004755 0.00196934 0.000236419 2.96135
9.75 0.00453317 0.00188091 0.000227029 2.95376
9.775 0.00432226 0.00179698 0.000218036 2.9462
9.8 0.00412171 0.00171728 0.000209424 2.93869
9.825 0.00393099 0.00164159 0.000201174 2.93121
9.85 0.00374959 0.00156968 0.000193271 2.92377
9.875 0.00357705 0.00150132 0.000185699 2.91637
9.9 0.0034129 0.00143634 0.000178441 2.909
9.925 0.00325672 0.00137453 0.000171485 2.90167
9.95 0.00310809 0.00131571 0.000164814 2.89438
9.975 0.00296662 0.00125971 0.000158417 2.88713
10 0.00283194 0.00120636 0.000152281 2.87991
10.025 0.0027037 0.00115551 0.000146393 2.87273
10.05 0.00258157 0.00110701 0.000140741 2.86558
10.075 0.00246522 0.00106073 0.000135315 2.85847
10.1 0.00235436 0.00101654 0.000130104 2.8514
10.125 0.00224871 0.000974317 0.000125098 2.84436
10.15 0.00214799 0.000933952 0.000120289 2.83735
10.175 0.00205194 0.000895327 0.000115666 2.83038
10.2 0.00196033 0.000858354 0.000111221 2.82344
10.225 0.00187293 0.000822935 0.000106946 2.81654
10.25 0.00178953 0.000788984 0.000102833 2.80967
10.275 0.00170991 0.000756425 9.88745e-05 2.80284
10.3 0.00163389 0.00072517 9.50645e-05 2.79603
10.325 0.00156128 0.000695155 9.13962e-05 2.78926
10.35 0.00149191 0.000666315 8.78632e-05 2.78253
10.375 0.00142563 0.00063859 8.446e-05 2.77582
10.4 0.00136227 0.000611923 8.11809e-05 2.76915
10.425 0.0013017 0.000586264 7.80207e-05 2.76251
10.45 0.00124377 0.000561564 7.49748e-05 2.7559
10.475 0.00118837 0.00053778 7.20383e-05 2.74932
10.5 0.00113537 0.000514868 6.9207e-05 2.74277
10.525 0.00108465 0.000492801 6.64769e-05 2.73626
10.55 0.00103612 0.000471534 6.3844e-05 2.72978
10.575 0.000989669 0.00045104 6.13048e-05 2.72332
10.6 0.000945207 0.00043129 5.88558e-05 2.7169
10.625 0.000902638 0.000412257 5.64938e-05 2.71051
10.65 0.000861885 0.000393917 5.42157e-05 2.70414
10.675 0.000822867 0.000376247 5.20187e-05 2.69781
10.7 0.000785509 0.000359226 4.99e-05 2.69151
10.725 0.000749741 0.000342835 4.7857e-05 2.68523
10.75 0.000715496 0.000327055 4.58874e-05 2.67899
10.775 0.000682711 0.00031187 4.39888e-05 2.67277
10.8 0.000651326 0.000297264 4.2159e-05 2.66659
10.825 0.000621286 0.000283221 4.03959e-05 2.66043
10.85 0.000592536 0.000269728 3.86974e-05 2.6543
10.875 0.000565026 0.000256769 3.70618e-05 2.6482
10.9 0.000538706 0.000244332 3.54871e-05 2.64212
10.925 0.00051353 0.000232404 3.39716e-05 2.63608
10.95 0.000489455 0.000220971 3.25136e-05 2.63006
10.975 0.000466436 0.000210022 3.11114e-05 2.62407
11 0.000444436 0.000199544 2.97635e-05 2.6181
11.025 0.000423413 0.000189524 2.84684e-05 2.61217
11.05 0.00040333 0.00017995 2.72245e-05 2.60626
11.075 0.000384152 0.00017081 2.60304e-05 2.60037
11.1 0.000365844 0.000162092 2.48848e-05 2.59452
11.125 0.000348372 0.000153783 2.37861e-05 2.58869
11.15 0.000331704 0.000145871 2.2733e-05 2.58288
11.175 0.000315808 0.000138343 2.17243e-05 2.5771
11.2 0.000300653 0.000131187 2.07585e-05 2.57135
11.225 0.000286212 0.000124391 1.98345e-05 2.56563
11.25 0.000272454 0.000117941 1.89508e-05 2.55992
11.275 0.000259353 0.000111825 1.81063e-05 2.55425
11.3 0.000246882 0.000106032 1.72997e-05 2.5486
11.325 0.000235015 0.000100547 1.65298e-05 2.54297
11.35 0.000223726 9.53604e-05 1.57953e-05 2.53737
11.375 0.000212991 9.04584e-05 1.50951e-05 2.53179
11.4 0.000202787 8.58293e-05 1.44278e-05 2.52624
11.425 0.000193091 8.14613e-05 1.37924e-05 2.52071
11.45 0.00018388 7.73428e-05 1.31877e-05 2.51521
11.475 0.000175133 7.34622e-05 1.26124e-05 2.50973
11.5 0.00016683 6.98085e-05 1.20655e-05 2.50427
11.525 0.000158949 6.63707e-05 1.15459e-05 2.49884
11.55 0.000151473 6.31382e-05 1.10523e-05 2.49343
11.575 0.000144382 6.01011e-05 1.05838e-05 2.48805
11.6 0.000137658 5.72485e-05 1.01391e-05 2.48268
11.625 0.000131283 5.4571e-05 9.71731e-06 2.47735
11.65 0.000125242 5.20596e-05 9.31726e-06 2.47203
11.675 0.000119517 4.97052e-05 8.93797e-06 2.46674
11.7 0.000114094 4.7499e-05 8.57842e-06 2.46147
11.725 0.000108957 4.54326e-05 8.23763e-06 2.45622
11.75 0.000104092 4.34982e-05 7.91464e-06 2.45099
11.775 9.94856e-05 4.16879e-05 7.60851e-06 2.44579
11.8 9.51241e-05 3.99944e-05 7.31834e-06 2.44061
11.825 9.09949e-05 3.84106e-05 7.04323e-06 2.43545
11.85 8.70858e-05 3.69298e-05 6.78235e-06 2.43031
11.875 8.33857e-05 3.55454e-05 6.53485e-06 2.42519
11.9 7.98821e-05 3.42513e-05 6.29995e-06 2.4201
11.925 7.65654e-05 3.30414e-05 6.07688e-06 2.41502
11.95 7.34251e-05 3.191e-05 5.8649e-06 2.40997
11.975 7.04511e-05 3.08518e-05 5.66332e-06 2.40494
12 6.76342e-05 2.98614e-05 5.47145e-06 2.39993
12.025 6.49652e-05 2.89339e-05 5.28866e-06 2.39494
12.05 6.24356e-05 2.80643e-05 5.11434e-06 2.38997
12.075 6.0037e-05 2.72482e-05 4.94791e-06 2.38502
12.1 5.77615e-05 2.6481e-05 4.78882e-06 2.38009
12.125 5.56015e-05 2.57585e-05 4.63655e-06 2.37519
12.15 5.35499e-05 2.5077e-05 4.49061e-06 2.3703
12.175 5.15997e-05 2.44318e-05 4.35056e-06 2.36543
12.2 4.97444e-05 2.38199e-05 4.21598e-06 2.36059
12.225 4.79777e-05 2.32375e-05 4.08642e-06 2.35576
12.25 4.62936e-05 2.26814e-05 3.96154e-06 2.35095
12.275 4.46864e-05 2.21483e-05 3.84099e-06 2.34616
12.3 4.31509e-05 2.16353e-05 3.72445e-06 2.34139
12.325 4.16819e-05 2.11395e-05 3.61162e-06 2.33664
12.35 4.02746e-05 2.06583e-05 3.50222e-06 2.33191
12.375 3.89245e-05 2.01893e-05 3.39602e-06 2.3272
12.4 3.76274e-05 1.97302e-05 3.29277e-06 2.32251
12.425 3.63793e-05 1.92788e-05 3.19227e-06 2.31784
12.45 3.51765e-05 1.88334e-05 3.09434e-06 2.31318
12.475 3.40156e-05 1.83923e-05 2.99879e-06 2.30855
12.5 3.28933e-05 1.79539e-05 2.90547e-06 2.30393
12.525 3.18069e-05 1.7517e-05 2.81425e-06 2.29933
12.55 3.07535e-05 1.70804e-05 2.72501e-06 2.29475
12.575 2.97308e-05 1.66433e-05 2.63763e-06 2.29019
12.6 2.87366e-05 1.62049e-05 2.55198e-06 2.28565
12.625 2.77688e-05 1.57647e-05 2.46809e-06 2.28112
12.65 2.68258e-05 1.53224e-05 2.38577e-06 2.27661
12.675 2.5906e-05 1.48777e-05 2.305e-06 2.27212
12.7 2.50081e-05 1.44305e-05 2.22571e-06 2.26765
12.725 2.41309e-05 1.39812e-05 2.14789e-06 2.26319
12.75 2.32735e-05 1.35299e-05 2.07149e-06 2.25876
12.775 2.2435e-05 1.30771e-05 1.99647e-06 2.25434
12.8 2.16148e-05 1.26233e-05 1.92282e-06 2.24993
12.825 2.08125e-05 1.2169e-05 1.85052e-06 2.24555
12.85 2.00277e-05 1.17152e-05 1.77956e-06 2.24118
12.875 1.926e-05 1.12625e-05 1.70993e-06 2.23683
12.9 1.85095e-05 1.08118e-05 1.64164e-06 2.23249
12.925 1.7776e-05 1.03642e-05 1.57468e-06 2.22817
12.95 1.70596e-05 9.92056e-06 1.50906e-06 2.22387
12.975 1.63603e-05 9.48186e-06 1.4448e-06 2.21959
13 1.56784e-05 9.04913e-06 1.3819e-06 2.21532
13.025 1.50139e-05 8.62336e-06 1.32039e-06 2.21107
13.05 1.43672e-05 8.20553e-06 1.26026e-06 2.20683
13.075 1.37385e-05 7.79658e-06 1.20156e-06 2.20261
13.1 1.3128e-05 7.39743e-06 1.14428e-06 2.19841
13.125 1.25359e-05 7.00891e-06 1.08846e-06 2.19422
13.15 1.19625e-05 6.63182e-06 1.03411e-06 2.19005
13.175 1.14079e-05 6.26688e-06 9.8126e-07 2.18589
13.2 1.08724e-05 5.91473e-06 9.29921e-07 2.18175
13.225 1.03561e-05 5.57592e-06 8.80117e-07 2.17763
13.25 9.85895e-06 5.25092e-06 8.31865e-07 2.17352
13.275 9.38114e-06 4.94011e-06 7.85186e-07 2.16943
13.3 8.92263e-06 4.64378e-06 7.40094e-07 2.16535
13.325 8.48335e-06 4.36212e-06 6.96603e-07 2.16129
13.35 8.0632e-06 4.09523e-06 6.54732e-07 2.15724
13.375 7.66202e-06 3.84313e-06 6.14491e-07 2.15321
13.4 7.27958e-06 3.60574e-06 5.75883e-07 2.14919
13.425 6.91563e-06 3.3829e-06 5.38917e-07 2.14519
13.45 6.56981e-06 3.17438e-06 5.03597e-07 2.1412
13.475 6.24177e-06 2.97987e-06 4.69923e-07 2.13723
13.5 5.93109e-06 2.79902e-06 4.37892e-07 2.13327
13.525 5.63731e-06 2.63134e-06 4.07501e-07 2.12933
13.55 5.35995e-06 2.47639e-06 3.78734e-07 2.1254
13.575 5.09847e-06 2.33363e-06 3.5158e-07 2.12148
13.6 4.85231e-06 2.20249e-06 3.26024e-07 2.11758
13.625 4.6209e-06 2.08239e-06 3.02045e-07 2.1137
13.65 4.40365e-06 1.97271e-06 2.79615e-07 2.10983
13.675 4.19993e-06 1.87283e-06 2.58716e-07 2.10597
13.7 4.00915e-06 1.78211e-06 2.3931e-07 2.10213
13.725 3.83066e-06 1.69994e-06 2.21366e-07 2.0983
13.75 3.66387e-06 1.62568e-06 2.04843e-07 2.09448
13.775 3.50815e-06 1.55873e-06 1.89702e-07 2.09068
13.8 3.3629e-06 1.4985e-06 1.75898e-07 2.08689
13.825 3.22753e-06 1.44442e-06 1.63384e-07 2.08312
13.85 3.10148e-06 1.39597e-06 1.52111e-07 2.07936
13.875 2.98419e-06 1.35264e-06 1.42026e-07 2.07561
13.9 2.87513e-06 1.31396e-06 1.33075e-07 2.07188
13.925 2.7738e-06 1.2795e-06 1.25202e-07 2.06816
13.95 2.67973e-06 1.24886e-06 1.18349e-07 2.06445
13.975 2.59245e-06 1.22168e-06 1.12457e-07 2.06076
14 2.51156e-06 1.19766e-06 1.07466e-07 2.05708
14.025 2.43666e-06 1.1765e-06 1.03314e-07 2.05342
14.05 2.36737e-06 1.15797e-06 9.9941e-08 2.04976
14.075 2.30336e-06 1.14186e-06 9.72855e-08 2.04612
14.1 2.24432e-06 1.12798e-06 9.52869e-08 2.04249
14.125 2.18997e-06 1.1162e-06 9.38846e-08 2.03888
14.15 2.14004e-06 1.10639e-06 9.30187e-08 2.03528
14.175 2.09428e-06 1.09846e-06 9.26316e-08 2.03169
14.2 2.05247e-06 1.09233e-06 9.26663e-08 2.02811
14.225 2.01443e-06 1.08795e-06 9.30679e-08 2.02454
14.25 1.97995e-06 1.08528e-06 9.37825e-08 2.02099
14.275 1.94887e-06 1.08429e-06 9.4761e-08 2.01745
14.3 1.92103e-06 1.08495e-06 9.59549e-08 2.01393
14.325 1.89627e-06 1.08723e-06 9.7317e-08 2.01041
14.35 1.87445e-06 1.09112e-06 9.8805e-08 2.00691
14.375 1.85543e-06 1.0966e-06 1.00379e-07 2.00342
14.4 1.83909e-06 1.10364e-06 1.02002e-07 1.99994
14.425 1.82528e-06 1.11222e-06 1.03639e-07 1.99647
14.45 1.81387e-06 1.12225e-06 1.0526e-07 1.99302
14.475 1.80473e-06 1.13372e-06 1.06837e-07 1.98958
14.5 1.79773e-06 1.14656e-06 1.08346e-07 1.98615
14.525 1.79273e-06 1.16069e-06 1.09764e-07 1.98273
14.55 1.78959e-06 1.17601e-06 1.11073e-07 1.97932
14.575 1.78816e-06 1.19243e-06 1.12258e-07 1.97593
14.6 1.78829e-06 1.20982e-06 1.13307e-07 1.97254
14.625 1.78982e-06 1.22806e-06 1.14208e-07 1.96917
14.65 1.79261e-06 1.247e-06 1.14954e-07 1.96581
14.675 1.79649e-06 1.2665e-06 1.15541e-07 1.96246
14.7 1.80129e-06 1.28639e-06 1.15966e-07 1.95913
14.725 1.80685e-06 1.3065e-06 1.16228e-07 1.9558
14.75 1.81299e-06 1.32665e-06 1.16328e-07 1.95248
14.775 1.81956e-06 1.34667e-06 1.16269e-07 1.94918
14.8 1.82638e-06 1.36638e-06 1.16057e-07 1.94589
14.825 1.83328e-06 1.38559e-06 1.15695e-07 1.94261
14.85 1.8401e-06 1.40412e-06 1.15192e-07 1.93934
14.875 1.84668e-06 1.42179e-06 1.14554e-07 1.93608
14.9 1.85287e-06 1.43844e-06 1.13789e-07 1.93283
14.925 1.85852e-06 1.45389e-06 1.12908e-07 1.92959
14.95 1.86349e-06 1.46801e-06 1.11918e-07 1.92636
14.975 1.86765e-06 1.48065e-06 1.10828e-07 1.92315
15 1.87087e-06 1.49167e-06 1.09648e-07 1.91994
15.025 1.87305e-06 1.50095e-06 1.08386e-07 1.91675
15.05 1.87409e-06 1.50839e-06 1.07052e-07 1.91356
15.075 1.8739e-06 1.51394e-06 1.05652e-07 1.91039
15.1 1.8724e-06 1.5175e-06 1.04194e-07 1.90723
15.125 1.86953e-06 1.51905e-06 1.02686e-07 1.90408
15.15 1.86525e-06 1.51853e-06 1.01133e-07 1.90093
15.175 1.85952e-06 1.51594e-06 9.954e-08 1.8978
15.2 1.85232e-06 1.51129e-06 9.79122e-08 1.89468
15.225 1.84365e-06 1.5046e-06 9.62529e-08 1.89157
15.25 1.8335e-06 1.49591e-06 9.4565e-08 1.88847
15.275 1.8219e-06 1.48527e-06 9.28503e-08 1.88538
15.3 1.80888e-06 1.47275e-06 9.11101e-08 1.8823
15.325 1.79447e-06 1.45844e-06 8.93445e-08 1.87923
15.35 1.77874e-06 1.44244e-06 8.75532e-08 1.87617
15.375 1.76173e-06 1.42484e-06 8.57355e-08 1.87312
15.4 1.74354e-06 1.40578e-06 8.38895e-08 1.87007
15.425 1.72422e-06 1.38537e-06 8.20132e-08 1.86704
15.45 1.70386e-06 1.36375e-06 8.01042e-08 1.86402
15.475 1.68258e-06 1.34106e-06 7.81596e-08 1.86101
15.5 1.66046e-06 1.31743e-06 7.61764e-08 1.85801
15.525 1.6376e-06 1.29302e-06 7.41516e-08 1.85502
15.55 1.6141e-06 1.26795e-06 7.20821e-08 1.85204
15.575 1.59008e-06 1.24239e-06 6.99647e-08 1.84906
15.6 1.56563e-06 1.21646e-06 6.77972e-08 1.8461
15.625 1.54087e-06 1.1903e-06 6.55763e-08 1.84315
15.65 1.51591e-06 1.16405e-06 6.33003e-08 1.8402
15.675 1.49084e-06 1.13783e-06 6.09677e-08 1.83727
15.7 1.46577e-06 1.11176e-06 5.85775e-08 1.83434
15.725 1.44081e-06 1.08595e-06 5.61295e-08 1.83142
15.75 1.41605e-06 1.06051e-06 5.3624e-08 1.82852
15.775 1.39157e-06 1.03552e-06 5.10624e-08 1.82562
15.8 1.36748e-06 1.01108e-06 4.84466e-08 1.82273
15.825 1.34386e-06 9.87263e-07 4.57802e-08 1.81985
15.85 1.32078e-06 9.64135e-07 4.30662e-08 1.81698
15.875 1.29833e-06 9.41756e-07 4.03098e-08 1.81412
15.9 1.27657e-06 9.20176e-07 3.75169e-08 1.81127
15.925 1.25557e-06 8.99439e-07 3.46942e-08 1.80842
15.95 1.2354e-06 8.79581e-07 3.18493e-08 1.80559
15.975 1.21611e-06 8.60625e-07 2.89909e-08 1.80276
16 1.19776e-06 8.42595e-07 2.61284e-08 1.79995
16.025 1.1804e-06 8.25507e-07 2.3272e-08 1.79714
16.05 1.16408e-06 8.09373e-07 2.04329e-08 1.79434
16.075 1.14885e-06 7.94199e-07 1.76228e-08 1.79155
16.1 1.13475e-06 7.7999e-07 1.48541e-08 1.78877
16.125 1.12182e-06 7.66749e-07 1.21397e-08 1.78599
16.15 1.11011e-06 7.54477e-07 9.49316e-09 1.78323
16.175 1.09965e-06 7.43177e-07 6.92819e-09 1.78047
16.2 1.09049e-06 7.3285e-07 4.45893e-09 1.77773
16.225 1.08268e-06 7.235e-07 2.09965e-09 1.77499
16.25 1.07624e-06 7.15134e-07 -1.35276e-10 1.77226
16.275 1.07123e-06 7.07763e-07 -2.23151e-09 1.76953
16.3 1.06768e-06 7.01398e-07 -4.17484e-09 1.76682
16.325 1.06565e-06 6.96059e-07 -5.95129e-09 1.76411
16.35 1.06517e-06 6.91769e-07 -7.54721e-09 1.76142
16.375 1.0663e-06 6.88555e-07 -8.94941e-09 1.75873
16.4 1.0691e-06 6.86451e-07 -1.01452e-08 1.75605
16.425 1.0736e-06 6.85497e-07 -1.11227e-08 1.75337
16.45 1.07987e-06 6.85737e-07 -1.18704e-08 1.75071
16.475 1.08796e-06 6.87224e-07 -1.2378e-08 1.74805
16.5 1.09793e-06 6.90014e-07 -1.26358e-08 1.7454
16.525 1.10984e-06 6.94167e-07 -1.26353e-08 1.74276
16.55 1.12375e-06 6.9975e-07 -1.23689e-08 1.74013
16.575 1.13971e-06 7.06836e-07 -1.18302e-08 1.73751
16.6 1.1578e-06 7.15497e-07 -1.10139e-08 1.73489
16.625 1.17807e-06 7.25814e-07 -9.91556e-09 1.73228
16.65 1.20058e-06 7.37866e-07 -8.53274e-09 1.72968
16.675 1.22538e-06 7.51736e-07 -6.86358e-09 1.72709
16.7 1.25254e-06 7.67508e-07 -4.90781e-09 1.7245
16.725 1.28211e-06 7.85264e-07 -2.66632e-09 1.72192
16.75 1.31414e-06 8.05087e-07 -1.41365e-10 1.71935
16.775 1.34866e-06 8.27059e-07 2.66353e-09 1.71679
16.8 1.38574e-06 8.51256e-07 5.74359e-09 1.71424
16.825 1.42539e-06 8.77754e-07 9.09277e-09 1.71169
16.85 1.46765e-06 9.06619e-07 1.27038e-08 1.70915
16.875 1.51255e-06 9.37918e-07 1.65683e-08 1.70662
16.9 1.5601e-06 9.71705e-07 2.06767e-08 1.70409
16.925 1.61031e-06 1.00803e-06 2.50184e-08 1.70157
16.95 1.66318e-06 1.04693e-06 2.95816e-08 1.69906
16.975 1.7187e-06 1.08845e-06 3.43538e-08 1.69656
17 1.77685e-06 1.13259e-06 3.93215e-08 1.69407
17.025 1.83761e-06 1.17939e-06 4.44702e-08 1.69158
17.05 1.90093e-06 1.22882e-06 4.9785e-08 1.6891
17.075 1.96678e-06 1.28089e-06 5.525e-08 1.68663
17.1 2.03508e-06 1.33556e-06 6.08489e-08 1.68416
17.125 2.10578e-06 1.3928e-06 6.65649e-08 1.6817
17.15 2.17879e-06 1.45257e-06 7.23807e-08 1.67925
17.175 2.25402e-06 1.5148e-06 7.82787e-08 1.67681
17.2 2.33138e-06 1.57942e-06 8.42411e-08 1.67437
17.225 2.41074e-06 1.64633e-06 9.02499e-08 1.67194
17.25 2.49199e-06 1.71544e-06 9.6287e-08 1.66952
17.275 2.57499e-06 1.78664e-06 1.02334e-07 1.6671
17.3 2.65961e-06 1.8598e-06 1.08374e-07 1.66469
17.325 2.74569e-06 1.93478e-06 1.14388e-07 1.66229
17.35 2.83307e-06 2.01144e-06 1.2036e-07 1.65989
17.375 2.92158e-06 2.08962e-06 1.26271e-07 1.65751
17.4 3.01105e-06 2.16916e-06 1.32105e-07 1.65512
17.425 3.1013e-06 2.24986e-06 1.37845e-07 1.65275
17.45 3.19213e-06 2.33156e-06 1.43476e-07 1.65038
17.475 3.28335e-06 2.41405e-06 1.48982e-07 1.64802
17.5 3.37477e-06 2.49714e-06 1.5435e-07 1.64567
17.525 3.46617e-06 2.58061e-06 1.59564e-07 1.64332
17.55 3.55735e-06 2.66426e-06 1.64615e-07 1.64098
17.575 3.6481e-06 2.74788e-06 1.69481e-07 1.63864
17.6 3.73822e-06 2.83125e-06 1.7416e-07 1.63632
17.625 3.82748e-06 2.91414e-06 1.78637e-07 1.63399
17.65 3.91568e-06 2.99634e-06 1.82904e-07 1.63168
17.675 4.0026e-06 3.07762e-06 1.8695e-07 1.62937
17.7 4.08805e-06 3.15778e-06 1.90768e-07 1.62707
17.725 4.17181e-06 3.23659e-06 1.94351e-07 1.62478
17.75 4.25368e-06 3.31384e-06 1.97692e-07 1.62249
17.775 4.33347e-06 3.38932e-06 2.00785e-07 1.62021
17.8 4.41097e-06 3.46283e-06 2.03627e-07 1.61793
17.825 4.48602e-06 3.53416e-06 2.06213e-07 1.61566
17.85 4.55841e-06 3.60314e-06 2.08541e-07 1.6134
17.875 4.628e-06 3.66959e-06 2.10608e-07 1.61114
17.9 4.6946e-06 3.73331e-06 2.12415e-07 1.60889
17.925 4.75806e-06 3.79414e-06 2.1396e-07 1.60665
17.95 4.81824e-06 3.85194e-06 2.15245e-07 1.60441
17.975 4.875e-06 3.90654e-06 2.16271e-07 1.60218
18 4.92821e-06 3.95783e-06 2.1704e-07 1.59995
18.025 4.97776e-06 4.00567e-06 2.17555e-07 1.59773
18.05 5.02353e-06 4.04996e-06 2.17819e-07 1.59552
18.075 5.06544e-06 4.09059e-06 2.17837e-07 1.59331
18.1 5.10341e-06 4.12748e-06 2.17614e-07 1.59111
18.125 5.13732e-06 4.16054e-06 2.17155e-07 1.58892
18.15 5.16715e-06 4.18972e-06 2.16466e-07 1.58673
18.175 5.19286e-06 4.21501e-06 2.15553e-07 1.58455
18.2 5.21444e-06 4.23628e-06 2.14424e-07 1.58237
18.225 5.23178e-06 4.25351e-06 2.13085e-07 1.5802
18.25 5.2449e-06 4.26676e-06 2.11545e-07 1.57804
18.275 5.25379e-06 4.276e-06 2.09812e-07 1.57588
18.3 5.25848e-06 4.28123e-06 2.07893e-07 1.57372
18.325 5.25897e-06 4.28248e-06 2.05797e-07 1.57158
18.35 5.25528e-06 4.27976e-06 2.03533e-07 1.56944
18.375 5.24747e-06 4.27314e-06 2.0111e-07 1.5673
18.4 5.23558e-06 4.26267e-06 1.98537e-07 1.56517
18.425 5.21966e-06 4.24839e-06 1.95823e-07 1.56305
18.45 5.19979e-06 4.2304e-06 1.92976e-07 1.56093
18.475 5.17603e-06 4.20876e-06 1.90008e-07 1.55882
18.5 5.14847e-06 4.18358e-06 1.86924e-07 1.55671
18.525 5.1172e-06 4.15492e-06 1.83738e-07 1.55461
18.55 5.08232e-06 4.12294e-06 1.80456e-07 1.55251
18.575 5.04393e-06 4.08773e-06 1.77089e-07 1.55043
18.6 5.00215e-06 4.0494e-06 1.73644e-07 1.54834
18.625 4.95709e-06 4.00807e-06 1.7013e-07 1.54626
18.65 4.90888e-06 3.96389e-06 1.66556e-07 1.54419
18.675 4.85764e-06 3.91697e-06 1.62931e-07 1.54212
18.7 4.80349e-06 3.86745e-06 1.59262e-07 1.54006
18.725 4.74658e-06 3.81548e-06 1.55558e-07 1.53801
18.75 4.68704e-06 3.76119e-06 1.51825e-07 1.53595
18.775 4.62502e-06 3.70473e-06 1.48073e-07 1.53391
18.8 4.56064e-06 3.64624e-06 1.44307e-07 1.53187
18.825 4.49405e-06 3.58588e-06 1.40534e-07 1.52984
18.85 4.4254e-06 3.52377e-06 1.36761e-07 1.52781
18.875 4.35483e-06 3.46008e-06 1.32995e-07 1.52578
18.9 4.28248e-06 3.39494e-06 1.29241e-07 1.52376
18.925 4.2085e-06 3.3285e-06 1.25505e-07 1.52175
18.95 4.13302e-06 3.26089e-06 1.21792e-07 1.51974
18.975 4.05619e-06 3.19226e-06 1.18108e-07 1.51774
19 3.97814e-06 3.12275e-06 1.14457e-07 1.51574
19.025 3.89902e-06 3.05248e-06 1.10844e-07 1.51375
19.05 3.81895e-06 2.98159e-06 1.07273e-07 1.51177
19.075 3.73807e-06 2.91021e-06 1.03747e-07 1.50979
19.1 3.6565e-06 2.83845e-06 1.00269e-07 1.50781
19.125 3.57436e-06 2.76643e-06 9.68444e-08 1.50584
19.15 3.49179e-06 2.69427e-06 9.34745e-08 1.50387
19.175 3.40889e-06 2.62207e-06 9.01623e-08 1.50191
19.2 3.32577e-06 2.54994e-06 8.69101e-08 1.49996
19.225 3.24254e-06 2.47797e-06 8.37199e-08 1.49801
19.25 3.15932e-06 2.40626e-06 8.05935e-08 1.49606
19.275 3.07618e-06 2.33492e-06 7.75323e-08 1.49412
19.3 2.99324e-06 2.26398e-06 7.45376e-08 1.49218
19.325 2.91056e-06 2.19353e-06 7.16104e-08 1.49025
19.35 2.82825e-06 2.12366e-06 6.87512e-08 1.48833
19.375 2.74637e-06 2.05439e-06 6.59607e-08 1.48641
19.4 2.665e-06 1.98583e-06 6.32391e-08 1.48449
19.425 2.58421e-06 1.91799e-06 6.05863e-08 1.48258
19.45 2.50405e-06 1.85092e-06 5.80022e-08 1.48068
19.475 2.42458e-06 1.78467e-06 5.54864e-08 1.47878
19.5 2.34585e-06 1.71924e-06 5.30382e-08 1.47688
19.525 2.26791e-06 1.65468e-06 5.06568e-08 1.47499
19.55 2.1908e-06 1.59098e-06 4.83411e-08 1.4731
19.575 2.11454e-06 1.52817e-06 4.609e-08 1.47122
19.6 2.03918e-06 1.46622e-06 4.39021e-08 1.46934
19.625 1.96473e-06 1.40513e-06 4.17756e-08 1.46747
19.65 1.8912e-06 1.34489e-06 3.97089e-08 1.46561
19.675 1.81862e-06 1.28547e-06 3.76999e-08 1.46374
19.7 1.74698e-06 1.22684e-06 3.57465e-08 1.46189
19.725 1.67629e-06 1.16894e-06 3.38463e-08 1.46003
19.75 1.60654e-06 1.11174e-06 3.19968e-08 1.45818
19.775 1.53773e-06 1.05516e-06 3.01952e-08 1.45634
19.8 1.46984e-06 9.99128e-07 2.84387e-08 1.4545
19.825 1.40285e-06 9.43568e-07 2.6724e-08 1.45267
19.85 1.33673e-06 8.8838e-07 2.50478e-08 1.45084
19.875 1.27146e-06 8.33456e-07 2.34065e-08 1.44901
19.9 1.207e-06 7.78676e-07 2.17962e-08 1.44719
19.925 1.14331e-06 7.23907e-07 2.02128e-08 1.44538
19.95 1.08034e-06 6.6899e-07 1.86519e-08 1.44357
19.975 1.01806e-06 6.13801e-07 1.71097e-08 1.44176
20 9.56354e-07 5.58034e-07 1.55782e-08 1.43996
