0 364.795 294.437 -17.5126 19.5098
0.025 364.795 294.437 -17.5126 19.5098
0.05 364.628 294.109 -17.4781 19.5094
0.075 364.627 294.095 -17.4556 19.5089
0.1 364.63 294.086 -17.4249 19.5083
0.125 364.646 294.094 -17.3867 19.5074
0.15 364.667 294.109 -17.3406 19.5063
0.175 364.695 294.131 -17.2867 19.5051
0.2 364.724 294.159 -17.2249 19.5036
0.225 364.766 294.191 -17.1555 19.502
0.25 364.809 294.228 -17.0786 19.5001
0.275 364.857 294.27 -16.9943 19.4981
0.3 364.911 294.316 -16.903 19.4958
0.325 364.969 294.367 -16.8047 19.4934
0.35 365.031 294.419 -16.6998 19.4907
0.375 365.099 294.478 -16.5885 19.4879
0.4 365.171 294.542 -16.4711 19.4849
0.425 365.248 294.61 -16.348 19.4816
0.45 365.33 294.681 -16.2194 19.4782
0.475 365.416 294.757 -16.0856 19.4745
0.5 365.507 294.838 -15.947 19.4706
0.525 365.603 294.922 -15.8039 19.4666
0.55 365.702 295.01 -15.6567 19.4623
0.575 365.807 295.102 -15.5057 19.4578
0.6 365.915 295.198 -15.3513 19.4531
0.625 366.028 295.297 -15.1939 19.4482
0.65 366.145 295.401 -15.0337 19.443
0.675 366.266 295.508 -14.8715 19.4377
0.7 366.391 295.619 -14.7074 19.4321
0.725 366.519 295.732 -14.5418 19.4263
0.75 366.651 295.85 -14.3751 19.4203
0.775 366.787 295.97 -14.2078 19.414
0.8 366.925 296.093 -14.0402 19.4075
0.825 367.067 296.216 -13.8727 19.4008
0.85 367.211 296.346 -13.7057 19.3939
0.875 367.359 296.477 -13.5395 19.3867
0.9 367.508 296.61 -13.3746 19.3793
0.925 367.659 296.746 -13.2113 19.3717
0.95 367.813 296.882 -13.0499 19.3638
0.975 367.967 297.021 -12.8908 19.3557
1 368.123 297.16 -12.7344 19.3474
1.025 368.28 297.301 -12.581 19.3388
1.05 368.437 297.442 -12.4308 19.33
1.075 368.595 297.583 -12.2842 19.3209
1.1 368.753 297.725 -12.1415 19.3116
1.125 368.91 297.866 -12.0029 19.302
1.15 369.066 298.006 -11.8687 19.2922
1.175 369.222 298.146 -11.7392 19.2821
1.2 369.375 298.284 -11.6145 19.2718
1.225 369.527 298.42 -11.4948 19.2612
1.25 369.677 298.555 -11.3804 19.2504
1.275 369.824 298.687 -11.2714 19.2393
1.3 369.968 298.816 -11.168 19.228
1.325 370.109 298.943 -11.0704 19.2164
1.35 370.246 299.066 -10.9785 19.2046
1.375 370.379 299.185 -10.8925 19.1925
1.4 370.508 299.301 -10.8126 19.1801
1.425 370.632 299.412 -10.7387 19.1675
1.45 370.751 299.518 -10.6708 19.1546
1.475 370.865 299.62 -10.6091 19.1415
1.5 370.973 299.716 -10.5536 19.1281
1.525 371.075 299.809 -10.5041 19.1144
1.55 371.17 299.896 -10.4606 19.1005
1.575 371.26 299.975 -10.4231 19.0864
1.6 371.343 300.049 -10.3916 19.0719
1.625 371.418 300.115 -10.3658 19.0573
1.65 371.487 300.175 -10.3459 19.0423
1.675 371.549 300.229 -10.3314 19.0271
1.7 371.604 300.276 -10.3224 19.0117
1.725 371.651 300.315 -10.3187 18.9959
1.75 371.691 300.348 -10.3201 18.98
1.775 371.724 300.374 -10.3264 18.9637
1.8 371.749 300.393 -10.3375 18.9472
1.825 371.767 300.404 -10.3531 18.9305
1.85 371.777 300.409 -10.373 18.9135
1.875 371.781 300.408 -10.3969 18.8963
1.9 371.778 300.4 -10.4246 18.8788
1.925 371.768 300.386 -10.4559 18.861
1.95 371.751 300.365 -10.4905 18.843
1.975 371.728 300.339 -10.528 18.8248
2 371.699 300.306 -10.5683 18.8063
2.025 371.665 300.269 -10.611 18.7875
2.05 371.626 300.225 -10.6558 18.7686
2.075 371.581 300.178 -10.7025 18.7493
2.1 371.532 300.125 -10.7508 18.7299
2.125 371.479 300.069 -10.8003 18.7102
2.15 371.423 300.009 -10.8507 18.6902
2.175 371.363 299.946 -10.9018 18.67
2.2 371.302 299.88 -10.9533 18.6496
2.225 371.238 299.813 -11.0048 18.6289
2.25 371.173 299.743 -11.0561 18.608
2.275 371.108 299.673 -11.1068 18.5869
2.3 371.042 299.602 -11.1567 18.5655
2.325 370.977 299.532 -11.2055 18.5439
2.35 370.914 299.462 -11.2529 18.5221
2.375 370.853 299.394 -11.2987 18.5001
2.4 370.795 299.328 -11.3426 18.4778
2.425 370.74 299.265 -11.3843 18.4553
2.45 370.689 299.205 -11.4236 18.4325
2.475 370.644 299.149 -11.4604 18.4096
2.5 370.604 299.097 -11.4942 18.3864
2.525 370.57 299.052 -11.5251 18.363
2.55 370.544 299.012 -11.5527 18.3394
2.575 370.525 298.979 -11.5769 18.3155
2.6 370.515 298.953 -11.5975 18.2915
2.625 370.514 298.935 -11.6144 18.2672
2.65 370.523 298.925 -11.6274 18.2427
2.675 370.543 298.925 -11.6364 18.218
2.7 370.573 298.934 -11.6413 18.193
2.725 370.615 298.954 -11.642 18.1678
2.75 370.669 298.984 -11.6385 18.1425
2.775 370.736 299.025 -11.6306 18.1169
2.8 370.816 299.078 -11.6183 18.091
2.825 370.909 299.143 -11.6017 18.065
2.85 371.016 299.22 -11.5806 18.0387
2.875 371.138 299.31 -11.5551 18.0123
2.9 371.273 299.413 -11.5253 17.9856
2.925 371.423 299.529 -11.4911 17.9586
2.95 371.588 299.658 -11.4526 17.9315
2.975 371.767 299.8 -11.4098 17.9041
3 371.962 299.958 -11.3629 17.8765
3.025 372.17 300.127 -11.3119 17.8487
3.05 372.394 300.31 -11.257 17.8207
3.075 372.631 300.505 -11.1982 17.7924
3.1 372.883 300.714 -11.1357 17.7639
3.125 373.148 300.936 -11.0696 17.7352
3.15 373.426 301.169 -11.0002 17.7062
3.175 373.714 301.415 -10.9275 17.677
3.2 374.02 301.672 -10.8518 17.6476
3.225 374.335 301.941 -10.7734 17.6179
3.25 374.659 302.219 -10.6921 17.588
3.275 374.994 302.507 -10.6084 17.5578
3.3 375.337 302.804 -10.5224 17.5274
3.325 375.687 303.11 -10.4344 17.4968
3.35 376.044 303.422 -10.3446 17.4659
3.375 376.407 303.74 -10.2532 17.4347
3.4 376.773 304.064 -10.1605 17.4033
3.425 377.142 304.391 -10.0665 17.3717
3.45 377.512 304.721 -9.97188 17.3398
3.475 377.882 305.052 -9.87637 17.3076
3.5 378.249 305.384 -9.78075 17.2752
3.525 378.613 305.715 -9.68468 17.2425
3.55 378.972 306.043 -9.58898 17.2095
3.575 379.323 306.367 -9.49345 17.1763
3.6 379.665 306.685 -9.39846 17.1428
3.625 379.995 306.996 -9.30424 17.1091
3.65 380.313 307.298 -9.21103 17.075
3.675 380.615 307.589 -9.11904 17.0407
3.7 380.9 307.867 -9.02848 17.0061
3.725 381.165 308.131 -8.93957 16.9712
3.75 381.408 308.378 -8.85252 16.936
3.775 381.626 308.607 -8.76749 16.9006
3.8 381.819 308.816 -8.6847 16.8648
3.825 381.982 309.003 -8.60431 16.8288
3.85 382.114 309.166 -8.52636 16.7925
3.875 382.213 309.302 -8.45129 16.7559
3.9 382.275 309.41 -8.3791 16.719
3.925 382.299 309.488 -8.30994 16.6818
3.95 382.282 309.533 -8.24393 16.6443
3.975 382.222 309.544 -8.18121 16.6065
4 382.116 309.518 -8.12187 16.5684
4.025 381.962 309.453 -8.06602 16.53
4.05 381.758 309.348 -8.01375 16.4913
4.075 381.5 309.2 -7.96512 16.4523
4.1 381.188 309.007 -7.92021 16.413
4.125 380.818 308.767 -7.87907 16.3734
4.15 380.388 308.478 -7.84174 16.3335
4.175 379.896 308.138 -7.80826 16.2933
4.2 379.341 307.746 -7.77864 16.2528
4.225 378.719 307.299 -7.75289 16.212
4.25 378.029 306.795 -7.731 16.1709
4.275 377.269 306.233 -7.71298 16.1295
4.3 376.438 305.611 -7.69878 16.0879
4.325 375.532 304.928 -7.68838 16.0459
4.35 374.552 304.181 -7.68173 16.0036
4.375 373.494 303.369 -7.67877 15.9611
4.4 372.361 302.492 -7.67944 15.9182
4.425 371.146 301.546 -7.68366 15.8751
4.45 369.85 300.532 -7.69135 15.8317
4.475 368.468 299.448 -7.70241 15.788
4.5 367.009 298.293 -7.71673 15.7441
4.525 365.464 297.065 -7.7342 15.6999
4.55 363.833 295.764 -7.75471 15.6554
4.575 362.116 294.39 -7.77811 15.6106
4.6 360.314 292.941 -7.80428 15.5656
4.625 358.426 291.416 -7.83306 15.5203
4.65 356.45 289.816 -7.8643 15.4748
4.675 354.388 288.14 -7.89785 15.4291
4.7 352.239 286.388 -7.93353 15.3831
4.725 350.004 284.559 -7.97117 15.3369
4.75 347.682 282.654 -8.0106 15.2904
4.775 345.274 280.673 -8.05163 15.2437
4.8 342.781 278.616 -8.09407 15.1968
4.825 340.202 276.483 -8.13772 15.1497
4.85 337.541 274.275 -8.1824 15.1024
4.875 334.796 271.993 -8.2279 15.055
4.9 331.97 269.637 -8.27401 15.0073
4.925 329.064 267.208 -8.32053 14.9594
4.95 326.078 264.708 -8.36724 14.9114
4.975 323.015 262.137 -8.41395 14.8632
5 319.876 259.496 -8.46042 14.8148
5.025 316.662 256.788 -8.50647 14.7663
5.05 313.377 254.013 -8.55186 14.7176
5.075 310.021 251.173 -8.59639 14.6688
5.1 306.597 248.271 -8.63984 14.6199
5.125 303.107 245.307 -8.68201 14.5708
5.15 299.553 242.284 -8.72269 14.5217
5.175 295.939 239.205 -8.76167 14.4724
5.2 292.265 236.07 -8.79876 14.4231
5.225 288.535 232.883 -8.83375 14.3736
5.25 284.752 229.646 -8.86646 14.3241
5.275 280.919 226.361 -8.89669 14.2746
5.3 277.037 223.031 -8.92427 14.2249
5.325 273.111 219.659 -8.94902 14.1752
5.35 269.142 216.247 -8.97077 14.1255
5.375 265.135 212.798 -8.98936 14.0757
5.4 261.092 209.316 -9.00465 14.0259
5.425 257.015 205.802 -9.01648 13.9761
5.45 252.909 202.261 -9.02472 13.9263
5.475 248.777 198.694 -9.02926 13.8765
5.5 244.621 195.106 -9.02996 13.8267
5.525 240.445 191.499 -9.02674 13.7769
5.55 236.251 187.875 -9.01949 13.7271
5.575 232.044 184.239 -9.00813 13.6774
5.6 227.826 180.594 -8.99259 13.6277
5.625 223.601 176.942 -8.97282 13.5781
5.65 219.371 173.286 -8.94875 13.5285
5.675 215.14 169.631 -8.92037 13.479
5.7 210.911 165.978 -8.88764 13.4295
5.725 206.687 162.331 -8.85056 13.3802
5.75 202.471 158.693 -8.80911 13.3309
5.775 198.265 155.067 -8.76331 13.2817
5.8 194.074 151.455 -8.71324 13.2327
5.825 189.899 147.861 -8.65884 13.1837
5.85 185.744 144.287 -8.60021 13.1349
5.875 181.611 140.736 -8.53739 13.0862
5.9 177.503 137.211 -8.47046 13.0376
5.925 173.422 133.714 -8.39951 12.9892
5.95 169.371 130.248 -8.3246 12.9409
5.975 165.353 126.815 -8.24586 12.8927
6 161.37 123.417 -8.16338 12.8447
6.025 157.423 120.056 -8.07728 12.7969
6.05 153.516 116.736 -7.98769 12.7493
6.075 149.65 113.456 -7.89473 12.7018
6.1 145.828 110.221 -7.79856 12.6545
6.125 142.05 107.03 -7.69933 12.6073
6.15 138.32 103.887 -7.59715 12.5604
6.175 134.638 100.792 -7.4922 12.5136
6.2 131.006 97.7465 -7.38464 12.4671
6.225 127.426 94.7526 -7.27464 12.4207
6.25 123.899 91.811 -7.16237 12.3746
6.275 120.427 88.923 -7.04799 12.3287
6.3 117.01 86.0895 -6.93167 12.2829
6.325 113.649 83.3114 -6.81359 12.2374
6.35 110.347 80.5894 -6.69393 12.1921
6.375 107.102 77.9242 -6.57285 12.147
6.4 103.917 75.3164 -6.45053 12.1022
6.425 100.792 72.7663 -6.32714 12.0576
6.45 97.7275 70.2744 -6.20286 12.0132
6.475 94.7238 67.8409 -6.07785 11.969
6.5 91.7816 65.4659 -5.95228 11.925
6.525 88.901 63.1494 -5.82631 11.8813
6.55 86.0824 60.8916 -5.70011 11.8379
6.575 83.3258 58.6921 -5.57382 11.7946
6.6 80.6313 56.5508 -5.4476 11.7516
6.625 77.999 54.4675 -5.3216 11.7089
6.65 75.4286 52.4418 -5.19596 11.6664
6.675 72.9199 50.4731 -5.07082 11.6241
6.7 70.4729 48.5614 -4.94632 11.5821
6.725 68.087 46.7055 -4.82257 11.5403
6.75 65.762 44.905 -4.6997 11.4988
6.775 63.4974 43.1592 -4.57783 11.4575
6.8 61.2926 41.4675 -4.45707 11.4164
6.825 59.1471 39.829 -4.33752 11.3756
6.85 57.0604 38.243 -4.21928 11.335
6.875 55.0316 36.7084 -4.10245 11.2947
6.9 53.0602 35.2245 -3.98711 11.2546
6.925 51.1454 33.7903 -3.87333 11.2148
6.95 49.2863 32.4049 -3.76121 11.1752
6.975 47.4821 31.0671 -3.65079 11.1359
7 45.732 29.7761 -3.54216 11.0968
7.025 44.0351 28.5308 -3.43535 11.0579
7.05 42.3904 27.3301 -3.33044 11.0193
7.075 40.797 26.173 -3.22745 10.9809
7.1 39.254 25.0583 -3.12644 10.9428
7.125 37.7602 23.9852 -3.02743 10.9049
7.15 36.3148 22.9523 -2.93047 10.8672
7.175 34.9167 21.9586 -2.83556 10.8298
7.2 33.5649 21.0031 -2.74274 10.7926
7.225 32.2583 20.0847 -2.65203 10.7557
7.25 30.9958 19.2022 -2.56342 10.719
7.275 29.7765 18.3546 -2.47693 10.6825
7.3 28.5993 17.5409 -2.39256 10.6462
7.325 27.4631 16.7599 -2.31031 10.6102
7.35 26.3668 16.0107 -2.23018 10.5744
7.375 25.3095 15.2922 -2.15216 10.5388
7.4 24.29 14.6033 -2.07623 10.5035
7.425 23.3074 13.9432 -2.0024 10.4683
7.45 22.3605 13.3107 -1.93063 10.4334
7.475 21.4484 12.705 -1.8609 10.3988
7.5 20.5701 12.1251 -1.79321 10.3643
7.525 19.7245 11.57 -1.72751 10.33
7.55 18.9107 11.0388 -1.66379 10.296
7.575 18.1277 10.5307 -1.60202 10.2622
7.6 17.3745 10.0449 -1.54217 10.2286
7.625 16.6503 9.58034 -1.4842 10.1952
7.65 15.954 9.13635 -1.42807 10.162
7.675 15.2847 8.71208 -1.37377 10.1291
7.7 14.6416 8.30675 -1.32125 10.0963
7.725 14.0238 7.91962 -1.27048 10.0637
7.75 13.4305 7.54994 -1.22141 10.0314
7.775 12.8607 7.197 -1.17402 9.99924
7.8 12.3138 6.86012 -1.12826 9.96729
7.825 11.7888 6.53863 -1.08409 9.93553
7.85 11.285 6.23187 -1.04148 9.90398
7.875 10.8017 5.93923 -1.00038 9.87262
7.9 10.3381 5.6601 -0.960749 9.84145
7.925 9.89348 5.3939 -0.922557 9.81048
7.95 9.46714 5.14008 -0.88576 9.77969
7.975 9.05842 4.89808 -0.850319 9.7491
8 8.66665 4.66739 -0.816193 9.71869
8.025 8.29117 4.4475 -0.783344 9.68847
8.05 7.93139 4.23794 -0.751733 9.65844
8.075 7.58671 4.03824 -0.721322 9.62859
8.1 7.25652 3.84795 -0.692074 9.59892
8.125 6.94027 3.66666 -0.663951 9.56942
8.15 6.6374 3.49393 -0.636916 9.54011
8.175 6.3474 3.3294 -0.610933 9.51098
8.2 6.06975 3.17266 -0.585968 9.48202
8.225 5.80395 3.02337 -0.561985 9.45323
8.25 5.54953 2.88118 -0.53895 9.42462
8.275 5.30603 2.74575 -0.51683 9.39617
8.3 5.073 2.61677 -0.495593 9.3679
8.325 4.85001 2.49393 -0.475206 9.3398
8.35 4.63666 2.37694 -0.45564 9.31186
8.375 4.43254 2.26554 -0.436864 9.28409
8.4 4.23727 2.15944 -0.418847 9.25648
8.425 4.05048 2.0584 -0.401563 9.22903
8.45 3.87182 1.96218 -0.384983 9.20175
8.475 3.70095 1.87054 -0.36908 9.17462
8.5 3.53753 1.78327 -0.353829 9.14766
8.525 3.38126 1.70016 -0.339203 9.12085
8.55 3.23182 1.621 -0.325179 9.09419
8.575 3.08893 1.54561 -0.311733 9.0677
8.6 2.95231 1.4738 -0.298841 9.04135
8.625 2.82169 1.4054 -0.286482 9.01516
8.65 2.69681 1.34025 -0.274634 8.98911
8.675 2.57742 1.27818 -0.263277 8.96322
8.7 2.46329 1.21905 -0.25239 8.93748
8.725 2.35419 1.16273 -0.241955 8.91188
8.75 2.2499 1.10906 -0.231952 8.88642
8.775 2.15021 1.05793 -0.222365 8.86112
8.8 2.05492 1.0092 -0.213176 8.83595
8.825 1.96384 0.962772 -0.204368 8.81093
8.85 1.87678 0.918525 -0.195926 8.78605
8.875 1.79358 0.876355 -0.187834 8.7613
8.9 1.71405 0.836163 -0.180078 8.7367
8.925 1.63805 0.797852 -0.172643 8.71223
8.95 1.5654 0.761332 -0.165516 8.6879
8.975 1.49598 0.726517 -0.158685 8.66371
9 1.42963 0.693326 -0.152137 8.63965
9.025 1.36621 0.661679 -0.145859 8.61572
9.05 1.30561 0.631504 -0.139841 8.59192
9.075 1.24769 0.602729 -0.134071 8.56826
9.1 1.19234 0.575288 -0.128539 8.54472
9.125 1.13945 0.549118 -0.123236 8.52132
9.15 1.08889 0.524157 -0.11815 8.49804
9.175 1.04058 0.500348 -0.113274 8.47489
9.2 0.994411 0.477637 -0.108599 8.45186
9.225 0.950288 0.455972 -0.104115 8.42896
9.25 0.908122 0.435303 -0.099815 8.40618
9.275 0.867825 0.415583 -0.0956915 8.38353
9.3 0.829316 0.396768 -0.0917367 8.36099
9.325 0.792514 0.378815 -0.0879438 8.33858
9.35 0.757344 0.361683 -0.0843061 8.31629
9.375 0.723735 0.345335 -0.0808169 8.29411
9.4 0.691615 0.329734 -0.07747 8.27205
9.425 0.660921 0.314845 -0.0742597 8.25011
9.45 0.631588 0.300634 -0.0711802 8.22829
9.475 0.603556 0.287071 -0.0682263 8.20658
9.5 0.576768 0.274125 -0.0653927 8.18499
9.525 0.551168 0.261768 -0.0626746 8.16351
9.55 0.526705 0.249973 -0.0600671 8.14214
9.575 0.503326 0.238713 -0.0575658 8.12088
9.6 0.480986 0.227965 -0.0551664 8.09973
9.625 0.459636 0.217704 -0.0528647 8.07869
9.65 0.439235 0.207909 -0.0506568 8.05777
9.675 0.419739 0.198558 -0.0485388 8.03695
9.7 0.401109 0.18963 -0.0465073 8.01623
9.725 0.383306 0.181107 -0.0445586 7.99563
9.75 0.366295 0.17297 -0.0426895 7.97513
9.775 0.350038 0.165202 -0.0408967 7.95473
9.8 0.334505 0.157785 -0.0391773 7.93444
9.825 0.319662 0.150704 -0.0375283 7.91425
9.85 0.305478 0.143944 -0.0359469 7.89416
9.875 0.291926 0.13749 -0.0344304 7.87418
9.9 0.278976 0.131328 -0.0329763 7.8543
9.925 0.266602 0.125445 -0.0315818 7.83451
9.95 0.254779 0.119829 -0.030245 7.81483
9.975 0.243483 0.114467 -0.0289634 7.79524
10 0.23269 0.109348 -0.0277349 7.77576
10.025 0.222377 0.104461 -0.0265572 7.75636
10.05 0.212524 0.0997948 -0.0254284 7.73707
10.075 0.203111 0.0953406 -0.0243466 7.71787
10.1 0.194117 0.0910885 -0.0233099 7.69877
10.125 0.185524 0.0870292 -0.0223166 7.67976
10.15 0.177315 0.0831541 -0.0213648 7.66085
10.175 0.169472 0.079455 -0.020453 7.64202
10.2 0.16198 0.0759238 -0.0195795 7.62329
10.225 0.154822 0.072553 -0.0187428 7.60465
10.25 0.147984 0.0693354 -0.0179415 7.58611
10.275 0.141452 0.066264 -0.0171741 7.56765
10.3 0.135212 0.0633322 -0.0164394 7.54928
10.325 0.129251 0.0605338 -0.0157359 7.531
10.35 0.123557 0.0578623 -0.0150624 7.51281
10.375 0.118118 0.0553127 -0.0144177 7.49471
10.4 0.112922 0.0528791 -0.0138006 7.47669
10.425 0.107959 0.0505563 -0.0132101 7.45876
10.45 0.103218 0.0483392 -0.012645 7.44092
10.475 0.0986901 0.046223 -0.0121043 7.42316
10.5 0.0943646 0.0442031 -0.011587 7.40549
10.525 0.090233 0.0422751 -0.0110922 7.3879
10.55 0.0862866 0.0404349 -0.0106189 7.37039
10.575 0.0825171 0.0386784 -0.0101661 7.35297
10.6 0.0789165 0.0370018 -0.00973321 7.33563
10.625 0.0754773 0.0354014 -0.00931921 7.31837
10.65 0.0721923 0.0338738 -0.00892337 7.30119
10.675 0.0690545 0.0324156 -0.00854491 7.28409
10.7 0.0660573 0.0310235 -0.00818311 7.26707
10.725 0.0631944 0.0296946 -0.00783726 7.25013
10.75 0.0604598 0.028426 -0.00750668 7.23327
10.775 0.0578476 0.0272148 -0.00719076 7.21649
10.8 0.0553523 0.0260584 -0.00688879 7.19978
10.825 0.0529687 0.0249543 -0.00660021 7.18315
10.85 0.0506917 0.0239001 -0.00632443 7.1666
10.875 0.0485164 0.0228934 -0.0060609 7.15013
10.9 0.0464384 0.021932 -0.00580909 7.13373
10.925 0.0444531 0.0210138 -0.00556848 7.1174
10.95 0.0425564 0.0201369 -0.00533857 7.10116
10.975 0.0407442 0.0192993 -0.0051189 7.08498
11 0.0390127 0.0184991 -0.004909 7.06888
11.025 0.0373583 0.0177347 -0.00470845 7.05285
11.05 0.0357775 0.0170043 -0.00451681 7.03689
11.075 0.0342668 0.0163064 -0.00433366 7.02101
11.1 0.0328232 0.0156395 -0.00415867 7.00519
11.125 0.0314435 0.015002 -0.00399145 6.98945
11.15 0.0301248 0.0143927 -0.00383163 6.97378
11.175 0.0288644 0.0138102 -0.00367887 6.95818
11.2 0.0276596 0.0132533 -0.00353286 6.94265
11.225 0.0265079 0.0127209 -0.00339329 6.92719
11.25 0.0254068 0.0122116 -0.00325983 6.91179
11.275 0.0243541 0.0117244 -0.00313221 6.89647
11.3 0.0233475 0.0112584 -0.00301017 6.88121
11.325 0.0223849 0.0108125 -0.00289343 6.86602
11.35 0.0214643 0.0103859 -0.00278175 6.8509
11.375 0.0205839 0.00997749 -0.00267488 6.83584
11.4 0.0197417 0.00958657 -0.00257261 6.82085
11.425 0.018936 0.00921229 -0.00247471 6.80592
11.45 0.0181653 0.00885388 -0.00238097 6.79106
11.475 0.0174278 0.0085106 -0.00229119 6.77627
11.5 0.016722 0.00818175 -0.0022052 6.76154
11.525 0.0160465 0.00786666 -0.00212279 6.74687
11.55 0.0154 0.0075647 -0.00204381 6.73227
11.575 0.0147812 0.00727526 -0.00196809 6.71772
11.6 0.0141886 0.00699777 -0.00189548 6.70325
11.625 0.0136212 0.00673162 -0.00182582 6.68883
11.65 0.0130779 0.00647639 -0.00175897 6.67448
11.675 0.0125575 0.00623154 -0.00169481 6.66019
11.7 0.0120589 0.00599658 -0.0016332 6.64595
11.725 0.0115813 0.00577107 -0.00157402 6.63178
11.75 0.0111236 0.00555461 -0.00151716 6.61767
11.775 0.010685 0.00534672 -0.00146251 6.60362
11.8 0.0102646 0.00514706 -0.00140997 6.58963
11.825 0.00986152 0.00495524 -0.00135943 6.5757
11.85 0.00947507 0.00477092 -0.00131081 6.56183
11.875 0.00910448 0.00459376 -0.00126402 6.54801
11.9 0.00874903 0.00442344 -0.00121897 6.53426
11.925 0.00840805 0.00425967 -0.00117558 6.52056
11.95 0.0080809 0.00410214 -0.00113379 6.50692
11.975 0.00776695 0.00395058 -0.00109352 6.49333
12 0.00746564 0.00380475 -0.0010547 6.47981
12.025 0.00717639 0.00366437 -0.00101726 6.46633
12.05 0.00689868 0.00352923 -0.000981162 6.45292
12.075 0.00663201 0.00339909 -0.000946333 6.43956
12.1 0.00637588 0.00327375 -0.000912722 6.42625
12.125 0.00612984 0.00315299 -0.000880273 6.413
12.15 0.00589346 0.00303663 -0.000848951 6.39981
12.175 0.00566631 0.00292448 -0.000818708 6.38667
12.2 0.005448 0.00281637 -0.000789489 6.37358
12.225 0.00523816 0.00271213 -0.00076126 6.36055
12.25 0.00503641 0.0026116 -0.000733982 6.34757
12.275 0.00484242 0.00251464 -0.000707617 6.33464
12.3 0.00465586 0.0024211 -0.00068213 6.32176
12.325 0.00447642 0.00233085 -0.000657488 6.30894
12.35 0.0043038 0.00224375 -0.00063366 6.29617
12.375 0.00413773 0.00215969 -0.000610615 6.28345
12.4 0.00397792 0.00207855 -0.000588324 6.27078
12.425 0.00382413 0.00200021 -0.000566761 6.25816
12.45 0.0036761 0.00192458 -0.000545899 6.2456
12.475 0.00353362 0.00185154 -0.000525713 6.23308
12.5 0.00339645 0.00178102 -0.000506178 6.22061
12.525 0.00326439 0.0017129 -0.000487275 6.2082
12.55 0.00313722 0.00164711 -0.000468978 6.19583
12.575 0.00301477 0.00158357 -0.000451271 6.18351
12.6 0.00289684 0.00152219 -0.000434135 6.17124
12.625 0.00278327 0.00146289 -0.000417545 6.15902
12.65 0.00267388 0.00140562 -0.000401488 6.14685
12.675 0.00256852 0.0013503 -0.000385944 6.13473
12.7 0.00246704 0.00129686 -0.000370899 6.12265
12.725 0.00236928 0.00124525 -0.000356335 6.11062
12.75 0.00227512 0.0011954 -0.000342239 6.09864
12.775 0.00218442 0.00114725 -0.000328595 6.08671
12.8 0.00209706 0.00110075 -0.000315391 6.07482
12.825 0.00201292 0.00105585 -0.000302612 6.06298
12.85 0.00193187 0.0010125 -0.000290247 6.05118
12.875 0.00185382 0.000970651 -0.000278283 6.03943
12.9 0.00177866 0.000930258 -0.000266709 6.02773
12.925 0.00170628 0.000891277 -0.000255515 6.01607
12.95 0.0016366 0.000853667 -0.000244689 6.00445
12.975 0.00156951 0.000817387 -0.000234221 5.99288
13 0.00150494 0.0007824 -0.000224104 5.98136
13.025 0.0014428 0.00074867 -0.000214327 5.96988
13.05 0.00138302 0.00071616 -0.000204882 5.95844
13.075 0.0013255 0.000684837 -0.00019576 5.94705
13.1 0.00127019 0.000654671 -0.000186955 5.9357
13.125 0.001217 0.000625628 -0.000178459 5.92439
13.15 0.00116588 0.000597682 -0.000170264 5.91313
13.175 0.00111676 0.000570802 -0.000162365 5.90191
13.2 0.00106958 0.000544962 -0.000154755 5.89073
13.225 0.00102427 0.000520137 -0.000147428 5.8796
13.25 0.000980783 0.0004963 -0.000140378 5.8685
13.275 0.000939065 0.00047343 -0.000133601 5.85745
13.3 0.000899061 0.000451501 -0.000127089 5.84644
13.325 0.000860721 0.000430494 -0.00012084 5.83547
13.35 0.000823997 0.000410385 -0.000114848 5.82455
13.375 0.000788843 0.000391156 -0.000109108 5.81366
13.4 0.000755213 0.000372789 -0.000103617 5.80281
13.425 0.000723064 0.00035526 -9.83698e-05 5.79201
13.45 0.000692354 0.000338552 -9.33619e-05 5.78124
13.475 0.000663044 0.000322649 -8.85898e-05 5.77051
13.5 0.000635094 0.000307534 -8.40495e-05 5.75983
13.525 0.000608467 0.000293189 -7.97371e-05 5.74918
13.55 0.000583126 0.000279599 -7.56489e-05 5.73857
13.575 0.000559036 0.000266747 -7.17811e-05 5.72801
13.6 0.000536162 0.000254618 -6.81299e-05 5.71748
13.625 0.000514471 0.000243197 -6.46914e-05 5.70699
13.65 0.00049393 0.000232468 -6.14619e-05 5.69653
13.675 0.000474507 0.000222418 -5.84376e-05 5.68612
13.7 0.000456171 0.000213031 -5.56144e-05 5.67574
13.725 0.000438892 0.000204292 -5.29886e-05 5.66541
13.75 0.00042264 0.000196188 -5.0556e-05 5.6551
13.775 0.000407385 0.000188704 -4.83121e-05 5.64484
13.8 0.000393099 0.000181825 -4.62536e-05 5.63461
13.825 0.000379752 0.000175536 -4.43756e-05 5.62443
13.85 0.000367318 0.000169825 -4.26738e-05 5.61427
13.875 0.000355768 0.000164675 -4.11436e-05 5.60416
13.9 0.000345075 0.000160072 -3.97803e-05 5.59408
13.925 0.000335212 0.000156001 -3.85792e-05 5.58403
13.95 0.000326151 0.000152447 -3.75353e-05 5.57403
13.975 0.000317867 0.000149394 -3.66441e-05 5.56406
14 0.000310332 0.000146827 -3.58996e-05 5.55412
14.025 0.00030352 0.00014473 -3.52971e-05 5.54422
14.05 0.000297404 0.000143088 -3.48309e-05 5.53436
14.075 0.000291959 0.000141883 -3.44956e-05 5.52452
14.1 0.000287158 0.000141099 -3.4285e-05 5.51473
14.125 0.000282976 0.000140721 -3.41947e-05 5.50497
14.15 0.000279386 0.00014073 -3.42184e-05 5.49524
14.175 0.000276361 0.000141109 -3.43502e-05 5.48555
14.2 0.000273878 0.000141842 -3.45842e-05 5.47589
14.225 0.00027191 0.00014291 -3.49145e-05 5.46627
14.25 0.000270431 0.000144296 -3.53349e-05 5.45668
14.275 0.000269415 0.000145982 -3.58396e-05 5.44712
14.3 0.000268837 0.000147949 -3.64223e-05 5.4376
14.325 0.000268672 0.00015018 -3.70772e-05 5.42811
14.35 0.000268895 0.000152657 -3.77981e-05 5.41865
14.375 0.00026948 0.00015536 -3.8579e-05 5.40923
14.4 0.000270403 0.000158271 -3.94138e-05 5.39984
14.425 0.000271639 0.000161372 -4.02969e-05 5.39048
14.45 0.000273163 0.000164645 -4.12219e-05 5.38116
14.475 0.000274953 0.00016807 -4.21832e-05 5.37186
14.5 0.000276983 0.000171631 -4.31752e-05 5.3626
14.525 0.00027923 0.000175309 -4.41921e-05 5.35337
14.55 0.00028167 0.000179085 -4.52284e-05 5.34417
14.575 0.000284282 0.000182942 -4.62788e-05 5.335
14.6 0.000287043 0.000186863 -4.73377e-05 5.32587
14.625 0.00028993 0.000190831 -4.84005e-05 5.31677
14.65 0.000292923 0.000194828 -4.94622e-05 5.30769
14.675 0.000295999 0.000198837 -5.05178e-05 5.29865
14.7 0.000299139 0.000202844 -5.15628e-05 5.28964
14.725 0.000302323 0.000206831 -5.25931e-05 5.28066
14.75 0.000305531 0.000210785 -5.36039e-05 5.27171
14.775 0.000308747 0.000214689 -5.45915e-05 5.26279
14.8 0.000311947 0.00021853 -5.5552e-05 5.2539
14.825 0.000315118 0.000222293 -5.6482e-05 5.24504
14.85 0.000318242 0.000225967 -5.7378e-05 5.23621
14.875 0.000321303 0.000229537 -5.82369e-05 5.22741
14.9 0.000324286 0.000232993 -5.90557e-05 5.21864
14.925 0.000327176 0.000236323 -5.98318e-05 5.2099
14.95 0.000329959 0.000239516 -6.05627e-05 5.20118
14.975 0.000332622 0.000242562 -6.12462e-05 5.1925
15 0.000335153 0.000245453 -6.18803e-05 5.18385
15.025 0.000337541 0.000248178 -6.24631e-05 5.17522
15.05 0.000339774 0.000250731 -6.29932e-05 5.16662
15.075 0.000341844 0.000253104 -6.34692e-05 5.15806
15.1 0.000343739 0.000255291 -6.389e-05 5.14952
15.125 0.000345454 0.000257286 -6.42546e-05 5.141
15.15 0.000346979 0.000259083 -6.45625e-05 5.13252
15.175 0.000348309 0.000260679 -6.4813e-05 5.12407
15.2 0.000349437 0.00026207 -6.5006e-05 5.11564
15.225 0.000350358 0.000263252 -6.51413e-05 5.10724
15.25 0.000351068 0.000264224 -6.5219e-05 5.09887
15.275 0.000351564 0.000264984 -6.52394e-05 5.09052
15.3 0.000351842 0.000265531 -6.52029e-05 5.0822
15.325 0.000351901 0.000265865 -6.51101e-05 5.07391
15.35 0.000351739 0.000265986 -6.49619e-05 5.06565
15.375 0.000351355 0.000265894 -6.4759e-05 5.05741
15.4 0.00035075 0.000265592 -6.45026e-05 5.0492
15.425 0.000349924 0.000265081 -6.41938e-05 5.04102
15.45 0.000348879 0.000264364 -6.38338e-05 5.03286
15.475 0.000347616 0.000263444 -6.34242e-05 5.02473
15.5 0.000346137 0.000262325 -6.29664e-05 5.01663
15.525 0.000344446 0.00026101 -6.2462e-05 5.00855
15.55 0.000342544 0.000259505 -6.19127e-05 5.00049
15.575 0.00034044 0.000257813 -6.13202e-05 4.99247
15.6 0.000338135 0.00025594 -6.06863e-05 4.98447
15.625 0.000335635 0.000253893 -6.0013e-05 4.97649
15.65 0.000332945 0.000251676 -5.93022e-05 4.96854
15.675 0.000330072 0.000249295 -5.85558e-05 4.96062
15.7 0.00032702 0.000246758 -5.77759e-05 4.95272
15.725 0.000323795 0.000244071 -5.69644e-05 4.94485
15.75 0.000320406 0.000241241 -5.61234e-05 4.937
15.775 0.000316858 0.000238274 -5.52549e-05 4.92917
15.8 0.000313159 0.000235179 -5.43611e-05 4.92137
15.825 0.000309315 0.000231962 -5.3444e-05 4.9136
15.85 0.000305335 0.00022863 -5.25055e-05 4.90585
15.875 0.000301227 0.000225192 -5.15479e-05 4.89812
15.9 0.000296996 0.000221655 -5.0573e-05 4.89042
15.925 0.000292653 0.000218026 -4.95828e-05 4.88274
15.95 0.000288204 0.000214312 -4.85792e-05 4.87509
15.975 0.000283657 0.000210522 -4.75643e-05 4.86746
16 0.00027902 0.000206662 -4.65398e-05 4.85986
16.025 0.000274301 0.00020274 -4.55076e-05 4.85227
16.05 0.000269508 0.000198764 -4.44694e-05 4.84472
16.075 0.000264649 0.00019474 -4.3427e-05 4.83718
16.1 0.000259731 0.000190675 -4.2382e-05 4.82967
16.125 0.000254762 0.000186577 -4.13361e-05 4.82218
16.15 0.00024975 0.000182452 -4.02908e-05 4.81472
16.175 0.000244701 0.000178307 -3.92478e-05 4.80728
16.2 0.000239623 0.000174148 -3.82081e-05 4.79986
16.225 0.000234523 0.000169981 -3.71733e-05 4.79246
16.25 0.000229408 0.000165813 -3.61447e-05 4.78509
16.275 0.000224285 0.000161648 -3.51234e-05 4.77774
16.3 0.000219159 0.000157494 -3.41108e-05 4.77041
16.325 0.000214038 0.000153354 -3.31079e-05 4.76311
16.35 0.000208928 0.000149235 -3.21157e-05 4.75582
16.375 0.000203833 0.000145141 -3.11352e-05 4.74856
16.4 0.000198761 0.000141076 -3.01672e-05 4.74132
16.425 0.000193716 0.000137047 -2.92128e-05 4.73411
16.45 0.000188703 0.000133055 -2.82725e-05 4.72691
16.475 0.000183727 0.000129106 -2.73471e-05 4.71974
16.5 0.000178794 0.000125202 -2.64374e-05 4.71259
16.525 0.000173907 0.000121348 -2.55437e-05 4.70546
16.55 0.00016907 0.000117546 -2.46668e-05 4.69835
16.575 0.000164288 0.000113801 -2.3807e-05 4.69126
16.6 0.000159564 0.000110113 -2.29648e-05 4.6842
16.625 0.000154901 0.000106487 -2.21405e-05 4.67715
16.65 0.000150304 0.000102924 -2.13345e-05 4.67013
16.675 0.000145773 9.94264e-05 -2.05471e-05 4.66313
16.7 0.000141314 9.59956e-05 -1.97783e-05 4.65615
16.725 0.000136927 9.26336e-05 -1.90283e-05 4.64919
16.75 0.000132615 8.93418e-05 -1.82973e-05 4.64225
16.775 0.00012838 8.61214e-05 -1.75854e-05 4.63533
16.8 0.000124225 8.29736e-05 -1.68926e-05 4.62843
16.825 0.00012015 7.98991e-05 -1.62189e-05 4.62156
16.85 0.000116156 7.68987e-05 -1.55643e-05 4.6147
16.875 0.000112246 7.39728e-05 -1.49286e-05 4.60786
16.9 0.00010842 7.11212e-05 -1.43117e-05 4.60105
16.925 0.000104679 6.83453e-05 -1.37136e-05 4.59425
16.95 0.000101024 6.56446e-05 -1.31342e-05 4.58747
16.975 9.74541e-05 6.30189e-05 -1.25731e-05 4.58072
17 9.39709e-05 6.04681e-05 -1.20302e-05 4.57398
17.025 9.05738e-05 5.79917e-05 -1.15052e-05 4.56727
17.05 8.72636e-05 5.55893e-05 -1.09979e-05 4.56057
17.075 8.40396e-05 5.32603e-05 -1.05081e-05 4.55389
17.1 8.09016e-05 5.1004e-05 -1.00353e-05 4.54723
17.125 7.78491e-05 4.88196e-05 -9.57936e-06 4.5406
17.15 7.48818e-05 4.67063e-05 -9.1399e-06 4.53398
17.175 7.19988e-05 4.46631e-05 -8.71658e-06 4.52738
17.2 6.91995e-05 4.26889e-05 -8.30908e-06 4.5208
17.225 6.64831e-05 4.07827e-05 -7.91703e-06 4.51424
17.25 6.38484e-05 3.89432e-05 -7.54008e-06 4.50769
17.275 6.12946e-05 3.71694e-05 -7.17786e-06 4.50117
17.3 5.88206e-05 3.54598e-05 -6.83e-06 4.49466
17.325 5.64251e-05 3.38132e-05 -6.49612e-06 4.48818
17.35 5.41069e-05 3.22283e-05 -6.17585e-06 4.48171
17.375 5.18648e-05 3.07036e-05 -5.8688e-06 4.47526
17.4 4.96973e-05 2.92378e-05 -5.5746e-06 4.46883
17.425 4.7603e-05 2.78293e-05 -5.29286e-06 4.46242
17.45 4.55806e-05 2.64768e-05 -5.0232e-06 4.45603
17.475 4.36286e-05 2.51788e-05 -4.76525e-06 4.44965
17.5 4.17454e-05 2.39337e-05 -4.51863e-06 4.4433
17.525 3.99295e-05 2.27402e-05 -4.28298e-06 4.43696
17.55 3.81794e-05 2.15967e-05 -4.05791e-06 4.43064
17.575 3.64935e-05 2.05018e-05 -3.84307e-06 4.42434
17.6 3.48701e-05 1.94538e-05 -3.6381e-06 4.41805
17.625 3.33078e-05 1.84515e-05 -3.44264e-06 4.41178
17.65 3.18049e-05 1.74933e-05 -3.25636e-06 4.40554
17.675 3.03598e-05 1.65778e-05 -3.0789e-06 4.3993
17.7 2.89709e-05 1.57035e-05 -2.90994e-06 4.39309
17.725 2.76366e-05 1.4869e-05 -2.74915e-06 4.38689
17.75 2.63554e-05 1.40729e-05 -2.59621e-06 4.38072
17.775 2.51256e-05 1.33139e-05 -2.4508e-06 4.37455
17.8 2.39457e-05 1.25906e-05 -2.31263e-06 4.36841
17.825 2.28142e-05 1.19016e-05 -2.18139e-06 4.36228
17.85 2.17295e-05 1.12458e-05 -2.0568e-06 4.35617
17.875 2.06901e-05 1.06217e-05 -1.93857e-06 4.35008
17.9 1.96945e-05 1.00281e-05 -1.82643e-06 4.34401
17.925 1.87413e-05 9.46395e-06 -1.72013e-06 4.33795
17.95 1.7829e-05 8.92789e-06 -1.61939e-06 4.33191
17.975 1.69562e-05 8.41882e-06 -1.52398e-06 4.32588
18 1.61215e-05 7.93561e-06 -1.43364e-06 4.31987
18.025 1.53236e-05 7.47718e-06 -1.34816e-06 4.31388
18.05 1.45611e-05 7.04245e-06 -1.26731e-06 4.30791
18.075 1.38328e-05 6.63039e-06 -1.19086e-06 4.30195
18.1 1.31373e-05 6.24001e-06 -1.11862e-06 4.29601
18.125 1.24734e-05 5.87033e-06 -1.05037e-06 4.29008
18.15 1.18399e-05 5.52043e-06 -9.85928e-07 4.28417
18.175 1.12356e-05 5.18938e-06 -9.25107e-07 4.27828
18.2 1.06594e-05 4.87633e-06 -8.67726e-07 4.2724
18.225 1.01102e-05 4.58042e-06 -8.13614e-07 4.26654
18.25 9.58683e-06 4.30085e-06 -7.62605e-07 4.2607
18.275 9.0883e-06 4.03682e-06 -7.14544e-07 4.25487
18.3 8.61358e-06 3.78758e-06 -6.69276e-07 4.24905
18.325 8.16167e-06 3.55241e-06 -6.26658e-07 4.24326
18.35 7.73163e-06 3.33061e-06 -5.8655e-07 4.23748
18.375 7.32251e-06 3.12154e-06 -5.48824e-07 4.23171
18.4 6.93342e-06 2.92449e-06 -5.13346e-07 4.22596
18.425 6.5635e-06 2.73887e-06 -4.79994e-07 4.22023
18.45 6.21191e-06 2.56412e-06 -4.4866e-07 4.21451
18.475 5.87783e-06 2.39966e-06 -4.19231e-07 4.20881
18.5 5.5605e-06 2.24494e-06 -3.91601e-07 4.20312
18.525 5.25917e-06 2.09945e-06 -3.65671e-07 4.19745
18.55 4.9731e-06 1.96269e-06 -3.41345e-07 4.19179
18.575 4.7016e-06 1.8342e-06 -3.18533e-07 4.18615
18.6 4.44401e-06 1.71351e-06 -2.97148e-07 4.18052
18.625 4.19967e-06 1.60021e-06 -2.77109e-07 4.17491
18.65 3.96797e-06 1.49389e-06 -2.58338e-07 4.16931
18.675 3.74831e-06 1.39415e-06 -2.40762e-07 4.16373
18.7 3.54012e-06 1.30062e-06 -2.2431e-07 4.15817
18.725 3.34286e-06 1.21295e-06 -2.08916e-07 4.15261
18.75 3.15599e-06 1.13081e-06 -1.94517e-07 4.14708
18.775 2.97902e-06 1.05388e-06 -1.81054e-07 4.14156
18.8 2.81145e-06 9.81851e-07 -1.6847e-07 4.13605
18.825 2.65284e-06 9.1444e-07 -1.56713e-07 4.13056
18.85 2.50274e-06 8.51375e-07 -1.45732e-07 4.12508
18.875 2.36072e-06 7.92398e-07 -1.35478e-07 4.11961
18.9 2.22638e-06 7.37265e-07 -1.25908e-07 4.11416
18.925 2.09934e-06 6.85744e-07 -1.16978e-07 4.10873
18.95 1.97921e-06 6.37616e-07 -1.0865e-07 4.10331
18.975 1.86567e-06 5.92675e-07 -1.00884e-07 4.0979
19 1.75835e-06 5.50724e-07 -9.36453e-08 4.09251
19.025 1.65696e-06 5.11579e-07 -8.69006e-08 4.08713
19.05 1.56117e-06 4.75065e-07 -8.06179e-08 4.08177
19.075 1.47069e-06 4.41018e-07 -7.47677e-08 4.07642
19.1 1.38526e-06 4.09282e-07 -6.93219e-08 4.07108
19.125 1.3046e-06 3.7971e-07 -6.42542e-08 4.06576
19.15 1.22846e-06 3.52164e-07 -5.95399e-08 4.06045
19.175 1.15661e-06 3.26515e-07 -5.51556e-08 4.05516
19.2 1.08881e-06 3.0264e-07 -5.10796e-08 4.04988
19.225 1.02484e-06 2.80423e-07 -4.72913e-08 4.04461
19.25 9.64508e-07 2.59757e-07 -4.37715e-08 4.03936
19.275 9.07608e-07 2.40539e-07 -4.05022e-08 4.03412
19.3 8.53955e-07 2.22674e-07 -3.74665e-08 4.0289
19.325 8.03372e-07 2.06071e-07 -3.46484e-08 4.02368
19.35 7.55692e-07 1.90647e-07 -3.20332e-08 4.01849
19.375 7.10755e-07 1.76321e-07 -2.96068e-08 4.0133
19.4 6.6841e-07 1.6302e-07 -2.73563e-08 4.00813
19.425 6.28513e-07 1.50675e-07 -2.52696e-08 4.00297
19.45 5.90928e-07 1.39219e-07 -2.33351e-08 3.99783
19.475 5.55526e-07 1.28591e-07 -2.15422e-08 3.99269
19.5 5.22185e-07 1.18734e-07 -1.9881e-08 3.98757
19.525 4.90788e-07 1.09595e-07 -1.83421e-08 3.98247
19.55 4.61227e-07 1.01122e-07 -1.69168e-08 3.97738
19.575 4.33396e-07 9.327e-08 -1.5597e-08 3.9723
19.6 4.07199e-07 8.59936e-08 -1.43751e-08 3.96723
19.625 3.82541e-07 7.92519e-08 -1.3244e-08 3.96218
19.65 3.59334e-07 7.30066e-08 -1.21971e-08 3.95713
19.675 3.37496e-07 6.72215e-08 -1.12283e-08 3.95211
19.7 3.16946e-07 6.1863e-08 -1.03317e-08 3.94709
19.725 2.97612e-07 5.68997e-08 -9.50194e-09 3.94209
19.75 2.79422e-07 5.23021e-08 -8.73408e-09 3.9371
19.775 2.6231e-07 4.80426e-08 -8.02341e-09 3.93212
19.8 2.46212e-07 4.40956e-08 -7.36555e-09 3.92716
19.825 2.3107e-07 4.04369e-08 -6.75644e-09 3.9222
19.85 2.16827e-07 3.7044e-08 -6.19225e-09 3.91726
19.875 2.03429e-07 3.38958e-08 -5.66944e-09 3.91234
19.9 1.90828e-07 3.09725e-08 -5.18467e-09 3.90742
19.925 1.78975e-07 2.82555e-08 -4.73485e-09 3.90252
19.95 1.67826e-07 2.57272e-08 -4.31703e-09 3.89763
19.975 1.57339e-07 2.3372e-08 -3.9286e-09 3.89275
20 1.47473e-07 2.11719e-08 -3.56666e-09 3.88789
