0 366.704 295.563 -15.8153 19.3692
0.025 366.704 295.563 -15.8153 19.3692
0.05 366.542 295.235 -15.7838 19.3689
0.075 366.539 295.22 -15.763 19.3684
0.1 366.539 295.21 -15.7343 19.3676
0.125 366.55 295.217 -15.6986 19.3667
0.15 366.566 295.23 -15.6557 19.3656
0.175 366.587 295.25 -15.6053 19.3643
0.2 366.61 295.274 -15.5477 19.3628
0.225 366.64 295.303 -15.4828 19.3611
0.25 366.674 295.336 -15.411 19.3591
0.275 366.711 295.373 -15.3324 19.357
0.3 366.753 295.414 -15.2471 19.3547
0.325 366.799 295.459 -15.1555 19.3521
0.35 366.848 295.504 -15.0577 19.3493
0.375 366.901 295.556 -14.9539 19.3464
0.4 366.957 295.612 -14.8447 19.3432
0.425 367.018 295.671 -14.73 19.3398
0.45 367.083 295.734 -14.6104 19.3362
0.475 367.151 295.8 -14.4861 19.3324
0.5 367.222 295.869 -14.3575 19.3283
0.525 367.297 295.941 -14.2247 19.3241
0.55 367.375 296.017 -14.0882 19.3196
0.575 367.457 296.096 -13.9484 19.3149
0.6 367.542 296.178 -13.8056 19.31
0.625 367.631 296.263 -13.6601 19.3049
0.65 367.723 296.351 -13.5123 19.2995
0.675 367.818 296.442 -13.3627 19.2939
0.7 367.917 296.535 -13.2117 19.2881
0.725 368.018 296.631 -13.0594 19.2821
0.75 368.123 296.73 -12.9064 19.2758
0.775 368.23 296.831 -12.753 19.2693
0.8 368.34 296.935 -12.5995 19.2626
0.825 368.453 297.037 -12.4464 19.2556
0.85 368.568 297.146 -12.2941 19.2484
0.875 368.685 297.255 -12.1427 19.2409
0.9 368.804 297.366 -11.9928 19.2332
0.925 368.926 297.479 -11.8446 19.2253
0.95 369.049 297.593 -11.6985 19.2171
0.975 369.174 297.708 -11.5548 19.2087
1 369.299 297.824 -11.4138 19.2
1.025 369.426 297.941 -11.2759 19.1911
1.05 369.554 298.058 -11.1412 19.1819
1.075 369.683 298.176 -11.0101 19.1725
1.1 369.81 298.294 -10.8828 19.1628
1.125 369.939 298.412 -10.7596 19.1529
1.15 370.067 298.529 -10.6408 19.1427
1.175 370.195 298.645 -10.5264 19.1322
1.2 370.322 298.761 -10.4168 19.1215
1.225 370.447 298.875 -10.312 19.1106
1.25 370.571 298.988 -10.2123 19.0994
1.275 370.694 299.099 -10.1179 19.0879
1.3 370.814 299.208 -10.0287 19.0762
1.325 370.931 299.314 -9.94504 19.0642
1.35 371.046 299.418 -9.86688 19.0519
1.375 371.157 299.519 -9.79433 19.0394
1.4 371.265 299.617 -9.72745 19.0266
1.425 371.372 299.711 -9.66627 19.0136
1.45 371.472 299.802 -9.61081 19.0003
1.475 371.569 299.888 -9.56107 18.9867
1.5 371.661 299.97 -9.51708 18.9729
1.525 371.747 300.05 -9.47872 18.9588
1.55 371.829 300.122 -9.44596 18.9444
1.575 371.905 300.192 -9.41874 18.9298
1.6 371.973 300.254 -9.39699 18.9149
1.625 372.039 300.311 -9.38064 18.8997
1.65 372.097 300.361 -9.36941 18.8843
1.675 372.149 300.407 -9.36334 18.8687
1.7 372.194 300.446 -9.36222 18.8527
1.725 372.233 300.477 -9.36586 18.8365
1.75 372.264 300.504 -9.37414 18.82
1.775 372.289 300.524 -9.38684 18.8033
1.8 372.306 300.535 -9.40376 18.7863
1.825 372.316 300.542 -9.42468 18.7691
1.85 372.32 300.542 -9.44938 18.7516
1.875 372.316 300.536 -9.47762 18.7338
1.9 372.305 300.523 -9.50916 18.7158
1.925 372.287 300.503 -9.54374 18.6976
1.95 372.262 300.477 -9.58111 18.679
1.975 372.23 300.444 -9.621 18.6603
2 372.191 300.405 -9.66313 18.6412
2.025 372.146 300.36 -9.70723 18.622
2.05 372.096 300.309 -9.75301 18.6024
2.075 372.039 300.253 -9.8002 18.5826
2.1 371.976 300.191 -9.8485 18.5626
2.125 371.908 300.124 -9.89762 18.5424
2.15 371.835 300.052 -9.94728 18.5218
2.175 371.758 299.975 -9.99718 18.5011
2.2 371.676 299.895 -10.047 18.4801
2.225 371.59 299.811 -10.0966 18.4589
2.25 371.501 299.723 -10.1455 18.4374
2.275 371.41 299.633 -10.1935 18.4157
2.3 371.316 299.541 -10.2404 18.3937
2.325 371.221 299.446 -10.2858 18.3715
2.35 371.124 299.351 -10.3296 18.3491
2.375 371.028 299.254 -10.3714 18.3265
2.4 370.931 299.158 -10.411 18.3036
2.425 370.835 299.062 -10.4481 18.2805
2.45 370.74 298.966 -10.4827 18.2571
2.475 370.648 298.873 -10.5143 18.2335
2.5 370.558 298.781 -10.5429 18.2097
2.525 370.472 298.692 -10.5682 18.1857
2.55 370.389 298.607 -10.5901 18.1614
2.575 370.312 298.525 -10.6084 18.137
2.6 370.239 298.448 -10.6229 18.1123
2.625 370.173 298.377 -10.6335 18.0873
2.65 370.113 298.31 -10.6401 18.0622
2.675 370.06 298.25 -10.6425 18.0368
2.7 370.015 298.197 -10.6407 18.0112
2.725 369.978 298.152 -10.6347 17.9853
2.75 369.95 298.114 -10.6242 17.9593
2.775 369.932 298.084 -10.6094 17.933
2.8 369.923 298.063 -10.5901 17.9065
2.825 369.924 298.051 -10.5663 17.8798
2.85 369.937 298.049 -10.5381 17.8529
2.875 369.959 298.056 -10.5055 17.8257
2.9 369.993 298.073 -10.4685 17.7983
2.925 370.039 298.101 -10.4271 17.7707
2.95 370.096 298.139 -10.3815 17.7428
2.975 370.164 298.188 -10.3317 17.7147
3 370.245 298.249 -10.2778 17.6864
3.025 370.337 298.32 -10.2198 17.6579
3.05 370.44 298.401 -10.1581 17.6291
3.075 370.555 298.492 -10.0925 17.6001
3.1 370.682 298.594 -10.0234 17.5709
3.125 370.819 298.706 -9.95091 17.5414
3.15 370.963 298.828 -9.87527 17.5117
3.175 371.124 298.959 -9.79644 17.4818
3.2 371.292 299.1 -9.71471 17.4516
3.225 371.468 299.249 -9.63032 17.4212
3.25 371.653 299.406 -9.54342 17.3905
3.275 371.845 299.571 -9.45419 17.3596
3.3 372.043 299.742 -9.36303 17.3284
3.325 372.247 299.919 -9.27004 17.297
3.35 372.456 300.101 -9.17545 17.2653
3.375 372.668 300.288 -9.07952 17.2334
3.4 372.883 300.478 -8.98245 17.2012
3.425 373.099 300.67 -8.88447 17.1688
3.45 373.315 300.863 -8.78585 17.1361
3.475 373.529 301.055 -8.6868 17.1032
3.5 373.74 301.247 -8.58755 17.07
3.525 373.947 301.437 -8.48832 17.0365
3.55 374.147 301.622 -8.38937 17.0027
3.575 374.339 301.803 -8.29089 16.9687
3.6 374.522 301.977 -8.19311 16.9344
3.625 374.693 302.143 -8.09625 16.8998
3.65 374.852 302.299 -8.00049 16.865
3.675 374.995 302.444 -7.90607 16.8299
3.7 375.121 302.577 -7.81315 16.7945
3.725 375.228 302.695 -7.72206 16.7588
3.75 375.314 302.797 -7.63272 16.7228
3.775 375.377 302.881 -7.54545 16.6865
3.8 375.414 302.946 -7.46036 16.65
3.825 375.425 302.99 -7.37763 16.6132
3.85 375.406 303.011 -7.29742 16.576
3.875 375.356 303.007 -7.21973 16.5386
3.9 375.272 302.977 -7.14492 16.5009
3.925 375.152 302.918 -7.07298 16.4629
3.95 374.994 302.83 -7.00403 16.4246
3.975 374.796 302.71 -6.93816 16.386
4 374.556 302.556 -6.87545 16.3471
4.025 374.272 302.368 -6.81599 16.308
4.05 373.941 302.142 -6.75984 16.2685
4.075 373.561 301.877 -6.70706 16.2287
4.1 373.132 301.572 -6.65769 16.1887
4.125 372.649 301.225 -6.61179 16.1483
4.15 372.112 300.834 -6.56938 16.1077
4.175 371.518 300.397 -6.53048 16.0667
4.2 370.867 299.914 -6.49511 16.0255
4.225 370.154 299.381 -6.46329 15.9839
4.25 369.382 298.799 -6.435 15.9421
4.275 368.544 298.165 -6.41024 15.9
4.3 367.638 297.478 -6.389 15.8577
4.325 366.668 296.736 -6.37125 15.815
4.35 365.633 295.938 -6.35697 15.772
4.375 364.525 295.084 -6.34612 15.7288
4.4 363.345 294.171 -6.33867 15.6853
4.425 362.093 293.198 -6.33456 15.6416
4.45 360.768 292.165 -6.33375 15.5975
4.475 359.368 291.071 -6.33617 15.5532
4.5 357.892 289.914 -6.34177 15.5087
4.525 356.341 288.693 -6.35047 15.4639
4.55 354.712 287.408 -6.36222 15.4188
4.575 353.004 286.058 -6.37692 15.3735
4.6 351.219 284.642 -6.3945 15.328
4.625 349.355 283.16 -6.41487 15.2822
4.65 347.411 281.612 -6.43794 15.2362
4.675 345.387 279.996 -6.46362 15.1899
4.7 343.285 278.312 -6.49181 15.1435
4.725 341.103 276.561 -6.52241 15.0968
4.75 338.841 274.742 -6.55531 15.0499
4.775 336.5 272.855 -6.59039 15.0028
4.8 334.08 270.9 -6.62755 14.9556
4.825 331.581 268.877 -6.66667 14.9081
4.85 329.005 266.787 -6.70762 14.8605
4.875 326.353 264.63 -6.75027 14.8127
4.9 323.622 262.406 -6.79449 14.7647
4.925 320.818 260.116 -6.84016 14.7165
4.95 317.939 257.76 -6.88712 14.6682
4.975 314.984 255.34 -6.93523 14.6198
5 311.963 252.856 -6.98436 14.5712
5.025 308.87 250.309 -7.03434 14.5225
5.05 305.707 247.7 -7.08502 14.4737
5.075 302.477 245.03 -7.13623 14.4248
5.1 299.182 242.301 -7.1879 14.3757
5.125 295.824 239.514 -7.2397 14.3266
5.15 292.404 236.671 -7.29153 14.2774
5.175 288.925 233.773 -7.34323 14.2281
5.2 285.388 230.822 -7.3946 14.1787
5.225 281.796 227.819 -7.44548 14.1293
5.25 278.152 224.767 -7.49567 14.0798
5.275 274.458 221.667 -7.54499 14.0303
5.3 270.716 218.523 -7.59325 13.9807
5.325 266.929 215.335 -7.64028 13.9311
5.35 263.099 212.106 -7.68586 13.8815
5.375 259.23 208.839 -7.72981 13.8319
5.4 255.324 205.536 -7.77195 13.7823
5.425 251.384 202.199 -7.81199 13.7326
5.45 247.413 198.831 -7.84993 13.683
5.475 243.413 195.435 -7.88549 13.6334
5.5 239.389 192.013 -7.91849 13.5839
5.525 235.342 188.569 -7.94874 13.5344
5.55 231.276 185.105 -7.97609 13.4849
5.575 227.195 181.624 -8.00035 13.4355
5.6 223.1 178.128 -8.02137 13.3862
5.625 218.995 174.621 -8.03899 13.3369
5.65 214.883 171.105 -8.05306 13.2877
5.675 210.767 167.585 -8.06346 13.2386
5.7 206.651 164.061 -8.07004 13.1895
5.725 202.537 160.539 -8.07268 13.1406
5.75 198.429 157.019 -8.07129 13.0918
5.775 194.328 153.506 -8.06577 13.0431
5.8 190.239 150.003 -8.05602 12.9945
5.825 186.164 146.511 -8.04198 12.9461
5.85 182.106 143.035 -8.0236 12.8978
5.875 178.068 139.576 -8.00085 12.8496
5.9 174.052 136.138 -7.97364 12.8016
5.925 170.062 132.723 -7.94198 12.7537
5.95 166.099 129.334 -7.90588 12.7059
5.975 162.166 125.973 -7.86533 12.6584
6 158.266 122.643 -7.82037 12.611
6.025 154.401 119.347 -7.77103 12.5638
6.05 150.573 116.085 -7.71737 12.5167
6.075 146.785 112.861 -7.65945 12.4699
6.1 143.038 109.677 -7.59735 12.4232
6.125 139.335 106.535 -7.53115 12.3767
6.15 135.677 103.436 -7.46097 12.3304
6.175 132.066 100.382 -7.38691 12.2844
6.2 128.503 97.375 -7.30909 12.2385
6.225 124.992 94.4166 -7.22767 12.1928
6.25 121.532 91.5079 -7.14276 12.1473
6.275 118.125 88.6504 -7.05454 12.1021
6.3 114.772 85.8452 -6.96316 12.0571
6.325 111.475 83.0933 -6.86878 12.0123
6.35 108.235 80.3956 -6.77158 11.9677
6.375 105.052 77.753 -6.67173 11.9233
6.4 101.927 75.1662 -6.56942 11.8792
6.425 98.8617 72.6358 -6.46483 11.8353
6.45 95.8557 70.1622 -6.35815 11.7916
6.475 92.91 67.7458 -6.24956 11.7481
6.5 90.0248 65.387 -6.13927 11.7049
6.525 87.2006 63.0857 -6.02749 11.662
6.55 84.4375 60.8422 -5.91433 11.6192
6.575 81.7357 58.6563 -5.80002 11.5767
6.6 79.0952 56.5279 -5.68475 11.5345
6.625 76.5161 54.4569 -5.5687 11.4924
6.65 73.9982 52.4429 -5.45205 11.4507
6.675 71.5413 50.4858 -5.33498 11.4091
6.7 69.1452 48.5846 -5.21764 11.3678
6.725 66.8096 46.739 -5.10019 11.3268
6.75 64.5339 44.9485 -4.98283 11.286
6.775 62.3179 43.2124 -4.86571 11.2454
6.8 60.1608 41.53 -4.74896 11.2051
6.825 58.0623 39.9006 -4.63272 11.165
6.85 56.0216 38.3232 -4.51714 11.1252
6.875 54.038 36.7971 -4.40234 11.0856
6.9 52.1108 35.3213 -4.28845 11.0462
6.925 50.2393 33.895 -4.17558 11.0071
6.95 48.4226 32.5171 -4.06384 10.9683
6.975 46.6598 31.1867 -3.95333 10.9296
7 44.9502 29.9027 -3.84416 10.8912
7.025 43.2927 28.6641 -3.73639 10.8531
7.05 41.6864 27.4698 -3.63013 10.8152
7.075 40.1304 26.3188 -3.52544 10.7775
7.1 38.6237 25.21 -3.4224 10.7401
7.125 37.1653 24.1423 -3.32105 10.7029
7.15 35.7542 23.1146 -3.22147 10.6659
7.175 34.3893 22.1258 -3.12369 10.6292
7.2 33.0696 21.1748 -3.02777 10.5927
7.225 31.794 20.2606 -2.93373 10.5564
7.25 30.5616 19.382 -2.84162 10.5204
7.275 29.3712 18.5379 -2.75145 10.4846
7.3 28.2218 17.7273 -2.66325 10.449
7.325 27.1124 16.9492 -2.57704 10.4136
7.35 26.0419 16.2025 -2.49283 10.3785
7.375 25.0093 15.4862 -2.41063 10.3436
7.4 24.0135 14.7992 -2.33043 10.3089
7.425 23.0534 14.1405 -2.25223 10.2744
7.45 22.1282 13.5092 -2.17604 10.2401
7.475 21.2368 12.9044 -2.10185 10.2061
7.5 20.3781 12.325 -2.02964 10.1723
7.525 19.5512 11.7702 -1.9594 10.1387
7.55 18.7552 11.239 -1.89111 10.1053
7.575 17.989 10.7305 -1.82475 10.0721
7.6 17.2518 10.244 -1.76031 10.0391
7.625 16.5426 9.77862 -1.69775 10.0064
7.65 15.8605 9.3335 -1.63705 9.97379
7.675 15.2047 8.90786 -1.57817 9.94144
7.7 14.5742 8.50094 -1.5211 9.90928
7.725 13.9683 8.11199 -1.4658 9.87733
7.75 13.386 7.74029 -1.41224 9.84558
7.775 12.8266 7.38514 -1.36039 9.81402
7.8 12.2893 7.04587 -1.3102 9.78266
7.825 11.7733 6.72181 -1.26165 9.7515
7.85 11.2779 6.41234 -1.21469 9.72053
7.875 10.8023 6.11685 -1.1693 9.68975
7.9 10.3458 5.83474 -1.12543 9.65916
7.925 9.90773 5.56544 -1.08305 9.62877
7.95 9.48742 5.30841 -1.04212 9.59855
7.975 9.0842 5.06312 -1.0026 9.56853
8 8.69744 4.82905 -0.964459 9.53869
8.025 8.32653 4.60572 -0.927651 9.50903
8.05 7.97086 4.39266 -0.892143 9.47955
8.075 7.62984 4.18941 -0.857897 9.45025
8.1 7.30294 3.99554 -0.824877 9.42113
8.125 6.98961 3.81062 -0.793046 9.39219
8.15 6.68931 3.63427 -0.762369 9.36342
8.175 6.40155 3.46609 -0.732809 9.33482
8.2 6.12582 3.30571 -0.704333 9.3064
8.225 5.86166 3.15278 -0.676906 9.27815
8.25 5.60861 3.00696 -0.650493 9.25006
8.275 5.36622 2.86793 -0.625063 9.22215
8.3 5.13407 2.73537 -0.600582 9.1944
8.325 4.91175 2.60899 -0.577019 9.16682
8.35 4.69887 2.48851 -0.554342 9.1394
8.375 4.49503 2.37364 -0.532523 9.11214
8.4 4.29987 2.26413 -0.51153 9.08504
8.425 4.11303 2.15974 -0.491336 9.05811
8.45 3.93419 2.06022 -0.471912 9.03133
8.475 3.76299 1.96534 -0.453231 9.00471
8.5 3.59914 1.87489 -0.435267 8.97824
8.525 3.44233 1.78867 -0.417993 8.95193
8.55 3.29226 1.70647 -0.401385 8.92577
8.575 3.14865 1.62811 -0.385419 8.89976
8.6 3.01123 1.5534 -0.370071 8.8739
8.625 2.87975 1.48217 -0.355319 8.8482
8.65 2.75395 1.41427 -0.341139 8.82264
8.675 2.63359 1.34953 -0.327512 8.79722
8.7 2.51845 1.28781 -0.314417 8.77195
8.725 2.40831 1.22896 -0.301833 8.74683
8.75 2.30294 1.17285 -0.289741 8.72185
8.775 2.20215 1.11934 -0.278123 8.69701
8.8 2.10575 1.06832 -0.266961 8.67231
8.825 2.01355 1.01968 -0.256237 8.64775
8.85 1.92536 0.973288 -0.245935 8.62333
8.875 1.84102 0.92905 -0.23604 8.59905
8.9 1.76036 0.886863 -0.226534 8.5749
8.925 1.68322 0.84663 -0.217404 8.55089
8.95 1.60945 0.808258 -0.208635 8.52701
8.975 1.53891 0.771662 -0.200213 8.50326
9 1.47145 0.736756 -0.192124 8.47965
9.025 1.40695 0.703463 -0.184357 8.45616
9.05 1.34528 0.671706 -0.176898 8.43281
9.075 1.28631 0.641413 -0.169736 8.40958
9.1 1.22992 0.612517 -0.162859 8.38648
9.125 1.17601 0.584951 -0.156257 8.36351
9.15 1.12447 0.558653 -0.149918 8.34066
9.175 1.07519 0.533564 -0.143832 8.31794
9.2 1.02808 0.509628 -0.13799 8.29534
9.225 0.98304 0.486791 -0.132382 8.27287
9.25 0.93998 0.465002 -0.126999 8.25051
9.275 0.898815 0.444212 -0.121832 8.22827
9.3 0.859462 0.424375 -0.116873 8.20616
9.325 0.821842 0.405446 -0.112114 8.18416
9.35 0.785879 0.387383 -0.107547 8.16228
9.375 0.751502 0.370146 -0.103165 8.14052
9.4 0.718639 0.353696 -0.0989601 8.11887
9.425 0.687226 0.337998 -0.0949255 8.09733
9.45 0.657198 0.323016 -0.0910546 8.07591
9.475 0.628495 0.308718 -0.087341 8.05461
9.5 0.601058 0.295071 -0.0837785 8.03341
9.525 0.574832 0.282045 -0.0803612 8.01233
9.55 0.549763 0.269612 -0.0770834 7.99136
9.575 0.525802 0.257745 -0.0739396 7.97049
9.6 0.502898 0.246417 -0.0709244 7.94974
9.625 0.481006 0.235604 -0.0680328 7.92909
9.65 0.46008 0.225281 -0.0652598 7.90855
9.675 0.440079 0.215426 -0.0626008 7.88812
9.7 0.42096 0.206017 -0.0600511 7.86779
9.725 0.402686 0.197035 -0.0576065 7.84756
9.75 0.385219 0.188458 -0.0552626 7.82744
9.775 0.368522 0.18027 -0.0530155 7.80742
9.8 0.352563 0.17245 -0.0508612 7.78751
9.825 0.337308 0.164984 -0.048796 7.76769
9.85 0.322727 0.157853 -0.0468165 7.74798
9.875 0.308788 0.151044 -0.0449187 7.72836
9.9 0.295464 0.14454 -0.0430996 7.70885
9.925 0.282728 0.138329 -0.041356 7.68943
9.95 0.270552 0.132396 -0.0396846 7.67011
9.975 0.258913 0.126728 -0.0380826 7.65089
10 0.247787 0.121314 -0.0365471 7.63176
10.025 0.23715 0.116141 -0.0350753 7.61273
10.05 0.22698 0.111199 -0.0336646 7.59379
10.075 0.217258 0.106477 -0.0323124 7.57495
10.1 0.207962 0.101965 -0.0310163 7.5562
10.125 0.199075 0.0976521 -0.029774 7.53755
10.15 0.190577 0.0935305 -0.0285831 7.51898
10.175 0.182451 0.0895909 -0.0274416 7.50051
10.2 0.174682 0.085825 -0.0263473 7.48212
10.225 0.167251 0.0822246 -0.0252981 7.46383
10.25 0.160146 0.0787822 -0.0242923 7.44563
10.275 0.15335 0.0754905 -0.023328 7.42751
10.3 0.146851 0.0723426 -0.0224034 7.40948
10.325 0.140635 0.0693318 -0.0215167 7.39154
10.35 0.134689 0.0664519 -0.0206664 7.37369
10.375 0.129001 0.0636969 -0.019851 7.35592
10.4 0.12356 0.0610609 -0.0190688 7.33824
10.425 0.118355 0.0585385 -0.0183186 7.32064
10.45 0.113375 0.0561246 -0.0175989 7.30313
10.475 0.10861 0.0538142 -0.0169083 7.2857
10.5 0.10405 0.0516026 -0.0162458 7.26835
10.525 0.0996869 0.0494852 -0.0156098 7.25109
10.55 0.0955114 0.0474578 -0.0149996 7.23391
10.575 0.0915151 0.0455164 -0.0144139 7.2168
10.6 0.0876901 0.0436569 -0.0138516 7.19978
10.625 0.0840288 0.0418757 -0.0133118 7.18284
10.65 0.0805239 0.0401693 -0.0127935 7.16598
10.675 0.0771685 0.0385343 -0.0122957 7.1492
10.7 0.0739559 0.0369676 -0.0118176 7.1325
10.725 0.0708799 0.035466 -0.0113583 7.11587
10.75 0.0679345 0.0340268 -0.0109172 7.09932
10.775 0.0651138 0.032647 -0.0104933 7.08285
10.8 0.0624125 0.0313242 -0.0100859 7.06646
10.825 0.0598252 0.0300558 -0.00969448 7.05014
10.85 0.057347 0.0288394 -0.00931823 7.03389
10.875 0.054973 0.0276727 -0.00895662 7.01772
10.9 0.0526989 0.0265537 -0.00860892 7.00163
10.925 0.0505201 0.0254801 -0.00827462 6.9856
10.95 0.0484326 0.0244502 -0.00795318 6.96965
10.975 0.0464324 0.023462 -0.00764406 6.95378
11 0.0445158 0.0225138 -0.00734679 6.93797
11.025 0.0426791 0.0216039 -0.00706087 6.92224
11.05 0.0409189 0.0207306 -0.00678585 6.90658
11.075 0.039232 0.0198924 -0.00652132 6.89099
11.1 0.0376152 0.0190879 -0.00626685 6.87547
11.125 0.0360654 0.0183157 -0.00602205 6.86002
11.15 0.03458 0.0175744 -0.00578654 6.84464
11.175 0.0331561 0.0168628 -0.00555998 6.82933
11.2 0.0317911 0.0161797 -0.00534201 6.81408
11.225 0.0304826 0.015524 -0.00513231 6.79891
11.25 0.0292282 0.0148945 -0.00493058 6.7838
11.275 0.0280256 0.0142901 -0.0047365 6.76876
11.3 0.0268726 0.0137099 -0.0045498 6.75378
11.325 0.0257672 0.0131529 -0.00437021 6.73887
11.35 0.0247075 0.0126182 -0.00419745 6.72403
11.375 0.0236914 0.0121049 -0.00403129 6.70925
11.4 0.0227173 0.0116122 -0.00387148 6.69454
11.425 0.0217833 0.0111393 -0.00371778 6.67989
11.45 0.0208879 0.0106854 -0.00356999 6.6653
11.475 0.0200294 0.0102498 -0.00342789 6.65078
11.5 0.0192063 0.0098317 -0.00329127 6.63632
11.525 0.0184172 0.00943056 -0.00315994 6.62193
11.55 0.0176607 0.00904566 -0.0030337 6.6076
11.575 0.0169354 0.00867638 -0.00291239 6.59332
11.6 0.0162402 0.00832212 -0.00279581 6.57911
11.625 0.0155736 0.0079823 -0.0026838 6.56497
11.65 0.0149347 0.0076564 -0.00257621 6.55088
11.675 0.0143223 0.00734381 -0.00247284 6.53685
11.7 0.0137352 0.00704407 -0.00237359 6.52288
11.725 0.0131725 0.00675667 -0.0022783 6.50898
11.75 0.0126331 0.00648114 -0.00218681 6.49513
11.775 0.0121162 0.00621701 -0.00209899 6.48134
11.8 0.0116208 0.00596384 -0.00201471 6.4676
11.825 0.011146 0.00572121 -0.00193384 6.45393
11.85 0.010691 0.00548871 -0.00185625 6.44032
11.875 0.010255 0.00526593 -0.00178183 6.42676
11.9 0.00983713 0.0050525 -0.00171045 6.41326
11.925 0.00943678 0.00484804 -0.001642 6.39981
11.95 0.00905317 0.0046522 -0.00157637 6.38642
11.975 0.00868561 0.00446462 -0.00151346 6.37309
12 0.00833346 0.00428499 -0.00145316 6.35981
12.025 0.00799607 0.00411297 -0.00139536 6.34659
12.05 0.00767283 0.00394825 -0.00133999 6.33342
12.075 0.00736316 0.00379055 -0.00128692 6.32031
12.1 0.0070665 0.00363956 -0.0012361 6.30725
12.125 0.0067823 0.00349502 -0.00118741 6.29425
12.15 0.00651004 0.00335664 -0.00114078 6.2813
12.175 0.00624923 0.00322415 -0.00109611 6.2684
12.2 0.00599938 0.00309738 -0.00105334 6.25555
12.225 0.00576003 0.002976 -0.00101238 6.24276
12.25 0.00553074 0.00285981 -0.000973161 6.23002
12.275 0.00531108 0.00274858 -0.000935606 6.21733
12.3 0.00510066 0.00264211 -0.000899648 6.20469
12.325 0.00489906 0.00254018 -0.000865218 6.19211
12.35 0.00470592 0.00244259 -0.00083225 6.17957
12.375 0.00452086 0.00234916 -0.000800683 6.16709
12.4 0.00434355 0.00225969 -0.000770454 6.15466
12.425 0.00417366 0.00217401 -0.000741505 6.14227
12.45 0.00401085 0.00209195 -0.000713779 6.12994
12.475 0.00385482 0.00201335 -0.000687221 6.11765
12.5 0.00370528 0.00193804 -0.00066178 6.10542
12.525 0.00356194 0.00186589 -0.000637404 6.09323
12.55 0.00342454 0.00179673 -0.000614044 6.08109
12.575 0.00329281 0.00173044 -0.000591654 6.069
12.6 0.0031665 0.00166688 -0.000570189 6.05696
12.625 0.00304538 0.00160592 -0.000549606 6.04497
12.65 0.00292921 0.00154744 -0.000529862 6.03302
12.675 0.00281778 0.00149133 -0.000510919 6.02112
12.7 0.00271087 0.00143748 -0.000492738 6.00927
12.725 0.00260829 0.00138576 -0.000475283 5.99746
12.75 0.00250984 0.0013361 -0.000458518 5.9857
12.775 0.00241534 0.00128838 -0.00044241 5.97399
12.8 0.00232462 0.00124251 -0.000426928 5.96232
12.825 0.00223749 0.00119841 -0.00041204 5.9507
12.85 0.00215381 0.001156 -0.000397718 5.93912
12.875 0.00207343 0.00111518 -0.000383934 5.92759
12.9 0.00199618 0.00107589 -0.000370662 5.9161
12.925 0.00192194 0.00103805 -0.000357876 5.90466
12.95 0.00185057 0.00100159 -0.000345554 5.89326
12.975 0.00178194 0.000966452 -0.000333671 5.88191
13 0.00171593 0.000932568 -0.000322207 5.8706
13.025 0.00165243 0.00089988 -0.000311142 5.85933
13.05 0.00159132 0.000868332 -0.000300456 5.8481
13.075 0.00153251 0.000837873 -0.000290132 5.83692
13.1 0.00147588 0.000808452 -0.000280152 5.82578
13.125 0.00142135 0.000780021 -0.000270501 5.81468
13.15 0.00136883 0.000752538 -0.000261163 5.80363
13.175 0.00131823 0.000725961 -0.000252124 5.79262
13.2 0.00126947 0.00070025 -0.000243372 5.78165
13.225 0.00122247 0.000675369 -0.000234893 5.77072
13.25 0.00117716 0.000651283 -0.000226677 5.75983
13.275 0.00113346 0.00062796 -0.000218712 5.74898
13.3 0.00109133 0.000605371 -0.000210991 5.73818
13.325 0.00105068 0.000583491 -0.0002035 5.72741
13.35 0.00101146 0.000562285 -0.000196233 5.71668
13.375 0.000973626 0.000541734 -0.000189183 5.706
13.4 0.000937111 0.000521815 -0.000182341 5.69535
13.425 0.000901869 0.000502506 -0.0001757 5.68475
13.45 0.000867853 0.000483789 -0.000169255 5.67418
13.475 0.000835018 0.000465644 -0.000163 5.66365
13.5 0.000803322 0.000448056 -0.00015693 5.65317
13.525 0.000772723 0.000431007 -0.000151039 5.64272
13.55 0.000743184 0.000414485 -0.000145323 5.63231
13.575 0.000714669 0.000398473 -0.000139777 5.62193
13.6 0.000687144 0.000382962 -0.000134398 5.6116
13.625 0.000660575 0.000367937 -0.000129183 5.6013
13.65 0.000634931 0.000353388 -0.000124127 5.59104
13.675 0.000610184 0.000339307 -0.000119228 5.58082
13.7 0.000586304 0.00032568 -0.000114482 5.57064
13.725 0.000563266 0.000312499 -0.000109886 5.56049
13.75 0.000541043 0.000299755 -0.000105439 5.55038
13.775 0.00051961 0.00028744 -0.000101137 5.54031
13.8 0.000498945 0.000275543 -9.69772e-05 5.53027
13.825 0.000479025 0.000264059 -9.29583e-05 5.52027
13.85 0.000459826 0.000252981 -8.90772e-05 5.51031
13.875 0.00044133 0.000242299 -8.53314e-05 5.50038
13.9 0.000423514 0.000232005 -8.17184e-05 5.49048
13.925 0.000406359 0.000222093 -7.82357e-05 5.48063
13.95 0.000389846 0.000212553 -7.4881e-05 5.47081
13.975 0.000373957 0.000203379 -7.16517e-05 5.46102
14 0.000358672 0.000194561 -6.85452e-05 5.45127
14.025 0.000343973 0.000186094 -6.55589e-05 5.44155
14.05 0.000329845 0.000177967 -6.26901e-05 5.43187
14.075 0.000316269 0.000170174 -5.99363e-05 5.42222
14.1 0.000303229 0.000162705 -5.72945e-05 5.41261
14.125 0.000290709 0.000155552 -5.47621e-05 5.40303
14.15 0.000278691 0.000148707 -5.23361e-05 5.39348
14.175 0.00026716 0.000142162 -5.00137e-05 5.38397
14.2 0.000256101 0.000135906 -4.77919e-05 5.37449
14.225 0.000245497 0.000129932 -4.56678e-05 5.36504
14.25 0.000235335 0.00012423 -4.36384e-05 5.35563
14.275 0.000225598 0.000118792 -4.17005e-05 5.34625
14.3 0.000216273 0.000113607 -3.9851e-05 5.3369
14.325 0.000207345 0.000108668 -3.80871e-05 5.32759
14.35 0.000198799 0.000103965 -3.64058e-05 5.31831
14.375 0.000190622 9.9489e-05 -3.48038e-05 5.30906
14.4 0.000182801 9.52303e-05 -3.32783e-05 5.29984
14.425 0.000175321 9.1181e-05 -3.18263e-05 5.29066
14.45 0.000168171 8.7332e-05 -3.04447e-05 5.2815
14.475 0.000161336 8.36744e-05 -2.91308e-05 5.27238
14.5 0.000154805 8.01999e-05 -2.78816e-05 5.26329
14.525 0.000148566 7.68999e-05 -2.66944e-05 5.25423
14.55 0.000142606 7.37665e-05 -2.55665e-05 5.24521
14.575 0.000136915 7.07917e-05 -2.44952e-05 5.23621
14.6 0.000131481 6.79678e-05 -2.34779e-05 5.22724
14.625 0.000126294 6.52874e-05 -2.25123e-05 5.21831
14.65 0.000121342 6.27433e-05 -2.15959e-05 5.2094
14.675 0.000116616 6.03287e-05 -2.07263e-05 5.20053
14.7 0.000112107 5.80371e-05 -1.99015e-05 5.19168
14.725 0.000107804 5.5862e-05 -1.91193e-05 5.18287
14.75 0.0001037 5.37976e-05 -1.83777e-05 5.17408
14.775 9.97845e-05 5.18382e-05 -1.76747e-05 5.16533
14.8 9.60501e-05 4.99784e-05 -1.70085e-05 5.1566
14.825 9.24887e-05 4.82132e-05 -1.63775e-05 5.14791
14.85 8.90928e-05 4.65378e-05 -1.578e-05 5.13924
14.875 8.58549e-05 4.49477e-05 -1.52143e-05 5.1306
14.9 8.27683e-05 4.34387e-05 -1.46791e-05 5.122
14.925 7.98261e-05 4.20068e-05 -1.41729e-05 5.11342
14.95 7.70221e-05 4.06485e-05 -1.36944e-05 5.10487
14.975 7.43502e-05 3.93601e-05 -1.32424e-05 5.09634
15 7.18046e-05 3.81385e-05 -1.28156e-05 5.08785
15.025 6.93796e-05 3.69806e-05 -1.2413e-05 5.07938
15.05 6.70701e-05 3.58835e-05 -1.20334e-05 5.07095
15.075 6.48709e-05 3.48447e-05 -1.16757e-05 5.06254
15.1 6.27772e-05 3.38615e-05 -1.1339e-05 5.05415
15.125 6.07842e-05 3.29316e-05 -1.10224e-05 5.0458
15.15 5.88876e-05 3.20529e-05 -1.07249e-05 5.03747
15.175 5.70829e-05 3.12222e-05 -1.04456e-05 5.02918
15.2 5.53659e-05 3.04386e-05 -1.01836e-05 5.0209
15.225 5.37328e-05 2.96994e-05 -9.93811e-06 5.01266
15.25 5.21795e-05 2.90028e-05 -9.70816e-06 5.00444
15.275 5.07022e-05 2.83467e-05 -9.49295e-06 4.99625
15.3 4.92973e-05 2.77292e-05 -9.29165e-06 4.98809
15.325 4.79613e-05 2.71482e-05 -9.10342e-06 4.97995
15.35 4.66905e-05 2.66019e-05 -8.92743e-06 4.97184
15.375 4.54817e-05 2.60883e-05 -8.76285e-06 4.96376
15.4 4.43314e-05 2.56054e-05 -8.60884e-06 4.9557
15.425 4.32365e-05 2.51511e-05 -8.46459e-06 4.94767
15.45 4.21937e-05 2.47235e-05 -8.32925e-06 4.93966
15.475 4.11999e-05 2.43206e-05 -8.202e-06 4.93168
15.5 4.0252e-05 2.39402e-05 -8.08202e-06 4.92373
15.525 3.93471e-05 2.35804e-05 -7.96849e-06 4.9158
15.55 3.84823e-05 2.32389e-05 -7.86059e-06 4.90789
15.575 3.76546e-05 2.29139e-05 -7.75752e-06 4.90002
15.6 3.68614e-05 2.2603e-05 -7.6585e-06 4.89216
15.625 3.61e-05 2.23044e-05 -7.56276e-06 4.88434
15.65 3.53677e-05 2.20159e-05 -7.46953e-06 4.87653
15.675 3.46621e-05 2.17356e-05 -7.3781e-06 4.86876
15.7 3.39808e-05 2.14614e-05 -7.28776e-06 4.861
15.725 3.33213e-05 2.11914e-05 -7.19784e-06 4.85327
15.75 3.26816e-05 2.09238e-05 -7.10772e-06 4.84557
15.775 3.20595e-05 2.06569e-05 -7.01679e-06 4.83789
15.8 3.14531e-05 2.03888e-05 -6.92451e-06 4.83024
15.825 3.08606e-05 2.01182e-05 -6.83047e-06 4.82261
15.85 3.02804e-05 1.98435e-05 -6.73396e-06 4.815
15.875 2.97107e-05 1.95634e-05 -6.63483e-06 4.80742
15.9 2.91506e-05 1.92767e-05 -6.53267e-06 4.79986
15.925 2.85986e-05 1.89825e-05 -6.42719e-06 4.79232
15.95 2.80537e-05 1.86799e-05 -6.31819e-06 4.78481
15.975 2.75151e-05 1.83681e-05 -6.20548e-06 4.77732
16 2.69821e-05 1.80467e-05 -6.08902e-06 4.76986
16.025 2.64542e-05 1.77154e-05 -5.96878e-06 4.76242
16.05 2.59309e-05 1.7374e-05 -5.84483e-06 4.755
16.075 2.54123e-05 1.70226e-05 -5.71721e-06 4.7476
16.1 2.48982e-05 1.66615e-05 -5.58615e-06 4.74023
16.125 2.43889e-05 1.62912e-05 -5.4519e-06 4.73288
16.15 2.38848e-05 1.59121e-05 -5.31476e-06 4.72556
16.175 2.33865e-05 1.55253e-05 -5.17512e-06 4.71825
16.2 2.28945e-05 1.51317e-05 -5.0334e-06 4.71097
16.225 2.24098e-05 1.47325e-05 -4.8901e-06 4.70371
16.25 2.19334e-05 1.43292e-05 -4.74576e-06 4.69648
16.275 2.14665e-05 1.39233e-05 -4.60099e-06 4.68926
16.3 2.10103e-05 1.35164e-05 -4.45641e-06 4.68207
16.325 2.05662e-05 1.31105e-05 -4.31272e-06 4.6749
16.35 2.01358e-05 1.27076e-05 -4.17063e-06 4.66775
16.375 1.97206e-05 1.23096e-05 -4.0309e-06 4.66063
16.4 1.93224e-05 1.19189e-05 -3.89429e-06 4.65352
16.425 1.8943e-05 1.15376e-05 -3.76161e-06 4.64644
16.45 1.85841e-05 1.11683e-05 -3.63367e-06 4.63938
16.475 1.82476e-05 1.08131e-05 -3.51129e-06 4.63234
16.5 1.79354e-05 1.04748e-05 -3.39529e-06 4.62532
16.525 1.76495e-05 1.01555e-05 -3.28649e-06 4.61832
16.55 1.73917e-05 9.85796e-06 -3.1857e-06 4.61134
16.575 1.71639e-05 9.58446e-06 -3.09372e-06 4.60439
16.6 1.6968e-05 9.33744e-06 -3.01133e-06 4.59745
16.625 1.68057e-05 9.11927e-06 -2.93927e-06 4.59054
16.65 1.66788e-05 8.93222e-06 -2.87827e-06 4.58365
16.675 1.65889e-05 8.77847e-06 -2.829e-06 4.57678
16.7 1.65376e-05 8.66014e-06 -2.79211e-06 4.56992
16.725 1.65264e-05 8.57916e-06 -2.76818e-06 4.56309
16.75 1.65567e-05 8.53737e-06 -2.75776e-06 4.55628
16.775 1.66294e-05 8.53648e-06 -2.76135e-06 4.54949
16.8 1.67459e-05 8.57799e-06 -2.77937e-06 4.54272
16.825 1.69071e-05 8.66327e-06 -2.8122e-06 4.53597
16.85 1.71136e-05 8.79348e-06 -2.86014e-06 4.52924
16.875 1.73662e-05 8.9696e-06 -2.92344e-06 4.52253
16.9 1.76651e-05 9.19241e-06 -3.00227e-06 4.51584
16.925 1.80107e-05 9.46248e-06 -3.09673e-06 4.50917
16.95 1.84031e-05 9.78017e-06 -3.20685e-06 4.50252
16.975 1.88421e-05 1.01456e-05 -3.33261e-06 4.49589
17 1.93275e-05 1.05588e-05 -3.47387e-06 4.48928
17.025 1.98586e-05 1.10193e-05 -3.6305e-06 4.48269
17.05 2.04349e-05 1.15267e-05 -3.80221e-06 4.47611
17.075 2.10555e-05 1.20803e-05 -3.98871e-06 4.46956
17.1 2.17193e-05 1.26791e-05 -4.1896e-06 4.46303
17.125 2.24251e-05 1.3322e-05 -4.40443e-06 4.45651
17.15 2.31714e-05 1.40076e-05 -4.6327e-06 4.45001
17.175 2.39567e-05 1.47344e-05 -4.87382e-06 4.44354
17.2 2.47792e-05 1.55006e-05 -5.12719e-06 4.43708
17.225 2.5637e-05 1.63044e-05 -5.39209e-06 4.43064
17.25 2.65281e-05 1.71435e-05 -5.66782e-06 4.42422
17.275 2.74502e-05 1.80159e-05 -5.95358e-06 4.41781
17.3 2.8401e-05 1.8919e-05 -6.24856e-06 4.41143
17.325 2.93781e-05 1.98505e-05 -6.55189e-06 4.40506
17.35 3.03788e-05 2.08075e-05 -6.86268e-06 4.39872
17.375 3.14006e-05 2.17874e-05 -7.18e-06 4.39239
17.4 3.24406e-05 2.27872e-05 -7.5029e-06 4.38608
17.425 3.34961e-05 2.38041e-05 -7.83042e-06 4.37978
17.45 3.45641e-05 2.48351e-05 -8.16156e-06 4.37351
17.475 3.56418e-05 2.5877e-05 -8.49534e-06 4.36725
17.5 3.67261e-05 2.69268e-05 -8.83074e-06 4.36101
17.525 3.7814e-05 2.79813e-05 -9.16675e-06 4.35479
17.55 3.89026e-05 2.90375e-05 -9.50238e-06 4.34859
17.575 3.99888e-05 3.00921e-05 -9.83662e-06 4.3424
17.6 4.10696e-05 3.11421e-05 -1.01685e-05 4.33624
17.625 4.2142e-05 3.21844e-05 -1.0497e-05 4.33008
17.65 4.32031e-05 3.32159e-05 -1.08212e-05 4.32395
17.675 4.425e-05 3.42336e-05 -1.11402e-05 4.31784
17.7 4.52799e-05 3.52347e-05 -1.1453e-05 4.31174
17.725 4.629e-05 3.62162e-05 -1.17589e-05 4.30566
17.75 4.72776e-05 3.71756e-05 -1.20568e-05 4.29959
17.775 4.82401e-05 3.811e-05 -1.23461e-05 4.29354
17.8 4.91749e-05 3.90169e-05 -1.2626e-05 4.28751
17.825 5.00798e-05 3.98941e-05 -1.28957e-05 4.2815
17.85 5.09524e-05 4.0739e-05 -1.31545e-05 4.2755
17.875 5.17906e-05 4.15497e-05 -1.34018e-05 4.26952
17.9 5.25922e-05 4.2324e-05 -1.36371e-05 4.26356
17.925 5.33555e-05 4.30602e-05 -1.38599e-05 4.25761
17.95 5.40785e-05 4.37563e-05 -1.40691e-05 4.25168
17.975 5.47598e-05 4.44109e-05 -1.4265e-05 4.24577
18 5.53977e-05 4.50226e-05 -1.44468e-05 4.23987
18.025 5.59909e-05 4.559e-05 -1.46143e-05 4.23399
18.05 5.65382e-05 4.61127e-05 -1.47672e-05 4.22813
18.075 5.70387e-05 4.65885e-05 -1.49051e-05 4.22228
18.1 5.74912e-05 4.70168e-05 -1.50279e-05 4.21645
18.125 5.78951e-05 4.73979e-05 -1.51355e-05 4.21063
18.15 5.82498e-05 4.77308e-05 -1.52277e-05 4.20483
18.175 5.85554e-05 4.80153e-05 -1.53045e-05 4.19905
18.2 5.88105e-05 4.82512e-05 -1.53659e-05 4.19328
18.225 5.90155e-05 4.84384e-05 -1.5412e-05 4.18753
18.25 5.91703e-05 4.8577e-05 -1.54427e-05 4.18179
18.275 5.92749e-05 4.86674e-05 -1.54583e-05 4.17607
18.3 5.93297e-05 4.87098e-05 -1.54588e-05 4.17037
18.325 5.9335e-05 4.87049e-05 -1.54446e-05 4.16468
18.35 5.92913e-05 4.86533e-05 -1.54157e-05 4.15901
18.375 5.91991e-05 4.85558e-05 -1.53726e-05 4.15335
18.4 5.90593e-05 4.84132e-05 -1.53156e-05 4.1477
18.425 5.88726e-05 4.82265e-05 -1.52449e-05 4.14208
18.45 5.86398e-05 4.79968e-05 -1.51609e-05 4.13646
18.475 5.83622e-05 4.77253e-05 -1.5064e-05 4.13087
18.5 5.80407e-05 4.74132e-05 -1.49547e-05 4.12528
18.525 5.76765e-05 4.70616e-05 -1.48333e-05 4.11972
18.55 5.7271e-05 4.66724e-05 -1.47005e-05 4.11416
18.575 5.68254e-05 4.62468e-05 -1.45565e-05 4.10863
18.6 5.63412e-05 4.57864e-05 -1.4402e-05 4.1031
18.625 5.58197e-05 4.52926e-05 -1.42374e-05 4.0976
18.65 5.52625e-05 4.47672e-05 -1.40632e-05 4.0921
18.675 5.46712e-05 4.42117e-05 -1.388e-05 4.08663
18.7 5.40473e-05 4.36278e-05 -1.36883e-05 4.08116
18.725 5.33924e-05 4.30172e-05 -1.34886e-05 4.07571
18.75 5.27082e-05 4.23815e-05 -1.32815e-05 4.07028
18.775 5.19964e-05 4.17226e-05 -1.30675e-05 4.06486
18.8 5.12585e-05 4.1042e-05 -1.28471e-05 4.05945
18.825 5.04963e-05 4.03416e-05 -1.26209e-05 4.05406
18.85 4.97115e-05 3.96229e-05 -1.23894e-05 4.04869
18.875 4.89057e-05 3.88877e-05 -1.21531e-05 4.04332
18.9 4.80805e-05 3.81375e-05 -1.19125e-05 4.03798
18.925 4.72377e-05 3.73741e-05 -1.16682e-05 4.03264
18.95 4.63788e-05 3.65991e-05 -1.14207e-05 4.02732
18.975 4.55055e-05 3.58139e-05 -1.11703e-05 4.02202
19 4.46193e-05 3.50202e-05 -1.09176e-05 4.01672
19.025 4.37218e-05 3.42193e-05 -1.06631e-05 4.01145
19.05 4.28145e-05 3.34128e-05 -1.04071e-05 4.00618
19.075 4.18988e-05 3.2602e-05 -1.01502e-05 4.00093
19.1 4.09762e-05 3.17883e-05 -9.89263e-06 3.99569
19.125 4.00481e-05 3.09729e-05 -9.63485e-06 3.99047
19.15 3.91159e-05 3.01571e-05 -9.37739e-06 3.98526
19.175 3.81807e-05 2.93419e-05 -9.12034e-06 3.98006
19.2 3.72439e-05 2.85286e-05 -8.86411e-06 3.97488
19.225 3.63066e-05 2.77182e-05 -8.60909e-06 3.96971
19.25 3.537e-05 2.69115e-05 -8.35554e-06 3.96456
19.275 3.44351e-05 2.61099e-05 -8.10372e-06 3.95942
19.3 3.3503e-05 2.53137e-05 -7.85389e-06 3.95429
19.325 3.25746e-05 2.45237e-05 -7.60627e-06 3.94917
19.35 3.16508e-05 2.37407e-05 -7.36108e-06 3.94407
19.375 3.07325e-05 2.29655e-05 -7.11849e-06 3.93898
19.4 2.98204e-05 2.21986e-05 -6.87868e-06 3.9339
19.425 2.89152e-05 2.14403e-05 -6.64178e-06 3.92884
19.45 2.80176e-05 2.06912e-05 -6.4079e-06 3.92379
19.475 2.71282e-05 1.99515e-05 -6.17715e-06 3.91875
19.5 2.62475e-05 1.92215e-05 -5.9496e-06 3.91373
19.525 2.5376e-05 1.85013e-05 -5.72531e-06 3.90872
19.55 2.45142e-05 1.77911e-05 -5.50427e-06 3.90372
19.575 2.36622e-05 1.70909e-05 -5.2865e-06 3.89874
19.6 2.28205e-05 1.64006e-05 -5.07197e-06 3.89376
19.625 2.19893e-05 1.572e-05 -4.86063e-06 3.8888
19.65 2.11687e-05 1.50489e-05 -4.6524e-06 3.88385
19.675 2.03588e-05 1.4387e-05 -4.44719e-06 3.87892
19.7 1.95597e-05 1.37338e-05 -4.24485e-06 3.874
19.725 1.87714e-05 1.30887e-05 -4.04524e-06 3.86909
19.75 1.79939e-05 1.24512e-05 -3.84815e-06 3.86419
19.775 1.72269e-05 1.18204e-05 -3.65337e-06 3.8593
19.8 1.64703e-05 1.11955e-05 -3.46065e-06 3.85443
19.825 1.5724e-05 1.05756e-05 -3.2697e-06 3.84957
19.85 1.49875e-05 9.95955e-06 -3.08018e-06 3.84472
19.875 1.42605e-05 9.34604e-06 -2.89175e-06 3.83989
19.9 1.35428e-05 8.73371e-06 -2.70399e-06 3.83506
19.925 1.28337e-05 8.12104e-06 -2.51646e-06 3.83025
19.95 1.21327e-05 7.50619e-06 -2.32865e-06 3.82545
19.975 1.14396e-05 6.88775e-06 -2.14014e-06 3.82066
20 1.0753e-05 6.26225e-06 -1.94994e-06 3.81589
