0 372.847 301.436 -16.6235 19.4001
0.025 372.847 301.436 -16.6235 19.4001
0.05 372.675 301.1 -16.5909 19.3997
0.075 372.672 301.085 -16.5697 19.3992
0.1 372.673 301.074 -16.5407 19.3984
0.125 372.685 301.081 -16.5047 19.3975
0.15 372.703 301.094 -16.4613 19.3964
0.175 372.726 301.114 -16.4105 19.3951
0.2 372.751 301.14 -16.3523 19.3935
0.225 372.783 301.169 -16.287 19.3918
0.25 372.821 301.204 -16.2146 19.3898
0.275 372.862 301.242 -16.1353 19.3877
0.3 372.907 301.284 -16.0493 19.3853
0.325 372.957 301.33 -15.9568 19.3828
0.35 373.01 301.377 -15.8582 19.38
0.375 373.068 301.431 -15.7534 19.377
0.4 373.129 301.489 -15.6431 19.3738
0.425 373.194 301.55 -15.5274 19.3704
0.45 373.263 301.615 -15.4065 19.3667
0.475 373.337 301.683 -15.2809 19.3629
0.5 373.414 301.754 -15.1508 19.3588
0.525 373.494 301.829 -15.0165 19.3545
0.55 373.578 301.907 -14.8783 19.35
0.575 373.665 301.988 -14.7368 19.3453
0.6 373.756 302.072 -14.5921 19.3403
0.625 373.85 302.159 -14.4446 19.3352
0.65 373.948 302.25 -14.2946 19.3297
0.675 374.049 302.343 -14.1428 19.3241
0.7 374.153 302.439 -13.9893 19.3183
0.725 374.26 302.537 -13.8345 19.3122
0.75 374.37 302.638 -13.6789 19.3058
0.775 374.482 302.742 -13.5227 19.2993
0.8 374.598 302.848 -13.3664 19.2925
0.825 374.716 302.952 -13.2102 19.2855
0.85 374.836 303.064 -13.0547 19.2782
0.875 374.959 303.176 -12.9001 19.2707
0.9 375.084 303.289 -12.7468 19.2629
0.925 375.211 303.405 -12.5951 19.2549
0.95 375.339 303.521 -12.4454 19.2467
0.975 375.468 303.639 -12.298 19.2382
1 375.599 303.758 -12.1532 19.2295
1.025 375.732 303.878 -12.0113 19.2205
1.05 375.865 303.999 -11.8727 19.2113
1.075 375.998 304.12 -11.7375 19.2018
1.1 376.132 304.241 -11.6061 19.192
1.125 376.266 304.362 -11.4788 19.1821
1.15 376.4 304.483 -11.3557 19.1718
1.175 376.533 304.604 -11.237 19.1613
1.2 376.666 304.723 -11.1231 19.1505
1.225 376.798 304.842 -11.014 19.1395
1.25 376.928 304.96 -10.91 19.1282
1.275 377.057 305.076 -10.8112 19.1167
1.3 377.184 305.19 -10.7178 19.1049
1.325 377.309 305.302 -10.6298 19.0928
1.35 377.431 305.412 -10.5474 19.0805
1.375 377.551 305.52 -10.4706 19.0679
1.4 377.668 305.624 -10.3996 19.0551
1.425 377.782 305.726 -10.3343 19.042
1.45 377.892 305.824 -10.2748 19.0286
1.475 377.998 305.919 -10.2212 19.0149
1.5 378.1 306.009 -10.1733 19.001
1.525 378.198 306.098 -10.1312 18.9869
1.55 378.291 306.181 -10.0948 18.9724
1.575 378.379 306.26 -10.064 18.9577
1.6 378.462 306.333 -10.0389 18.9428
1.625 378.539 306.402 -10.0191 18.9275
1.65 378.612 306.464 -10.0049 18.912
1.675 378.678 306.522 -9.99574 18.8963
1.7 378.739 306.574 -9.99163 18.8802
1.725 378.793 306.62 -9.99247 18.864
1.75 378.842 306.661 -9.9981 18.8474
1.775 378.884 306.696 -10.0083 18.8306
1.8 378.92 306.723 -10.0228 18.8135
1.825 378.95 306.746 -10.0415 18.7962
1.85 378.974 306.763 -10.064 18.7786
1.875 378.991 306.775 -10.0903 18.7608
1.9 379.002 306.78 -10.1199 18.7426
1.925 379.006 306.779 -10.1527 18.7243
1.95 379.005 306.773 -10.1885 18.7057
1.975 378.997 306.76 -10.2268 18.6868
2 378.984 306.742 -10.2675 18.6677
2.025 378.966 306.719 -10.3102 18.6483
2.05 378.941 306.69 -10.3548 18.6286
2.075 378.911 306.656 -10.4008 18.6088
2.1 378.877 306.618 -10.448 18.5886
2.125 378.838 306.574 -10.496 18.5682
2.15 378.794 306.527 -10.5447 18.5476
2.175 378.747 306.475 -10.5937 18.5267
2.2 378.696 306.42 -10.6427 18.5056
2.225 378.641 306.362 -10.6913 18.4843
2.25 378.584 306.3 -10.7394 18.4627
2.275 378.525 306.237 -10.7867 18.4408
2.3 378.464 306.171 -10.8328 18.4187
2.325 378.401 306.104 -10.8774 18.3964
2.35 378.338 306.035 -10.9204 18.3738
2.375 378.274 305.966 -10.9615 18.351
2.4 378.211 305.897 -11.0003 18.328
2.425 378.148 305.828 -11.0368 18.3047
2.45 378.087 305.76 -11.0705 18.2812
2.475 378.028 305.694 -11.1014 18.2575
2.5 377.971 305.63 -11.1292 18.2335
2.525 377.917 305.568 -11.1537 18.2094
2.55 377.867 305.509 -11.1748 18.1849
2.575 377.821 305.454 -11.1922 18.1603
2.6 377.779 305.402 -11.2059 18.1354
2.625 377.743 305.356 -11.2156 18.1103
2.65 377.712 305.314 -11.2212 18.0849
2.675 377.688 305.278 -11.2227 18.0593
2.7 377.67 305.247 -11.22 18.0335
2.725 377.658 305.223 -11.2129 18.0075
2.75 377.655 305.206 -11.2014 17.9813
2.775 377.659 305.196 -11.1855 17.9548
2.8 377.671 305.193 -11.1651 17.9281
2.825 377.691 305.198 -11.1402 17.9011
2.85 377.72 305.211 -11.1108 17.874
2.875 377.758 305.232 -11.077 17.8466
2.9 377.805 305.262 -11.0387 17.8189
2.925 377.86 305.3 -10.996 17.7911
2.95 377.925 305.347 -10.949 17.763
2.975 377.998 305.402 -10.8978 17.7347
3 378.08 305.467 -10.8423 17.7061
3.025 378.171 305.539 -10.7829 17.6773
3.05 378.27 305.62 -10.7195 17.6483
3.075 378.378 305.708 -10.6522 17.619
3.1 378.489 305.804 -10.5813 17.5895
3.125 378.615 305.908 -10.5069 17.5598
3.15 378.744 306.019 -10.4292 17.5298
3.175 378.879 306.136 -10.3484 17.4996
3.2 379.019 306.259 -10.2645 17.4692
3.225 379.164 306.388 -10.1778 17.4385
3.25 379.313 306.521 -10.0885 17.4075
3.275 379.465 306.659 -9.99686 17.3763
3.3 379.619 306.799 -9.90302 17.3449
3.325 379.774 306.943 -9.80708 17.3132
3.35 379.929 307.087 -9.70955 17.2812
3.375 380.082 307.232 -9.61052 17.249
3.4 380.232 307.377 -9.51021 17.2166
3.425 380.379 307.52 -9.40886 17.1838
3.45 380.52 307.659 -9.3067 17.1508
3.475 380.654 307.794 -9.20397 17.1176
3.5 380.78 307.925 -9.10089 17.0841
3.525 380.895 308.049 -8.9977 17.0503
3.55 380.999 308.164 -8.89463 17.0163
3.575 381.089 308.27 -8.7919 16.982
3.6 381.164 308.365 -8.68981 16.9474
3.625 381.222 308.448 -8.58851 16.9125
3.65 381.26 308.516 -8.48814 16.8774
3.675 381.278 308.569 -8.38898 16.8419
3.7 381.273 308.604 -8.29125 16.8063
3.725 381.243 308.619 -8.19512 16.7703
3.75 381.186 308.614 -8.1008 16.734
3.775 381.1 308.587 -8.00847 16.6975
3.8 380.984 308.535 -7.91817 16.6607
3.825 380.834 308.457 -7.83033 16.6236
3.85 380.649 308.351 -7.74497 16.5862
3.875 380.426 308.215 -7.66225 16.5485
3.9 380.164 308.047 -7.58231 16.5105
3.925 379.861 307.847 -7.50528 16.4722
3.95 379.514 307.611 -7.43127 16.4337
3.975 379.121 307.338 -7.36041 16.3949
4 378.681 307.026 -7.29279 16.3557
4.025 378.19 306.674 -7.22849 16.3163
4.05 377.648 306.279 -7.16762 16.2766
4.075 377.052 305.84 -7.11022 16.2366
4.1 376.401 305.355 -7.05637 16.1963
4.125 375.692 304.823 -7.00612 16.1557
4.15 374.923 304.241 -6.9595 16.1149
4.175 374.093 303.609 -6.91655 16.0737
4.2 373.2 302.924 -6.87728 16.0323
4.225 372.243 302.185 -6.8417 15.9906
4.25 371.219 301.391 -6.80982 15.9486
4.275 370.128 300.54 -6.78163 15.9063
4.3 368.97 299.63 -6.7571 15.8638
4.325 367.739 298.661 -6.7362 15.8209
4.35 366.436 297.631 -6.71889 15.7778
4.375 365.059 296.539 -6.70514 15.7344
4.4 363.609 295.384 -6.69488 15.6908
4.425 362.084 294.165 -6.68804 15.6469
4.45 360.483 292.88 -6.68455 15.6027
4.475 358.805 291.529 -6.68433 15.5583
4.5 357.05 290.112 -6.68729 15.5136
4.525 355.217 288.627 -6.69333 15.4687
4.55 353.305 287.074 -6.70234 15.4235
4.575 351.315 285.452 -6.71421 15.3781
4.6 349.246 283.762 -6.72881 15.3325
4.625 347.097 282.001 -6.74603 15.2866
4.65 344.87 280.172 -6.76572 15.2405
4.675 342.563 278.272 -6.78774 15.1941
4.7 340.178 276.303 -6.81195 15.1476
4.725 337.715 274.265 -6.8382 15.1009
4.75 335.172 272.157 -6.86633 15.0539
4.775 332.554 269.98 -6.89616 15.0068
4.8 329.859 267.735 -6.92755 14.9594
4.825 327.089 265.421 -6.96031 14.9119
4.85 324.244 263.041 -6.99427 14.8642
4.875 321.326 260.594 -7.02925 14.8163
4.9 318.336 258.081 -7.06507 14.7683
4.925 315.275 255.504 -7.10153 14.7201
4.95 312.145 252.864 -7.13847 14.6718
4.975 308.946 250.161 -7.17567 14.6233
5 305.682 247.398 -7.21297 14.5747
5.025 302.354 244.576 -7.25015 14.5259
5.05 298.963 241.696 -7.28704 14.4771
5.075 295.512 238.761 -7.32343 14.4281
5.1 292.002 235.771 -7.35914 14.379
5.125 288.437 232.729 -7.39398 14.3298
5.15 284.818 229.637 -7.42775 14.2806
5.175 281.147 226.497 -7.46028 14.2313
5.2 277.427 223.311 -7.49137 14.1819
5.225 273.661 220.082 -7.52085 14.1324
5.25 269.852 216.811 -7.54854 14.0829
5.275 266.001 213.502 -7.57427 14.0333
5.3 262.111 210.157 -7.59787 13.9837
5.325 258.186 206.779 -7.61917 13.9341
5.35 254.228 203.369 -7.63804 13.8844
5.375 250.24 199.932 -7.6543 13.8348
5.4 246.225 196.469 -7.66783 13.7851
5.425 242.186 192.983 -7.67849 13.7355
5.45 238.125 189.478 -7.68615 13.6858
5.475 234.047 185.957 -7.69069 13.6362
5.5 229.953 182.421 -7.69201 13.5866
5.525 225.846 178.875 -7.69 13.5371
5.55 221.731 175.32 -7.68458 13.4876
5.575 217.609 171.761 -7.67567 13.4381
5.6 213.484 168.199 -7.6632 13.3887
5.625 209.359 164.638 -7.6471 13.3394
5.65 205.236 161.081 -7.62733 13.2902
5.675 201.119 157.531 -7.60384 13.241
5.7 197.01 153.989 -7.57662 13.1919
5.725 192.912 150.461 -7.54566 13.143
5.75 188.828 146.947 -7.51071 13.0941
5.775 184.761 143.451 -7.47245 13.0454
5.8 180.713 139.975 -7.43025 12.9967
5.825 176.688 136.522 -7.38432 12.9482
5.85 172.687 133.095 -7.33472 12.8999
5.875 168.713 129.696 -7.28149 12.8516
5.9 164.769 126.327 -7.22469 12.8036
5.925 160.857 122.991 -7.16439 12.7556
5.95 156.979 119.69 -7.10067 12.7078
5.975 153.137 116.425 -7.03361 12.6602
6 149.333 113.2 -6.96329 12.6128
6.025 145.57 110.015 -6.88983 12.5655
6.05 141.85 106.873 -6.81334 12.5184
6.075 138.174 103.776 -6.73392 12.4715
6.1 134.543 100.724 -6.65169 12.4248
6.125 130.96 97.7202 -6.5668 12.3783
6.15 127.427 94.7649 -6.47938 12.3319
6.175 123.944 91.8598 -6.38954 12.2858
6.2 120.512 89.006 -6.29743 12.2399
6.225 117.135 86.2045 -6.2032 12.1942
6.25 113.811 83.4563 -6.10701 12.1486
6.275 110.543 80.7622 -6.00899 12.1034
6.3 107.331 78.123 -5.9093 12.0583
6.325 104.176 75.5393 -5.8081 12.0134
6.35 101.079 73.0116 -5.70553 11.9688
6.375 98.0407 70.5404 -5.60175 11.9244
6.4 95.0616 68.1259 -5.49692 11.8802
6.425 92.1421 65.7684 -5.39118 11.8362
6.45 89.2827 63.468 -5.28469 11.7925
6.475 86.4835 61.2247 -5.17759 11.749
6.5 83.7448 59.0385 -5.07003 11.7058
6.525 81.0668 56.9093 -4.96215 11.6628
6.55 78.4495 54.8368 -4.8541 11.62
6.575 75.8928 52.8207 -4.74602 11.5775
6.6 73.3966 50.8607 -4.63803 11.5352
6.625 70.9607 48.9564 -4.53026 11.4931
6.65 68.5849 47.107 -4.42285 11.4513
6.675 66.2688 45.3123 -4.3159 11.4098
6.7 64.012 43.5718 -4.20954 11.3684
6.725 61.8142 41.8842 -4.10388 11.3274
6.75 59.6747 40.2491 -3.99902 11.2865
6.775 57.5931 38.6657 -3.89507 11.2459
6.8 55.5686 37.1332 -3.79211 11.2056
6.825 53.6006 35.6507 -3.69024 11.1655
6.85 51.6885 34.2174 -3.58954 11.1256
6.875 49.8314 32.8322 -3.4901 11.086
6.9 48.0285 31.4942 -3.39197 11.0466
6.925 46.2791 30.2025 -3.29524 11.0075
6.95 44.5822 28.956 -3.19997 10.9686
6.975 42.937 27.7537 -3.1062 10.93
7 41.3426 26.5946 -3.014 10.8916
7.025 39.7979 25.4776 -2.92341 10.8534
7.05 38.3021 24.4017 -2.83448 10.8155
7.075 36.8542 23.3657 -2.74723 10.7778
7.1 35.4531 22.3687 -2.6617 10.7403
7.125 34.0979 21.4095 -2.57792 10.7031
7.15 32.7876 20.4872 -2.49592 10.6661
7.175 31.521 19.6005 -2.4157 10.6294
7.2 30.2972 18.7486 -2.33728 10.5929
7.225 29.1152 17.9302 -2.26069 10.5566
7.25 27.9739 17.1444 -2.18591 10.5205
7.275 26.8722 16.3901 -2.11295 10.4847
7.3 25.8092 15.6663 -2.04182 10.4491
7.325 24.7838 14.9721 -1.97251 10.4138
7.35 23.795 14.3064 -1.905 10.3786
7.375 22.8417 13.6682 -1.8393 10.3437
7.4 21.923 13.0566 -1.77539 10.309
7.425 21.0379 12.4707 -1.71325 10.2745
7.45 20.1853 11.9095 -1.65287 10.2402
7.475 19.3643 11.3722 -1.59423 10.2062
7.5 18.574 10.8578 -1.5373 10.1724
7.525 17.8134 10.3655 -1.48206 10.1388
7.55 17.0815 9.89447 -1.42848 10.1054
7.575 16.3775 9.44396 -1.37655 10.0722
7.6 15.7004 9.01311 -1.32623 10.0392
7.625 15.0494 8.60116 -1.27749 10.0064
7.65 14.4236 8.20737 -1.23029 9.97386
7.675 13.8222 7.831 -1.18463 9.9415
7.7 13.2444 7.47136 -1.14045 9.90934
7.725 12.6892 7.12777 -1.09773 9.87738
7.75 12.1561 6.79956 -1.05643 9.84563
7.775 11.6441 6.48609 -1.01653 9.81407
7.8 11.1525 6.18676 -0.977975 9.78271
7.825 10.6807 5.90096 -0.940746 9.75154
7.85 10.2278 5.62813 -0.904804 9.72057
7.875 9.79326 5.3677 -0.870116 9.68979
7.9 9.37635 5.11915 -0.836648 9.6592
7.925 8.97642 4.88196 -0.804367 9.6288
7.95 8.59284 4.65563 -0.773236 9.59858
7.975 8.225 4.4397 -0.743224 9.56856
8 7.87231 4.23369 -0.714297 9.53871
8.025 7.53419 4.03718 -0.686423 9.50905
8.05 7.21006 3.84975 -0.65957 9.47957
8.075 6.89943 3.67097 -0.633705 9.45027
8.1 6.60174 3.50048 -0.608797 9.42115
8.125 6.3165 3.33789 -0.584815 9.39221
8.15 6.04321 3.18284 -0.56173 9.36344
8.175 5.78141 3.035 -0.539511 9.33484
8.2 5.53065 2.89404 -0.518131 9.30642
8.225 5.29047 2.75964 -0.497559 9.27816
8.25 5.06046 2.6315 -0.47777 9.25008
8.275 4.84022 2.50933 -0.458735 9.22216
8.3 4.62933 2.39286 -0.440429 9.19441
8.325 4.42744 2.28183 -0.422826 9.16683
8.35 4.23416 2.17599 -0.405902 9.13941
8.375 4.04916 2.07508 -0.389631 9.11215
8.4 3.87208 1.9789 -0.37399 9.08505
8.425 3.7026 1.88721 -0.358957 9.05812
8.45 3.54042 1.7998 -0.34451 9.03134
8.475 3.38522 1.71648 -0.330626 9.00471
8.5 3.23672 1.63706 -0.317286 8.97825
8.525 3.09464 1.56136 -0.304469 8.95193
8.55 2.95871 1.48919 -0.292156 8.92577
8.575 2.82867 1.4204 -0.280327 8.89977
8.6 2.70428 1.35483 -0.268965 8.87391
8.625 2.58529 1.29232 -0.258052 8.8482
8.65 2.47149 1.23274 -0.247571 8.82264
8.675 2.36264 1.17594 -0.237506 8.79723
8.7 2.25854 1.12179 -0.227841 8.77196
8.725 2.15899 1.07018 -0.21856 8.74683
8.75 2.06379 1.02098 -0.209649 8.72185
8.775 1.97277 0.974074 -0.201094 8.69701
8.8 1.88573 0.929362 -0.192881 8.67231
8.825 1.80251 0.886737 -0.184996 8.64776
8.85 1.72294 0.846102 -0.177428 8.62333
8.875 1.64688 0.807364 -0.170164 8.59905
8.9 1.57416 0.770432 -0.163192 8.5749
8.925 1.50464 0.735224 -0.156501 8.55089
8.95 1.43819 0.701657 -0.150079 8.52701
8.975 1.37467 0.669655 -0.143917 8.50326
9 1.31395 0.639143 -0.138005 8.47965
9.025 1.25592 0.610053 -0.132332 8.45617
9.05 1.20045 0.582318 -0.126889 8.43281
9.075 1.14743 0.555873 -0.121667 8.40958
9.1 1.09677 0.530658 -0.116658 8.38649
9.125 1.04835 0.506616 -0.111853 8.36351
9.15 1.00207 0.483692 -0.107243 8.34067
9.175 0.957849 0.461832 -0.102823 8.31794
9.2 0.915589 0.440988 -0.098583 8.29534
9.225 0.875205 0.421111 -0.094517 8.27287
9.25 0.836615 0.402156 -0.090618 8.25051
9.275 0.79974 0.384079 -0.0868791 8.22827
9.3 0.764505 0.36684 -0.0832942 8.20616
9.325 0.730836 0.350399 -0.0798571 8.18416
9.35 0.698665 0.334718 -0.0765618 8.16228
9.375 0.667925 0.319762 -0.0734027 8.14052
9.4 0.638554 0.305497 -0.0703743 8.11887
9.425 0.61049 0.29189 -0.0674713 8.09733
9.45 0.583675 0.278911 -0.0646888 8.07591
9.475 0.558054 0.26653 -0.0620219 8.05461
9.5 0.533574 0.254718 -0.0594658 8.03341
9.525 0.510184 0.243449 -0.0570161 8.01233
9.55 0.487835 0.232697 -0.0546685 7.99136
9.575 0.466481 0.222439 -0.0524187 7.97049
9.6 0.446077 0.212651 -0.0502628 7.94974
9.625 0.426582 0.20331 -0.048197 7.92909
9.65 0.407954 0.194396 -0.0462174 7.90855
9.675 0.390155 0.185889 -0.0443207 7.88812
9.7 0.373147 0.177769 -0.0425033 7.86779
9.725 0.356895 0.170018 -0.040762 7.84756
9.75 0.341365 0.16262 -0.0390936 7.82744
9.775 0.326525 0.155557 -0.037495 7.80742
9.8 0.312343 0.148813 -0.0359634 7.78751
9.825 0.298791 0.142374 -0.0344959 7.76769
9.85 0.285839 0.136226 -0.0330899 7.74798
9.875 0.273461 0.130354 -0.0317428 7.72836
9.9 0.261632 0.124745 -0.030452 7.70885
9.925 0.250325 0.119389 -0.0292152 7.68943
9.95 0.239519 0.114271 -0.0280301 7.67011
9.975 0.229189 0.109382 -0.0268946 7.65089
10 0.219316 0.104711 -0.0258064 7.63176
10.025 0.209877 0.100247 -0.0247636 7.61273
10.05 0.200855 0.0959814 -0.0237643 7.5938
10.075 0.192229 0.0919042 -0.0228065 7.57495
10.1 0.183982 0.0880069 -0.0218886 7.5562
10.125 0.176098 0.0842811 -0.0210087 7.53755
10.15 0.168559 0.0807189 -0.0201653 7.51898
10.175 0.16135 0.0773127 -0.0193568 7.50051
10.2 0.154457 0.0740553 -0.0185817 7.48212
10.225 0.147866 0.0709399 -0.0178386 7.46383
10.25 0.141561 0.06796 -0.017126 7.44563
10.275 0.135532 0.0651092 -0.0164427 7.42751
10.3 0.129765 0.0623818 -0.0157874 7.40948
10.325 0.124249 0.0597725 -0.0151588 7.39154
10.35 0.118973 0.0572751 -0.014556 7.37369
10.375 0.113925 0.0548849 -0.0139776 7.35592
10.4 0.109096 0.0525971 -0.0134228 7.33824
10.425 0.104476 0.0504072 -0.0128904 7.32064
10.45 0.100055 0.0483105 -0.0123796 7.30313
10.475 0.0958255 0.0463031 -0.0118894 7.2857
10.5 0.091778 0.0443809 -0.0114189 7.26835
10.525 0.0879046 0.0425401 -0.0109673 7.25109
10.55 0.0841977 0.0407771 -0.0105338 7.23391
10.575 0.08065 0.0390885 -0.0101175 7.2168
10.6 0.0772543 0.037471 -0.00971792 7.19978
10.625 0.074004 0.0359214 -0.00933418 7.18284
10.65 0.0708927 0.0344368 -0.00896567 7.16598
10.675 0.0679142 0.0330144 -0.00861176 7.1492
10.7 0.0650629 0.0316514 -0.00827183 7.1325
10.725 0.0623331 0.0303453 -0.00794532 7.11587
10.75 0.0597194 0.0290937 -0.00763166 7.09932
10.775 0.057217 0.0278941 -0.00733033 7.08285
10.8 0.0548208 0.0267444 -0.00704083 7.06646
10.825 0.0525263 0.0256425 -0.00676267 7.05014
10.85 0.0503291 0.0245862 -0.0064954 7.03389
10.875 0.0482249 0.0235737 -0.00623859 7.01772
10.9 0.0462098 0.0226031 -0.0059918 7.00163
10.925 0.0442799 0.0216727 -0.00575465 6.9856
10.95 0.0424316 0.0207807 -0.00552674 6.96965
10.975 0.0406613 0.0199256 -0.00530772 6.95378
11 0.0389657 0.0191058 -0.00509724 6.93797
11.025 0.0373416 0.0183199 -0.00489496 6.92224
11.05 0.0357859 0.0175664 -0.00470057 6.90658
11.075 0.0342958 0.016844 -0.00451375 6.89099
11.1 0.0328684 0.0161514 -0.00433421 6.87547
11.125 0.031501 0.0154875 -0.00416169 6.86002
11.15 0.0301912 0.0148509 -0.0039959 6.84464
11.175 0.0289365 0.0142406 -0.00383659 6.82933
11.2 0.0277345 0.0136556 -0.00368351 6.81408
11.225 0.026583 0.0130947 -0.00353643 6.79891
11.25 0.0254799 0.012557 -0.00339512 6.7838
11.275 0.0244231 0.0120416 -0.00325936 6.76876
11.3 0.0234108 0.0115475 -0.00312895 6.75378
11.325 0.0224409 0.0110739 -0.00300367 6.73887
11.35 0.0215118 0.0106199 -0.00288335 6.72403
11.375 0.0206217 0.0101848 -0.00276779 6.70925
11.4 0.019769 0.00976777 -0.00265681 6.69454
11.425 0.0189521 0.00936807 -0.00255025 6.67989
11.45 0.0181696 0.008985 -0.00244793 6.6653
11.475 0.0174198 0.00861788 -0.0023497 6.65078
11.5 0.0167016 0.00826606 -0.0022554 6.63632
11.525 0.0160136 0.00792892 -0.00216488 6.62193
11.55 0.0153544 0.00760587 -0.00207801 6.6076
11.575 0.014723 0.00729631 -0.00199463 6.59332
11.6 0.0141181 0.0069997 -0.00191463 6.57911
11.625 0.0135386 0.00671551 -0.00183788 6.56497
11.65 0.0129834 0.00644322 -0.00176422 6.55088
11.675 0.0124516 0.00618234 -0.00169358 6.53685
11.7 0.0119421 0.00593241 -0.00162583 6.52288
11.725 0.011454 0.00569296 -0.00156084 6.50898
11.75 0.0109865 0.00546355 -0.00149852 6.49513
11.775 0.0105385 0.00524378 -0.00143876 6.48134
11.8 0.0101094 0.00503324 -0.00138146 6.4676
11.825 0.00969834 0.00483154 -0.00132652 6.45393
11.85 0.0093045 0.0046383 -0.00127386 6.44032
11.875 0.0089272 0.00445315 -0.00122337 6.42676
11.9 0.00856572 0.00427579 -0.00117498 6.41326
11.925 0.00821939 0.00410587 -0.00112859 6.39981
11.95 0.00788758 0.00394306 -0.00108413 6.38642
11.975 0.00756967 0.0037871 -0.00104152 6.37309
12 0.00726506 0.00363764 -0.00100068 6.35981
12.025 0.00697319 0.00349442 -0.000961538 6.34659
12.05 0.00669351 0.00335718 -0.000924026 6.33342
12.075 0.00642551 0.00322565 -0.000888075 6.32031
12.1 0.00616868 0.00309959 -0.000853619 6.30725
12.125 0.00592255 0.00297876 -0.000820597 6.29425
12.15 0.00568665 0.00286293 -0.000788946 6.2813
12.175 0.00546056 0.00275189 -0.000758609 6.2684
12.2 0.00524385 0.00264543 -0.000729529 6.25555
12.225 0.00503611 0.00254335 -0.000701652 6.24276
12.25 0.00483696 0.00244545 -0.000674926 6.23002
12.275 0.00464604 0.00235156 -0.000649301 6.21733
12.3 0.00446299 0.00226149 -0.000624728 6.20469
12.325 0.00428746 0.00217509 -0.000601162 6.19211
12.35 0.00411914 0.00209218 -0.000578558 6.17957
12.375 0.00395772 0.00201262 -0.000556874 6.16709
12.4 0.0038029 0.00193626 -0.000536068 6.15466
12.425 0.00365439 0.00186296 -0.000516102 6.14227
12.45 0.00351193 0.00179259 -0.000496938 6.12994
12.475 0.00337525 0.00172501 -0.00047854 6.11765
12.5 0.00324411 0.00166011 -0.000460875 6.10542
12.525 0.00311826 0.00159777 -0.000443908 6.09323
12.55 0.00299748 0.00153788 -0.000427608 6.08109
12.575 0.00288156 0.00148032 -0.000411947 6.06901
12.6 0.00277028 0.00142501 -0.000396894 6.05696
12.625 0.00266345 0.00137184 -0.000382422 6.04497
12.65 0.00256089 0.00132073 -0.000368506 6.03302
12.675 0.00246239 0.00127157 -0.000355121 6.02112
12.7 0.00236779 0.00122429 -0.000342242 6.00927
12.725 0.00227693 0.00117882 -0.000329847 5.99746
12.75 0.00218965 0.00113506 -0.000317915 5.9857
12.775 0.00210579 0.00109295 -0.000306425 5.97399
12.8 0.00202521 0.00105242 -0.000295358 5.96232
12.825 0.00194777 0.00101341 -0.000284696 5.9507
12.85 0.00187335 0.000975843 -0.000274419 5.93912
12.875 0.00180181 0.000939666 -0.000264513 5.92759
12.9 0.00173303 0.00090482 -0.000254961 5.9161
12.925 0.00166691 0.000871251 -0.000245748 5.90466
12.95 0.00160332 0.000838906 -0.000236861 5.89326
12.975 0.00154216 0.000807735 -0.000228284 5.88191
13 0.00148334 0.000777691 -0.000220006 5.8706
13.025 0.00142675 0.000748729 -0.000212015 5.85933
13.05 0.00137231 0.000720805 -0.000204298 5.8481
13.075 0.00131993 0.000693879 -0.000196846 5.83692
13.1 0.00126953 0.000667911 -0.000189647 5.82578
13.125 0.00122102 0.000642865 -0.000182693 5.81468
13.15 0.00117433 0.000618705 -0.000175973 5.80363
13.175 0.00112939 0.000595396 -0.00016948 5.79262
13.2 0.00108612 0.000572908 -0.000163205 5.78165
13.225 0.00104448 0.00055121 -0.00015714 5.77072
13.25 0.00100438 0.000530272 -0.000151277 5.75984
13.275 0.000965768 0.000510068 -0.00014561 5.74898
13.3 0.000928592 0.000490571 -0.000140132 5.73818
13.325 0.000892794 0.000471755 -0.000134838 5.72741
13.35 0.000858321 0.000453601 -0.00012972 5.71668
13.375 0.000825125 0.00043608 -0.000124773 5.706
13.4 0.000793157 0.000419174 -0.000119991 5.69535
13.425 0.000762372 0.000402861 -0.00011537 5.68475
13.45 0.000732726 0.000387122 -0.000110906 5.67418
13.475 0.000704179 0.000371939 -0.000106592 5.66365
13.5 0.000676689 0.000357295 -0.000102424 5.65317
13.525 0.00065022 0.000343171 -9.83991e-05 5.64272
13.55 0.000624735 0.000329552 -9.45128e-05 5.63231
13.575 0.000600199 0.000316423 -9.07604e-05 5.62193
13.6 0.000576579 0.00030377 -8.71388e-05 5.6116
13.625 0.000553842 0.000291575 -8.36441e-05 5.6013
13.65 0.000531958 0.000279826 -8.02731e-05 5.59104
13.675 0.000510898 0.000268511 -7.70222e-05 5.58082
13.7 0.000490633 0.000257617 -7.38882e-05 5.57064
13.725 0.000471137 0.00024713 -7.08681e-05 5.56049
13.75 0.000452381 0.000237039 -6.79585e-05 5.55038
13.775 0.000434342 0.000227333 -6.51567e-05 5.54031
13.8 0.000416996 0.000217998 -6.24591e-05 5.53027
13.825 0.000400317 0.000209026 -5.98639e-05 5.52027
13.85 0.000384284 0.000200406 -5.73678e-05 5.51031
13.875 0.000368875 0.000192127 -5.4968e-05 5.50038
13.9 0.000354068 0.000184178 -5.26618e-05 5.49048
13.925 0.000339842 0.000176549 -5.04465e-05 5.48063
13.95 0.000326179 0.00016923 -4.83195e-05 5.47081
13.975 0.000313057 0.000162212 -4.62782e-05 5.46102
14 0.000300459 0.000155484 -4.43201e-05 5.45127
14.025 0.000288365 0.000149038 -4.24426e-05 5.44155
14.05 0.000276758 0.000142863 -4.06433e-05 5.43187
14.075 0.000265622 0.000136951 -3.89197e-05 5.42222
14.1 0.000254938 0.000131292 -3.72693e-05 5.41261
14.125 0.000244692 0.000125878 -3.56897e-05 5.40303
14.15 0.000234865 0.0001207 -3.41786e-05 5.39348
14.175 0.000225444 0.000115749 -3.27337e-05 5.38397
14.2 0.000216413 0.000111016 -3.13525e-05 5.37449
14.225 0.000207758 0.000106493 -3.00329e-05 5.36504
14.25 0.000199463 0.000102171 -2.87725e-05 5.35563
14.275 0.000191516 9.80435e-05 -2.75692e-05 5.34625
14.3 0.000183902 9.41011e-05 -2.64209e-05 5.3369
14.325 0.000176609 9.03371e-05 -2.53252e-05 5.32759
14.35 0.000169624 8.67433e-05 -2.42802e-05 5.31831
14.375 0.000162935 8.33127e-05 -2.32838e-05 5.30906
14.4 0.000156529 8.00379e-05 -2.23341e-05 5.29984
14.425 0.000150396 7.69119e-05 -2.1429e-05 5.29066
14.45 0.000144524 7.3928e-05 -2.05666e-05 5.2815
14.475 0.000138902 7.10797e-05 -1.9745e-05 5.27238
14.5 0.000133519 6.83606e-05 -1.89625e-05 5.26329
14.525 0.000128366 6.57647e-05 -1.82173e-05 5.25423
14.55 0.000123433 6.32861e-05 -1.75076e-05 5.24521
14.575 0.000118711 6.09191e-05 -1.68319e-05 5.23621
14.6 0.00011419 5.86584e-05 -1.61884e-05 5.22724
14.625 0.000109862 5.64989e-05 -1.55758e-05 5.21831
14.65 0.000105718 5.44357e-05 -1.49924e-05 5.2094
14.675 0.000101752 5.2464e-05 -1.44369e-05 5.20053
14.7 9.79536e-05 5.05795e-05 -1.39079e-05 5.19168
14.725 9.43173e-05 4.87779e-05 -1.34041e-05 5.18287
14.75 9.08355e-05 4.70552e-05 -1.29242e-05 5.17408
14.775 8.75016e-05 4.54077e-05 -1.24671e-05 5.16533
14.8 8.43091e-05 4.38318e-05 -1.20315e-05 5.1566
14.825 8.12519e-05 4.23241e-05 -1.16164e-05 5.14791
14.85 7.83241e-05 4.08815e-05 -1.12208e-05 5.13924
14.875 7.55202e-05 3.95009e-05 -1.08436e-05 5.1306
14.9 7.28347e-05 3.81796e-05 -1.0484e-05 5.122
14.925 7.02625e-05 3.69148e-05 -1.01409e-05 5.11342
14.95 6.77989e-05 3.57042e-05 -9.81365e-06 5.10487
14.975 6.5439e-05 3.45452e-05 -9.50134e-06 5.09634
15 6.31785e-05 3.34358e-05 -9.20324e-06 5.08785
15.025 6.1013e-05 3.23737e-05 -8.91861e-06 5.07938
15.05 5.89386e-05 3.13573e-05 -8.64675e-06 5.07095
15.075 5.69512e-05 3.03838e-05 -8.38703e-06 5.06254
15.1 5.50471e-05 2.94522e-05 -8.13887e-06 5.05415
15.125 5.32228e-05 2.85605e-05 -7.90154e-06 5.0458
15.15 5.14748e-05 2.7707e-05 -7.67448e-06 5.03747
15.175 4.97998e-05 2.68901e-05 -7.45729e-06 5.02918
15.2 4.81944e-05 2.61083e-05 -7.24937e-06 5.0209
15.225 4.66557e-05 2.53599e-05 -7.05024e-06 5.01266
15.25 4.51808e-05 2.46437e-05 -6.8594e-06 5.00444
15.275 4.37666e-05 2.3958e-05 -6.67641e-06 4.99625
15.3 4.24104e-05 2.33015e-05 -6.50081e-06 4.98809
15.325 4.11096e-05 2.26727e-05 -6.3322e-06 4.97995
15.35 3.98615e-05 2.20703e-05 -6.17014e-06 4.97184
15.375 3.86635e-05 2.1493e-05 -6.01425e-06 4.96376
15.4 3.75133e-05 2.09392e-05 -5.86414e-06 4.9557
15.425 3.64084e-05 2.04079e-05 -5.71942e-06 4.94767
15.45 3.53466e-05 1.98975e-05 -5.57975e-06 4.93966
15.475 3.43255e-05 1.94068e-05 -5.44476e-06 4.93168
15.5 3.33431e-05 1.89345e-05 -5.31412e-06 4.92373
15.525 3.23971e-05 1.84793e-05 -5.1875e-06 4.9158
15.55 3.14857e-05 1.804e-05 -5.06457e-06 4.90789
15.575 3.06068e-05 1.76152e-05 -4.94503e-06 4.90002
15.6 2.97585e-05 1.7204e-05 -4.82858e-06 4.89216
15.625 2.8939e-05 1.68049e-05 -4.71493e-06 4.88434
15.65 2.81465e-05 1.6417e-05 -4.60382e-06 4.87653
15.675 2.73795e-05 1.60391e-05 -4.49499e-06 4.86876
15.7 2.66363e-05 1.56701e-05 -4.38818e-06 4.861
15.725 2.59153e-05 1.5309e-05 -4.28317e-06 4.85327
15.75 2.52153e-05 1.4955e-05 -4.17975e-06 4.84557
15.775 2.45347e-05 1.4607e-05 -4.0777e-06 4.83789
15.8 2.38724e-05 1.42642e-05 -3.97686e-06 4.83024
15.825 2.32271e-05 1.39259e-05 -3.87709e-06 4.82261
15.85 2.25978e-05 1.35913e-05 -3.77813e-06 4.815
15.875 2.19836e-05 1.32599e-05 -3.67996e-06 4.80742
15.9 2.13834e-05 1.2931e-05 -3.58244e-06 4.79986
15.925 2.07965e-05 1.26042e-05 -3.48547e-06 4.79232
15.95 2.02222e-05 1.22791e-05 -3.38901e-06 4.78481
15.975 1.96598e-05 1.19554e-05 -3.29296e-06 4.77732
16 1.91088e-05 1.16328e-05 -3.19731e-06 4.76986
16.025 1.85688e-05 1.13111e-05 -3.10205e-06 4.76242
16.05 1.80393e-05 1.09904e-05 -3.00719e-06 4.755
16.075 1.75203e-05 1.06706e-05 -2.91275e-06 4.7476
16.1 1.70113e-05 1.03517e-05 -2.81879e-06 4.74023
16.125 1.65125e-05 1.0034e-05 -2.72537e-06 4.73288
16.15 1.60237e-05 9.71776e-06 -2.63258e-06 4.72556
16.175 1.55451e-05 9.40323e-06 -2.54051e-06 4.71825
16.2 1.50767e-05 9.09084e-06 -2.44929e-06 4.71097
16.225 1.46188e-05 8.78103e-06 -2.35904e-06 4.70371
16.25 1.41716e-05 8.47433e-06 -2.26993e-06 4.69648
16.275 1.37355e-05 8.17131e-06 -2.1821e-06 4.68926
16.3 1.33108e-05 7.87261e-06 -2.09572e-06 4.68207
16.325 1.2898e-05 7.57888e-06 -2.01099e-06 4.6749
16.35 1.24975e-05 7.29085e-06 -1.92809e-06 4.66775
16.375 1.21099e-05 7.00926e-06 -1.84721e-06 4.66063
16.4 1.17357e-05 6.73488e-06 -1.76856e-06 4.65352
16.425 1.13754e-05 6.46852e-06 -1.69235e-06 4.64644
16.45 1.10297e-05 6.21096e-06 -1.61879e-06 4.63938
16.475 1.06991e-05 5.96304e-06 -1.54808e-06 4.63234
16.5 1.03842e-05 5.72556e-06 -1.48042e-06 4.62532
16.525 1.00856e-05 5.49934e-06 -1.41604e-06 4.61832
16.55 9.80386e-06 5.28516e-06 -1.35511e-06 4.61134
16.575 9.53959e-06 5.08382e-06 -1.29784e-06 4.60439
16.6 9.29335e-06 4.89605e-06 -1.2444e-06 4.59745
16.625 9.06561e-06 4.72258e-06 -1.19498e-06 4.59054
16.65 8.85688e-06 4.56408e-06 -1.14974e-06 4.58365
16.675 8.66762e-06 4.42121e-06 -1.10882e-06 4.57678
16.7 8.49824e-06 4.29459e-06 -1.07237e-06 4.56992
16.725 8.3491e-06 4.18464e-06 -1.04052e-06 4.56309
16.75 8.22051e-06 4.09196e-06 -1.01333e-06 4.55628
16.775 8.11275e-06 4.01693e-06 -9.90946e-07 4.54949
16.8 8.02602e-06 3.95991e-06 -9.73409e-07 4.54272
16.825 7.9604e-06 3.9212e-06 -9.6079e-07 4.53597
16.85 7.91609e-06 3.90101e-06 -9.5309e-07 4.52924
16.875 7.89304e-06 3.89949e-06 -9.50357e-07 4.52253
16.9 7.8912e-06 3.91673e-06 -9.52576e-07 4.51584
16.925 7.91046e-06 3.95272e-06 -9.5972e-07 4.50917
16.95 7.95063e-06 4.00739e-06 -9.71747e-07 4.50252
16.975 8.01146e-06 4.0806e-06 -9.8859e-07 4.49589
17 8.09261e-06 4.17213e-06 -1.01017e-06 4.48928
17.025 8.19373e-06 4.28169e-06 -1.03637e-06 4.48269
17.05 8.31434e-06 4.4089e-06 -1.06708e-06 4.47611
17.075 8.45392e-06 4.55333e-06 -1.10216e-06 4.46956
17.1 8.61188e-06 4.71449e-06 -1.14145e-06 4.46303
17.125 8.78757e-06 4.89181e-06 -1.18478e-06 4.45651
17.15 8.98029e-06 5.08464e-06 -1.23194e-06 4.45001
17.175 9.18928e-06 5.29231e-06 -1.28275e-06 4.44354
17.2 9.41372e-06 5.51406e-06 -1.33698e-06 4.43708
17.225 9.65275e-06 5.7491e-06 -1.3944e-06 4.43064
17.25 9.90546e-06 5.99657e-06 -1.45476e-06 4.42422
17.275 1.01709e-05 6.25559e-06 -1.51781e-06 4.41781
17.3 1.04481e-05 6.52522e-06 -1.5833e-06 4.41143
17.325 1.0736e-05 6.80451e-06 -1.65094e-06 4.40506
17.35 1.10335e-05 7.09246e-06 -1.72047e-06 4.39872
17.375 1.13396e-05 7.38804e-06 -1.79161e-06 4.39239
17.4 1.16532e-05 7.69021e-06 -1.86407e-06 4.38608
17.425 1.19732e-05 7.99793e-06 -1.93756e-06 4.37978
17.45 1.22984e-05 8.3101e-06 -2.01179e-06 4.37351
17.475 1.26277e-05 8.62567e-06 -2.08649e-06 4.36725
17.5 1.296e-05 8.94356e-06 -2.16136e-06 4.36101
17.525 1.32942e-05 9.26269e-06 -2.23613e-06 4.35479
17.55 1.3629e-05 9.58199e-06 -2.31051e-06 4.34859
17.575 1.39635e-05 9.90041e-06 -2.38423e-06 4.3424
17.6 1.42964e-05 1.02169e-05 -2.45703e-06 4.33624
17.625 1.46267e-05 1.05305e-05 -2.52865e-06 4.33008
17.65 1.49534e-05 1.08401e-05 -2.59884e-06 4.32395
17.675 1.52754e-05 1.11448e-05 -2.66735e-06 4.31784
17.7 1.55917e-05 1.14437e-05 -2.73397e-06 4.31174
17.725 1.59013e-05 1.17359e-05 -2.79846e-06 4.30566
17.75 1.62033e-05 1.20204e-05 -2.86063e-06 4.29959
17.775 1.64968e-05 1.22966e-05 -2.92028e-06 4.29354
17.8 1.67809e-05 1.25635e-05 -2.97727e-06 4.28751
17.825 1.70548e-05 1.28204e-05 -3.03129e-06 4.2815
17.85 1.73178e-05 1.30667e-05 -3.08234e-06 4.2755
17.875 1.75692e-05 1.33017e-05 -3.13023e-06 4.26952
17.9 1.78081e-05 1.35249e-05 -3.17482e-06 4.26356
17.925 1.80341e-05 1.37355e-05 -3.216e-06 4.25761
17.95 1.82466e-05 1.39334e-05 -3.25369e-06 4.25168
17.975 1.8445e-05 1.41178e-05 -3.28779e-06 4.24577
18 1.86288e-05 1.42884e-05 -3.31823e-06 4.23987
18.025 1.87977e-05 1.44446e-05 -3.34497e-06 4.23399
18.05 1.89513e-05 1.45867e-05 -3.36797e-06 4.22813
18.075 1.90893e-05 1.47141e-05 -3.3872e-06 4.22228
18.1 1.92113e-05 1.48267e-05 -3.40264e-06 4.21645
18.125 1.93173e-05 1.49243e-05 -3.4143e-06 4.21063
18.15 1.94071e-05 1.50069e-05 -3.42219e-06 4.20483
18.175 1.94806e-05 1.50744e-05 -3.42633e-06 4.19905
18.2 1.95376e-05 1.51268e-05 -3.42677e-06 4.19328
18.225 1.95782e-05 1.51642e-05 -3.42357e-06 4.18753
18.25 1.96025e-05 1.51866e-05 -3.41675e-06 4.18179
18.275 1.96104e-05 1.51943e-05 -3.40642e-06 4.17607
18.3 1.96022e-05 1.51873e-05 -3.39263e-06 4.17037
18.325 1.9578e-05 1.51659e-05 -3.37548e-06 4.16468
18.35 1.9538e-05 1.51304e-05 -3.35506e-06 4.15901
18.375 1.94825e-05 1.5081e-05 -3.33149e-06 4.15335
18.4 1.94118e-05 1.50181e-05 -3.30486e-06 4.1477
18.425 1.93261e-05 1.4942e-05 -3.27529e-06 4.14208
18.45 1.92259e-05 1.4853e-05 -3.24291e-06 4.13646
18.475 1.91114e-05 1.47516e-05 -3.20784e-06 4.13087
18.5 1.89831e-05 1.46378e-05 -3.17021e-06 4.12528
18.525 1.88414e-05 1.45132e-05 -3.13014e-06 4.11972
18.55 1.86868e-05 1.43772e-05 -3.0878e-06 4.11416
18.575 1.85198e-05 1.42305e-05 -3.04332e-06 4.10863
18.6 1.83408e-05 1.40737e-05 -2.99682e-06 4.1031
18.625 1.81503e-05 1.39073e-05 -2.94846e-06 4.0976
18.65 1.79489e-05 1.37317e-05 -2.89837e-06 4.0921
18.675 1.7737e-05 1.35476e-05 -2.8467e-06 4.08663
18.7 1.75152e-05 1.33554e-05 -2.79359e-06 4.08116
18.725 1.72842e-05 1.31556e-05 -2.73918e-06 4.07571
18.75 1.70443e-05 1.29488e-05 -2.6836e-06 4.07028
18.775 1.67962e-05 1.27355e-05 -2.627e-06 4.06486
18.8 1.65405e-05 1.25163e-05 -2.56951e-06 4.05945
18.825 1.62776e-05 1.22916e-05 -2.51125e-06 4.05406
18.85 1.60081e-05 1.2062e-05 -2.45236e-06 4.04869
18.875 1.57326e-05 1.18279e-05 -2.39295e-06 4.04332
18.9 1.54516e-05 1.15899e-05 -2.33316e-06 4.03798
18.925 1.51657e-05 1.13485e-05 -2.27313e-06 4.03264
18.95 1.48753e-05 1.11042e-05 -2.21291e-06 4.02732
18.975 1.45811e-05 1.08573e-05 -2.15263e-06 4.02202
19 1.42834e-05 1.06084e-05 -2.09242e-06 4.01672
19.025 1.39828e-05 1.0358e-05 -2.03236e-06 4.01145
19.05 1.36798e-05 1.01063e-05 -1.97255e-06 4.00618
19.075 1.33749e-05 9.85395e-06 -1.91307e-06 4.00093
19.1 1.30684e-05 9.60119e-06 -1.85401e-06 3.99569
19.125 1.27609e-05 9.34844e-06 -1.79545e-06 3.99047
19.15 1.24527e-05 9.09604e-06 -1.73746e-06 3.98526
19.175 1.21442e-05 8.84435e-06 -1.68011e-06 3.98006
19.2 1.18359e-05 8.59366e-06 -1.62346e-06 3.97488
19.225 1.15281e-05 8.34426e-06 -1.56757e-06 3.96971
19.25 1.12211e-05 8.09658e-06 -1.51249e-06 3.96456
19.275 1.09153e-05 7.85065e-06 -1.45827e-06 3.95942
19.3 1.0611e-05 7.60681e-06 -1.40496e-06 3.95429
19.325 1.03084e-05 7.36523e-06 -1.35259e-06 3.94917
19.35 1.00079e-05 7.12619e-06 -1.30119e-06 3.94407
19.375 9.70969e-06 6.88981e-06 -1.25079e-06 3.93898
19.4 9.41398e-06 6.65626e-06 -1.20141e-06 3.9339
19.425 9.12101e-06 6.42565e-06 -1.15307e-06 3.92884
19.45 8.83094e-06 6.1981e-06 -1.10579e-06 3.92379
19.475 8.54397e-06 5.97368e-06 -1.05957e-06 3.91875
19.5 8.26023e-06 5.75247e-06 -1.01441e-06 3.91373
19.525 7.97986e-06 5.53449e-06 -9.70322e-07 3.90872
19.55 7.70296e-06 5.31976e-06 -9.27294e-07 3.90372
19.575 7.42964e-06 5.10827e-06 -8.85318e-07 3.89874
19.6 7.15994e-06 4.89998e-06 -8.4438e-07 3.89376
19.625 6.89395e-06 4.69484e-06 -8.04463e-07 3.8888
19.65 6.63167e-06 4.49276e-06 -7.65545e-07 3.88385
19.675 6.37313e-06 4.29362e-06 -7.276e-07 3.87892
19.7 6.11833e-06 4.09729e-06 -6.90598e-07 3.874
19.725 5.86724e-06 3.90358e-06 -6.54503e-07 3.86909
19.75 5.61983e-06 3.71231e-06 -6.19277e-07 3.86419
19.775 5.37603e-06 3.52324e-06 -5.84877e-07 3.8593
19.8 5.13576e-06 3.33611e-06 -5.51254e-07 3.85443
19.825 4.89894e-06 3.1506e-06 -5.18356e-07 3.84957
19.85 4.66544e-06 2.96638e-06 -4.86127e-07 3.84472
19.875 4.43515e-06 2.78308e-06 -4.54502e-07 3.83989
19.9 4.20792e-06 2.60027e-06 -4.23416e-07 3.83506
19.925 3.98358e-06 2.4175e-06 -3.92794e-07 3.83025
19.95 3.76192e-06 2.2342e-06 -3.62555e-07 3.82545
19.975 3.54285e-06 2.04996e-06 -3.32633e-07 3.82066
20 3.32591e-06 1.86375e-06 -3.02876e-07 3.81589
