0 376.724 321.541 -19.4025 27.7723
0.025 376.724 321.541 -19.4025 27.7723
0.05 376.614 321.237 -19.3791 27.772
0.075 376.704 321.295 -19.3744 27.7717
0.1 376.835 321.387 -19.3685 27.7712
0.125 377.014 321.526 -19.3622 27.7706
0.15 377.235 321.702 -19.3548 27.7698
0.175 377.497 321.915 -19.3463 27.7689
0.2 377.8 322.161 -19.3365 27.7679
0.225 378.146 322.442 -19.3255 27.7667
0.25 378.532 322.755 -19.3131 27.7654
0.275 378.957 323.102 -19.2994 27.7639
0.3 379.423 323.481 -19.2842 27.7623
0.325 379.927 323.893 -19.2676 27.7605
0.35 380.47 324.334 -19.2495 27.7586
0.375 381.051 324.808 -19.2297 27.7566
0.4 381.671 325.315 -19.2085 27.7544
0.425 382.327 325.852 -19.1857 27.752
0.45 383.02 326.419 -19.1612 27.7495
0.475 383.749 327.016 -19.135 27.7469
0.5 384.514 327.643 -19.107 27.7441
0.525 385.314 328.298 -19.0773 27.7411
0.55 386.148 328.982 -19.0456 27.738
0.575 387.015 329.694 -19.0121 27.7347
0.6 387.916 330.433 -18.9766 27.7313
0.625 388.848 331.198 -18.9391 27.7277
0.65 389.812 331.99 -18.8995 27.7239
0.675 390.806 332.807 -18.8578 27.7199
0.7 391.83 333.649 -18.814 27.7158
0.725 392.883 334.515 -18.7679 27.7116
0.75 393.963 335.404 -18.7196 27.7071
0.775 395.071 336.316 -18.669 27.7025
0.8 396.204 337.249 -18.6161 27.6977
0.825 397.362 338.204 -18.5606 27.6927
0.85 398.544 339.178 -18.5029 27.6875
0.875 399.749 340.172 -18.4427 27.6821
0.9 400.976 341.183 -18.38 27.6765
0.925 402.223 342.213 -18.3148 27.6708
0.95 403.49 343.259 -18.2471 27.6648
0.975 404.775 344.32 -18.1769 27.6587
1 406.077 345.394 -18.104 27.6523
1.025 407.396 346.484 -18.0286 27.6457
1.05 408.729 347.585 -17.9507 27.639
1.075 410.076 348.699 -17.8702 27.632
1.1 411.435 349.822 -17.7871 27.6248
1.125 412.806 350.955 -17.7015 27.6174
1.15 414.187 352.096 -17.6135 27.6097
1.175 415.576 353.245 -17.523 27.6018
1.2 416.974 354.399 -17.4301 27.5937
1.225 418.378 355.559 -17.3348 27.5854
1.25 419.787 356.723 -17.2373 27.5768
1.275 421.201 357.888 -17.1375 27.568
1.3 422.617 359.06 -17.0356 27.559
1.325 424.037 360.231 -16.9317 27.5497
1.35 425.457 361.402 -16.8259 27.5401
1.375 426.876 362.572 -16.7182 27.5303
1.4 428.295 363.74 -16.6088 27.5202
1.425 429.713 364.906 -16.4979 27.5099
1.45 431.126 366.069 -16.3855 27.4993
1.475 432.536 367.227 -16.272 27.4884
1.5 433.942 368.381 -16.1572 27.4773
1.525 435.341 369.53 -16.0415 27.4658
1.55 436.735 370.672 -15.925 27.4541
1.575 438.121 371.807 -15.8079 27.4421
1.6 439.5 372.933 -15.6904 27.4299
1.625 440.871 374.051 -15.5726 27.4173
1.65 442.232 375.161 -15.4549 27.4044
1.675 443.585 376.26 -15.3373 27.3913
1.7 444.927 377.35 -15.22 27.3778
1.725 446.26 378.429 -15.1034 27.364
1.75 447.582 379.499 -14.9875 27.35
1.775 448.893 380.557 -14.8727 27.3356
1.8 450.194 381.605 -14.759 27.3209
1.825 451.483 382.642 -14.6468 27.3058
1.85 452.761 383.667 -14.5362 27.2905
1.875 454.027 384.68 -14.4274 27.2748
1.9 455.282 385.682 -14.3206 27.2588
1.925 456.526 386.672 -14.216 27.2425
1.95 457.76 387.651 -14.1138 27.2258
1.975 458.981 388.617 -14.0142 27.2088
2 460.192 389.572 -13.9173 27.1915
2.025 461.393 390.516 -13.8233 27.1738
2.05 462.583 391.448 -13.7324 27.1558
2.075 463.762 392.369 -13.6447 27.1374
2.1 464.932 393.279 -13.5603 27.1187
2.125 466.093 394.178 -13.4793 27.0996
2.15 467.244 395.066 -13.4018 27.0802
2.175 468.387 395.945 -13.3279 27.0604
2.2 469.522 396.813 -13.2578 27.0403
2.225 470.649 397.672 -13.1915 27.0198
2.25 471.769 398.521 -13.129 26.9989
2.275 472.883 399.36 -13.0704 26.9777
2.3 473.99 400.192 -13.0157 26.9561
2.325 475.092 401.016 -12.9649 26.9342
2.35 476.19 401.831 -12.918 26.9119
2.375 477.282 402.64 -12.875 26.8892
2.4 478.371 403.441 -12.8359 26.8661
2.425 479.457 404.235 -12.8007 26.8427
2.45 480.541 405.023 -12.7692 26.8189
2.475 481.622 405.806 -12.7415 26.7948
2.5 482.702 406.583 -12.7174 26.7703
2.525 483.781 407.355 -12.6968 26.7454
2.55 484.86 408.122 -12.6798 26.7201
2.575 485.938 408.885 -12.6661 26.6944
2.6 487.018 409.645 -12.6557 26.6684
2.625 488.099 410.401 -12.6484 26.642
2.65 489.182 411.153 -12.6441 26.6152
2.675 490.268 411.904 -12.6427 26.588
2.7 491.355 412.652 -12.644 26.5605
2.725 492.446 413.398 -12.6478 26.5326
2.75 493.54 414.142 -12.6541 26.5043
2.775 494.638 414.885 -12.6627 26.4756
2.8 495.74 415.627 -12.6734 26.4466
2.825 496.846 416.369 -12.686 26.4172
2.85 497.957 417.109 -12.7004 26.3874
2.875 499.072 417.85 -12.7164 26.3572
2.9 500.192 418.59 -12.7339 26.3266
2.925 501.316 419.331 -12.7527 26.2957
2.95 502.445 420.071 -12.7725 26.2644
2.975 503.579 420.812 -12.7934 26.2326
3 504.717 421.553 -12.8151 26.2006
3.025 505.859 422.297 -12.8374 26.1681
3.05 507.005 423.038 -12.8602 26.1353
3.075 508.155 423.78 -12.8834 26.102
3.1 509.308 424.522 -12.9067 26.0684
3.125 510.463 425.263 -12.9301 26.0344
3.15 511.62 426.004 -12.9534 26.0001
3.175 512.779 426.745 -12.9765 25.9653
3.2 513.938 427.484 -12.9993 25.9302
3.225 515.097 428.222 -13.0216 25.8946
3.25 516.255 428.958 -13.0434 25.8587
3.275 517.41 429.691 -13.0645 25.8224
3.3 518.562 430.421 -13.0849 25.7858
3.325 519.71 431.148 -13.1045 25.7487
3.35 520.851 431.87 -13.1231 25.7112
3.375 521.986 432.587 -13.1407 25.6734
3.4 523.111 433.298 -13.1573 25.6352
3.425 524.226 434.001 -13.1728 25.5965
3.45 525.33 434.696 -13.1871 25.5575
3.475 526.419 435.382 -13.2003 25.5181
3.5 527.493 436.057 -13.2122 25.4783
3.525 528.549 436.721 -13.2229 25.4381
3.55 529.585 437.372 -13.2324 25.3976
3.575 530.6 438.008 -13.2406 25.3566
3.6 531.59 438.628 -13.2476 25.3152
3.625 532.554 439.23 -13.2533 25.2734
3.65 533.49 439.813 -13.2579 25.2312
3.675 534.394 440.375 -13.2613 25.1886
3.7 535.264 440.913 -13.2635 25.1456
3.725 536.097 441.426 -13.2647 25.1022
3.75 536.892 441.913 -13.2648 25.0584
3.775 537.644 442.37 -13.2639 25.0141
3.8 538.352 442.795 -13.2622 24.9695
3.825 539.011 443.187 -13.2596 24.9244
3.85 539.619 443.543 -13.2562 24.8789
3.875 540.175 443.86 -13.2522 24.833
3.9 540.673 444.136 -13.2476 24.7867
3.925 541.111 444.369 -13.2425 24.74
3.95 541.485 444.556 -13.2371 24.6928
3.975 541.793 444.694 -13.2313 24.6452
4 542.032 444.781 -13.2254 24.5971
4.025 542.198 444.813 -13.2194 24.5486
4.05 542.288 444.788 -13.2135 24.4997
4.075 542.298 444.703 -13.2077 24.4503
4.1 542.227 444.555 -13.2022 24.4005
4.125 542.07 444.342 -13.1971 24.3503
4.15 541.823 444.06 -13.1924 24.2996
4.175 541.485 443.707 -13.1883 24.2484
4.2 541.052 443.28 -13.185 24.1968
4.225 540.521 442.775 -13.1824 24.1448
4.25 539.889 442.19 -13.1807 24.0923
4.275 539.154 441.522 -13.1801 24.0393
4.3 538.311 440.768 -13.1805 23.9859
4.325 537.359 439.926 -13.1821 23.932
4.35 536.295 438.993 -13.185 23.8776
4.375 535.117 437.966 -13.1892 23.8228
4.4 533.823 436.842 -13.1948 23.7675
4.425 532.409 435.62 -13.2018 23.7118
4.45 530.874 434.297 -13.2104 23.6556
4.475 529.215 432.87 -13.2205 23.5989
4.5 527.432 431.338 -13.2322 23.5417
4.525 525.522 429.698 -13.2455 23.4841
4.55 523.483 427.949 -13.2603 23.426
4.575 521.315 426.089 -13.2768 23.3675
4.6 519.016 424.116 -13.2948 23.3085
4.625 516.586 422.029 -13.3145 23.249
4.65 514.023 419.826 -13.3355 23.189
4.675 511.327 417.508 -13.3581 23.1287
4.7 508.498 415.072 -13.382 23.0678
4.725 505.535 412.519 -13.4072 23.0065
4.75 502.439 409.847 -13.4336 22.9447
4.775 499.209 407.057 -13.4611 22.8825
4.8 495.847 404.149 -13.4896 22.8199
4.825 492.353 401.122 -13.519 22.7568
4.85 488.727 397.978 -13.5491 22.6933
4.875 484.971 394.716 -13.5798 22.6294
4.9 481.087 391.339 -13.6109 22.565
4.925 477.077 387.846 -13.6422 22.5002
4.95 472.941 384.24 -13.6736 22.435
4.975 468.681 380.522 -13.7048 22.3695
5 464.301 376.694 -13.7356 22.3035
5.025 459.801 372.757 -13.7659 22.2371
5.05 455.185 368.715 -13.7955 22.1704
5.075 450.457 364.57 -13.824 22.1033
5.1 445.619 360.324 -13.8513 22.0359
5.125 440.673 355.981 -13.877 21.9681
5.15 435.624 351.544 -13.9012 21.8999
5.175 430.476 347.015 -13.9234 21.8315
5.2 425.232 342.4 -13.9434 21.7627
5.225 419.895 337.701 -13.9611 21.6937
5.25 414.471 332.922 -13.9761 21.6243
5.275 408.963 328.068 -13.9882 21.5547
5.3 403.376 323.143 -13.9972 21.4848
5.325 397.714 318.151 -14.0029 21.4147
5.35 391.983 313.097 -14.005 21.3443
5.375 386.185 307.986 -14.0034 21.2738
5.4 380.328 302.822 -13.9978 21.203
5.425 374.414 297.61 -13.988 21.132
5.45 368.45 292.356 -13.9739 21.0608
5.475 362.441 287.064 -13.9552 20.9895
5.5 356.391 281.739 -13.9319 20.918
5.525 350.306 276.387 -13.9038 20.8464
5.55 344.191 271.012 -13.8707 20.7747
5.575 338.05 265.621 -13.8325 20.7029
5.6 331.89 260.218 -13.7891 20.631
5.625 325.715 254.807 -13.7404 20.559
5.65 319.531 249.395 -13.6864 20.4869
5.675 313.343 243.986 -13.627 20.4148
5.7 307.155 238.586 -13.5621 20.3427
5.725 300.973 233.199 -13.4917 20.2706
5.75 294.801 227.83 -13.4158 20.1985
5.775 288.645 222.484 -13.3344 20.1264
5.8 282.509 217.166 -13.2475 20.0543
5.825 276.398 211.88 -13.1552 19.9823
5.85 270.317 206.63 -13.0576 19.9104
5.875 264.27 201.422 -12.9546 19.8385
5.9 258.261 196.258 -12.8464 19.7667
5.925 252.294 191.143 -12.7331 19.695
5.95 246.374 186.08 -12.6147 19.6235
5.975 240.505 181.074 -12.4915 19.552
6 234.689 176.128 -12.3636 19.4807
6.025 228.932 171.244 -12.231 19.4096
6.05 223.235 166.427 -12.0941 19.3386
6.075 217.603 161.678 -11.9529 19.2679
6.1 212.039 157.001 -11.8076 19.1973
6.125 206.545 152.398 -11.6585 19.1269
6.15 201.125 147.872 -11.5057 19.0567
6.175 195.78 143.424 -11.3495 18.9867
6.2 190.514 139.056 -11.19 18.917
6.225 185.327 134.77 -11.0275 18.8476
6.25 180.223 130.568 -10.8622 18.7783
6.275 175.204 126.451 -10.6943 18.7094
6.3 170.271 122.42 -10.5242 18.6407
6.325 165.425 118.476 -10.3519 18.5723
6.35 160.668 114.619 -10.1778 18.5041
6.375 156 110.851 -10.002 18.4363
6.4 151.424 107.171 -9.82483 18.3687
6.425 146.939 103.581 -9.64651 18.3015
6.45 142.547 100.079 -9.46725 18.2346
6.475 138.247 96.667 -9.28729 18.168
6.5 134.041 93.3433 -9.10683 18.1017
6.525 129.928 90.1081 -8.92611 18.0357
6.55 125.908 86.9608 -8.74532 17.9701
6.575 121.982 83.9008 -8.56468 17.9048
6.6 118.149 80.9275 -8.38439 17.8398
6.625 114.409 78.0399 -8.20465 17.7752
6.65 110.761 75.2375 -8.02564 17.7109
6.675 107.205 72.5184 -7.84753 17.647
6.7 103.74 69.8821 -7.67051 17.5835
6.725 100.365 67.3271 -7.49474 17.5202
6.75 97.0795 64.8522 -7.32037 17.4574
6.775 93.8826 62.456 -7.14755 17.3949
6.8 90.7731 60.1372 -6.97641 17.3327
6.825 87.7498 57.8942 -6.8071 17.2709
6.85 84.8117 55.7255 -6.63973 17.2095
6.875 81.9574 53.6296 -6.47442 17.1484
6.9 79.1856 51.6048 -6.31127 17.0877
6.925 76.4949 49.6495 -6.15038 17.0274
6.95 73.8839 47.7621 -5.99184 16.9674
6.975 71.3512 45.9408 -5.83572 16.9078
7 68.8953 44.1839 -5.6821 16.8485
7.025 66.5146 42.4899 -5.53105 16.7896
7.05 64.2076 40.8569 -5.38261 16.7311
7.075 61.9727 39.2832 -5.23685 16.6729
7.1 59.8083 37.7672 -5.09379 16.6151
7.125 57.7128 36.3072 -4.95348 16.5576
7.15 55.6846 34.9014 -4.81595 16.5005
7.175 53.722 33.5483 -4.68121 16.4438
7.2 51.8235 32.2461 -4.54928 16.3874
7.225 49.9874 30.9932 -4.42018 16.3313
7.25 48.2121 29.788 -4.2939 16.2757
7.275 46.4961 28.6291 -4.17045 16.2203
7.3 44.8376 27.5147 -4.04982 16.1653
7.325 43.2351 26.4433 -3.93199 16.1107
7.35 41.6871 25.4136 -3.81697 16.0563
7.375 40.192 24.424 -3.70472 16.0024
7.4 38.7482 23.473 -3.59522 15.9488
7.425 37.3543 22.5594 -3.48846 15.8955
7.45 36.0087 21.6817 -3.3844 15.8425
7.475 34.7101 20.8386 -3.28301 15.7899
7.5 33.4569 20.0288 -3.18426 15.7376
7.525 32.2478 19.2512 -3.08811 15.6856
7.55 31.0814 18.5044 -2.99452 15.634
7.575 29.9563 17.7873 -2.90345 15.5827
7.6 28.8712 17.0988 -2.81487 15.5317
7.625 27.8248 16.4376 -2.72872 15.481
7.65 26.8158 15.8029 -2.64498 15.4307
7.675 25.8431 15.1935 -2.56358 15.3806
7.7 24.9054 14.6085 -2.48448 15.3309
7.725 24.0015 14.0469 -2.40763 15.2815
7.75 23.1304 13.5078 -2.33301 15.2324
7.775 22.2908 12.9902 -2.26055 15.1836
7.8 21.4818 12.4934 -2.1902 15.1351
7.825 20.7022 12.0164 -2.12193 15.0869
7.85 19.9511 11.5586 -2.05567 15.039
7.875 19.2275 11.119 -1.99139 14.9914
7.9 18.5304 10.697 -1.92904 14.9441
7.925 17.8588 10.2919 -1.86857 14.8971
7.95 17.212 9.90299 -1.80993 14.8503
7.975 16.5889 9.5296 -1.75308 14.8039
8 15.9888 9.1711 -1.69797 14.7577
8.025 15.4109 8.8269 -1.64456 14.7119
8.05 14.8543 8.49642 -1.5928 14.6663
8.075 14.3184 8.1791 -1.54265 14.6209
8.1 13.8022 7.8744 -1.49406 14.5759
8.125 13.3053 7.58182 -1.447 14.5311
8.15 12.8267 7.30086 -1.40142 14.4866
8.175 12.366 7.03105 -1.35728 14.4424
8.2 11.9223 6.77195 -1.31454 14.3984
8.225 11.4952 6.52312 -1.27316 14.3547
8.25 11.084 6.28413 -1.2331 14.3113
8.275 10.6881 6.05459 -1.19432 14.2681
8.3 10.307 5.83412 -1.15679 14.2252
8.325 9.94008 5.62236 -1.12047 14.1825
8.35 9.58686 5.41895 -1.08533 14.1401
8.375 9.24684 5.22355 -1.05132 14.0979
8.4 8.91952 5.03584 -1.01842 14.056
8.425 8.60443 4.85552 -0.986589 14.0143
8.45 8.30112 4.68227 -0.955799 13.9729
8.475 8.00915 4.51582 -0.926018 13.9317
8.5 7.7281 4.3559 -0.897214 13.8908
8.525 7.45755 4.20223 -0.869357 13.8501
8.55 7.19712 4.05458 -0.842417 13.8096
8.575 6.94643 3.91268 -0.816365 13.7694
8.6 6.70511 3.77632 -0.791174 13.7294
8.625 6.47281 3.64527 -0.766816 13.6896
8.65 6.24919 3.51931 -0.743265 13.65
8.675 6.03391 3.39824 -0.720495 13.6107
8.7 5.82667 3.28186 -0.698481 13.5716
8.725 5.62717 3.16996 -0.677197 13.5328
8.75 5.43509 3.0624 -0.65662 13.4941
8.775 5.25017 2.95898 -0.636727 13.4557
8.8 5.07213 2.85954 -0.617495 13.4175
8.825 4.90071 2.76391 -0.598901 13.3795
8.85 4.73564 2.67194 -0.580925 13.3417
8.875 4.5767 2.58347 -0.563545 13.3041
8.9 4.42364 2.49838 -0.546742 13.2668
8.925 4.27623 2.4165 -0.530494 13.2296
8.95 4.13427 2.33772 -0.514784 13.1927
8.975 3.99752 2.2619 -0.499593 13.1559
9 3.8658 2.18893 -0.484902 13.1194
9.025 3.73891 2.11868 -0.470693 13.0831
9.05 3.61666 2.05105 -0.456951 13.0469
9.075 3.49887 1.98592 -0.443657 13.011
9.1 3.38536 1.92319 -0.430797 12.9753
9.125 3.27597 1.86276 -0.418355 12.9397
9.15 3.17054 1.80454 -0.406315 12.9044
9.175 3.0689 1.74842 -0.394662 12.8692
9.2 2.97092 1.69433 -0.383384 12.8343
9.225 2.87644 1.64219 -0.372466 12.7995
9.25 2.78533 1.5919 -0.361895 12.7649
9.275 2.69745 1.54339 -0.351658 12.7305
9.3 2.61269 1.49658 -0.341744 12.6963
9.325 2.53091 1.45142 -0.332139 12.6622
9.35 2.452 1.40781 -0.322833 12.6284
9.375 2.37584 1.36571 -0.313815 12.5947
9.4 2.30234 1.32505 -0.305074 12.5612
9.425 2.23137 1.28576 -0.2966 12.5279
9.45 2.16285 1.2478 -0.288384 12.4948
9.475 2.09668 1.21111 -0.280414 12.4618
9.5 2.03277 1.17563 -0.272684 12.429
9.525 1.97103 1.14132 -0.265185 12.3964
9.55 1.91137 1.10813 -0.257907 12.364
9.575 1.85371 1.07602 -0.250844 12.3317
9.6 1.79799 1.04493 -0.243987 12.2996
9.625 1.74412 1.01484 -0.23733 12.2676
9.65 1.69204 0.985699 -0.230865 12.2358
9.675 1.64167 0.957478 -0.224586 12.2042
9.7 1.59296 0.930136 -0.218487 12.1728
9.725 1.54583 0.903645 -0.212562 12.1415
9.75 1.50025 0.87797 -0.206805 12.1104
9.775 1.45613 0.853084 -0.201211 12.0794
9.8 1.41345 0.828958 -0.195775 12.0486
9.825 1.37213 0.805565 -0.190491 12.0179
9.85 1.33214 0.78288 -0.185356 11.9874
9.875 1.29342 0.760879 -0.180365 11.9571
9.9 1.25594 0.739539 -0.175512 11.9269
9.925 1.21965 0.718838 -0.170796 11.8968
9.95 1.1845 0.698756 -0.166211 11.8669
9.975 1.15047 0.679273 -0.161755 11.8372
10 1.1175 0.660371 -0.157422 11.8076
10.025 1.08557 0.642031 -0.153212 11.7782
10.05 1.05465 0.624238 -0.149119 11.7489
10.075 1.02469 0.606975 -0.145141 11.7197
10.1 0.995676 0.590227 -0.141275 11.6907
10.125 0.967566 0.573978 -0.137519 11.6618
10.15 0.940336 0.558215 -0.133869 11.6331
10.175 0.913956 0.542924 -0.130323 11.6045
10.2 0.888401 0.528092 -0.126878 11.5761
10.225 0.863644 0.513707 -0.123532 11.5478
10.25 0.839662 0.499756 -0.120283 11.5196
10.275 0.816429 0.486228 -0.117127 11.4916
10.3 0.793924 0.473111 -0.114064 11.4637
10.325 0.772123 0.460395 -0.11109 11.436
10.35 0.751006 0.448068 -0.108204 11.4083
10.375 0.730551 0.43612 -0.105404 11.3808
10.4 0.710739 0.424542 -0.102686 11.3535
10.425 0.69155 0.413323 -0.10005 11.3263
10.45 0.672966 0.402453 -0.0974933 11.2992
10.475 0.654967 0.391924 -0.0950138 11.2722
10.5 0.637537 0.381726 -0.0926097 11.2454
10.525 0.620658 0.37185 -0.0902791 11.2186
10.55 0.604313 0.362286 -0.0880201 11.1921
10.575 0.588486 0.353028 -0.0858309 11.1656
10.6 0.573162 0.344065 -0.0837095 11.1393
10.625 0.558324 0.33539 -0.0816543 11.1131
10.65 0.543958 0.326993 -0.0796633 11.087
10.675 0.530049 0.318869 -0.077735 11.061
10.7 0.516583 0.311007 -0.0758674 11.0352
10.725 0.503546 0.303401 -0.0740589 11.0094
10.75 0.490925 0.296042 -0.0723077 10.9838
10.775 0.478705 0.288923 -0.0706123 10.9584
10.8 0.466876 0.282037 -0.0689708 10.933
10.825 0.455421 0.275376 -0.0673818 10.9077
10.85 0.444331 0.268933 -0.0658435 10.8826
10.875 0.433594 0.262701 -0.0643543 10.8576
10.9 0.423197 0.256672 -0.0629126 10.8327
10.925 0.413128 0.25084 -0.0615169 10.8079
10.95 0.403378 0.245198 -0.0601655 10.7832
10.975 0.393933 0.23974 -0.058857 10.7587
11 0.384785 0.234457 -0.0575898 10.7342
11.025 0.375922 0.229344 -0.0563623 10.7099
11.05 0.367333 0.224395 -0.0551733 10.6856
11.075 0.35901 0.219603 -0.0540212 10.6615
11.1 0.350941 0.214962 -0.0529044 10.6375
11.125 0.343118 0.210465 -0.0518217 10.6136
11.15 0.335531 0.206107 -0.0507716 10.5898
11.175 0.328171 0.201882 -0.0497527 10.5661
11.2 0.321028 0.197784 -0.0487637 10.5425
11.225 0.314095 0.193806 -0.0478034 10.519
11.25 0.307363 0.189944 -0.0468701 10.4957
11.275 0.300824 0.186193 -0.0459628 10.4724
11.3 0.294469 0.182546 -0.0450802 10.4492
11.325 0.288291 0.179 -0.0442211 10.4262
11.35 0.282282 0.175547 -0.0433843 10.4032
11.375 0.276435 0.172185 -0.0425687 10.3803
11.4 0.270743 0.168907 -0.0417731 10.3576
11.425 0.265199 0.16571 -0.0409965 10.3349
11.45 0.259797 0.162589 -0.0402378 10.3123
11.475 0.25453 0.15954 -0.0394961 10.2899
11.5 0.249393 0.156558 -0.0387703 10.2675
11.525 0.244378 0.153641 -0.0380596 10.2452
11.55 0.239481 0.150784 -0.0373631 10.2231
11.575 0.234697 0.147983 -0.03668 10.201
11.6 0.230021 0.145236 -0.0360094 10.179
11.625 0.225447 0.14254 -0.0353508 10.1571
11.65 0.220972 0.139891 -0.0347033 10.1353
11.675 0.21659 0.137287 -0.0340664 10.1136
11.7 0.212299 0.134725 -0.0334396 10.092
11.725 0.208094 0.132204 -0.0328222 10.0705
11.75 0.203972 0.129721 -0.0322137 10.0491
11.775 0.199929 0.127274 -0.0316139 10.0277
11.8 0.195963 0.124862 -0.0310222 10.0065
11.825 0.192071 0.122483 -0.0304383 9.98531
11.85 0.188251 0.120136 -0.029862 9.96425
11.875 0.184499 0.11782 -0.029293 9.94327
11.9 0.180815 0.115534 -0.0287311 9.92238
11.925 0.177195 0.113278 -0.0281762 9.90158
11.95 0.173639 0.11105 -0.0276281 9.88087
11.975 0.170145 0.108851 -0.0270867 9.86024
12 0.166712 0.10668 -0.026552 9.8397
12.025 0.163338 0.104537 -0.0260242 9.81924
12.05 0.160023 0.102423 -0.0255031 9.79887
12.075 0.156766 0.100335 -0.0249884 9.77858
12.1 0.153566 0.0982763 -0.0244807 9.75838
12.125 0.150422 0.0962465 -0.0239798 9.73826
12.15 0.147335 0.0942458 -0.023486 9.71822
12.175 0.144303 0.0922747 -0.0229994 9.69826
12.2 0.141327 0.0903335 -0.02252 9.67839
12.225 0.138406 0.088423 -0.022048 9.6586
12.25 0.13554 0.0865436 -0.0215836 9.63889
12.275 0.132729 0.084696 -0.0211268 9.61926
12.3 0.129973 0.0828808 -0.020678 9.5997
12.325 0.127273 0.0810987 -0.0202372 9.58023
12.35 0.124628 0.0793501 -0.0198045 9.56084
12.375 0.122037 0.0776368 -0.0193803 9.54152
12.4 0.119502 0.0759573 -0.0189646 9.52229
12.425 0.117022 0.0743123 -0.0185578 9.50313
12.45 0.114597 0.0727041 -0.0181595 9.48405
12.475 0.112228 0.0711323 -0.01777 9.46504
12.5 0.109914 0.0695972 -0.0173897 9.44611
12.525 0.107655 0.0680994 -0.0170185 9.42725
12.55 0.105451 0.0666391 -0.0166566 9.40848
12.575 0.103303 0.0652166 -0.016304 9.38977
12.6 0.101209 0.0638321 -0.0159607 9.37114
12.625 0.0991702 0.0624858 -0.0156268 9.35258
12.65 0.0971859 0.0611778 -0.0153024 9.3341
12.675 0.095256 0.0599082 -0.0149874 9.31569
12.7 0.09338 0.0586769 -0.0146819 9.29735
12.725 0.0915577 0.0574838 -0.0143858 9.27909
12.75 0.0897888 0.0563289 -0.0140992 9.26089
12.775 0.0880725 0.055212 -0.0138219 9.24277
12.8 0.0864084 0.0541328 -0.0135539 9.22472
12.825 0.0847958 0.0530911 -0.0132953 9.20673
12.85 0.0832346 0.0520865 -0.0130457 9.18882
12.875 0.0817238 0.0511186 -0.0128053 9.17098
12.9 0.0802629 0.050187 -0.0125739 9.15321
12.925 0.078851 0.0492913 -0.0123513 9.1355
12.95 0.0774876 0.0484308 -0.0121375 9.11787
12.975 0.0761715 0.0476052 -0.0119323 9.1003
13 0.0749019 0.0468137 -0.0117355 9.0828
13.025 0.073678 0.0460558 -0.0115471 9.06536
13.05 0.072499 0.0453308 -0.0113669 9.048
13.075 0.0713639 0.044638 -0.0111946 9.0307
13.1 0.0702717 0.0439766 -0.0110301 9.01346
13.125 0.0692212 0.043346 -0.0108732 8.9963
13.15 0.0682115 0.0427452 -0.0107237 8.97919
13.175 0.0672415 0.0421735 -0.0105815 8.96215
13.2 0.06631 0.0416301 -0.0104463 8.94518
13.225 0.0654158 0.0411141 -0.0103178 8.92827
13.25 0.0645579 0.0406245 -0.010196 8.91143
13.275 0.0637349 0.0401604 -0.0100804 8.89464
13.3 0.0629457 0.0397209 -0.00997101 8.87792
13.325 0.0621889 0.039305 -0.00986744 8.86127
13.35 0.0614635 0.0389117 -0.00976948 8.84467
13.375 0.0607674 0.03854 -0.00967687 8.82814
13.4 0.0601006 0.0381888 -0.00958944 8.81167
13.425 0.0594606 0.0378571 -0.00950676 8.79526
13.45 0.0588467 0.037544 -0.00942863 8.77891
13.475 0.0582571 0.0372479 -0.00935479 8.76263
13.5 0.0576906 0.0369678 -0.00928494 8.7464
13.525 0.0571458 0.0367027 -0.00921881 8.73023
13.55 0.0566213 0.0364515 -0.00915611 8.71412
13.575 0.0561156 0.0362128 -0.00909654 8.69808
13.6 0.0556273 0.0359857 -0.00903981 8.68209
13.625 0.0551551 0.0357688 -0.00898563 8.66616
13.65 0.0546975 0.035561 -0.00893371 8.65028
13.675 0.0542531 0.0353611 -0.00888375 8.63447
13.7 0.0538205 0.035168 -0.00883545 8.61871
13.725 0.0533984 0.03498 -0.00878843 8.60302
13.75 0.0529852 0.0347968 -0.00874259 8.58737
13.775 0.0525799 0.0346169 -0.00869755 8.57179
13.8 0.052181 0.0344391 -0.00865303 8.55626
13.825 0.0517872 0.0342623 -0.00860875 8.54079
13.85 0.0513974 0.0340854 -0.00856445 8.52537
13.875 0.0510104 0.0339075 -0.00851987 8.51001
13.9 0.0506249 0.0337275 -0.00847476 8.4947
13.925 0.0502398 0.0335444 -0.00842889 8.47945
13.95 0.0498543 0.0333573 -0.00838201 8.46426
13.975 0.049467 0.0331654 -0.00833393 8.44912
14 0.0490772 0.0329679 -0.00828442 8.43403
14.025 0.048684 0.0327638 -0.00823331 8.41899
14.05 0.0482864 0.0325529 -0.00818043 8.40401
14.075 0.047884 0.0323341 -0.00812562 8.38909
14.1 0.0474759 0.032107 -0.00806872 8.37421
14.125 0.0470616 0.031871 -0.00800963 8.35939
14.15 0.0466403 0.0316257 -0.00794822 8.34462
14.175 0.0462117 0.0313709 -0.00788439 8.3299
14.2 0.0457755 0.0311062 -0.00781811 8.31524
14.225 0.0453313 0.0308314 -0.0077493 8.30063
14.25 0.0448789 0.0305462 -0.00767793 8.28606
14.275 0.0444181 0.0302507 -0.00760397 8.27155
14.3 0.0439488 0.0299448 -0.00752743 8.25709
14.325 0.0434711 0.0296286 -0.00744832 8.24268
14.35 0.0429851 0.0293023 -0.00736667 8.22832
14.375 0.0424908 0.028966 -0.00728253 8.21401
14.4 0.0419884 0.0286199 -0.00719598 8.19975
14.425 0.0414782 0.0282645 -0.00710708 8.18554
14.45 0.0409606 0.0279001 -0.00701595 8.17138
14.475 0.0404358 0.0275271 -0.00692268 8.15726
14.5 0.0399045 0.0271461 -0.00682739 8.1432
14.525 0.039367 0.0267575 -0.00673023 8.12918
14.55 0.0388239 0.026362 -0.00663134 8.11522
14.575 0.0382758 0.0259601 -0.00653086 8.1013
14.6 0.0377233 0.0255526 -0.00642897 8.08743
14.625 0.0371671 0.02514 -0.00632583 8.0736
14.65 0.0366078 0.0247232 -0.00622163 8.05982
14.675 0.0360462 0.0243029 -0.00611653 8.04609
14.7 0.0354831 0.0238797 -0.00601074 8.03241
14.725 0.0349192 0.0234545 -0.00590443 8.01877
14.75 0.0343552 0.023028 -0.0057978 8.00518
14.775 0.033792 0.022601 -0.00569109 7.99164
14.8 0.0332303 0.0221743 -0.0055844 7.97814
14.825 0.0326709 0.0217486 -0.00547795 7.96468
14.85 0.0321146 0.0213249 -0.00537194 7.95127
14.875 0.0315621 0.020903 -0.00526649 7.93791
14.9 0.0310142 0.0204853 -0.00516192 7.92459
14.925 0.0304718 0.0200711 -0.00505832 7.91132
14.95 0.0299354 0.0196613 -0.00495586 7.89809
14.975 0.0294058 0.019257 -0.00485472 7.8849
15 0.0288837 0.0188587 -0.00475504 7.87176
15.025 0.0283698 0.0184668 -0.00465699 7.85866
15.05 0.0278647 0.018082 -0.00456071 7.84561
15.075 0.0273691 0.0177049 -0.00446633 7.8326
15.1 0.0268834 0.017336 -0.00437397 7.81963
15.125 0.0264082 0.0169756 -0.00428376 7.80671
15.15 0.0259441 0.0166244 -0.00419581 7.79382
15.175 0.0254916 0.0162828 -0.00411023 7.78098
15.2 0.0250511 0.0159508 -0.00402713 7.76819
15.225 0.024623 0.0156291 -0.00394654 7.75543
15.25 0.0242077 0.015318 -0.00386857 7.74272
15.275 0.0238055 0.0150174 -0.00379326 7.73004
15.3 0.0234169 0.0147281 -0.00372074 7.71741
15.325 0.023042 0.01445 -0.00365103 7.70482
15.35 0.0226812 0.0141833 -0.00358417 7.69227
15.375 0.0223346 0.0139282 -0.00352021 7.67977
15.4 0.0220025 0.0136849 -0.00345918 7.6673
15.425 0.0216851 0.0134534 -0.00340111 7.65487
15.45 0.0213824 0.0132338 -0.00334602 7.64249
15.475 0.0210946 0.0130263 -0.00329393 7.63014
15.5 0.0208218 0.0128307 -0.00324484 7.61783
15.525 0.0205641 0.0126472 -0.00319878 7.60557
15.55 0.0203214 0.0124758 -0.00315573 7.59334
15.575 0.0200939 0.0123164 -0.0031157 7.58115
15.6 0.0198815 0.0121691 -0.00307867 7.569
15.625 0.0196841 0.0120337 -0.00304465 7.55689
15.65 0.0195018 0.0119102 -0.00301361 7.54482
15.675 0.0193345 0.0117985 -0.00298554 7.53279
15.7 0.019182 0.0116987 -0.00296042 7.52079
15.725 0.0190444 0.0116105 -0.00293822 7.50883
15.75 0.0189214 0.0115338 -0.00291893 7.49692
15.775 0.018813 0.0114686 -0.00290251 7.48503
15.8 0.0187191 0.0114148 -0.00288894 7.47319
15.825 0.0186393 0.0113721 -0.00287817 7.46139
15.85 0.0185736 0.0113405 -0.00287018 7.44962
15.875 0.0185217 0.0113198 -0.00286493 7.43789
15.9 0.0184835 0.0113099 -0.00286238 7.42619
15.925 0.0184587 0.0113105 -0.00286248 7.41453
15.95 0.0184471 0.0113216 -0.00286519 7.40291
15.975 0.0184483 0.0113428 -0.00287046 7.39133
16 0.0184622 0.011374 -0.00287825 7.37978
16.025 0.0184885 0.0114151 -0.00288849 7.36826
16.05 0.0185268 0.0114657 -0.00290114 7.35679
16.075 0.0185768 0.0115256 -0.00291613 7.34535
16.1 0.0186382 0.0115946 -0.00293339 7.33394
16.125 0.0187106 0.0116725 -0.00295287 7.32257
16.15 0.0187937 0.0117589 -0.0029745 7.31123
16.175 0.018887 0.0118536 -0.0029982 7.29993
16.2 0.0189902 0.0119562 -0.00302389 7.28867
16.225 0.0191027 0.0120665 -0.0030515 7.27744
16.25 0.0192243 0.0121841 -0.00308094 7.26624
16.275 0.0193544 0.0123086 -0.00311213 7.25508
16.3 0.0194925 0.0124398 -0.00314497 7.24395
16.325 0.0196383 0.0125772 -0.00317936 7.23286
16.35 0.019791 0.0127204 -0.00321522 7.2218
16.375 0.0199505 0.0128691 -0.00325243 7.21077
16.4 0.0201157 0.0130227 -0.00329089 7.19978
16.425 0.0202864 0.013181 -0.00333056 7.18882
16.45 0.0204621 0.0133433 -0.00337119 7.1779
16.475 0.0206421 0.0135094 -0.00341267 7.16701
16.5 0.0208258 0.0136788 -0.00345501 7.15615
16.525 0.0210126 0.0138507 -0.00349801 7.14532
16.55 0.0212019 0.0140248 -0.00354155 7.13453
16.575 0.0213932 0.0142004 -0.00358551 7.12377
16.6 0.0215857 0.0143773 -0.00362976 7.11304
16.625 0.0217789 0.014555 -0.00367417 7.10234
16.65 0.0219721 0.0147327 -0.0037186 7.09168
16.675 0.0221647 0.01491 -0.00376292 7.08105
16.7 0.0223561 0.0150864 -0.003807 7.07045
16.725 0.0225455 0.0152613 -0.00385069 7.05988
16.75 0.0227325 0.0154342 -0.00389388 7.04934
16.775 0.0229163 0.0156046 -0.00393642 7.03883
16.8 0.0230963 0.0157718 -0.00397818 7.02836
16.825 0.023272 0.0159355 -0.00401902 7.01792
16.85 0.0234427 0.016095 -0.00405883 7.0075
16.875 0.0236078 0.0162498 -0.00409746 6.99712
16.9 0.0237667 0.0163996 -0.00413481 6.98677
16.925 0.0239189 0.0165437 -0.00417073 6.97645
16.95 0.0240638 0.0166817 -0.00420512 6.96616
16.975 0.0242009 0.0168131 -0.00423786 6.9559
17 0.0243297 0.0169375 -0.00426884 6.94567
17.025 0.0244497 0.0170545 -0.00429796 6.93547
17.05 0.0245603 0.0171637 -0.0043251 6.9253
17.075 0.0246613 0.0172646 -0.00435018 6.91517
17.1 0.0247521 0.0173569 -0.00437311 6.90506
17.125 0.0248323 0.0174404 -0.00439386 6.89497
17.15 0.0249017 0.0175145 -0.00441223 6.88492
17.175 0.0249598 0.0175791 -0.0044282 6.8749
17.2 0.0250063 0.0176342 -0.00444172 6.86491
17.225 0.025041 0.0176791 -0.00445273 6.85495
17.25 0.0250638 0.0177137 -0.00446113 6.84501
17.275 0.0250741 0.0177378 -0.00446697 6.83511
17.3 0.0250719 0.0177515 -0.00447016 6.82523
17.325 0.0250571 0.0177544 -0.00447067 6.81538
17.35 0.0250296 0.0177464 -0.00446848 6.80556
17.375 0.0249892 0.0177277 -0.00446357 6.79577
17.4 0.0249359 0.0176981 -0.00445593 6.786
17.425 0.0248697 0.0176577 -0.00444556 6.77627
17.45 0.0247905 0.0176063 -0.00443247 6.76656
17.475 0.0246984 0.0175442 -0.00441667 6.75688
17.5 0.0245936 0.0174713 -0.00439817 6.74723
17.525 0.024476 0.0173878 -0.004377 6.7376
17.55 0.0243458 0.0172937 -0.0043532 6.728
17.575 0.0242031 0.0171893 -0.0043268 6.71843
17.6 0.0240483 0.0170748 -0.00429785 6.70889
17.625 0.0238814 0.0169502 -0.00426639 6.69937
17.65 0.0237027 0.0168159 -0.00423249 6.68988
17.675 0.0235124 0.0166721 -0.0041962 6.68042
17.7 0.0233109 0.016519 -0.00415759 6.67099
17.725 0.0230985 0.016357 -0.00411673 6.66158
17.75 0.0228754 0.0161863 -0.0040737 6.65219
17.775 0.0226421 0.0160072 -0.00402857 6.64284
17.8 0.0223988 0.0158202 -0.00398143 6.63351
17.825 0.022146 0.0156255 -0.00393236 6.6242
17.85 0.0218841 0.0154234 -0.00388146 6.61493
17.875 0.0216134 0.0152145 -0.00382881 6.60568
17.9 0.0213344 0.014999 -0.00377452 6.59645
17.925 0.0210476 0.0147772 -0.00371867 6.58725
17.95 0.0207533 0.0145497 -0.00366136 6.57808
17.975 0.0204521 0.0143169 -0.0036027 6.56893
18 0.0201443 0.014079 -0.00354278 6.5598
18.025 0.0198304 0.0138365 -0.00348171 6.5507
18.05 0.019511 0.0135899 -0.00341958 6.54163
18.075 0.0191864 0.0133395 -0.00335651 6.53258
18.1 0.0188571 0.0130857 -0.00329258 6.52356
18.125 0.0185236 0.0128289 -0.0032279 6.51456
18.15 0.0181864 0.0125696 -0.00316257 6.50559
18.175 0.0178459 0.0123081 -0.00309669 6.49664
18.2 0.0175026 0.0120448 -0.00303036 6.48772
18.225 0.0171569 0.0117801 -0.00296367 6.47882
18.25 0.0168092 0.0115143 -0.00289671 6.46994
18.275 0.0164601 0.0112479 -0.00282959 6.46109
18.3 0.0161099 0.0109812 -0.00276238 6.45227
18.325 0.015759 0.0107146 -0.00269519 6.44346
18.35 0.0154079 0.0104483 -0.00262807 6.43468
18.375 0.015057 0.0101827 -0.00256113 6.42593
18.4 0.0147066 0.00991812 -0.00249445 6.4172
18.425 0.0143572 0.00965486 -0.00242811 6.40849
18.45 0.014009 0.00939317 -0.00236216 6.39981
18.475 0.0136625 0.00913333 -0.00229666 6.39115
18.5 0.013318 0.00887572 -0.00223171 6.38251
18.525 0.0129757 0.0086206 -0.00216737 6.3739
18.55 0.0126361 0.00836803 -0.00210368 6.36531
18.575 0.0122993 0.00811834 -0.00204073 6.35674
18.6 0.0119658 0.00787173 -0.00197854 6.3482
18.625 0.0116357 0.00762839 -0.00191718 6.33968
18.65 0.0113093 0.0073885 -0.00185669 6.33118
18.675 0.0109868 0.00715226 -0.00179711 6.3227
18.7 0.0106685 0.00691981 -0.00173849 6.31425
18.725 0.0103545 0.0066913 -0.00168086 6.30582
18.75 0.010045 0.00646686 -0.00162425 6.29741
18.775 0.00974031 0.0062466 -0.0015687 6.28903
18.8 0.00944046 0.00603063 -0.00151422 6.28066
18.825 0.00914563 0.00581904 -0.00146086 6.27232
18.85 0.00885596 0.00561191 -0.00140861 6.264
18.875 0.00857155 0.00540932 -0.00135751 6.25571
18.9 0.00829252 0.00521131 -0.00130757 6.24743
18.925 0.00801896 0.00501793 -0.00125879 6.23918
18.95 0.00775094 0.00482923 -0.00121119 6.23095
18.975 0.00748852 0.00464522 -0.00116478 6.22274
19 0.00723177 0.00446592 -0.00111956 6.21455
19.025 0.00698072 0.00429134 -0.00107553 6.20638
19.05 0.0067354 0.00412147 -0.00103269 6.19824
19.075 0.00649583 0.00395629 -0.000991044 6.19012
19.1 0.00626202 0.0037958 -0.000950575 6.18201
19.125 0.00603396 0.00363996 -0.000911282 6.17393
19.15 0.00581165 0.00348872 -0.000873156 6.16587
19.175 0.00559506 0.00334206 -0.000836186 6.15783
19.2 0.00538417 0.00319992 -0.000800359 6.14982
19.225 0.00517893 0.00306225 -0.000765663 6.14182
19.25 0.0049793 0.00292897 -0.000732081 6.13384
19.275 0.00478523 0.00280003 -0.000699597 6.12589
19.3 0.00459665 0.00267535 -0.000668192 6.11795
19.325 0.00441351 0.00255485 -0.000637847 6.11004
19.35 0.00423571 0.00243845 -0.000608539 6.10214
19.375 0.00406319 0.00232606 -0.000580251 6.09427
19.4 0.00389586 0.0022176 -0.000552957 6.08642
19.425 0.00373364 0.00211295 -0.000526634 6.07858
19.45 0.00357642 0.00201204 -0.000501258 6.07077
19.475 0.00342411 0.00191476 -0.000476802 6.06298
19.5 0.0032766 0.00182099 -0.000453242 6.0552
19.525 0.00313379 0.00173064 -0.00043055 6.04745
19.55 0.00299558 0.00164359 -0.000408698 6.03972
19.575 0.00286183 0.00155972 -0.000387659 6.032
19.6 0.00273245 0.00147893 -0.000367403 6.02431
19.625 0.00260732 0.00140109 -0.000347902 6.01664
19.65 0.0024863 0.00132608 -0.000329124 6.00898
19.675 0.00236929 0.00125378 -0.00031104 6.00135
19.7 0.00225615 0.00118405 -0.000293618 5.99373
19.725 0.00214676 0.00111677 -0.000276826 5.98613
19.75 0.00204099 0.00105181 -0.000260631 5.97856
19.775 0.00193871 0.000989016 -0.000245001 5.971
19.8 0.0018398 0.00092826 -0.0002299 5.96346
19.825 0.00174412 0.000869394 -0.000215295 5.95594
19.85 0.00165154 0.000812266 -0.000201148 5.94844
19.875 0.00156193 0.000756723 -0.000187424 5.94095
19.9 0.00147515 0.000702603 -0.000174084 5.93349
19.925 0.00139106 0.000649742 -0.000161089 5.92605
19.95 0.00130954 0.000597958 -0.000148397 5.91862
19.975 0.00123046 0.000547105 -0.000135973 5.91121
20 0.00115362 0.000496892 -0.000123751 5.90382
