0 476.984 391.606 -3.18722 9.9727
0.025 476.984 391.606 -3.18722 9.9727
0.05 476.629 391.051 -3.18306 9.97197
0.075 476.437 390.869 -3.18184 9.97099
0.1 476.176 390.629 -3.18027 9.96961
0.125 475.856 390.349 -3.17848 9.96786
0.15 475.472 390.015 -3.1764 9.96572
0.175 475.023 389.628 -3.17403 9.9632
0.2 474.51 389.187 -3.17138 9.96029
0.225 473.934 388.693 -3.16848 9.957
0.25 473.291 388.145 -3.16535 9.95332
0.275 472.593 387.545 -3.16204 9.94927
0.3 471.84 386.895 -3.15856 9.94483
0.325 471.025 386.195 -3.15498 9.94002
0.35 470.157 385.445 -3.15133 9.93484
0.375 469.233 384.653 -3.1476 9.92928
0.4 468.262 383.818 -3.14393 9.92335
0.425 467.243 382.94 -3.14033 9.91705
0.45 466.178 382.023 -3.13685 9.91038
0.475 465.071 381.068 -3.13354 9.90336
0.5 463.924 380.078 -3.13045 9.89597
0.525 462.74 379.055 -3.12764 9.88822
0.55 461.522 378.001 -3.12517 9.88012
0.575 460.273 376.92 -3.12309 9.87166
0.6 458.996 375.813 -3.12146 9.86285
0.625 457.694 374.683 -3.12033 9.8537
0.65 456.37 373.533 -3.11976 9.8442
0.675 455.026 372.365 -3.1198 9.83437
0.7 453.667 371.182 -3.12051 9.82419
0.725 452.296 369.987 -3.12195 9.81368
0.75 450.914 368.779 -3.12415 9.80284
0.775 449.526 367.567 -3.12718 9.79167
0.8 448.135 366.35 -3.13105 9.78018
0.825 446.742 365.132 -3.13589 9.76836
0.85 445.352 363.914 -3.14167 9.75623
0.875 443.967 362.699 -3.14846 9.74378
0.9 442.589 361.49 -3.15628 9.73101
0.925 441.222 360.289 -3.16519 9.71794
0.95 439.868 359.098 -3.17521 9.70456
0.975 438.528 357.919 -3.18637 9.69087
1 437.207 356.755 -3.1987 9.67688
1.025 435.904 355.607 -3.21222 9.6626
1.05 434.624 354.478 -3.22695 9.64802
1.075 433.367 353.369 -3.24291 9.63314
1.1 432.135 352.281 -3.26011 9.61797
1.125 430.929 351.217 -3.27856 9.60252
1.15 429.752 350.177 -3.29827 9.58677
1.175 428.604 349.163 -3.31923 9.57075
1.2 427.487 348.176 -3.34145 9.55444
1.225 426.4 347.217 -3.36491 9.53785
1.25 425.345 346.286 -3.38962 9.52098
1.275 424.322 345.384 -3.41555 9.50383
1.3 423.332 344.512 -3.44269 9.48641
1.325 422.373 343.669 -3.47102 9.46871
1.35 421.448 342.857 -3.50052 9.45074
1.375 420.555 342.074 -3.53116 9.4325
1.4 419.693 341.321 -3.56292 9.41399
1.425 418.861 340.597 -3.59573 9.39521
1.45 418.06 339.902 -3.62959 9.37617
1.475 417.288 339.234 -3.66446 9.35685
1.5 416.543 338.593 -3.70028 9.33727
1.525 415.824 337.98 -3.73702 9.31742
1.55 415.129 337.39 -3.77465 9.29731
1.575 414.458 336.825 -3.81307 9.27693
1.6 413.807 336.279 -3.85226 9.25629
1.625 413.174 335.753 -3.89216 9.23538
1.65 412.558 335.243 -3.93272 9.21421
1.675 411.957 334.752 -3.97388 9.19278
1.7 411.366 334.274 -4.01556 9.17108
1.725 410.784 333.807 -4.05774 9.14912
1.75 410.207 333.351 -4.10034 9.12689
1.775 409.634 332.902 -4.1433 9.1044
1.8 409.061 332.458 -4.18655 9.08165
1.825 408.485 332.016 -4.23003 9.05863
1.85 407.903 331.573 -4.27368 9.03536
1.875 407.311 331.126 -4.31736 9.01181
1.9 406.706 330.673 -4.3612 8.98801
1.925 406.086 330.211 -4.40495 8.96394
1.95 405.445 329.737 -4.44859 8.9396
1.975 404.782 329.248 -4.49207 8.91501
2 404.094 328.74 -4.53532 8.89015
2.025 403.375 328.212 -4.57827 8.86503
2.05 402.624 327.66 -4.62085 8.83964
2.075 401.836 327.081 -4.66301 8.814
2.1 401.009 326.471 -4.70467 8.78809
2.125 400.138 325.829 -4.74577 8.76192
2.15 399.222 325.151 -4.78625 8.73549
2.175 398.255 324.434 -4.82604 8.70881
2.2 397.237 323.676 -4.86509 8.68186
2.225 396.162 322.873 -4.90333 8.65466
2.25 395.029 322.023 -4.9407 8.6272
2.275 393.835 321.123 -4.97713 8.59948
2.3 392.577 320.17 -5.01259 8.57152
2.325 391.252 319.163 -5.04699 8.5433
2.35 389.857 318.099 -5.0803 8.51483
2.375 388.392 316.975 -5.11245 8.48612
2.4 386.852 315.789 -5.14338 8.45716
2.425 385.237 314.539 -5.17306 8.42796
2.45 383.543 313.224 -5.20142 8.39851
2.475 381.771 311.841 -5.22842 8.36883
2.5 379.917 310.389 -5.25401 8.33892
2.525 377.981 308.866 -5.27814 8.30878
2.55 375.961 307.271 -5.30076 8.27841
2.575 373.856 305.602 -5.32184 8.24781
2.6 371.665 303.858 -5.34132 8.217
2.625 369.388 302.039 -5.35917 8.18597
2.65 367.024 300.143 -5.37536 8.15473
2.675 364.572 298.171 -5.38983 8.12328
2.7 362.033 296.12 -5.40256 8.09163
2.725 359.406 293.992 -5.41352 8.05978
2.75 356.692 291.785 -5.42266 8.02774
2.775 353.891 289.5 -5.42997 7.99551
2.8 351.003 287.137 -5.43541 7.9631
2.825 348.03 284.697 -5.43896 7.93052
2.85 344.972 282.179 -5.44059 7.89777
2.875 341.831 279.584 -5.44029 7.86485
2.9 338.607 276.914 -5.43803 7.83177
2.925 335.301 274.169 -5.43379 7.79854
2.95 331.917 271.35 -5.42757 7.76517
2.975 328.454 268.459 -5.41938 7.73165
3 324.915 265.496 -5.40915 7.69801
3.025 321.303 262.464 -5.39691 7.66424
3.05 317.62 259.365 -5.38264 7.63035
3.075 313.867 256.199 -5.36635 7.59636
3.1 310.048 252.97 -5.34804 7.56226
3.125 306.162 249.679 -5.32771 7.52806
3.15 302.217 246.329 -5.30536 7.49377
3.175 298.213 242.922 -5.28102 7.45941
3.2 294.153 239.461 -5.25468 7.42497
3.225 290.04 235.948 -5.22636 7.39046
3.25 285.878 232.386 -5.19608 7.35589
3.275 281.669 228.779 -5.16386 7.32128
3.3 277.417 225.128 -5.12972 7.28662
3.325 273.124 221.437 -5.09369 7.25193
3.35 268.795 217.71 -5.0558 7.21721
3.375 264.433 213.949 -5.01607 7.18247
3.4 260.041 210.157 -4.97455 7.14772
3.425 255.622 206.339 -4.93126 7.11296
3.45 251.181 202.497 -4.88625 7.07821
3.475 246.72 198.635 -4.83956 7.04347
3.5 242.243 194.756 -4.79123 7.00874
3.525 237.754 190.863 -4.74131 6.97405
3.55 233.256 186.961 -4.68985 6.93939
3.575 228.752 183.053 -4.6369 6.90476
3.6 224.247 179.141 -4.58251 6.87019
3.625 219.743 175.231 -4.52674 6.83567
3.65 215.244 171.324 -4.46965 6.80122
3.675 210.753 167.424 -4.4113 6.76683
3.7 206.274 163.535 -4.35174 6.73252
3.725 201.81 159.66 -4.29105 6.69829
3.75 197.363 155.803 -4.22927 6.66415
3.775 192.938 151.965 -4.16649 6.63011
3.8 188.537 148.151 -4.10276 6.59617
3.825 184.163 144.364 -4.03816 6.56234
3.85 179.818 140.606 -3.97275 6.52862
3.875 175.507 136.881 -3.9066 6.49502
3.9 171.231 133.19 -3.83977 6.46155
3.925 166.993 129.537 -3.77235 6.42821
3.95 162.796 125.924 -3.7044 6.395
3.975 158.641 122.354 -3.63599 6.36194
4 154.532 118.828 -3.56719 6.32902
4.025 150.47 115.35 -3.49808 6.29625
4.05 146.458 111.92 -3.42871 6.26364
4.075 142.497 108.542 -3.35916 6.23119
4.1 138.59 105.216 -3.2895 6.1989
4.125 134.737 101.945 -3.2198 6.16678
4.15 130.941 98.7291 -3.15011 6.13483
4.175 127.203 95.571 -3.08051 6.10306
4.2 123.525 92.4715 -3.01107 6.07146
4.225 119.908 89.4317 -2.94183 6.04005
4.25 116.353 86.4535 -2.87287 6.00882
4.275 112.86 83.5361 -2.80425 5.97778
4.3 109.432 80.6811 -2.73602 5.94693
4.325 106.069 77.8891 -2.66823 5.91627
4.35 102.771 75.1607 -2.60095 5.88581
4.375 99.5387 72.4962 -2.53422 5.85555
4.4 96.3735 69.8959 -2.46809 5.82548
4.425 93.2753 67.36 -2.40262 5.79562
4.45 90.2444 64.8886 -2.33784 5.76596
4.475 87.2811 62.4815 -2.27381 5.7365
4.5 84.3854 60.1387 -2.21056 5.70726
4.525 81.5574 57.86 -2.14812 5.67821
4.55 78.7969 55.6449 -2.08655 5.64938
4.575 76.1039 53.4931 -2.02587 5.62075
4.6 73.478 51.404 -1.96611 5.59234
4.625 70.9189 49.3772 -1.9073 5.56413
4.65 68.4264 47.4118 -1.84947 5.53614
4.675 65.9998 45.5073 -1.79265 5.50836
4.7 63.6386 43.6629 -1.73686 5.48079
4.725 61.3423 41.8776 -1.68211 5.45343
4.75 59.1101 40.1506 -1.62845 5.42628
4.775 56.9414 38.481 -1.57585 5.39935
4.8 54.8354 36.8677 -1.52434 5.37262
4.825 52.7912 35.3097 -1.47394 5.34611
4.85 50.808 33.806 -1.42465 5.31981
4.875 48.8848 32.3554 -1.37648 5.29371
4.9 47.0208 30.9568 -1.32944 5.26783
4.925 45.2149 29.6091 -1.28353 5.24216
4.95 43.4661 28.311 -1.23875 5.21669
4.975 41.7733 27.0614 -1.19509 5.19143
5 40.1355 25.8591 -1.15256 5.16638
5.025 38.5516 24.7028 -1.11116 5.14154
5.05 37.0204 23.5914 -1.07087 5.11689
5.075 35.5408 22.5236 -1.0317 5.09245
5.1 34.1117 21.4981 -0.993622 5.06822
5.125 32.7319 20.5137 -0.956639 5.04418
5.15 31.4002 19.5693 -0.920737 5.02035
5.175 30.1155 18.6636 -0.885903 4.99671
5.2 28.8766 17.7953 -0.852124 4.97327
5.225 27.6823 16.9634 -0.819386 4.95002
5.25 26.5315 16.1665 -0.787674 4.92697
5.275 25.4229 15.4036 -0.75697 4.90412
5.3 24.3554 14.6735 -0.727259 4.88145
5.325 23.3278 13.975 -0.698523 4.85897
5.35 22.339 13.307 -0.670742 4.83668
5.375 21.3878 12.6684 -0.6439 4.81458
5.4 20.4732 12.0583 -0.617975 4.79267
5.425 19.594 11.4754 -0.592948 4.77093
5.45 18.749 10.9188 -0.5688 4.74938
5.475 17.9373 10.3874 -0.545509 4.72801
5.5 17.1577 9.88033 -0.523055 4.70682
5.525 16.4093 9.39659 -0.501418 4.6858
5.55 15.6909 8.93525 -0.480575 4.66496
5.575 15.0015 8.49539 -0.460506 4.6443
5.6 14.3402 8.07614 -0.441191 4.6238
5.625 13.706 7.67665 -0.422607 4.60348
5.65 13.0979 7.29608 -0.404734 4.58332
5.675 12.5151 6.93364 -0.38755 4.56334
5.7 11.9566 6.58854 -0.371036 4.54351
5.725 11.4214 6.26003 -0.35517 4.52385
5.75 10.9089 5.94739 -0.339933 4.50436
5.775 10.4181 5.64992 -0.325303 4.48502
5.8 9.94814 5.36694 -0.311262 4.46584
5.825 9.49833 5.09779 -0.297789 4.44682
5.85 9.06787 4.84186 -0.284865 4.42795
5.875 8.656 4.59853 -0.272472 4.40924
5.9 8.262 4.36723 -0.26059 4.39068
5.925 7.88517 4.14739 -0.249203 4.37227
5.95 7.52482 3.93848 -0.238291 4.35401
5.975 7.18029 3.73998 -0.227837 4.3359
6 6.85094 3.5514 -0.217825 4.31793
6.025 6.53616 3.37227 -0.208238 4.30011
6.05 6.23535 3.20213 -0.19906 4.28243
6.075 5.94794 3.04054 -0.190274 4.26489
6.1 5.67335 2.88709 -0.181867 4.24749
6.125 5.41107 2.74139 -0.173822 4.23023
6.15 5.16057 2.60305 -0.166126 4.2131
6.175 4.92136 2.47171 -0.158765 4.19612
6.2 4.69294 2.34702 -0.151724 4.17926
6.225 4.47487 2.22866 -0.144992 4.16254
6.25 4.26669 2.1163 -0.138555 4.14594
6.275 4.06799 2.00964 -0.1324 4.12948
6.3 3.87834 1.90841 -0.126517 4.11315
6.325 3.69734 1.81231 -0.120894 4.09694
6.35 3.52463 1.72111 -0.11552 4.08085
6.375 3.35984 1.63454 -0.110384 4.06489
6.4 3.20261 1.55237 -0.105476 4.04906
6.425 3.05262 1.47437 -0.100786 4.03334
6.45 2.90953 1.40034 -0.0963047 4.01775
6.475 2.77304 1.33007 -0.0920231 4.00227
6.5 2.64286 1.26337 -0.0879323 3.98691
6.525 2.5187 1.20006 -0.084024 3.97166
6.55 2.40029 1.13995 -0.0802902 3.95654
6.575 2.28737 1.08289 -0.0767231 3.94152
6.6 2.17969 1.02873 -0.0733153 3.92662
6.625 2.07701 0.977298 -0.0700597 3.91183
6.65 1.97911 0.928471 -0.0669495 3.89714
6.675 1.88576 0.88211 -0.0639783 3.88257
6.7 1.79677 0.838089 -0.0611402 3.86811
6.725 1.71192 0.796287 -0.0584283 3.85375
6.75 1.63103 0.75659 -0.0558376 3.83949
6.775 1.55392 0.718896 -0.0533624 3.82534
6.8 1.48041 0.683091 -0.0509976 3.8113
6.825 1.41034 0.649083 -0.0487381 3.79735
6.85 1.34355 0.616782 -0.0465794 3.78351
6.875 1.27989 0.586098 -0.0445167 3.76977
6.9 1.21921 0.55695 -0.0425458 3.75612
6.925 1.16137 0.52926 -0.0406626 3.74258
6.95 1.10625 0.502953 -0.038863 3.72913
6.975 1.05372 0.477959 -0.0371433 3.71577
7 1.00365 0.454211 -0.0354999 3.70251
7.025 0.955933 0.431647 -0.0339294 3.68935
7.05 0.910461 0.410206 -0.0324286 3.67627
7.075 0.867129 0.389831 -0.0309942 3.66329
7.1 0.825836 0.37047 -0.0296233 3.6504
7.125 0.786489 0.352071 -0.028313 3.6376
7.15 0.748996 0.334586 -0.0270607 3.62489
7.175 0.713271 0.317969 -0.0258638 3.61227
7.2 0.679232 0.302176 -0.0247198 3.59974
7.225 0.646801 0.287167 -0.0236264 3.58729
7.25 0.615902 0.272903 -0.0225812 3.57492
7.275 0.586464 0.259347 -0.0215822 3.56265
7.3 0.55842 0.246463 -0.0206273 3.55045
7.325 0.531703 0.234218 -0.0197147 3.53834
7.35 0.506253 0.222581 -0.0188423 3.52631
7.375 0.48201 0.211522 -0.0180085 3.51436
7.4 0.458918 0.201012 -0.0172115 3.50249
7.425 0.436922 0.191024 -0.0164498 3.4907
7.45 0.415973 0.181533 -0.0157217 3.47899
7.475 0.396021 0.172513 -0.0150259 3.46736
7.5 0.377019 0.163943 -0.0143608 3.45581
7.525 0.358922 0.155799 -0.0137253 3.44433
7.55 0.34169 0.148061 -0.0131179 3.43293
7.575 0.325281 0.140709 -0.0125375 3.4216
7.6 0.309656 0.133725 -0.0119827 3.41035
7.625 0.294779 0.12709 -0.0114527 3.39917
7.65 0.280615 0.120787 -0.0109463 3.38807
7.675 0.26713 0.1148 -0.0104624 3.37703
7.7 0.254292 0.109113 -0.0100001 3.36607
7.725 0.242071 0.103712 -0.00955838 3.35518
7.75 0.230438 0.0985823 -0.00913642 3.34436
7.775 0.219365 0.0937107 -0.00873333 3.33361
7.8 0.208826 0.0890847 -0.00834828 3.32293
7.825 0.198795 0.084692 -0.00798049 3.31231
7.85 0.189249 0.0805212 -0.0076292 3.30177
7.875 0.180164 0.0765613 -0.00729368 3.29129
7.9 0.171518 0.0728017 -0.00697324 3.28087
7.925 0.163291 0.0692327 -0.00666722 3.27052
7.95 0.155463 0.0658446 -0.00637498 3.26024
7.975 0.148015 0.0626285 -0.00609591 3.25002
8 0.140928 0.0595757 -0.00582943 3.23987
8.025 0.134186 0.0566782 -0.00557499 3.22978
8.05 0.127771 0.0539279 -0.00533204 3.21975
8.075 0.121669 0.0513176 -0.00510007 3.20978
8.1 0.115863 0.0488402 -0.00487859 3.19987
8.125 0.11034 0.0464889 -0.00466713 3.19003
8.15 0.105087 0.0442572 -0.00446524 3.18025
8.175 0.100089 0.0421392 -0.00427249 3.17052
8.2 0.0953356 0.040129 -0.00408847 3.16086
8.225 0.0908137 0.038221 -0.00391277 3.15125
8.25 0.0865123 0.03641 -0.00374502 3.1417
8.275 0.0824209 0.034691 -0.00358485 3.13221
8.3 0.078529 0.0330592 -0.00343193 3.12278
8.325 0.074827 0.0315101 -0.00328591 3.1134
8.35 0.0713055 0.0300393 -0.00314648 3.10408
8.375 0.0679557 0.0286429 -0.00301333 3.09481
8.4 0.0647692 0.0273169 -0.00288618 3.0856
8.425 0.0617378 0.0260575 -0.00276474 3.07645
8.45 0.058854 0.0248614 -0.00264875 3.06735
8.475 0.0561105 0.0237251 -0.00253796 3.0583
8.5 0.0535002 0.0226455 -0.00243212 3.0493
8.525 0.0510167 0.0216196 -0.002331 3.04036
8.55 0.0486536 0.0206446 -0.00223438 3.03147
8.575 0.046405 0.0197177 -0.00214205 3.02264
8.6 0.044265 0.0188364 -0.0020538 3.01385
8.625 0.0422285 0.0179983 -0.00196945 3.00511
8.65 0.04029 0.0172011 -0.00188881 2.99643
8.675 0.0384449 0.0164425 -0.00181171 2.98779
8.7 0.0366884 0.0157206 -0.00173797 2.97921
8.725 0.0350161 0.0150334 -0.00166745 2.97067
8.75 0.0334238 0.014379 -0.00159998 2.96219
8.775 0.0319075 0.0137557 -0.00153543 2.95375
8.8 0.0304634 0.0131618 -0.00147365 2.94536
8.825 0.0290879 0.0125959 -0.00141452 2.93701
8.85 0.0277776 0.0120563 -0.00135792 2.92872
8.875 0.0265291 0.0115418 -0.00130371 2.92047
8.9 0.0253395 0.011051 -0.0012518 2.91226
8.925 0.0242058 0.0105826 -0.00120207 2.90411
8.95 0.0231251 0.0101355 -0.00115442 2.89599
8.975 0.022095 0.00970865 -0.00110876 2.88793
9 0.0211127 0.0093009 -0.00106499 2.87991
9.025 0.020176 0.00891128 -0.00102303 2.87193
9.05 0.0192827 0.00853889 -0.000982791 2.864
9.075 0.0184305 0.00818283 -0.000944195 2.85611
9.1 0.0176174 0.00784228 -0.000907169 2.84826
9.125 0.0168415 0.00751646 -0.000871641 2.84046
9.15 0.016101 0.00720461 -0.000837544 2.8327
9.175 0.0153942 0.00690608 -0.000804812 2.82498
9.2 0.0147193 0.00662019 -0.000773387 2.8173
9.225 0.0140749 0.00634631 -0.000743211 2.80967
9.25 0.0134594 0.00608388 -0.000714228 2.80207
9.275 0.0128715 0.00583233 -0.000686386 2.79452
9.3 0.0123098 0.00559115 -0.000659636 2.78701
9.325 0.0117731 0.00535987 -0.00063393 2.77954
9.35 0.0112601 0.00513799 -0.000609226 2.7721
9.375 0.0107698 0.00492509 -0.000585479 2.76471
9.4 0.010301 0.00472077 -0.00056265 2.75736
9.425 0.00985283 0.00452463 -0.0005407 2.75005
9.45 0.0094242 0.0043363 -0.000519594 2.74277
9.475 0.00901424 0.00415545 -0.000499297 2.73553
9.5 0.00862208 0.00398175 -0.000479776 2.72833
9.525 0.00824689 0.00381488 -0.000461 2.72117
9.55 0.00788789 0.00365457 -0.000442939 2.71405
9.575 0.00754435 0.00350052 -0.000425565 2.70696
9.6 0.00721557 0.0033525 -0.000408854 2.69992
9.625 0.00690087 0.00321024 -0.000392775 2.6929
9.65 0.00659962 0.00307351 -0.000377307 2.68593
9.675 0.00631123 0.0029421 -0.000362426 2.67899
9.7 0.00603512 0.0028158 -0.000348109 2.67208
9.725 0.00577076 0.00269441 -0.000334337 2.66521
9.75 0.00551764 0.00257775 -0.000321088 2.65838
9.775 0.00527526 0.00246565 -0.000308343 2.65158
9.8 0.00504316 0.00235791 -0.000296084 2.64482
9.825 0.00482091 0.0022544 -0.000284293 2.63809
9.85 0.00460808 0.00215495 -0.000272954 2.63139
9.875 0.00440428 0.00205943 -0.000262049 2.62473
9.9 0.00420913 0.0019677 -0.000251565 2.6181
9.925 0.00402227 0.00187962 -0.000241484 2.61151
9.95 0.00384336 0.00179507 -0.000231794 2.60494
9.975 0.00367206 0.00171393 -0.00022248 2.59842
10 0.00350808 0.00163608 -0.00021353 2.59192
10.025 0.00335111 0.00156142 -0.00020493 2.58546
10.05 0.00320086 0.00148984 -0.000196668 2.57902
10.075 0.00305708 0.00142123 -0.000188733 2.57262
10.1 0.00291949 0.00135551 -0.000181112 2.56626
10.125 0.00278785 0.00129256 -0.000173796 2.55992
10.15 0.00266193 0.00123231 -0.000166772 2.55362
10.175 0.00254149 0.00117467 -0.000160031 2.54734
10.2 0.00242633 0.00111954 -0.000153563 2.5411
10.225 0.00231622 0.00106684 -0.000147358 2.53488
10.25 0.00221098 0.0010165 -0.000141407 2.5287
10.275 0.00211041 0.000968423 -0.000135701 2.52255
10.3 0.00201432 0.000922547 -0.00013023 2.51643
10.325 0.00192253 0.00087879 -0.000124987 2.51033
10.35 0.00183488 0.000837077 -0.000119962 2.50427
10.375 0.0017512 0.000797337 -0.000115148 2.49824
10.4 0.00167133 0.000759499 -0.000110537 2.49223
10.425 0.00159512 0.000723492 -0.000106122 2.48625
10.45 0.00152241 0.000689248 -0.000101894 2.48031
10.475 0.00145308 0.0006567 -9.78474e-05 2.47439
10.5 0.00138696 0.000625781 -9.39741e-05 2.4685
10.525 0.00132395 0.000596427 -9.02669e-05 2.46263
10.55 0.00126389 0.000568575 -8.67206e-05 2.4568
10.575 0.00120668 0.00054216 -8.33278e-05 2.45099
10.6 0.00115218 0.000517119 -8.00827e-05 2.44521
10.625 0.00110029 0.000493399 -7.69793e-05 2.43945
10.65 0.00105088 0.000470937 -7.4011e-05 2.43373
10.675 0.00100386 0.000449675 -7.11724e-05 2.42803
10.7 0.000959106 0.000429559 -6.8458e-05 2.42236
10.725 0.000916526 0.000410531 -6.58624e-05 2.41671
10.75 0.00087602 0.000392537 -6.33803e-05 2.41109
10.775 0.000837491 0.000375527 -6.10067e-05 2.40549
10.8 0.000800848 0.000359448 -5.87367e-05 2.39993
10.825 0.000766003 0.000344252 -5.65655e-05 2.39438
10.85 0.000732869 0.000329891 -5.44886e-05 2.38887
10.875 0.000701364 0.000316318 -5.25015e-05 2.38338
10.9 0.000671409 0.000303488 -5.06001e-05 2.37791
10.925 0.000642927 0.00029136 -4.87802e-05 2.37247
10.95 0.000615845 0.00027989 -4.70379e-05 2.36705
10.975 0.000590094 0.00026904 -4.53695e-05 2.36166
11 0.000565605 0.000258772 -4.37711e-05 2.35629
11.025 0.000542314 0.000249049 -4.22395e-05 2.35095
11.05 0.000520158 0.000239836 -4.07713e-05 2.34563
11.075 0.00049908 0.000231102 -3.93633e-05 2.34033
11.1 0.000479022 0.000222815 -3.80124e-05 2.33506
11.125 0.000459932 0.000214946 -3.67158e-05 2.32982
11.15 0.000441757 0.000207467 -3.54706e-05 2.32459
11.175 0.000424449 0.000200352 -3.42744e-05 2.31939
11.2 0.000407963 0.000193577 -3.31245e-05 2.31422
11.225 0.000392254 0.00018712 -3.20187e-05 2.30906
11.25 0.000377281 0.000180959 -3.09547e-05 2.30393
11.275 0.000363005 0.000175076 -2.99304e-05 2.29882
11.3 0.000349389 0.000169452 -2.89438e-05 2.29374
11.325 0.000336398 0.00016407 -2.7993e-05 2.28867
11.35 0.000324 0.000158917 -2.70762e-05 2.28363
11.375 0.000312162 0.000153977 -2.61919e-05 2.27861
11.4 0.000300857 0.000149237 -2.53384e-05 2.27361
11.425 0.000290057 0.000144687 -2.45143e-05 2.26864
11.45 0.000279736 0.000140316 -2.37182e-05 2.26369
11.475 0.00026987 0.000136115 -2.29488e-05 2.25875
11.5 0.000260437 0.000132076 -2.22048e-05 2.25384
11.525 0.000251415 0.000128189 -2.14855e-05 2.24896
11.55 0.000242784 0.00012445 -2.07895e-05 2.24409
11.575 0.000234526 0.000120854 -2.01159e-05 2.23924
11.6 0.000226623 0.000117388 -1.94638e-05 2.23441
11.625 0.00021906 0.000114055 -1.88323e-05 2.22961
11.65 0.000211819 0.000110847 -1.82207e-05 2.22483
11.675 0.000204887 0.00010776 -1.76282e-05 2.22006
11.7 0.00019825 0.000104791 -1.70542e-05 2.21532
11.725 0.000191894 0.000101937 -1.6498e-05 2.21059
11.75 0.000185808 9.91925e-05 -1.5959e-05 2.20589
11.775 0.000179979 9.65559e-05 -1.54366e-05 2.20121
11.8 0.000174397 9.40237e-05 -1.49303e-05 2.19654
11.825 0.00016905 9.15928e-05 -1.44397e-05 2.1919
11.85 0.000163929 8.92596e-05 -1.39641e-05 2.18728
11.875 0.000159024 8.70244e-05 -1.35032e-05 2.18267
11.9 0.000154322 8.48774e-05 -1.30566e-05 2.17809
11.925 0.000149818 8.28214e-05 -1.26237e-05 2.17352
11.95 0.000145502 8.08512e-05 -1.22044e-05 2.16897
11.975 0.000141365 7.89633e-05 -1.1798e-05 2.16444
12 0.000137398 7.71543e-05 -1.14044e-05 2.15993
12.025 0.000133593 7.54205e-05 -1.1023e-05 2.15544
12.05 0.000129941 7.37582e-05 -1.06537e-05 2.15097
12.075 0.000126436 7.21635e-05 -1.02959e-05 2.14652
12.1 0.000123069 7.06324e-05 -9.94949e-06 2.14208
12.125 0.000119832 6.91608e-05 -9.61403e-06 2.13767
12.15 0.000116719 6.77445e-05 -9.2892e-06 2.13327
12.175 0.000113722 6.63792e-05 -8.97471e-06 2.12889
12.2 0.000110833 6.50607e-05 -8.67022e-06 2.12453
12.225 0.000108046 6.37845e-05 -8.37544e-06 2.12018
12.25 0.000105355 6.25463e-05 -8.09005e-06 2.11585
12.275 0.000102752 6.13418e-05 -7.81375e-06 2.11155
12.3 0.000100232 6.01667e-05 -7.54625e-06 2.10725
12.325 9.77873e-05 5.90168e-05 -7.28725e-06 2.10298
12.35 9.54134e-05 5.78879e-05 -7.03646e-06 2.09872
12.375 9.31044e-05 5.67762e-05 -6.7936e-06 2.09448
12.4 9.08549e-05 5.56778e-05 -6.55839e-06 2.09026
12.425 8.86599e-05 5.45891e-05 -6.33056e-06 2.08605
12.45 8.65147e-05 5.35068e-05 -6.10983e-06 2.08186
12.475 8.44149e-05 5.24275e-05 -5.89596e-06 2.07769
12.5 8.23564e-05 5.13484e-05 -5.68868e-06 2.07354
12.525 8.03356e-05 5.0267e-05 -5.48776e-06 2.0694
12.55 7.8349e-05 4.91809e-05 -5.29296e-06 2.06528
12.575 7.63937e-05 4.8088e-05 -5.10406e-06 2.06117
12.6 7.44669e-05 4.69868e-05 -4.92083e-06 2.05708
12.625 7.25666e-05 4.58759e-05 -4.74308e-06 2.05301
12.65 7.06907e-05 4.47543e-05 -4.5706e-06 2.04895
12.675 6.88378e-05 4.36215e-05 -4.4032e-06 2.04491
12.7 6.70067e-05 4.24773e-05 -4.24074e-06 2.04088
12.725 6.51967e-05 4.13216e-05 -4.08303e-06 2.03687
12.75 6.34075e-05 4.01551e-05 -3.92992e-06 2.03288
12.775 6.16393e-05 3.89785e-05 -3.78128e-06 2.0289
12.8 5.98914e-05 3.77931e-05 -3.63697e-06 2.02494
12.825 5.81657e-05 3.66004e-05 -3.49688e-06 2.02099
12.85 5.64626e-05 3.54022e-05 -3.36091e-06 2.01706
12.875 5.47835e-05 3.42007e-05 -3.22896e-06 2.01314
12.9 5.31299e-05 3.29983e-05 -3.10094e-06 2.00924
12.925 5.15037e-05 3.17978e-05 -2.97679e-06 2.00536
12.95 4.99071e-05 3.0602e-05 -2.85644e-06 2.00148
12.975 4.83424e-05 2.94142e-05 -2.73984e-06 1.99763
13 4.68119e-05 2.82378e-05 -2.62695e-06 1.99379
13.025 4.53186e-05 2.70762e-05 -2.51773e-06 1.98996
13.05 4.38651e-05 2.59332e-05 -2.41214e-06 1.98615
13.075 4.24545e-05 2.48126e-05 -2.31018e-06 1.98235
13.1 4.10898e-05 2.37183e-05 -2.21183e-06 1.97857
13.125 3.97741e-05 2.26543e-05 -2.11708e-06 1.9748
13.15 3.85106e-05 2.16244e-05 -2.02593e-06 1.97104
13.175 3.73025e-05 2.06326e-05 -1.93838e-06 1.9673
13.2 3.61528e-05 1.96827e-05 -1.85444e-06 1.96358
13.225 3.50647e-05 1.87788e-05 -1.77412e-06 1.95987
13.25 3.40411e-05 1.79253e-05 -1.69741e-06 1.95617
13.275 3.30852e-05 1.71235e-05 -1.62434e-06 1.95248
13.3 3.21995e-05 1.63793e-05 -1.55493e-06 1.94881
13.325 3.13867e-05 1.56952e-05 -1.48916e-06 1.94516
13.35 3.06494e-05 1.50742e-05 -1.42707e-06 1.94151
13.375 2.99897e-05 1.45195e-05 -1.36865e-06 1.93789
13.4 2.94099e-05 1.40335e-05 -1.31393e-06 1.93427
13.425 2.89117e-05 1.36188e-05 -1.26288e-06 1.93067
13.45 2.84967e-05 1.32774e-05 -1.2155e-06 1.92708
13.475 2.81663e-05 1.30112e-05 -1.17181e-06 1.9235
13.5 2.79215e-05 1.28218e-05 -1.13178e-06 1.91994
13.525 2.77631e-05 1.27104e-05 -1.0954e-06 1.91639
13.55 2.76916e-05 1.26779e-05 -1.06264e-06 1.91286
13.575 2.77072e-05 1.27249e-05 -1.03348e-06 1.90934
13.6 2.78098e-05 1.28518e-05 -1.00788e-06 1.90583
13.625 2.7999e-05 1.30585e-05 -9.85803e-07 1.90233
13.65 2.8274e-05 1.33445e-05 -9.67197e-07 1.89884
13.675 2.86337e-05 1.37092e-05 -9.52007e-07 1.89537
13.7 2.9077e-05 1.41516e-05 -9.40182e-07 1.89191
13.725 2.96021e-05 1.46707e-05 -9.31628e-07 1.88847
13.75 3.02071e-05 1.52633e-05 -9.2628e-07 1.88503
13.775 3.08899e-05 1.59292e-05 -9.24053e-07 1.88161
13.8 3.16483e-05 1.66654e-05 -9.24836e-07 1.8782
13.825 3.24787e-05 1.74694e-05 -9.28569e-07 1.87481
13.85 3.33781e-05 1.83385e-05 -9.35131e-07 1.87142
13.875 3.43442e-05 1.92695e-05 -9.44408e-07 1.86805
13.9 3.5373e-05 2.02592e-05 -9.56286e-07 1.86469
13.925 3.64609e-05 2.13041e-05 -9.70646e-07 1.86134
13.95 3.7604e-05 2.24006e-05 -9.8735e-07 1.85801
13.975 3.87982e-05 2.35446e-05 -1.00627e-06 1.85469
14 4.00394e-05 2.47322e-05 -1.02728e-06 1.85137
14.025 4.13232e-05 2.59593e-05 -1.05022e-06 1.84807
14.05 4.26452e-05 2.72213e-05 -1.07496e-06 1.84478
14.075 4.40008e-05 2.85143e-05 -1.10135e-06 1.84151
14.1 4.53854e-05 2.98336e-05 -1.12924e-06 1.83824
14.125 4.67942e-05 3.11746e-05 -1.15848e-06 1.83499
14.15 4.82226e-05 3.25328e-05 -1.18892e-06 1.83175
14.175 4.96658e-05 3.39038e-05 -1.2204e-06 1.82852
14.2 5.11191e-05 3.52828e-05 -1.25278e-06 1.8253
14.225 5.25776e-05 3.66653e-05 -1.28589e-06 1.82209
14.25 5.40367e-05 3.8047e-05 -1.3196e-06 1.81889
14.275 5.54917e-05 3.94232e-05 -1.35373e-06 1.81571
14.3 5.69381e-05 4.07897e-05 -1.38815e-06 1.81253
14.325 5.83719e-05 4.21422e-05 -1.42272e-06 1.80937
14.35 5.97875e-05 4.34763e-05 -1.45728e-06 1.80622
14.375 6.11813e-05 4.47884e-05 -1.49171e-06 1.80308
14.4 6.25492e-05 4.60743e-05 -1.52585e-06 1.79995
14.425 6.3887e-05 4.73305e-05 -1.55959e-06 1.79683
14.45 6.5191e-05 4.85532e-05 -1.59279e-06 1.79372
14.475 6.64576e-05 4.97393e-05 -1.62533e-06 1.79062
14.5 6.76825e-05 5.08852e-05 -1.65709e-06 1.78753
14.525 6.88637e-05 5.1988e-05 -1.68796e-06 1.78446
14.55 6.99974e-05 5.30449e-05 -1.71783e-06 1.78139
14.575 7.10807e-05 5.40533e-05 -1.74661e-06 1.77833
14.6 7.21109e-05 5.50107e-05 -1.77419e-06 1.77529
14.625 7.30856e-05 5.59149e-05 -1.8005e-06 1.77226
14.65 7.40023e-05 5.6764e-05 -1.82544e-06 1.76923
14.675 7.48591e-05 5.75561e-05 -1.84895e-06 1.76622
14.7 7.56541e-05 5.82898e-05 -1.87096e-06 1.76321
14.725 7.63857e-05 5.89637e-05 -1.8914e-06 1.76022
14.75 7.70525e-05 5.95766e-05 -1.91022e-06 1.75724
14.775 7.76532e-05 6.01277e-05 -1.92738e-06 1.75426
14.8 7.8187e-05 6.06162e-05 -1.94283e-06 1.7513
14.825 7.86531e-05 6.10417e-05 -1.95654e-06 1.74835
14.85 7.90509e-05 6.14039e-05 -1.96847e-06 1.7454
14.875 7.93801e-05 6.17027e-05 -1.97862e-06 1.74247
14.9 7.96407e-05 6.19383e-05 -1.98696e-06 1.73955
14.925 7.98325e-05 6.21108e-05 -1.99348e-06 1.73663
14.95 7.9956e-05 6.22208e-05 -1.99819e-06 1.73373
14.975 8.00115e-05 6.22689e-05 -2.00108e-06 1.73083
15 7.99996e-05 6.2256e-05 -2.00216e-06 1.72795
15.025 7.99213e-05 6.2183e-05 -2.00145e-06 1.72507
15.05 7.97773e-05 6.2051e-05 -1.99896e-06 1.72221
15.075 7.95689e-05 6.18612e-05 -1.99472e-06 1.71935
15.1 7.92966e-05 6.1615e-05 -1.98877e-06 1.71651
15.125 7.89633e-05 6.1314e-05 -1.98112e-06 1.71367
15.15 7.85695e-05 6.09597e-05 -1.97182e-06 1.71084
15.175 7.8117e-05 6.05538e-05 -1.96091e-06 1.70802
15.2 7.76075e-05 6.00982e-05 -1.94843e-06 1.70521
15.225 7.70429e-05 5.95946e-05 -1.93443e-06 1.70241
15.25 7.6425e-05 5.90451e-05 -1.91896e-06 1.69962
15.275 7.5756e-05 5.84516e-05 -1.90208e-06 1.69684
15.3 7.50379e-05 5.78163e-05 -1.88384e-06 1.69407
15.325 7.42728e-05 5.71412e-05 -1.86429e-06 1.6913
15.35 7.34629e-05 5.64285e-05 -1.8435e-06 1.68855
15.375 7.26104e-05 5.56803e-05 -1.82153e-06 1.6858
15.4 7.17177e-05 5.48989e-05 -1.79844e-06 1.68307
15.425 7.0787e-05 5.40864e-05 -1.77429e-06 1.68034
15.45 6.98206e-05 5.3245e-05 -1.74915e-06 1.67762
15.475 6.88208e-05 5.2377e-05 -1.72308e-06 1.67491
15.5 6.77901e-05 5.14846e-05 -1.69615e-06 1.67221
15.525 6.67306e-05 5.057e-05 -1.66843e-06 1.66952
15.55 6.56448e-05 4.96352e-05 -1.63997e-06 1.66683
15.575 6.4535e-05 4.86824e-05 -1.61085e-06 1.66416
15.6 6.34033e-05 4.77138e-05 -1.58112e-06 1.66149
15.625 6.22522e-05 4.67314e-05 -1.55086e-06 1.65883
15.65 6.10837e-05 4.57371e-05 -1.52012e-06 1.65618
15.675 5.99001e-05 4.4733e-05 -1.48897e-06 1.65354
15.7 5.87035e-05 4.37209e-05 -1.45746e-06 1.65091
15.725 5.74959e-05 4.27027e-05 -1.42565e-06 1.64828
15.75 5.62795e-05 4.16803e-05 -1.39361e-06 1.64567
15.775 5.50562e-05 4.06553e-05 -1.36139e-06 1.64306
15.8 5.3828e-05 3.96294e-05 -1.32904e-06 1.64046
15.825 5.25966e-05 3.86042e-05 -1.29662e-06 1.63787
15.85 5.13639e-05 3.75813e-05 -1.26418e-06 1.63528
15.875 5.01317e-05 3.65621e-05 -1.23176e-06 1.63271
15.9 4.89015e-05 3.5548e-05 -1.19942e-06 1.63014
15.925 4.76749e-05 3.45406e-05 -1.16719e-06 1.62758
15.95 4.64536e-05 3.35407e-05 -1.13512e-06 1.62503
15.975 4.52389e-05 3.25497e-05 -1.10326e-06 1.62249
16 4.40323e-05 3.15687e-05 -1.07163e-06 1.61995
16.025 4.2835e-05 3.05988e-05 -1.04028e-06 1.61742
16.05 4.16482e-05 2.96409e-05 -1.00924e-06 1.61491
16.075 4.04732e-05 2.86959e-05 -9.78551e-07 1.61239
16.1 3.9311e-05 2.77647e-05 -9.4823e-07 1.60989
16.125 3.81626e-05 2.68481e-05 -9.18312e-07 1.60739
16.15 3.7029e-05 2.59466e-05 -8.88821e-07 1.60491
16.175 3.59111e-05 2.50611e-05 -8.59782e-07 1.60243
16.2 3.48096e-05 2.4192e-05 -8.31218e-07 1.59995
16.225 3.37253e-05 2.33399e-05 -8.03147e-07 1.59749
16.25 3.26589e-05 2.25051e-05 -7.75588e-07 1.59503
16.275 3.16111e-05 2.16882e-05 -7.48547e-07 1.59258
16.3 3.05822e-05 2.08894e-05 -7.22068e-07 1.59014
16.325 2.95729e-05 2.01088e-05 -6.96134e-07 1.5877
16.35 2.85836e-05 1.93473e-05 -6.70766e-07 1.58527
16.375 2.76145e-05 1.86044e-05 -6.45973e-07 1.58285
16.4 2.66662e-05 1.78805e-05 -6.21763e-07 1.58044
16.425 2.57387e-05 1.71757e-05 -5.98141e-07 1.57804
16.45 2.48323e-05 1.64899e-05 -5.75113e-07 1.57564
16.475 2.39473e-05 1.58233e-05 -5.52681e-07 1.57325
16.5 2.30836e-05 1.51757e-05 -5.30847e-07 1.57086
16.525 2.22414e-05 1.45472e-05 -5.09612e-07 1.56849
16.55 2.14208e-05 1.39376e-05 -4.88975e-07 1.56612
16.575 2.06216e-05 1.33467e-05 -4.68935e-07 1.56375
16.6 1.98439e-05 1.27745e-05 -4.49488e-07 1.5614
16.625 1.90875e-05 1.22206e-05 -4.30631e-07 1.55905
16.65 1.83524e-05 1.1685e-05 -4.12359e-07 1.55671
16.675 1.76384e-05 1.11674e-05 -3.94667e-07 1.55438
16.7 1.69453e-05 1.06675e-05 -3.77551e-07 1.55205
16.725 1.62729e-05 1.0185e-05 -3.60998e-07 1.54973
16.75 1.5621e-05 9.71964e-06 -3.45002e-07 1.54742
16.775 1.49893e-05 9.27108e-06 -3.29557e-07 1.54511
16.8 1.43776e-05 8.839e-06 -3.14652e-07 1.54281
16.825 1.37856e-05 8.42307e-06 -3.00278e-07 1.54052
16.85 1.3213e-05 8.02294e-06 -2.86426e-07 1.53823
16.875 1.26593e-05 7.63817e-06 -2.73084e-07 1.53595
16.9 1.21244e-05 7.26856e-06 -2.6024e-07 1.53368
16.925 1.16078e-05 6.91364e-06 -2.47887e-07 1.53142
16.95 1.11092e-05 6.57304e-06 -2.36011e-07 1.52916
16.975 1.06281e-05 6.24637e-06 -2.24602e-07 1.52691
17 1.01643e-05 5.93326e-06 -2.13647e-07 1.52466
17.025 9.7173e-06 5.63331e-06 -2.03135e-07 1.52242
17.05 9.28673e-06 5.34614e-06 -1.93053e-07 1.52019
17.075 8.87218e-06 5.07135e-06 -1.8339e-07 1.51796
17.1 8.47326e-06 4.80857e-06 -1.74133e-07 1.51574
17.125 8.08955e-06 4.55741e-06 -1.65271e-07 1.51353
17.15 7.72065e-06 4.31749e-06 -1.56791e-07 1.51133
17.175 7.36616e-06 4.08842e-06 -1.48681e-07 1.50913
17.2 7.02566e-06 3.86985e-06 -1.4093e-07 1.50693
17.225 6.69874e-06 3.66139e-06 -1.33526e-07 1.50475
17.25 6.38501e-06 3.46269e-06 -1.26457e-07 1.50256
17.275 6.08407e-06 3.27339e-06 -1.19711e-07 1.50039
17.3 5.79552e-06 3.09315e-06 -1.13277e-07 1.49822
17.325 5.51896e-06 2.9216e-06 -1.07144e-07 1.49606
17.35 5.25401e-06 2.75843e-06 -1.01301e-07 1.4939
17.375 5.00029e-06 2.60329e-06 -9.57366e-08 1.49175
17.4 4.75742e-06 2.45588e-06 -9.04409e-08 1.48961
17.425 4.52502e-06 2.31587e-06 -8.54031e-08 1.48747
17.45 4.30274e-06 2.18295e-06 -8.06132e-08 1.48534
17.475 4.09022e-06 2.05684e-06 -7.60611e-08 1.48322
17.5 3.88711e-06 1.93723e-06 -7.17373e-08 1.4811
17.525 3.69306e-06 1.82386e-06 -6.76323e-08 1.47899
17.55 3.50774e-06 1.71644e-06 -6.37368e-08 1.47688
17.575 3.33082e-06 1.61471e-06 -6.00421e-08 1.47478
17.6 3.16199e-06 1.51842e-06 -5.65393e-08 1.47268
17.625 3.00092e-06 1.42732e-06 -5.32201e-08 1.47059
17.65 2.84733e-06 1.34116e-06 -5.00764e-08 1.46851
17.675 2.7009e-06 1.25972e-06 -4.71002e-08 1.46643
17.7 2.56136e-06 1.18277e-06 -4.42839e-08 1.46436
17.725 2.42843e-06 1.1101e-06 -4.16202e-08 1.4623
17.75 2.30184e-06 1.04151e-06 -3.91019e-08 1.46024
17.775 2.18132e-06 9.76782e-07 -3.67222e-08 1.45818
17.8 2.06662e-06 9.15737e-07 -3.44744e-08 1.45614
17.825 1.95749e-06 8.58189e-07 -3.23522e-08 1.45409
17.85 1.8537e-06 8.03961e-07 -3.03493e-08 1.45206
17.875 1.75501e-06 7.52884e-07 -2.84601e-08 1.45003
17.9 1.66121e-06 7.04794e-07 -2.66787e-08 1.448
17.925 1.57207e-06 6.59537e-07 -2.49997e-08 1.44598
17.95 1.48739e-06 6.16964e-07 -2.3418e-08 1.44397
17.975 1.40698e-06 5.76932e-07 -2.19284e-08 1.44196
18 1.33063e-06 5.39305e-07 -2.05263e-08 1.43996
18.025 1.25817e-06 5.03954e-07 -1.92071e-08 1.43796
18.05 1.18941e-06 4.70754e-07 -1.79663e-08 1.43597
18.075 1.12418e-06 4.39588e-07 -1.67998e-08 1.43398
18.1 1.06233e-06 4.10342e-07 -1.57035e-08 1.432
18.125 1.00368e-06 3.82909e-07 -1.46737e-08 1.43003
18.15 9.48088e-07 3.57187e-07 -1.37068e-08 1.42806
18.175 8.9541e-07 3.3308e-07 -1.27992e-08 1.42609
18.2 8.45505e-07 3.10493e-07 -1.19476e-08 1.42413
18.225 7.98237e-07 2.89341e-07 -1.11489e-08 1.42218
18.25 7.53479e-07 2.69539e-07 -1.04002e-08 1.42023
18.275 7.11106e-07 2.51008e-07 -9.69845e-09 1.41829
18.3 6.71003e-07 2.33674e-07 -9.04109e-09 1.41635
18.325 6.33055e-07 2.17465e-07 -8.42552e-09 1.41442
18.35 5.97157e-07 2.02315e-07 -7.84929e-09 1.41249
18.375 5.63202e-07 1.88159e-07 -7.31014e-09 1.41057
18.4 5.31095e-07 1.74936e-07 -6.80579e-09 1.40865
18.425 5.00741e-07 1.62589e-07 -6.33415e-09 1.40674
18.45 4.72049e-07 1.51066e-07 -5.89336e-09 1.40484
18.475 4.44936e-07 1.40315e-07 -5.48151e-09 1.40294
18.5 4.19319e-07 1.30288e-07 -5.09684e-09 1.40104
18.525 3.95121e-07 1.2094e-07 -4.73768e-09 1.39915
18.55 3.72267e-07 1.12227e-07 -4.40247e-09 1.39726
18.575 3.50687e-07 1.04109e-07 -4.08971e-09 1.39538
18.6 3.30314e-07 9.65493e-08 -3.798e-09 1.39351
18.625 3.11084e-07 8.95108e-08 -3.52603e-09 1.39164
18.65 2.92936e-07 8.29601e-08 -3.27254e-09 1.38977
18.675 2.75812e-07 7.68656e-08 -3.03637e-09 1.38791
18.7 2.59657e-07 7.11973e-08 -2.81639e-09 1.38606
18.725 2.4442e-07 6.59274e-08 -2.61158e-09 1.3842
18.75 2.30049e-07 6.10294e-08 -2.42096e-09 1.38236
18.775 2.16499e-07 5.64786e-08 -2.24359e-09 1.38052
18.8 2.03725e-07 5.22519e-08 -2.07861e-09 1.37868
18.825 1.91683e-07 4.83274e-08 -1.9252e-09 1.37685
18.85 1.80334e-07 4.46847e-08 -1.78261e-09 1.37503
18.875 1.69639e-07 4.13048e-08 -1.65011e-09 1.3732
18.9 1.59562e-07 3.81695e-08 -1.52703e-09 1.37139
18.925 1.5007e-07 3.52623e-08 -1.41273e-09 1.36958
18.95 1.41128e-07 3.25673e-08 -1.30662e-09 1.36777
18.975 1.32707e-07 3.00699e-08 -1.20815e-09 1.36597
19 1.24776e-07 2.77562e-08 -1.11679e-09 1.36417
19.025 1.1731e-07 2.56135e-08 -1.03206e-09 1.36238
19.05 1.1028e-07 2.36297e-08 -9.53497e-10 1.36059
19.075 1.03663e-07 2.17936e-08 -8.80678e-10 1.35881
19.1 9.74353e-08 2.00947e-08 -8.13202e-10 1.35703
19.125 9.15742e-08 1.85233e-08 -7.50696e-10 1.35525
19.15 8.60589e-08 1.70701e-08 -6.92812e-10 1.35348
19.175 8.08697e-08 1.57268e-08 -6.39222e-10 1.35172
19.2 7.59878e-08 1.44853e-08 -5.89624e-10 1.34996
19.225 7.13955e-08 1.33382e-08 -5.43732e-10 1.3482
19.25 6.7076e-08 1.22788e-08 -5.01282e-10 1.34645
19.275 6.30136e-08 1.13006e-08 -4.62026e-10 1.34471
19.3 5.91933e-08 1.03975e-08 -4.25735e-10 1.34297
19.325 5.5601e-08 9.56415e-09 -3.92193e-10 1.34123
19.35 5.22235e-08 8.79525e-09 -3.61201e-10 1.3395
19.375 4.90481e-08 8.08604e-09 -3.32572e-10 1.33777
19.4 4.60631e-08 7.43206e-09 -3.06133e-10 1.33604
19.425 4.32572e-08 6.82916e-09 -2.81722e-10 1.33432
19.45 4.06199e-08 6.27349e-09 -2.5919e-10 1.33261
19.475 3.81413e-08 5.76146e-09 -2.38397e-10 1.3309
19.5 3.58119e-08 5.28977e-09 -2.19212e-10 1.32919
19.525 3.36231e-08 4.85533e-09 -2.01516e-10 1.32749
19.55 3.15663e-08 4.45529e-09 -1.85197e-10 1.32579
19.575 2.96339e-08 4.08699e-09 -1.70149e-10 1.3241
19.6 2.78183e-08 3.74797e-09 -1.56277e-10 1.32241
19.625 2.61127e-08 3.43597e-09 -1.43491e-10 1.32073
19.65 2.45104e-08 3.14887e-09 -1.31707e-10 1.31905
19.675 2.30052e-08 2.8847e-09 -1.20849e-10 1.31737
19.7 2.15914e-08 2.64167e-09 -1.10844e-10 1.3157
19.725 2.02635e-08 2.41809e-09 -1.01626e-10 1.31403
19.75 1.90163e-08 2.21241e-09 -9.31331e-11 1.31237
19.775 1.78449e-08 2.02319e-09 -8.53083e-11 1.31071
19.8 1.67448e-08 1.84909e-09 -7.80983e-11 1.30905
19.825 1.57117e-08 1.68888e-09 -7.14539e-11 1.3074
19.85 1.47414e-08 1.54141e-09 -6.53293e-11 1.30576
19.875 1.38303e-08 1.40563e-09 -5.96821e-11 1.30411
19.9 1.29747e-08 1.28054e-09 -5.44729e-11 1.30247
19.925 1.21712e-08 1.16524e-09 -4.96652e-11 1.30084
19.95 1.14167e-08 1.05887e-09 -4.52247e-11 1.29921
19.975 1.07082e-08 9.6067e-10 -4.11208e-11 1.29758
20 1.00428e-08 8.69836e-10 -3.73212e-11 1.29596
