0 468.945 386.592 -1.98275 10.7118
0.025 468.945 386.592 -1.98275 10.7118
0.05 468.571 386.026 -1.97929 10.7111
0.075 468.355 385.823 -1.97735 10.7101
0.1 468.061 385.553 -1.9747 10.7088
0.125 467.7 385.234 -1.97145 10.707
0.15 467.265 384.854 -1.96751 10.7049
0.175 466.756 384.413 -1.96292 10.7024
0.2 466.174 383.91 -1.95765 10.6996
0.225 465.522 383.345 -1.95173 10.6963
0.25 464.799 382.72 -1.94516 10.6927
0.275 464.005 382.036 -1.93795 10.6887
0.3 463.148 381.295 -1.93013 10.6843
0.325 462.228 380.499 -1.9217 10.6796
0.35 461.246 379.645 -1.91268 10.6745
0.375 460.205 378.745 -1.90311 10.669
0.4 459.109 377.796 -1.893 10.6632
0.425 457.959 376.8 -1.88237 10.657
0.45 456.76 375.76 -1.87124 10.6504
0.475 455.513 374.678 -1.85964 10.6435
0.5 454.223 373.558 -1.84759 10.6362
0.525 452.892 372.403 -1.83512 10.6286
0.55 451.525 371.214 -1.82226 10.6206
0.575 450.124 369.997 -1.80904 10.6123
0.6 448.693 368.752 -1.79547 10.6037
0.625 447.236 367.483 -1.7816 10.5947
0.65 445.757 366.194 -1.76745 10.5854
0.675 444.259 364.887 -1.75305 10.5757
0.7 442.745 363.567 -1.73844 10.5657
0.725 441.22 362.235 -1.72361 10.5554
0.75 439.687 360.892 -1.70865 10.5448
0.775 438.149 359.547 -1.69355 10.5338
0.8 436.61 358.201 -1.67836 10.5226
0.825 435.073 356.856 -1.6631 10.511
0.85 433.543 355.515 -1.6478 10.4991
0.875 432.021 354.181 -1.63248 10.4869
0.9 430.512 352.857 -1.61719 10.4744
0.925 429.019 351.546 -1.60193 10.4616
0.95 427.543 350.251 -1.58675 10.4485
0.975 426.089 348.974 -1.57166 10.4351
1 424.659 347.717 -1.55669 10.4214
1.025 423.255 346.482 -1.54186 10.4074
1.05 421.879 345.273 -1.52719 10.3932
1.075 420.535 344.09 -1.51271 10.3786
1.1 419.224 342.937 -1.49844 10.3638
1.125 417.947 341.813 -1.48438 10.3487
1.15 416.707 340.722 -1.47056 10.3333
1.175 415.504 339.665 -1.457 10.3176
1.2 414.341 338.641 -1.4437 10.3017
1.225 413.218 337.654 -1.43068 10.2854
1.25 412.135 336.703 -1.41794 10.269
1.275 411.094 335.79 -1.40549 10.2522
1.3 410.093 334.914 -1.39335 10.2352
1.325 409.139 334.076 -1.38151 10.2179
1.35 408.224 333.276 -1.36997 10.2003
1.375 407.352 332.514 -1.35874 10.1825
1.4 406.52 331.789 -1.34782 10.1643
1.425 405.73 331.102 -1.33721 10.146
1.45 404.979 330.452 -1.32689 10.1273
1.475 404.267 329.837 -1.31686 10.1084
1.5 403.592 329.257 -1.30713 10.0893
1.525 402.953 328.712 -1.29767 10.0698
1.55 402.348 328.2 -1.28847 10.0501
1.575 401.775 327.716 -1.27953 10.0302
1.6 401.233 327.26 -1.27082 10.0099
1.625 400.719 326.83 -1.26235 9.98945
1.65 400.23 326.427 -1.25408 9.96868
1.675 399.764 326.046 -1.24601 9.94765
1.7 399.318 325.686 -1.23811 9.92634
1.725 398.889 325.342 -1.23037 9.90477
1.75 398.475 325.016 -1.22277 9.88293
1.775 398.072 324.702 -1.21528 9.86081
1.8 397.677 324.398 -1.20789 9.83843
1.825 397.286 324.102 -1.20057 9.81577
1.85 396.897 323.809 -1.19331 9.79284
1.875 396.505 323.518 -1.18608 9.76963
1.9 396.108 323.225 -1.17885 9.74615
1.925 395.701 322.927 -1.17161 9.72239
1.95 395.281 322.621 -1.16432 9.69836
1.975 394.844 322.303 -1.15698 9.67405
2 394.387 321.971 -1.14955 9.64946
2.025 393.905 321.62 -1.14201 9.62459
2.05 393.395 321.249 -1.13434 9.59944
2.075 392.853 320.852 -1.12652 9.57401
2.1 392.275 320.428 -1.11853 9.54829
2.125 391.658 319.973 -1.11034 9.5223
2.15 390.999 319.483 -1.10193 9.49603
2.175 390.292 318.956 -1.09328 9.46947
2.2 389.536 318.389 -1.08437 9.44264
2.225 388.727 317.777 -1.07519 9.41552
2.25 387.861 317.119 -1.06572 9.38812
2.275 386.935 316.411 -1.05593 9.36044
2.3 385.945 315.651 -1.04581 9.33248
2.325 384.89 314.835 -1.03534 9.30425
2.35 383.766 313.962 -1.02452 9.27573
2.375 382.57 313.027 -1.01332 9.24694
2.4 381.299 312.03 -1.00173 9.21787
2.425 379.952 310.967 -0.989743 9.18853
2.45 378.526 309.837 -0.977346 9.15892
2.475 377.018 308.637 -0.964529 9.12904
2.5 375.427 307.366 -0.951284 9.09888
2.525 373.752 306.021 -0.937602 9.06847
2.55 371.989 304.601 -0.923478 9.03779
2.575 370.139 303.104 -0.908907 9.00685
2.6 368.198 301.53 -0.893884 8.97566
2.625 366.168 299.876 -0.878407 8.94421
2.65 364.046 298.142 -0.862476 8.91251
2.675 361.832 296.327 -0.846089 8.88057
2.7 359.526 294.43 -0.829249 8.84838
2.725 357.126 292.451 -0.811957 8.81596
2.75 354.634 290.389 -0.79422 8.7833
2.775 352.049 288.244 -0.77604 8.75042
2.8 349.372 286.017 -0.757425 8.71731
2.825 346.602 283.706 -0.738383 8.68399
2.85 343.741 281.313 -0.718924 8.65045
2.875 340.79 278.838 -0.699058 8.6167
2.9 337.749 276.282 -0.678799 8.58276
2.925 334.619 273.647 -0.658159 8.54861
2.95 331.403 270.931 -0.637154 8.51428
2.975 328.102 268.137 -0.6158 8.47977
3 324.718 265.267 -0.594115 8.44508
3.025 321.252 262.321 -0.572116 8.41022
3.05 317.705 259.302 -0.549828 8.3752
3.075 314.083 256.211 -0.527269 8.34002
3.1 310.385 253.05 -0.504462 8.30469
3.125 306.614 249.823 -0.481432 8.26923
3.15 302.775 246.53 -0.458203 8.23363
3.175 298.869 243.174 -0.434802 8.1979
3.2 294.899 239.759 -0.411256 8.16206
3.225 290.869 236.286 -0.387592 8.1261
3.25 286.781 232.759 -0.363839 8.09005
3.275 282.639 229.181 -0.340028 8.0539
3.3 278.445 225.554 -0.316189 8.01766
3.325 274.204 221.882 -0.292352 7.98135
3.35 269.919 218.168 -0.26855 7.94497
3.375 265.594 214.416 -0.244813 7.90852
3.4 261.231 210.628 -0.221175 7.87202
3.425 256.836 206.809 -0.197667 7.83548
3.45 252.41 202.962 -0.174322 7.7989
3.475 247.959 199.09 -0.151172 7.76229
3.5 243.485 195.198 -0.12825 7.72567
3.525 238.993 191.288 -0.105586 7.68903
3.55 234.487 187.365 -0.0832134 7.65238
3.575 229.969 183.432 -0.0611622 7.61575
3.6 225.444 179.493 -0.0394631 7.57912
3.625 220.916 175.552 -0.0181457 7.54252
3.65 216.388 171.611 0.00276148 7.50594
3.675 211.863 167.676 0.0232305 7.4694
3.7 207.346 163.749 0.0432349 7.4329
3.725 202.84 159.834 0.0627488 7.39646
3.75 198.348 155.934 0.0817485 7.36008
3.775 193.874 152.053 0.100211 7.32376
3.8 189.422 148.194 0.118115 7.28752
3.825 184.993 144.36 0.13544 7.25135
3.85 180.592 140.555 0.152169 7.21528
3.875 176.222 136.781 0.168284 7.1793
3.9 171.886 133.042 0.183771 7.14343
3.925 167.586 129.341 0.198617 7.10766
3.95 163.325 125.679 0.21281 7.072
3.975 159.106 122.06 0.22634 7.03647
4 154.932 118.486 0.239198 7.00107
4.025 150.805 114.96 0.251381 6.96579
4.05 146.726 111.484 0.262884 6.93066
4.075 142.7 108.059 0.273703 6.89567
4.1 138.727 104.688 0.283839 6.86083
4.125 134.809 101.372 0.293291 6.82614
4.15 130.949 98.1141 0.302063 6.79161
4.175 127.148 94.9147 0.310159 6.75724
4.2 123.407 91.7762 0.317585 6.72305
4.225 119.729 88.6982 0.324348 6.68902
4.25 116.114 85.6828 0.330456 6.65517
4.275 112.564 82.7308 0.335921 6.6215
4.3 109.079 79.8431 0.340754 6.58802
4.325 105.661 77.0204 0.344968 6.55472
4.35 102.31 74.2633 0.348577 6.52162
4.375 99.0275 71.5721 0.351595 6.48871
4.4 95.8137 68.9473 0.354039 6.45599
4.425 92.6693 66.389 0.355925 6.42347
4.45 89.5944 63.8972 0.357271 6.39116
4.475 86.5894 61.472 0.358095 6.35905
4.5 83.6544 59.1131 0.358417 6.32715
4.525 80.7895 56.8204 0.358255 6.29545
4.55 77.9945 54.5935 0.35763 6.26397
4.575 75.2695 52.432 0.356562 6.23269
4.6 72.614 50.3352 0.355071 6.20163
4.625 70.0278 48.3026 0.353178 6.17079
4.65 67.5105 46.3335 0.350905 6.14016
4.675 65.0616 44.427 0.348271 6.10975
4.7 62.6805 42.5825 0.345298 6.07955
4.725 60.3665 40.7989 0.342007 6.04958
4.75 58.119 39.0752 0.338418 6.01982
4.775 55.9372 37.4106 0.334552 5.99028
4.8 53.8202 35.8038 0.330428 5.96096
4.825 51.7672 34.2538 0.326067 5.93187
4.85 49.7772 32.7595 0.321488 5.90299
4.875 47.8492 31.3196 0.316709 5.87433
4.9 45.9822 29.9329 0.31175 5.84589
4.925 44.1751 28.5982 0.306628 5.81767
4.95 42.4269 27.3143 0.30136 5.78967
4.975 40.7363 26.0798 0.295965 5.76189
5 39.1023 24.8934 0.290457 5.73432
5.025 37.5236 23.7539 0.284853 5.70698
5.05 35.9991 22.66 0.279169 5.67985
5.075 34.5274 21.6103 0.273417 5.65293
5.1 33.1075 20.6035 0.267619 5.62623
5.125 31.738 19.6383 0.261775 5.59975
5.15 30.4177 18.7135 0.255904 5.57347
5.175 29.1453 17.8277 0.250011 5.54741
5.2 27.9195 16.9797 0.244121 5.52156
5.225 26.7392 16.1682 0.238237 5.49592
5.25 25.6031 15.3919 0.23237 5.47049
5.275 24.5098 14.6496 0.226529 5.44526
5.3 23.4582 13.9402 0.220722 5.42024
5.325 22.4471 13.2623 0.214959 5.39542
5.35 21.4751 12.6149 0.209245 5.37081
5.375 20.5412 11.9969 0.203588 5.3464
5.4 19.6441 11.407 0.197995 5.32218
5.425 18.7826 10.8442 0.192471 5.29817
5.45 17.9556 10.3074 0.187021 5.27435
5.475 17.162 9.79565 0.181651 5.25072
5.5 16.4006 9.30785 0.176364 5.22729
5.525 15.6703 8.84304 0.171165 5.20405
5.55 14.9701 8.40027 0.166057 5.181
5.575 14.2989 7.9786 0.161042 5.15814
5.6 13.6556 7.57714 0.156123 5.13547
5.625 13.0394 7.19502 0.151303 5.11298
5.65 12.4491 6.83139 0.146582 5.09067
5.675 11.8838 6.48545 0.141964 5.06855
5.7 11.3427 6.1564 0.137448 5.0466
5.725 10.8247 5.84348 0.133035 5.02484
5.75 10.329 5.54598 0.128727 5.00325
5.775 9.8548 5.26317 0.124523 4.98183
5.8 9.4012 4.99439 0.120423 4.96059
5.825 8.9674 4.73898 0.116428 4.93952
5.85 8.55263 4.49633 0.112536 4.91862
5.875 8.15612 4.26582 0.108747 4.89789
5.9 7.77714 4.04688 0.10506 4.87732
5.925 7.41498 3.83897 0.101475 4.85692
5.95 7.06895 3.64154 0.0979897 4.83668
5.975 6.73839 3.4541 0.0946037 4.81661
6 6.42266 3.27616 0.0913153 4.79669
6.025 6.12115 3.10725 0.0881233 4.77693
6.05 5.83324 2.94694 0.0850259 4.75733
6.075 5.55838 2.7948 0.0820216 4.73788
6.1 5.296 2.65042 0.0791087 4.71859
6.125 5.04557 2.51342 0.0762854 4.69945
6.15 4.80659 2.38343 0.07355 4.68046
6.175 4.57855 2.2601 0.0709006 4.66161
6.2 4.36098 2.1431 0.0683353 4.64292
6.225 4.15343 2.03211 0.0658523 4.62437
6.25 3.95545 1.92682 0.0634496 4.60596
6.275 3.76663 1.82695 0.0611252 4.5877
6.3 3.58657 1.73222 0.0588773 4.56957
6.325 3.41488 1.64237 0.0567039 4.55159
6.35 3.25117 1.55716 0.0546031 4.53374
6.375 3.0951 1.47634 0.052573 4.51604
6.4 2.94633 1.39969 0.0506116 4.49846
6.425 2.80453 1.327 0.0487171 4.48102
6.45 2.66938 1.25807 0.0468876 4.46371
6.475 2.54059 1.1927 0.0451212 4.44654
6.5 2.41786 1.13071 0.0434161 4.42949
6.525 2.30093 1.07193 0.0417706 4.41257
6.55 2.18952 1.0162 0.0401828 4.39578
6.575 2.08338 0.963349 0.038651 4.37911
6.6 1.98229 0.913238 0.0371735 4.36257
6.625 1.88599 0.865726 0.0357488 4.34614
6.65 1.79428 0.820678 0.0343752 4.32985
6.675 1.70694 0.777968 0.0330509 4.31367
6.7 1.62377 0.737476 0.0317745 4.29761
6.725 1.54457 0.699087 0.0305443 4.28167
6.75 1.46917 0.662694 0.0293591 4.26584
6.775 1.39739 0.628193 0.0282172 4.25013
6.8 1.32905 0.595493 0.0271173 4.23453
6.825 1.264 0.564491 0.0260581 4.21905
6.85 1.20209 0.535104 0.0250381 4.20368
6.875 1.14316 0.507249 0.024056 4.18842
6.9 1.08709 0.480848 0.0231106 4.17327
6.925 1.03372 0.455826 0.0222007 4.15822
6.95 0.982943 0.432111 0.021325 4.14329
6.975 0.93463 0.409636 0.0204824 4.12846
7 0.888664 0.388336 0.0196718 4.11373
7.025 0.844936 0.368153 0.018892 4.09911
7.05 0.803339 0.349027 0.0181419 4.08459
7.075 0.763771 0.330903 0.0174207 4.07018
7.1 0.726137 0.313731 0.0167271 4.05586
7.125 0.690344 0.297461 0.0160602 4.04165
7.15 0.656304 0.282045 0.0154191 4.02753
7.175 0.623934 0.267441 0.0148029 4.01351
7.2 0.593153 0.253604 0.0142107 3.99959
7.225 0.563885 0.240496 0.0136416 3.98576
7.25 0.536058 0.228078 0.0130948 3.97203
7.275 0.509601 0.216315 0.0125695 3.95839
7.3 0.484449 0.205171 0.0120648 3.94485
7.325 0.460538 0.194615 0.0115801 3.93139
7.35 0.437808 0.184616 0.0111145 3.91803
7.375 0.416203 0.175144 0.0106674 3.90476
7.4 0.395666 0.166172 0.010238 3.89158
7.425 0.376147 0.157673 0.00982582 3.87848
7.45 0.357594 0.149622 0.00943005 3.86548
7.475 0.339962 0.141996 0.00905011 3.85256
7.5 0.323204 0.134771 0.0086854 3.83972
7.525 0.307279 0.127927 0.00833533 3.82697
7.55 0.292144 0.121442 0.00799933 3.81431
7.575 0.277761 0.115299 0.00767686 3.80172
7.6 0.264092 0.109479 0.00736739 3.78922
7.625 0.251103 0.103964 0.00707041 3.77681
7.65 0.23876 0.098738 0.00678536 3.76447
7.675 0.22703 0.0937858 0.00651191 3.75221
7.7 0.215883 0.0890924 0.00624952 3.74004
7.725 0.20529 0.0846438 0.00599775 3.72794
7.75 0.195223 0.0804268 0.00575618 3.71592
7.775 0.185657 0.0764289 0.0055244 3.70397
7.8 0.176565 0.0726383 0.005302 3.6921
7.825 0.167925 0.0690437 0.00508862 3.68031
7.85 0.159713 0.0656346 0.00488389 3.6686
7.875 0.151909 0.062401 0.00468744 3.65695
7.9 0.144492 0.0593332 0.00449895 3.64538
7.925 0.137441 0.0564224 0.00431808 3.63389
7.95 0.13074 0.0536601 0.00414453 3.62246
7.975 0.12437 0.0510382 0.00397799 3.61111
8 0.118314 0.0485492 0.00381817 3.59983
8.025 0.112557 0.0461859 0.0036648 3.58862
8.05 0.107085 0.0439415 0.00351761 3.57747
8.075 0.101881 0.0418096 0.00337634 3.5664
8.1 0.0969337 0.0397843 0.00324074 3.5554
8.125 0.0922294 0.0378598 0.00311059 3.54446
8.15 0.0877559 0.0360308 0.00298566 3.53359
8.175 0.0835017 0.0342922 0.00286573 3.52278
8.2 0.0794558 0.0326392 0.0027506 3.51205
8.225 0.0756077 0.0310673 0.00264006 3.50137
8.25 0.0719475 0.0295722 0.00253393 3.49077
8.275 0.0684659 0.02815 0.00243203 3.48022
8.3 0.0651538 0.0267968 0.00233418 3.46974
8.325 0.062003 0.0255091 0.00224022 3.45932
8.35 0.0590052 0.0242836 0.00214998 3.44897
8.375 0.056153 0.0231169 0.00206332 3.43867
8.4 0.0534391 0.0220063 0.00198009 3.42844
8.425 0.0508566 0.0209487 0.00190016 3.41827
8.45 0.0483991 0.0199417 0.00182338 3.40816
8.475 0.0460604 0.0189826 0.00174964 3.3981
8.5 0.0438346 0.018069 0.00167881 3.38811
8.525 0.0417163 0.0171989 0.00161077 3.37817
8.55 0.0397002 0.0163699 0.00154542 3.3683
8.575 0.0377812 0.0155802 0.00148264 3.35848
8.6 0.0359547 0.0148279 0.00142235 3.34872
8.625 0.0342161 0.0141111 0.00136443 3.33901
8.65 0.0325612 0.0134282 0.0013088 3.32936
8.675 0.0309859 0.0127776 0.00125537 3.31977
8.7 0.0294864 0.0121577 0.00120405 3.31023
8.725 0.0280591 0.0115672 0.00115477 3.30074
8.75 0.0267005 0.0110047 0.00110744 3.29131
8.775 0.0254072 0.0104689 0.00106199 3.28194
8.8 0.0241763 0.00995854 0.00101834 3.27262
8.825 0.0230046 0.00947248 0.00097644 3.26335
8.85 0.0218893 0.00900962 0.00093621 3.25413
8.875 0.0208279 0.0085689 0.00089759 3.24496
8.9 0.0198176 0.00814932 0.000860519 3.23585
8.925 0.0188562 0.00774993 0.00082494 3.22678
8.95 0.0179412 0.00736982 0.000790796 3.21777
8.975 0.0170705 0.0070081 0.000758034 3.20881
9 0.016242 0.00666394 0.000726601 3.19989
9.025 0.0154536 0.00633657 0.000696447 3.19103
9.05 0.0147035 0.00602521 0.000667524 3.18222
9.075 0.0139899 0.00572913 0.000639786 3.17345
9.1 0.013311 0.00544765 0.000613188 3.16473
9.125 0.0126652 0.00518009 0.000587688 3.15606
9.15 0.0120509 0.00492582 0.000563242 3.14744
9.175 0.0114667 0.00468422 0.000539812 3.13886
9.2 0.010911 0.00445471 0.000517359 3.13033
9.225 0.0103825 0.00423672 0.000495844 3.12185
9.25 0.00988002 0.00402972 0.000475232 3.11341
9.275 0.00940218 0.00383318 0.000455487 3.10502
9.3 0.00894786 0.00364661 0.000436575 3.09668
9.325 0.00851591 0.00346953 0.000418464 3.08837
9.35 0.00810526 0.00330149 0.000401123 3.08012
9.375 0.00771489 0.00314205 0.00038452 3.0719
9.4 0.0073438 0.00299078 0.000368626 3.06373
9.425 0.00699107 0.00284729 0.000353412 3.05561
9.45 0.00665581 0.00271119 0.000338851 3.04752
9.475 0.00633715 0.00258211 0.000324915 3.03948
9.5 0.00603428 0.00245969 0.00031158 3.03148
9.525 0.00574644 0.0023436 0.000298819 3.02353
9.55 0.00547287 0.00223351 0.000286608 3.01561
9.575 0.00521288 0.00212912 0.000274925 3.00774
9.6 0.00496579 0.00203011 0.000263747 2.99991
9.625 0.00473095 0.00193622 0.000253051 2.99212
9.65 0.00450776 0.00184718 0.000242817 2.98436
9.675 0.00429563 0.0017627 0.000233025 2.97665
9.7 0.004094 0.00168257 0.000223655 2.96898
9.725 0.00390234 0.00160655 0.000214689 2.96135
9.75 0.00372015 0.0015344 0.000206107 2.95376
9.775 0.00354696 0.00146592 0.000197894 2.9462
9.8 0.00338229 0.00140089 0.000190032 2.93869
9.825 0.00322571 0.00133914 0.000182504 2.93121
9.85 0.00307682 0.00128047 0.000175297 2.92377
9.875 0.0029352 0.0012247 0.000168394 2.91637
9.9 0.0028005 0.00117169 0.000161783 2.909
9.925 0.00267235 0.00112127 0.000155448 2.90168
9.95 0.00255042 0.00107329 0.000149377 2.89438
9.975 0.00243437 0.00102761 0.000143559 2.88713
10 0.00232391 0.000984102 0.00013798 2.87991
10.025 0.00221874 0.000942637 0.00013263 2.87273
10.05 0.0021186 0.000903097 0.000127497 2.86559
10.075 0.00202321 0.00086537 0.000122571 2.85847
10.1 0.00193233 0.000829353 0.000117844 2.8514
10.125 0.00184573 0.000794945 0.000113305 2.84436
10.15 0.00176319 0.000762058 0.000108947 2.83735
10.175 0.00168448 0.000730597 0.000104759 2.83038
10.2 0.00160942 0.000700482 0.000100734 2.82344
10.225 0.00153781 0.000671643 9.68643e-05 2.81654
10.25 0.00146949 0.000644004 9.31433e-05 2.80967
10.275 0.00140427 0.000617499 8.95638e-05 2.80284
10.3 0.001342 0.000592072 8.61196e-05 2.79603
10.325 0.00128253 0.000567654 8.28044e-05 2.78926
10.35 0.00122572 0.000544197 7.96126e-05 2.78253
10.375 0.00117143 0.00052165 7.65388e-05 2.77582
10.4 0.00111955 0.000499969 7.35778e-05 2.76915
10.425 0.00106994 0.00047911 7.07247e-05 2.76251
10.45 0.0010225 0.000459034 6.79752e-05 2.7559
10.475 0.000977132 0.000439705 6.53248e-05 2.74932
10.5 0.000933723 0.000421088 6.27695e-05 2.74278
10.525 0.000892187 0.000403152 6.03056e-05 2.73626
10.55 0.000852434 0.000385873 5.79295e-05 2.72978
10.575 0.000814382 0.000369221 5.56377e-05 2.72332
10.6 0.000777953 0.000353171 5.34271e-05 2.7169
10.625 0.000743075 0.000337704 5.12947e-05 2.71051
10.65 0.000709677 0.000322797 4.92378e-05 2.70414
10.675 0.000677696 0.000308432 4.72536e-05 2.69781
10.7 0.000647069 0.000294592 4.53396e-05 2.69151
10.725 0.00061774 0.000281261 4.34935e-05 2.68523
10.75 0.000589652 0.000268423 4.1713e-05 2.67899
10.775 0.000562756 0.000256064 3.9996e-05 2.67277
10.8 0.000537001 0.000244172 3.83405e-05 2.66659
10.825 0.000512343 0.000232734 3.67446e-05 2.66043
10.85 0.000488736 0.000221738 3.52066e-05 2.6543
10.875 0.000466139 0.000211172 3.37245e-05 2.6482
10.9 0.000444513 0.000201026 3.22969e-05 2.64212
10.925 0.00042382 0.000191289 3.09222e-05 2.63608
10.95 0.000404024 0.000181951 2.95987e-05 2.63006
10.975 0.00038509 0.000173002 2.83252e-05 2.62407
11 0.000366985 0.000164431 2.71001e-05 2.6181
11.025 0.000349679 0.00015623 2.59221e-05 2.61217
11.05 0.00033314 0.000148387 2.47899e-05 2.60626
11.075 0.000317339 0.000140894 2.37022e-05 2.60037
11.1 0.000302248 0.000133741 2.26578e-05 2.59452
11.125 0.00028784 0.000126918 2.16555e-05 2.58869
11.15 0.000274088 0.000120415 2.0694e-05 2.58288
11.175 0.000260968 0.000114222 1.97722e-05 2.5771
11.2 0.000248454 0.00010833 1.8889e-05 2.57135
11.225 0.000236525 0.000102728 1.80432e-05 2.56563
11.25 0.000225153 9.74072e-05 1.72337e-05 2.55992
11.275 0.00021432 9.23569e-05 1.64594e-05 2.55425
11.3 0.000204003 8.75675e-05 1.57192e-05 2.5486
11.325 0.000194181 8.30293e-05 1.5012e-05 2.54297
11.35 0.000184833 7.87325e-05 1.43369e-05 2.53737
11.375 0.00017594 7.46673e-05 1.36926e-05 2.53179
11.4 0.000167483 7.08242e-05 1.30783e-05 2.52624
11.425 0.000159443 6.71938e-05 1.24928e-05 2.52071
11.45 0.000151802 6.37668e-05 1.1935e-05 2.51521
11.475 0.000144542 6.0534e-05 1.14041e-05 2.50973
11.5 0.000137648 5.74865e-05 1.0899e-05 2.50427
11.525 0.000131102 5.46156e-05 1.04188e-05 2.49884
11.55 0.000124889 5.19128e-05 9.96234e-06 2.49343
11.575 0.000118993 4.93698e-05 9.5288e-06 2.48805
11.6 0.0001134 4.69789e-05 9.11716e-06 2.48269
11.625 0.000108097 4.47317e-05 8.72654e-06 2.47735
11.65 0.000103068 4.26209e-05 8.35594e-06 2.47203
11.675 9.83014e-05 4.06393e-05 8.00451e-06 2.46674
11.7 9.37843e-05 3.87803e-05 7.67134e-06 2.46147
11.725 8.95047e-05 3.70368e-05 7.35558e-06 2.45622
11.75 8.54506e-05 3.54026e-05 7.05637e-06 2.45099
11.775 8.16111e-05 3.38715e-05 6.7729e-06 2.44579
11.8 7.79754e-05 3.24375e-05 6.50435e-06 2.44061
11.825 7.45332e-05 3.10951e-05 6.24994e-06 2.43545
11.85 7.12746e-05 2.98388e-05 6.00892e-06 2.43031
11.875 6.81901e-05 2.86634e-05 5.78054e-06 2.42519
11.9 6.52706e-05 2.75641e-05 5.5641e-06 2.4201
11.925 6.25074e-05 2.6536e-05 5.35891e-06 2.41502
11.95 5.98921e-05 2.55747e-05 5.1643e-06 2.40997
11.975 5.74169e-05 2.46759e-05 4.97965e-06 2.40494
12 5.50738e-05 2.38353e-05 4.80434e-06 2.39993
12.025 5.28557e-05 2.30489e-05 4.63779e-06 2.39494
12.05 5.07555e-05 2.2313e-05 4.47944e-06 2.38997
12.075 4.87663e-05 2.16239e-05 4.32875e-06 2.38502
12.1 4.68818e-05 2.09781e-05 4.18523e-06 2.38009
12.125 4.50957e-05 2.03721e-05 4.0484e-06 2.37519
12.15 4.34021e-05 1.98027e-05 3.91777e-06 2.3703
12.175 4.17952e-05 1.92668e-05 3.79293e-06 2.36543
12.2 4.02697e-05 1.87615e-05 3.67347e-06 2.36059
12.225 3.88202e-05 1.82835e-05 3.559e-06 2.35576
12.25 3.74419e-05 1.78305e-05 3.44917e-06 2.35095
12.275 3.613e-05 1.73997e-05 3.34364e-06 2.34616
12.3 3.488e-05 1.69886e-05 3.24208e-06 2.34139
12.325 3.36875e-05 1.65948e-05 3.14421e-06 2.33664
12.35 3.25484e-05 1.62161e-05 3.04974e-06 2.33191
12.375 3.14589e-05 1.58502e-05 2.95842e-06 2.3272
12.4 3.04153e-05 1.54952e-05 2.87001e-06 2.32251
12.425 2.94141e-05 1.51493e-05 2.78429e-06 2.31784
12.45 2.8452e-05 1.48106e-05 2.70106e-06 2.31318
12.475 2.75261e-05 1.44776e-05 2.62014e-06 2.30855
12.5 2.66334e-05 1.41488e-05 2.54135e-06 2.30393
12.525 2.57714e-05 1.38229e-05 2.46454e-06 2.29933
12.55 2.49375e-05 1.34988e-05 2.38956e-06 2.29475
12.575 2.41295e-05 1.31755e-05 2.3163e-06 2.29019
12.6 2.33454e-05 1.2852e-05 2.24463e-06 2.28565
12.625 2.25833e-05 1.25276e-05 2.17447e-06 2.28112
12.65 2.18413e-05 1.22018e-05 2.1057e-06 2.27661
12.675 2.11182e-05 1.18742e-05 2.03826e-06 2.27212
12.7 2.04126e-05 1.15444e-05 1.97206e-06 2.26765
12.725 1.97233e-05 1.12123e-05 1.90707e-06 2.26319
12.75 1.90492e-05 1.08779e-05 1.84321e-06 2.25876
12.775 1.83896e-05 1.05412e-05 1.78045e-06 2.25434
12.8 1.77438e-05 1.02026e-05 1.71875e-06 2.24993
12.825 1.71111e-05 9.86222e-06 1.65809e-06 2.24555
12.85 1.64912e-05 9.52058e-06 1.59844e-06 2.24118
12.875 1.58837e-05 9.17815e-06 1.53979e-06 2.23683
12.9 1.52885e-05 8.83554e-06 1.48212e-06 2.23249
12.925 1.47054e-05 8.49337e-06 1.42544e-06 2.22817
12.95 1.41343e-05 8.15237e-06 1.36975e-06 2.22387
12.975 1.35754e-05 7.81328e-06 1.31505e-06 2.21959
13 1.30287e-05 7.47687e-06 1.26134e-06 2.21532
13.025 1.24944e-05 7.14395e-06 1.20865e-06 2.21107
13.05 1.19727e-05 6.81533e-06 1.15698e-06 2.20683
13.075 1.1464e-05 6.49181e-06 1.10635e-06 2.20261
13.1 1.09683e-05 6.17418e-06 1.05679e-06 2.19841
13.125 1.04859e-05 5.86322e-06 1.00831e-06 2.19422
13.15 1.00173e-05 5.55966e-06 9.60931e-07 2.19005
13.175 9.56247e-06 5.2642e-06 9.14687e-07 2.18589
13.2 9.12185e-06 4.97748e-06 8.69596e-07 2.18175
13.225 8.69561e-06 4.70009e-06 8.25681e-07 2.17763
13.25 8.28394e-06 4.43256e-06 7.82968e-07 2.17352
13.275 7.88701e-06 4.17534e-06 7.4148e-07 2.16943
13.3 7.50495e-06 3.92882e-06 7.01235e-07 2.16535
13.325 7.13782e-06 3.69332e-06 6.62256e-07 2.16129
13.35 6.78567e-06 3.46908e-06 6.24561e-07 2.15724
13.375 6.44848e-06 3.25624e-06 5.88167e-07 2.15321
13.4 6.12618e-06 3.0549e-06 5.53089e-07 2.14919
13.425 5.81867e-06 2.86506e-06 5.1934e-07 2.14519
13.45 5.52575e-06 2.68666e-06 4.86928e-07 2.1412
13.475 5.24722e-06 2.51956e-06 4.55861e-07 2.13723
13.5 4.98283e-06 2.36358e-06 4.26147e-07 2.13327
13.525 4.73225e-06 2.21842e-06 3.97777e-07 2.12933
13.55 4.49514e-06 2.08378e-06 3.70755e-07 2.1254
13.575 4.27112e-06 1.95928e-06 3.45073e-07 2.12148
13.6 4.05976e-06 1.84452e-06 3.20724e-07 2.11758
13.625 3.86059e-06 1.73904e-06 2.97694e-07 2.1137
13.65 3.67316e-06 1.64235e-06 2.75965e-07 2.10983
13.675 3.49695e-06 1.55395e-06 2.55525e-07 2.10597
13.7 3.33144e-06 1.47331e-06 2.36347e-07 2.10213
13.725 3.17611e-06 1.39988e-06 2.18407e-07 2.0983
13.75 3.03043e-06 1.33313e-06 2.01676e-07 2.09448
13.775 2.89386e-06 1.27251e-06 1.8613e-07 2.09068
13.8 2.76585e-06 1.21749e-06 1.71714e-07 2.08689
13.825 2.6459e-06 1.16754e-06 1.58414e-07 2.08312
13.85 2.53348e-06 1.12217e-06 1.46183e-07 2.07936
13.875 2.42809e-06 1.08088e-06 1.34982e-07 2.07561
13.9 2.32925e-06 1.04322e-06 1.24768e-07 2.07188
13.925 2.23651e-06 1.00876e-06 1.15498e-07 2.06816
13.95 2.14942e-06 9.77125e-07 1.07126e-07 2.06446
13.975 2.06758e-06 9.47942e-07 9.96096e-08 2.06076
14 1.99061e-06 9.20894e-07 9.28938e-08 2.05708
14.025 1.91815e-06 8.95698e-07 8.69394e-08 2.05342
14.05 1.84989e-06 8.72108e-07 8.16964e-08 2.04976
14.075 1.78554e-06 8.49917e-07 7.71177e-08 2.04612
14.1 1.72483e-06 8.28954e-07 7.31561e-08 2.04249
14.125 1.66753e-06 8.09082e-07 6.97659e-08 2.03888
14.15 1.61344e-06 7.90208e-07 6.69008e-08 2.03528
14.175 1.56239e-06 7.72259e-07 6.45167e-08 2.03169
14.2 1.51423e-06 7.55197e-07 6.25703e-08 2.02811
14.225 1.46883e-06 7.3901e-07 6.10195e-08 2.02454
14.25 1.4261e-06 7.23711e-07 5.98242e-08 2.02099
14.275 1.38595e-06 7.09331e-07 5.89458e-08 2.01745
14.3 1.34833e-06 6.9592e-07 5.83475e-08 2.01393
14.325 1.31317e-06 6.83541e-07 5.79944e-08 2.01041
14.35 1.28045e-06 6.72267e-07 5.7854e-08 2.00691
14.375 1.25015e-06 6.62178e-07 5.78955e-08 2.00342
14.4 1.22223e-06 6.53356e-07 5.80905e-08 1.99994
14.425 1.19669e-06 6.45885e-07 5.84125e-08 1.99647
14.45 1.17351e-06 6.39844e-07 5.88377e-08 1.99302
14.475 1.15268e-06 6.35307e-07 5.93438e-08 1.98958
14.5 1.13419e-06 6.32339e-07 5.99112e-08 1.98615
14.525 1.11802e-06 6.30993e-07 6.05217e-08 1.98273
14.55 1.10414e-06 6.31312e-07 6.11598e-08 1.97932
14.575 1.09252e-06 6.33335e-07 6.18116e-08 1.97593
14.6 1.08312e-06 6.3703e-07 6.2465e-08 1.97254
14.625 1.07588e-06 6.42431e-07 6.31097e-08 1.96917
14.65 1.07074e-06 6.49499e-07 6.37369e-08 1.96581
14.675 1.06763e-06 6.58191e-07 6.43398e-08 1.96246
14.7 1.06645e-06 6.68444e-07 6.49119e-08 1.95913
14.725 1.06711e-06 6.80177e-07 6.54488e-08 1.9558
14.75 1.0695e-06 6.93294e-07 6.59468e-08 1.95248
14.775 1.07349e-06 7.07678e-07 6.64034e-08 1.94918
14.8 1.07895e-06 7.23197e-07 6.68168e-08 1.94589
14.825 1.08574e-06 7.39713e-07 6.71859e-08 1.94261
14.85 1.09369e-06 7.57064e-07 6.751e-08 1.93934
14.875 1.10265e-06 7.75082e-07 6.77891e-08 1.93608
14.9 1.11245e-06 7.9359e-07 6.80234e-08 1.93283
14.925 1.12292e-06 8.12405e-07 6.82133e-08 1.92959
14.95 1.13387e-06 8.31335e-07 6.83594e-08 1.92636
14.975 1.14514e-06 8.5019e-07 6.84621e-08 1.92315
15 1.15652e-06 8.68777e-07 6.85222e-08 1.91994
15.025 1.16786e-06 8.86904e-07 6.85399e-08 1.91675
15.05 1.17897e-06 9.04384e-07 6.85155e-08 1.91356
15.075 1.18968e-06 9.21035e-07 6.84489e-08 1.91039
15.1 1.19982e-06 9.36682e-07 6.83401e-08 1.90723
15.125 1.20923e-06 9.51162e-07 6.81883e-08 1.90408
15.15 1.21777e-06 9.64327e-07 6.79929e-08 1.90093
15.175 1.22529e-06 9.76023e-07 6.77526e-08 1.8978
15.2 1.23166e-06 9.8613e-07 6.74661e-08 1.89468
15.225 1.23677e-06 9.94535e-07 6.71317e-08 1.89157
15.25 1.24052e-06 1.00114e-06 6.67473e-08 1.88847
15.275 1.24281e-06 1.00586e-06 6.6311e-08 1.88538
15.3 1.24357e-06 1.00866e-06 6.58202e-08 1.8823
15.325 1.24274e-06 1.00947e-06 6.52725e-08 1.87923
15.35 1.24027e-06 1.00828e-06 6.46654e-08 1.87617
15.375 1.23615e-06 1.00508e-06 6.39961e-08 1.87312
15.4 1.23035e-06 9.9987e-07 6.32623e-08 1.87007
15.425 1.22289e-06 9.9269e-07 6.24612e-08 1.86704
15.45 1.21378e-06 9.83584e-07 6.15907e-08 1.86402
15.475 1.20305e-06 9.72612e-07 6.06484e-08 1.86101
15.5 1.19075e-06 9.5985e-07 5.96325e-08 1.85801
15.525 1.17695e-06 9.45389e-07 5.85416e-08 1.85502
15.55 1.16171e-06 9.29335e-07 5.73744e-08 1.85204
15.575 1.14514e-06 9.11799e-07 5.613e-08 1.84906
15.6 1.12731e-06 8.92909e-07 5.48085e-08 1.8461
15.625 1.10835e-06 8.72801e-07 5.34095e-08 1.84315
15.65 1.08837e-06 8.51618e-07 5.1934e-08 1.8402
15.675 1.06748e-06 8.29511e-07 5.03835e-08 1.83727
15.7 1.04583e-06 8.06633e-07 4.87599e-08 1.83434
15.725 1.02355e-06 7.83142e-07 4.70658e-08 1.83142
15.75 1.00077e-06 7.59198e-07 4.53044e-08 1.82852
15.775 9.7764e-07 7.34961e-07 4.34796e-08 1.82562
15.8 9.54305e-07 7.10591e-07 4.1596e-08 1.82273
15.825 9.30907e-07 6.86244e-07 3.96589e-08 1.81985
15.85 9.07592e-07 6.62076e-07 3.76735e-08 1.81698
15.875 8.84501e-07 6.38235e-07 3.56466e-08 1.81412
15.9 8.61772e-07 6.14867e-07 3.35849e-08 1.81127
15.925 8.39543e-07 5.92108e-07 3.1496e-08 1.80842
15.95 8.17943e-07 5.7009e-07 2.93878e-08 1.80559
15.975 7.97099e-07 5.48936e-07 2.72686e-08 1.80276
16 7.77129e-07 5.28758e-07 2.51473e-08 1.79995
16.025 7.58147e-07 5.09662e-07 2.30328e-08 1.79714
16.05 7.40257e-07 4.91743e-07 2.09346e-08 1.79434
16.075 7.23558e-07 4.75088e-07 1.88622e-08 1.79155
16.1 7.08138e-07 4.5977e-07 1.68253e-08 1.78877
16.125 6.94078e-07 4.45856e-07 1.48337e-08 1.78599
16.15 6.81449e-07 4.33398e-07 1.28972e-08 1.78323
16.175 6.70316e-07 4.22447e-07 1.10256e-08 1.78047
16.2 6.60731e-07 4.13035e-07 9.22852e-09 1.77773
16.225 6.52741e-07 4.05189e-07 7.51532e-09 1.77499
16.25 6.46377e-07 3.98924e-07 5.89516e-09 1.77226
16.275 6.41674e-07 3.9425e-07 4.3769e-09 1.76953
16.3 6.3865e-07 3.91164e-07 2.96899e-09 1.76682
16.325 6.37313e-07 3.8966e-07 1.67944e-09 1.76411
16.35 6.37667e-07 3.8972e-07 5.15748e-10 1.76142
16.375 6.39707e-07 3.91323e-07 -5.15123e-10 1.75873
16.4 6.43422e-07 3.9444e-07 -1.40682e-09 1.75605
16.425 6.48794e-07 3.99036e-07 -2.15364e-09 1.75337
16.45 6.55796e-07 4.05072e-07 -2.75054e-09 1.75071
16.475 6.64398e-07 4.12505e-07 -3.19322e-09 1.74805
16.5 6.74565e-07 4.21288e-07 -3.47808e-09 1.7454
16.525 6.86256e-07 4.31369e-07 -3.60234e-09 1.74276
16.55 6.99425e-07 4.42697e-07 -3.5639e-09 1.74013
16.575 7.14022e-07 4.55215e-07 -3.36161e-09 1.73751
16.6 7.29996e-07 4.68868e-07 -2.99498e-09 1.73489
16.625 7.4729e-07 4.83598e-07 -2.46437e-09 1.73228
16.65 7.65846e-07 4.99347e-07 -1.77091e-09 1.72968
16.675 7.85603e-07 5.16056e-07 -9.16541e-10 1.72709
16.7 8.06499e-07 5.33668e-07 9.60511e-11 1.7245
16.725 8.28471e-07 5.52125e-07 1.26343e-09 1.72192
16.75 8.51454e-07 5.71371e-07 2.58142e-09 1.71935
16.775 8.75383e-07 5.91351e-07 4.04518e-09 1.71679
16.8 9.00192e-07 6.12009e-07 5.64919e-09 1.71424
16.825 9.25816e-07 6.33294e-07 7.38731e-09 1.71169
16.85 9.5219e-07 6.55155e-07 9.25282e-09 1.70915
16.875 9.79248e-07 6.77541e-07 1.12385e-08 1.70662
16.9 1.00693e-06 7.00406e-07 1.33365e-08 1.70409
16.925 1.03516e-06 7.23704e-07 1.55386e-08 1.70157
16.95 1.06389e-06 7.47389e-07 1.78363e-08 1.69906
16.975 1.09304e-06 7.71421e-07 2.02206e-08 1.69656
17 1.12257e-06 7.95757e-07 2.26823e-08 1.69407
17.025 1.15241e-06 8.20359e-07 2.52118e-08 1.69158
17.05 1.1825e-06 8.45188e-07 2.77994e-08 1.6891
17.075 1.21279e-06 8.70211e-07 3.04354e-08 1.68663
17.1 1.24322e-06 8.95387e-07 3.31097e-08 1.68416
17.125 1.27373e-06 9.20684e-07 3.58125e-08 1.6817
17.15 1.30427e-06 9.46067e-07 3.85339e-08 1.67925
17.175 1.33479e-06 9.71505e-07 4.12638e-08 1.67681
17.2 1.36524e-06 9.96965e-07 4.39926e-08 1.67437
17.225 1.39556e-06 1.02241e-06 4.67106e-08 1.67194
17.25 1.42572e-06 1.04782e-06 4.94085e-08 1.66952
17.275 1.45565e-06 1.07315e-06 5.20769e-08 1.6671
17.3 1.48532e-06 1.09838e-06 5.47072e-08 1.66469
17.325 1.51467e-06 1.12347e-06 5.72908e-08 1.66229
17.35 1.54367e-06 1.14839e-06 5.98204e-08 1.65989
17.375 1.57226e-06 1.17311e-06 6.22842e-08 1.65751
17.4 1.60041e-06 1.19759e-06 6.4679e-08 1.65512
17.425 1.62807e-06 1.22181e-06 6.69963e-08 1.65275
17.45 1.6552e-06 1.24572e-06 6.92295e-08 1.65038
17.475 1.68176e-06 1.2693e-06 7.13725e-08 1.64802
17.5 1.70771e-06 1.29251e-06 7.34196e-08 1.64567
17.525 1.733e-06 1.31532e-06 7.53657e-08 1.64332
17.55 1.75761e-06 1.33768e-06 7.72061e-08 1.64098
17.575 1.78149e-06 1.35957e-06 7.89366e-08 1.63864
17.6 1.80461e-06 1.38094e-06 8.0554e-08 1.63632
17.625 1.82693e-06 1.40177e-06 8.20545e-08 1.63399
17.65 1.84842e-06 1.42201e-06 8.34358e-08 1.63168
17.675 1.86903e-06 1.44164e-06 8.46957e-08 1.62937
17.7 1.88875e-06 1.4606e-06 8.58325e-08 1.62707
17.725 1.90753e-06 1.47887e-06 8.68451e-08 1.62478
17.75 1.92534e-06 1.49641e-06 8.77329e-08 1.62249
17.775 1.94217e-06 1.51319e-06 8.84957e-08 1.62021
17.8 1.95797e-06 1.52917e-06 8.91336e-08 1.61793
17.825 1.97272e-06 1.54432e-06 8.96473e-08 1.61566
17.85 1.9864e-06 1.5586e-06 9.0038e-08 1.6134
17.875 1.99898e-06 1.57199e-06 9.0307e-08 1.61114
17.9 2.01045e-06 1.58445e-06 9.04562e-08 1.60889
17.925 2.02077e-06 1.59596e-06 9.04877e-08 1.60665
17.95 2.02993e-06 1.60648e-06 9.04041e-08 1.60441
17.975 2.03792e-06 1.616e-06 9.02082e-08 1.60218
18 2.04473e-06 1.62449e-06 8.99031e-08 1.59995
18.025 2.05033e-06 1.63193e-06 8.94921e-08 1.59773
18.05 2.05474e-06 1.6383e-06 8.89788e-08 1.59552
18.075 2.05791e-06 1.64358e-06 8.8367e-08 1.59331
18.1 2.05986e-06 1.64777e-06 8.76607e-08 1.59111
18.125 2.06057e-06 1.65083e-06 8.68639e-08 1.58892
18.15 2.06006e-06 1.65278e-06 8.5981e-08 1.58673
18.175 2.05831e-06 1.65359e-06 8.50164e-08 1.58455
18.2 2.05533e-06 1.65327e-06 8.39745e-08 1.58237
18.225 2.05113e-06 1.65181e-06 8.286e-08 1.5802
18.25 2.04571e-06 1.64922e-06 8.16773e-08 1.57804
18.275 2.03909e-06 1.6455e-06 8.04312e-08 1.57588
18.3 2.03127e-06 1.64066e-06 7.91267e-08 1.57372
18.325 2.02228e-06 1.63469e-06 7.77677e-08 1.57158
18.35 2.01211e-06 1.62761e-06 7.63591e-08 1.56944
18.375 2.00081e-06 1.61943e-06 7.49057e-08 1.5673
18.4 1.98837e-06 1.61018e-06 7.34118e-08 1.56521
18.425 1.97483e-06 1.59987e-06 7.18819e-08 1.56305
18.45 1.96022e-06 1.58853e-06 7.03205e-08 1.56093
18.475 1.94455e-06 1.57618e-06 6.8731e-08 1.55882
18.5 1.92785e-06 1.56284e-06 6.71197e-08 1.55671
18.525 1.91016e-06 1.54853e-06 6.54888e-08 1.55461
18.55 1.89151e-06 1.53329e-06 6.38429e-08 1.55251
18.575 1.87192e-06 1.51716e-06 6.21856e-08 1.55043
18.6 1.85144e-06 1.50016e-06 6.05207e-08 1.54834
18.625 1.8301e-06 1.48233e-06 5.88519e-08 1.54626
18.65 1.80792e-06 1.4637e-06 5.71821e-08 1.54419
18.675 1.78496e-06 1.44432e-06 5.55148e-08 1.54212
18.7 1.76125e-06 1.42421e-06 5.3853e-08 1.54006
18.725 1.73683e-06 1.40342e-06 5.21996e-08 1.53801
18.75 1.71174e-06 1.38199e-06 5.05573e-08 1.53595
18.775 1.68602e-06 1.35996e-06 4.89287e-08 1.53391
18.8 1.6597e-06 1.33737e-06 4.73163e-08 1.53187
18.825 1.63284e-06 1.31426e-06 4.57221e-08 1.52984
18.85 1.60546e-06 1.29068e-06 4.41484e-08 1.52781
18.875 1.57762e-06 1.26666e-06 4.2597e-08 1.52578
18.9 1.54935e-06 1.24224e-06 4.10697e-08 1.52376
18.925 1.5207e-06 1.21748e-06 3.9568e-08 1.52175
18.95 1.4917e-06 1.1924e-06 3.80935e-08 1.51974
18.975 1.46239e-06 1.16706e-06 3.66475e-08 1.51774
19 1.43282e-06 1.14148e-06 3.52311e-08 1.51574
19.025 1.40302e-06 1.11572e-06 3.38452e-08 1.51375
19.05 1.37303e-06 1.0898e-06 3.24909e-08 1.51177
19.075 1.34289e-06 1.06377e-06 3.11688e-08 1.50979
19.1 1.31263e-06 1.03767e-06 2.98796e-08 1.50781
19.125 1.2823e-06 1.01151e-06 2.86238e-08 1.50584
19.15 1.25192e-06 9.85354e-07 2.74017e-08 1.50387
19.175 1.22152e-06 9.59217e-07 2.62137e-08 1.50191
19.2 1.19114e-06 9.33136e-07 2.50598e-08 1.49996
19.225 1.16082e-06 9.07138e-07 2.39403e-08 1.49801
19.25 1.13057e-06 8.81253e-07 2.28551e-08 1.49606
19.275 1.10043e-06 8.55506e-07 2.1804e-08 1.49412
19.3 1.07043e-06 8.2992e-07 2.07869e-08 1.49218
19.325 1.04058e-06 8.04531e-07 1.98035e-08 1.49025
19.35 1.01092e-06 7.79338e-07 1.88535e-08 1.48833
19.375 9.81454e-07 7.5437e-07 1.79364e-08 1.48641
19.4 9.52217e-07 7.29644e-07 1.70517e-08 1.48449
19.425 9.23223e-07 7.05173e-07 1.61991e-08 1.48258
19.45 8.94488e-07 6.80971e-07 1.53777e-08 1.48068
19.475 8.66029e-07 6.57044e-07 1.45871e-08 1.47878
19.5 8.37858e-07 6.33406e-07 1.38265e-08 1.47688
19.525 8.09988e-07 6.1006e-07 1.30952e-08 1.47499
19.55 7.82428e-07 5.87009e-07 1.23924e-08 1.4731
19.575 7.55188e-07 5.64252e-07 1.17174e-08 1.47122
19.6 7.28275e-07 5.41789e-07 1.10692e-08 1.46934
19.625 7.01692e-07 5.19613e-07 1.04471e-08 1.46747
19.65 6.75444e-07 4.97718e-07 9.85001e-09 1.46561
19.675 6.49532e-07 4.76094e-07 9.27715e-09 1.46374
19.7 6.23955e-07 4.54723e-07 8.72752e-09 1.46189
19.725 5.98713e-07 4.33591e-07 8.20016e-09 1.46003
19.75 5.73801e-07 4.12678e-07 7.69405e-09 1.45818
19.775 5.49213e-07 3.91959e-07 7.20818e-09 1.45634
19.8 5.24943e-07 3.71407e-07 6.74151e-09 1.4545
19.825 5.00982e-07 3.5099e-07 6.29297e-09 1.45267
19.85 4.7732e-07 3.30672e-07 5.86147e-09 1.45084
19.875 4.53942e-07 3.10412e-07 5.44589e-09 1.44901
19.9 4.30836e-07 2.90165e-07 5.04509e-09 1.44719
19.925 4.07986e-07 2.69881e-07 4.65792e-09 1.44538
19.95 3.85372e-07 2.49499e-07 4.28313e-09 1.44357
19.975 3.62982e-07 2.28974e-07 3.9197e-09 1.44176
20 3.40774e-07 2.08191e-07 3.56572e-09 1.43996
