0 486.191 399.744 -1.66717 10.7588
0.025 486.191 399.744 -1.66717 10.7588
0.05 485.809 399.164 -1.66442 10.7581
0.075 485.588 398.961 -1.66299 10.7571
0.1 485.287 398.691 -1.66101 10.7557
0.125 484.916 398.373 -1.65859 10.754
0.15 484.47 397.994 -1.65567 10.7518
0.175 483.948 397.555 -1.65224 10.7493
0.2 483.353 397.053 -1.64831 10.7464
0.225 482.683 396.49 -1.64389 10.7431
0.25 481.942 395.868 -1.63897 10.7394
0.275 481.128 395.187 -1.63358 10.7353
0.3 480.251 394.449 -1.6277 10.7309
0.325 479.308 393.655 -1.62138 10.7261
0.35 478.302 392.805 -1.61458 10.7209
0.375 477.237 391.909 -1.60737 10.7153
0.4 476.114 390.964 -1.59973 10.7094
0.425 474.937 389.972 -1.5917 10.7031
0.45 473.71 388.937 -1.58327 10.6964
0.475 472.434 387.86 -1.57446 10.6894
0.5 471.115 386.746 -1.56529 10.682
0.525 469.754 385.596 -1.55578 10.6742
0.55 468.357 384.413 -1.54596 10.6661
0.575 466.925 383.202 -1.53585 10.6577
0.6 465.464 381.964 -1.52544 10.6489
0.625 463.977 380.702 -1.51477 10.6398
0.65 462.467 379.42 -1.50387 10.6303
0.675 460.938 378.122 -1.49277 10.6205
0.7 459.395 376.809 -1.48147 10.6103
0.725 457.84 375.486 -1.47 10.5998
0.75 456.278 374.152 -1.45837 10.589
0.775 454.711 372.816 -1.44663 10.5779
0.8 453.145 371.479 -1.43478 10.5664
0.825 451.582 370.144 -1.42286 10.5546
0.85 450.025 368.814 -1.41089 10.5425
0.875 448.479 367.491 -1.39888 10.5301
0.9 446.945 366.178 -1.38687 10.5174
0.925 445.429 364.878 -1.37487 10.5044
0.95 443.931 363.594 -1.3629 10.4911
0.975 442.456 362.329 -1.35099 10.4775
1 441.005 361.083 -1.33916 10.4635
1.025 439.582 359.861 -1.32742 10.4493
1.05 438.189 358.664 -1.31579 10.4348
1.075 436.828 357.493 -1.3043 10.42
1.1 435.5 356.351 -1.29295 10.4049
1.125 434.208 355.24 -1.28177 10.3895
1.15 432.954 354.161 -1.27077 10.3739
1.175 431.737 353.114 -1.25996 10.3579
1.2 430.561 352.102 -1.24935 10.3417
1.225 429.425 351.125 -1.23895 10.3252
1.25 428.33 350.184 -1.22877 10.3084
1.275 427.277 349.28 -1.21882 10.2913
1.3 426.267 348.413 -1.20911 10.274
1.325 425.298 347.582 -1.19963 10.2564
1.35 424.372 346.789 -1.1904 10.2385
1.375 423.487 346.032 -1.18141 10.2203
1.4 422.643 345.312 -1.17265 10.2019
1.425 421.839 344.628 -1.16414 10.1832
1.45 421.073 343.978 -1.15587 10.1642
1.475 420.345 343.363 -1.14783 10.1449
1.5 419.654 342.78 -1.14003 10.1254
1.525 418.997 342.232 -1.13243 10.1056
1.55 418.371 341.713 -1.12504 10.0856
1.575 417.777 341.22 -1.11786 10.0652
1.6 417.21 340.754 -1.11087 10.0446
1.625 416.668 340.309 -1.10405 10.0237
1.65 416.15 339.89 -1.0974 10.0025
1.675 415.652 339.49 -1.0909 9.98111
1.7 415.171 339.108 -1.08454 9.9594
1.725 414.704 338.74 -1.0783 9.93742
1.75 414.248 338.385 -1.07216 9.91516
1.775 413.799 338.04 -1.06611 9.89262
1.8 413.355 337.702 -1.06013 9.8698
1.825 412.912 337.368 -1.05421 9.84671
1.85 412.466 337.034 -1.04832 9.82334
1.875 412.013 336.699 -1.04244 9.79969
1.9 411.55 336.357 -1.03657 9.77575
1.925 411.073 336.008 -1.03068 9.75154
1.95 410.579 335.646 -1.02474 9.72704
1.975 410.062 335.269 -1.01875 9.70226
2 409.521 334.874 -1.01269 9.6772
2.025 408.951 334.457 -1.00653 9.65186
2.05 408.347 334.015 -1.00026 9.62623
2.075 407.707 333.545 -0.993864 9.60031
2.1 407.026 333.044 -0.987319 9.57412
2.125 406.301 332.508 -0.980608 9.54764
2.15 405.528 331.934 -0.973718 9.52087
2.175 404.705 331.32 -0.96663 9.49382
2.2 403.826 330.661 -0.959328 9.46649
2.225 402.889 329.955 -0.951798 9.43887
2.25 401.891 329.2 -0.944023 9.41097
2.275 400.829 328.392 -0.93599 9.38279
2.3 399.699 327.528 -0.927684 9.35432
2.325 398.499 326.606 -0.919099 9.32558
2.35 397.226 325.624 -0.910208 9.29656
2.375 395.877 324.578 -0.900995 9.26726
2.4 394.449 323.467 -0.891466 9.23769
2.425 392.942 322.289 -0.881602 9.20785
2.45 391.352 321.041 -0.871391 9.17773
2.475 389.677 319.721 -0.860823 9.14734
2.5 387.916 318.328 -0.849888 9.11669
2.525 386.068 316.859 -0.838577 9.08578
2.55 384.13 315.314 -0.826881 9.0546
2.575 382.102 313.692 -0.814793 9.02317
2.6 379.982 311.99 -0.802304 8.99149
2.625 377.77 310.207 -0.78941 8.95955
2.65 375.465 308.344 -0.776101 8.92737
2.675 373.067 306.399 -0.762375 8.89495
2.7 370.575 304.372 -0.748225 8.86229
2.725 367.989 302.261 -0.733649 8.8294
2.75 365.31 300.068 -0.718644 8.79628
2.775 362.538 297.791 -0.703208 8.76294
2.8 359.672 295.432 -0.687347 8.72938
2.825 356.716 292.99 -0.671031 8.69561
2.85 353.668 290.466 -0.654292 8.66164
2.875 350.53 287.86 -0.637122 8.62746
2.9 347.303 285.173 -0.619521 8.59309
2.925 343.99 282.407 -0.601496 8.55853
2.95 340.591 279.562 -0.583048 8.52379
2.975 337.108 276.639 -0.564186 8.48888
3 333.542 273.64 -0.544917 8.45379
3.025 329.898 270.566 -0.525248 8.41855
3.05 326.176 267.42 -0.505189 8.38315
3.075 322.379 264.203 -0.484753 8.34761
3.1 318.51 260.918 -0.463953 8.31192
3.125 314.571 257.566 -0.442801 8.27611
3.15 310.563 254.15 -0.421314 8.24017
3.175 306.493 250.672 -0.39951 8.20411
3.2 302.362 247.136 -0.377407 8.16795
3.225 298.173 243.543 -0.355025 8.13168
3.25 293.929 239.897 -0.332386 8.09532
3.275 289.634 236.2 -0.309514 8.05888
3.3 285.291 232.456 -0.286435 8.02236
3.325 280.903 228.668 -0.263175 7.98578
3.35 276.475 224.839 -0.239761 7.94913
3.375 272.009 220.973 -0.216223 7.91243
3.4 267.509 217.073 -0.192591 7.87569
3.425 262.979 213.142 -0.168899 7.83891
3.45 258.423 209.184 -0.145178 7.8021
3.475 253.844 205.202 -0.121465 7.76528
3.5 249.246 201.2 -0.0977913 7.72844
3.525 244.632 197.183 -0.0741945 7.6916
3.55 240.007 193.152 -0.0507112 7.65477
3.575 235.373 189.113 -0.0273782 7.61795
3.6 230.736 185.069 -0.00423306 7.58115
3.625 226.097 181.022 0.0186867 7.54438
3.65 221.462 176.978 0.0413436 7.50764
3.675 216.833 172.94 0.0637001 7.47095
3.7 212.214 168.911 0.0857193 7.43432
3.725 207.609 164.894 0.107365 7.39774
3.75 203.02 160.894 0.1286 7.36123
3.775 198.452 156.913 0.149391 7.32479
3.8 193.907 152.955 0.169703 7.28844
3.825 189.389 149.024 0.189504 7.25217
3.85 184.9 145.121 0.208763 7.216
3.875 180.444 141.251 0.227448 7.17993
3.9 176.024 137.417 0.245534 7.14396
3.925 171.642 133.62 0.262993 7.10811
3.95 167.3 129.864 0.2798 7.07238
3.975 163.003 126.152 0.295934 7.03678
4 158.752 122.486 0.311371 7.00131
4.025 154.549 118.868 0.3261 6.96598
4.05 150.397 115.301 0.340101 6.93079
4.075 146.297 111.786 0.353361 6.89575
4.1 142.253 108.326 0.365868 6.86086
4.125 138.265 104.923 0.377615 6.82613
4.15 134.335 101.577 0.388595 6.79156
4.175 130.466 98.2914 0.398804 6.75716
4.2 126.659 95.0668 0.40824 6.72293
4.225 122.914 91.9053 0.416903 6.68888
4.25 119.234 88.8065 0.424798 6.655
4.275 115.619 85.7722 0.431924 6.62131
4.3 112.071 82.8032 0.438296 6.58781
4.325 108.59 79.9003 0.44392 6.5545
4.35 105.177 77.064 0.448806 6.52137
4.375 101.834 74.2948 0.452969 6.48845
4.4 98.5594 71.593 0.456421 6.45572
4.425 95.3551 68.9588 0.459179 6.4232
4.45 92.221 66.3924 0.46126 6.39088
4.475 89.1574 63.8937 0.462684 6.35876
4.5 86.1645 61.4626 0.46347 6.32685
4.525 83.2422 59.0988 0.463639 6.29516
4.55 80.3906 56.802 0.463214 6.26367
4.575 77.6094 54.5719 0.462217 6.2324
4.6 74.8985 52.4077 0.460672 6.20134
4.625 72.2574 50.3091 0.458604 6.17049
4.65 69.6858 48.2751 0.456036 6.13987
4.675 67.1832 46.3052 0.452993 6.10946
4.7 64.749 44.3984 0.449502 6.07927
4.725 62.3827 42.5539 0.445586 6.0493
4.75 60.0834 40.7708 0.441272 6.01954
4.775 57.8504 39.0478 0.436585 5.99001
4.8 55.6829 37.3842 0.43155 5.9607
4.825 53.5801 35.7786 0.426191 5.93161
4.85 51.541 34.23 0.420534 5.90273
4.875 49.5645 32.7371 0.414602 5.87408
4.9 47.6498 31.2989 0.40842 5.84565
4.925 45.7958 29.9139 0.402009 5.81744
4.95 44.0012 28.581 0.395394 5.78944
4.975 42.2652 27.2989 0.388595 5.76167
5 40.5864 26.0662 0.381635 5.73411
5.025 38.9637 24.8816 0.374533 5.70677
5.05 37.396 23.744 0.36731 5.67965
5.075 35.8819 22.6518 0.359984 5.65274
5.1 34.4204 21.6038 0.352583 5.62605
5.125 33.0101 20.5987 0.345107 5.59957
5.15 31.6497 19.6352 0.337581 5.5733
5.175 30.3382 18.7119 0.330021 5.54724
5.2 29.0741 17.8276 0.322435 5.5214
5.225 27.8563 16.981 0.314853 5.49577
5.25 26.6834 16.1708 0.307279 5.47034
5.275 25.5543 15.3957 0.299727 5.44512
5.3 24.4678 14.6546 0.292208 5.4201
5.325 23.4224 13.9462 0.284734 5.39529
5.35 22.4172 13.2694 0.277315 5.37068
5.375 21.4508 12.6229 0.26996 5.34627
5.4 20.522 12.0056 0.262678 5.32206
5.425 19.6297 11.4165 0.255478 5.29805
5.45 18.7727 10.8543 0.248366 5.27424
5.475 17.9499 10.3182 0.24135 5.25062
5.5 17.1601 9.8069 0.234436 5.22719
5.525 16.4022 9.31954 0.227628 5.20395
5.55 15.6752 8.85511 0.220932 5.18091
5.575 14.978 8.41265 0.214353 5.15805
5.6 14.3095 7.99124 0.207894 5.13538
5.625 13.6688 7.58999 0.201557 5.1129
5.65 13.0548 7.20802 0.195347 5.09059
5.675 12.4666 6.84449 0.189265 5.06847
5.7 11.9031 6.49861 0.183313 5.04653
5.725 11.3636 6.16958 0.177493 5.02477
5.75 10.8471 5.85664 0.171806 5.00318
5.775 10.3527 5.55908 0.166251 4.98177
5.8 9.87964 5.27619 0.160831 4.96053
5.825 9.42701 5.0073 0.155545 4.93946
5.85 8.99404 4.75176 0.150392 4.91856
5.875 8.57997 4.50894 0.145372 4.89784
5.9 8.18403 4.27825 0.140484 4.87727
5.925 7.80552 4.05912 0.135728 4.85687
5.95 7.44371 3.85099 0.131102 4.83664
5.975 7.09795 3.65333 0.126604 4.81656
6 6.76756 3.46565 0.122234 4.79665
6.025 6.45191 3.28746 0.11799 4.77689
6.05 6.1504 3.1183 0.113869 4.75729
6.075 5.86244 2.95772 0.10987 4.73785
6.1 5.58745 2.80531 0.105991 4.71856
6.125 5.32489 2.66066 0.102229 4.69942
6.15 5.07423 2.52339 0.098583 4.68043
6.175 4.83496 2.39313 0.0950499 4.66158
6.2 4.6066 2.26952 0.0916276 4.64289
6.225 4.38867 2.15225 0.0883137 4.62434
6.25 4.18073 2.04098 0.0851057 4.60593
6.275 3.98233 1.93543 0.0820013 4.58767
6.3 3.79307 1.83529 0.0789979 4.56955
6.325 3.61253 1.74029 0.0760932 4.55157
6.35 3.44034 1.65019 0.0732846 4.53372
6.375 3.27613 1.56471 0.0705696 4.51601
6.4 3.11955 1.48364 0.0679459 4.49844
6.425 2.97025 1.40675 0.0654109 4.481
6.45 2.8279 1.33382 0.0629622 4.46369
6.475 2.69221 1.26465 0.0605975 4.44652
6.5 2.56287 1.19906 0.0583144 4.42947
6.525 2.43959 1.13685 0.0561105 4.41255
6.55 2.3221 1.07785 0.0539835 4.39576
6.575 2.21014 1.0219 0.0519311 4.37909
6.6 2.10346 0.968847 0.0499511 4.36255
6.625 2.00181 0.918538 0.0480414 4.34613
6.65 1.90497 0.870833 0.0462001 4.32983
6.675 1.81272 0.825598 0.0444245 4.31365
6.7 1.72485 0.782708 0.0427128 4.2976
6.725 1.64115 0.742041 0.041063 4.28165
6.75 1.56144 0.703483 0.0394731 4.26583
6.775 1.48553 0.666927 0.0379413 4.25012
6.8 1.41324 0.632274 0.0364656 4.23452
6.825 1.34441 0.599417 0.0350442 4.21904
6.85 1.27888 0.568268 0.0336753 4.20367
6.875 1.21649 0.538741 0.0323572 4.18841
6.9 1.15711 0.51075 0.0310882 4.17326
6.925 1.10057 0.484219 0.0298668 4.15822
6.95 1.04677 0.45907 0.0286911 4.14328
6.975 0.995557 0.435234 0.0275597 4.12845
7 0.946822 0.412642 0.0264711 4.11373
7.025 0.900446 0.39123 0.0254238 4.09911
7.05 0.856317 0.370938 0.0244163 4.08459
7.075 0.81433 0.351708 0.0234474 4.07017
7.1 0.774383 0.333485 0.0225155 4.05586
7.125 0.73638 0.316217 0.0216196 4.04164
7.15 0.700229 0.299854 0.0207582 4.02752
7.175 0.665841 0.284349 0.0199301 4.01351
7.2 0.633133 0.269659 0.0191342 3.99958
7.225 0.602024 0.25574 0.0183692 3.98576
7.25 0.572437 0.242552 0.0176341 3.97203
7.275 0.544301 0.230058 0.0169278 3.95839
7.3 0.517545 0.218221 0.0162493 3.94484
7.325 0.492103 0.207007 0.0155974 3.93139
7.35 0.467911 0.196383 0.0149713 3.91803
7.375 0.444909 0.186318 0.0143699 3.90476
7.4 0.42304 0.176783 0.0137923 3.89157
7.425 0.402249 0.16775 0.0132377 3.87848
7.45 0.382482 0.159192 0.0127052 3.86547
7.475 0.363691 0.151084 0.0121939 3.85255
7.5 0.345828 0.143403 0.0117031 3.83972
7.525 0.328847 0.136125 0.0112319 3.82697
7.55 0.312706 0.129229 0.0107795 3.8143
7.575 0.297362 0.122696 0.0103454 3.80172
7.6 0.282778 0.116505 0.00992863 3.78922
7.625 0.268914 0.110639 0.00952867 3.7768
7.65 0.255737 0.105079 0.00914473 3.76447
7.675 0.243212 0.0998107 0.00877636 3.75221
7.7 0.231307 0.0948169 0.00842285 3.74003
7.725 0.21999 0.0900831 0.00808362 3.72793
7.75 0.209234 0.0855956 0.00775808 3.71591
7.775 0.19901 0.0813409 0.00744569 3.70397
7.8 0.189291 0.0773065 0.00714592 3.6921
7.825 0.180053 0.0734805 0.00685827 3.68031
7.85 0.171271 0.0698517 0.00658224 3.66859
7.875 0.162923 0.0664095 0.00631736 3.65695
7.9 0.154987 0.0631438 0.00606318 3.64538
7.925 0.147442 0.0600449 0.00581926 3.63389
7.95 0.14027 0.0571041 0.00558518 3.62246
7.975 0.133451 0.0543127 0.00536054 3.61111
8 0.126967 0.0516626 0.00514495 3.59983
8.025 0.120802 0.0491463 0.00493804 3.58862
8.05 0.11494 0.0467566 0.00473945 3.57747
8.075 0.109366 0.0444867 0.00454884 3.5664
8.1 0.104065 0.0423302 0.00436589 3.5554
8.125 0.0990235 0.040281 0.00419027 3.54446
8.15 0.0942289 0.0383335 0.00402169 3.53359
8.175 0.0896685 0.0364822 0.00385985 3.52278
8.2 0.0853308 0.0347222 0.00370449 3.51205
8.225 0.0812047 0.0330484 0.00355532 3.50137
8.25 0.0772795 0.0314566 0.00341211 3.49076
8.275 0.0735452 0.0299423 0.0032746 3.48022
8.3 0.0699924 0.0285016 0.00314257 3.46974
8.325 0.0666121 0.0271307 0.00301578 3.45932
8.35 0.0633958 0.0258259 0.00289403 3.44896
8.375 0.0603352 0.024584 0.00277712 3.43867
8.4 0.0574227 0.0234016 0.00266484 3.42844
8.425 0.054651 0.0222759 0.00255701 3.41827
8.45 0.0520132 0.021204 0.00245345 3.40815
8.475 0.0495027 0.0201832 0.002354 3.3981
8.5 0.0471133 0.0192109 0.00225848 3.38811
8.525 0.044839 0.0182849 0.00216674 3.37817
8.55 0.0426743 0.0174028 0.00207863 3.3683
8.575 0.0406138 0.0165626 0.00199402 3.35848
8.6 0.0386524 0.0157621 0.00191275 3.34872
8.625 0.0367853 0.0149996 0.0018347 3.33901
8.65 0.035008 0.0142732 0.00175975 3.32936
8.675 0.0333162 0.0135812 0.00168778 3.31977
8.7 0.0317057 0.012922 0.00161866 3.31023
8.725 0.0301726 0.0122941 0.00155229 3.30074
8.75 0.0287133 0.011696 0.00148856 3.29131
8.775 0.0273241 0.0111263 0.00142738 3.28194
8.8 0.0260018 0.0105838 0.00136865 3.27261
8.825 0.0247432 0.0100672 0.00131226 3.26334
8.85 0.0235451 0.00957527 0.00125814 3.25413
8.875 0.0224048 0.00910696 0.00120619 3.24496
8.9 0.0213196 0.00866117 0.00115634 3.23585
8.925 0.0202867 0.0082369 0.00110851 3.22678
8.95 0.0193037 0.00783313 0.00106261 3.21777
8.975 0.0183683 0.00744897 0.00101858 3.20881
9 0.0174781 0.00708351 0.000976345 3.19989
9.025 0.0166311 0.0067359 0.000935836 3.19103
9.05 0.0158252 0.00640534 0.000896988 3.18222
9.075 0.0150585 0.00609105 0.000859738 3.17345
9.1 0.0143291 0.00579228 0.000824025 3.16473
9.125 0.0136352 0.00550833 0.000789791 3.15606
9.15 0.0129751 0.0052385 0.000756979 3.14744
9.175 0.0123473 0.00498214 0.000725534 3.13886
9.2 0.0117502 0.00473863 0.000695406 3.13033
9.225 0.0111823 0.00450737 0.000666539 3.12185
9.25 0.0106423 0.00428777 0.000638886 3.11341
9.275 0.0101287 0.00407928 0.000612399 3.10502
9.3 0.00964043 0.00388138 0.000587033 3.09668
9.325 0.00917615 0.00369356 0.000562742 3.08837
9.35 0.00873475 0.00351532 0.000539484 3.08012
9.375 0.00831511 0.0033462 0.000517218 3.0719
9.4 0.00791617 0.00318575 0.000495902 3.06373
9.425 0.00753693 0.00303355 0.000475498 3.05561
9.45 0.00717643 0.00288917 0.000455969 3.04752
9.475 0.00683375 0.00275223 0.000437279 3.03948
9.5 0.00650802 0.00262236 0.000419391 3.03148
9.525 0.00619841 0.00249917 0.000402273 3.02353
9.55 0.00590412 0.00238234 0.000385891 3.01561
9.575 0.00562439 0.00227154 0.000370215 3.00774
9.6 0.0053585 0.00216644 0.000355213 2.99991
9.625 0.00510575 0.00206675 0.000340856 2.99212
9.65 0.0048655 0.00197216 0.000327117 2.98436
9.675 0.00463711 0.00188243 0.000313967 2.97665
9.7 0.00441999 0.00179729 0.000301381 2.96898
9.725 0.00421356 0.00171648 0.000289333 2.96135
9.75 0.0040173 0.00163976 0.000277799 2.95376
9.775 0.00383067 0.00156691 0.000266756 2.9462
9.8 0.0036532 0.00149772 0.000256181 2.93869
9.825 0.0034844 0.00143197 0.000246053 2.93121
9.85 0.00332385 0.00136947 0.000236352 2.92377
9.875 0.00317111 0.00131005 0.000227057 2.91637
9.9 0.00302578 0.00125354 0.000218149 2.909
9.925 0.00288749 0.00119975 0.000209612 2.90167
9.95 0.00275586 0.00114854 0.000201427 2.89438
9.975 0.00263056 0.00109976 0.000193577 2.88713
10 0.00251125 0.00105327 0.000186048 2.87991
10.025 0.00239763 0.00100893 0.000178824 2.87273
10.05 0.0022894 0.000966625 0.00017189 2.86558
10.075 0.00218628 0.000926234 0.000165234 2.85847
10.1 0.00208801 0.000887648 0.000158842 2.8514
10.125 0.00199434 0.000850765 0.000152704 2.84436
10.15 0.00190503 0.000815483 0.000146805 2.83735
10.175 0.00181985 0.00078171 0.000141135 2.83038
10.2 0.00173859 0.000749367 0.000135684 2.82344
10.225 0.00166105 0.000718372 0.000130442 2.81654
10.25 0.00158704 0.000688657 0.000125399 2.80967
10.275 0.00151639 0.000660139 0.000120546 2.80284
10.3 0.00144891 0.00063276 0.000115876 2.79603
10.325 0.00138446 0.000606461 0.00011138 2.78926
10.35 0.00132288 0.000581187 0.00010705 2.78253
10.375 0.00126403 0.000556885 0.00010288 2.77582
10.4 0.00120777 0.000533508 9.88622e-05 2.76915
10.425 0.00115398 0.000511013 9.49911e-05 2.76251
10.45 0.00110254 0.000489358 9.12603e-05 2.7559
10.475 0.00105333 0.000468507 8.76644e-05 2.74932
10.5 0.00100626 0.000448424 8.41979e-05 2.74278
10.525 0.000961216 0.000429079 8.08559e-05 2.73626
10.55 0.000918112 0.000410441 7.76337e-05 2.72978
10.575 0.000876858 0.000392485 7.45267e-05 2.72332
10.6 0.000837369 0.000375185 7.15309e-05 2.7169
10.625 0.000799569 0.000358518 6.86422e-05 2.71051
10.65 0.000763382 0.000342464 6.58568e-05 2.70414
10.675 0.00072874 0.000327003 6.31713e-05 2.69781
10.7 0.000695575 0.000312116 6.05823e-05 2.69151
10.725 0.000663826 0.000297788 5.80866e-05 2.68523
10.75 0.000633434 0.000284001 5.56812e-05 2.67899
10.775 0.000604344 0.000270741 5.33632e-05 2.67277
10.8 0.000576501 0.000257993 5.113e-05 2.66659
10.825 0.000549857 0.000245745 4.89788e-05 2.66043
10.85 0.000524363 0.000233984 4.69074e-05 2.6543
10.875 0.000499973 0.000222697 4.49132e-05 2.6482
10.9 0.000476646 0.000211871 4.2994e-05 2.64212
10.925 0.000454338 0.000201495 4.11476e-05 2.63608
10.95 0.000433011 0.000191558 3.9372e-05 2.63006
10.975 0.000412627 0.000182048 3.76651e-05 2.62407
11 0.00039315 0.000172953 3.60249e-05 2.6181
11.025 0.000374544 0.000164263 3.44495e-05 2.61217
11.05 0.000356776 0.000155966 3.29371e-05 2.60626
11.075 0.000339813 0.000148051 3.14858e-05 2.60037
11.1 0.000323624 0.000140506 3.00939e-05 2.59452
11.125 0.00030818 0.000133321 2.87598e-05 2.58869
11.15 0.00029345 0.000126483 2.74815e-05 2.58288
11.175 0.000279407 0.000119982 2.62576e-05 2.5771
11.2 0.000266024 0.000113806 2.50863e-05 2.57135
11.225 0.000253273 0.000107943 2.39661e-05 2.56563
11.25 0.00024113 0.000102383 2.28954e-05 2.55992
11.275 0.000229569 9.71141e-05 2.18725e-05 2.55425
11.3 0.000218566 9.21249e-05 2.08959e-05 2.5486
11.325 0.000208099 8.74043e-05 1.99641e-05 2.54297
11.35 0.000198143 8.29414e-05 1.90755e-05 2.53737
11.375 0.000188679 7.87251e-05 1.82287e-05 2.53179
11.4 0.000179683 7.47447e-05 1.74221e-05 2.52624
11.425 0.000171137 7.09898e-05 1.66542e-05 2.52071
11.45 0.000163019 6.74498e-05 1.59237e-05 2.51521
11.475 0.000155311 6.41148e-05 1.52291e-05 2.50973
11.5 0.000147993 6.09748e-05 1.45689e-05 2.50427
11.525 0.000141049 5.80202e-05 1.39417e-05 2.49884
11.55 0.000134461 5.52421e-05 1.33462e-05 2.49343
11.575 0.000128212 5.26307e-05 1.2781e-05 2.48805
11.6 0.000122287 5.01776e-05 1.22446e-05 2.48268
11.625 0.000116668 4.78741e-05 1.17359e-05 2.47735
11.65 0.000111343 4.57127e-05 1.12535e-05 2.47203
11.675 0.000106296 4.36852e-05 1.07962e-05 2.46674
11.7 0.000101514 4.17842e-05 1.03626e-05 2.46147
11.725 9.6983e-05 4.00025e-05 9.9517e-06 2.45622
11.75 9.2691e-05 3.83331e-05 9.56221e-06 2.45099
11.775 8.86256e-05 3.67695e-05 9.19301e-06 2.44579
11.8 8.47752e-05 3.53052e-05 8.84299e-06 2.44061
11.825 8.11286e-05 3.39344e-05 8.51108e-06 2.43545
11.85 7.7675e-05 3.26511e-05 8.19624e-06 2.43031
11.875 7.44042e-05 3.14499e-05 7.89747e-06 2.42519
11.9 7.13063e-05 3.03254e-05 7.6138e-06 2.4201
11.925 6.83718e-05 2.92725e-05 7.34432e-06 2.41502
11.95 6.55919e-05 2.82864e-05 7.08813e-06 2.40997
11.975 6.29577e-05 2.73624e-05 6.84439e-06 2.40494
12 6.04611e-05 2.64961e-05 6.6123e-06 2.39993
12.025 5.80941e-05 2.56832e-05 6.39107e-06 2.39494
12.05 5.58491e-05 2.49195e-05 6.17998e-06 2.38997
12.075 5.37188e-05 2.42011e-05 5.97835e-06 2.38502
12.1 5.16964e-05 2.35244e-05 5.7855e-06 2.38009
12.125 4.97752e-05 2.28857e-05 5.60088e-06 2.37519
12.15 4.79488e-05 2.22811e-05 5.42381e-06 2.3703
12.175 4.62112e-05 2.17079e-05 5.25381e-06 2.36543
12.2 4.45568e-05 2.11627e-05 5.09035e-06 2.36059
12.225 4.29799e-05 2.06425e-05 4.93296e-06 2.35576
12.25 4.14754e-05 2.01444e-05 4.7812e-06 2.35095
12.275 4.00382e-05 1.96658e-05 4.63467e-06 2.34616
12.3 3.86638e-05 1.9204e-05 4.49297e-06 2.34139
12.325 3.73478e-05 1.87567e-05 4.35577e-06 2.33664
12.35 3.60857e-05 1.83216e-05 4.22273e-06 2.33191
12.375 3.48738e-05 1.78967e-05 4.09356e-06 2.3272
12.4 3.37084e-05 1.748e-05 3.96798e-06 2.32251
12.425 3.2586e-05 1.70698e-05 3.84576e-06 2.31784
12.45 3.15034e-05 1.66645e-05 3.72667e-06 2.31318
12.475 3.04576e-05 1.62627e-05 3.6105e-06 2.30855
12.5 2.94459e-05 1.58632e-05 3.49706e-06 2.30393
12.525 2.84657e-05 1.54648e-05 3.3862e-06 2.29933
12.55 2.75147e-05 1.50668e-05 3.27773e-06 2.29475
12.575 2.65909e-05 1.46683e-05 3.17163e-06 2.29019
12.6 2.56923e-05 1.42688e-05 3.06767e-06 2.28565
12.625 2.48173e-05 1.38679e-05 2.96579e-06 2.28112
12.65 2.39644e-05 1.34654e-05 2.86588e-06 2.27661
12.675 2.31322e-05 1.30612e-05 2.7679e-06 2.27212
12.7 2.23198e-05 1.26553e-05 2.67176e-06 2.26765
12.725 2.1526e-05 1.22479e-05 2.57742e-06 2.26319
12.75 2.07501e-05 1.18393e-05 2.48483e-06 2.25876
12.775 1.99916e-05 1.143e-05 2.39395e-06 2.25434
12.8 1.92497e-05 1.10204e-05 2.30474e-06 2.24993
12.825 1.85243e-05 1.06113e-05 2.2172e-06 2.24555
12.85 1.7815e-05 1.02035e-05 2.13131e-06 2.24118
12.875 1.71216e-05 9.79695e-06 2.04706e-06 2.23683
12.9 1.64441e-05 9.39337e-06 1.96444e-06 2.23249
12.925 1.57824e-05 8.99331e-06 1.88346e-06 2.22817
12.95 1.51367e-05 8.59764e-06 1.80413e-06 2.22387
12.975 1.45069e-05 8.20726e-06 1.72646e-06 2.21959
13 1.38934e-05 7.82305e-06 1.65046e-06 2.21532
13.025 1.32962e-05 7.4459e-06 1.57614e-06 2.21107
13.05 1.27157e-05 7.07665e-06 1.50354e-06 2.20683
13.075 1.21518e-05 6.71614e-06 1.43266e-06 2.20261
13.1 1.1605e-05 6.36513e-06 1.36354e-06 2.19841
13.125 1.10754e-05 6.02435e-06 1.2962e-06 2.19422
13.15 1.05632e-05 5.69445e-06 1.23067e-06 2.19005
13.175 1.00685e-05 5.37604e-06 1.16696e-06 2.18589
13.2 9.59149e-06 5.06962e-06 1.10511e-06 2.18175
13.225 9.1322e-06 4.77563e-06 1.04514e-06 2.17763
13.25 8.69071e-06 4.49444e-06 9.87076e-07 2.17352
13.275 8.26702e-06 4.22631e-06 9.30934e-07 2.16943
13.3 7.86107e-06 3.97144e-06 8.76744e-07 2.16535
13.325 7.47276e-06 3.72992e-06 8.24525e-07 2.16129
13.35 7.10196e-06 3.50178e-06 7.74285e-07 2.15724
13.375 6.74845e-06 3.28696e-06 7.26041e-07 2.15321
13.4 6.412e-06 3.08531e-06 6.79803e-07 2.14919
13.425 6.09232e-06 2.89665e-06 6.35579e-07 2.14519
13.45 5.78903e-06 2.72068e-06 5.93372e-07 2.1412
13.475 5.50178e-06 2.5571e-06 5.5318e-07 2.13723
13.5 5.23012e-06 2.40543e-06 5.14998e-07 2.13327
13.525 4.97361e-06 2.2653e-06 4.78823e-07 2.12933
13.55 4.73175e-06 2.1362e-06 4.44629e-07 2.1254
13.575 4.50402e-06 2.01761e-06 4.12404e-07 2.12148
13.6 4.28987e-06 1.90899e-06 3.82125e-07 2.11758
13.625 4.08877e-06 1.80978e-06 3.53764e-07 2.1137
13.65 3.90013e-06 1.71938e-06 3.27285e-07 2.10983
13.675 3.72335e-06 1.63722e-06 3.02658e-07 2.10597
13.7 3.55788e-06 1.56271e-06 2.79839e-07 2.10213
13.725 3.40313e-06 1.49527e-06 2.58781e-07 2.0983
13.75 3.25852e-06 1.43434e-06 2.39434e-07 2.09448
13.775 3.1235e-06 1.37937e-06 2.21745e-07 2.09068
13.8 2.9975e-06 1.32985e-06 2.05656e-07 2.08689
13.825 2.87999e-06 1.28527e-06 1.91106e-07 2.08312
13.85 2.77046e-06 1.24517e-06 1.78031e-07 2.07936
13.875 2.66841e-06 1.20911e-06 1.66363e-07 2.07561
13.9 2.57338e-06 1.1767e-06 1.56034e-07 2.07188
13.925 2.48492e-06 1.14758e-06 1.46972e-07 2.06816
13.95 2.40262e-06 1.12142e-06 1.39104e-07 2.06445
13.975 2.32608e-06 1.09794e-06 1.32355e-07 2.06076
14 2.25495e-06 1.07688e-06 1.26652e-07 2.05708
14.025 2.18889e-06 1.05803e-06 1.21917e-07 2.05342
14.05 2.1276e-06 1.04121e-06 1.18076e-07 2.04976
14.075 2.07079e-06 1.02628e-06 1.15053e-07 2.04612
14.1 2.01821e-06 1.0131e-06 1.12775e-07 2.04249
14.125 1.96963e-06 1.0016e-06 1.11168e-07 2.03888
14.15 1.92484e-06 9.91703e-07 1.10161e-07 2.03528
14.175 1.88365e-06 9.83363e-07 1.09683e-07 2.03169
14.2 1.84588e-06 9.76549e-07 1.0967e-07 2.02811
14.225 1.81139e-06 9.71246e-07 1.10055e-07 2.02454
14.25 1.78003e-06 9.67446e-07 1.10776e-07 2.02099
14.275 1.75166e-06 9.65152e-07 1.11776e-07 2.01745
14.3 1.72616e-06 9.6437e-07 1.12998e-07 2.01393
14.325 1.70343e-06 9.65103e-07 1.14391e-07 2.01041
14.35 1.68334e-06 9.67356e-07 1.15906e-07 2.00691
14.375 1.6658e-06 9.71127e-07 1.17499e-07 2.00342
14.4 1.65069e-06 9.76423e-07 1.1913e-07 1.99994
14.425 1.63791e-06 9.83175e-07 1.20761e-07 1.99647
14.45 1.62735e-06 9.91405e-07 1.2236e-07 1.99302
14.475 1.6189e-06 1.00105e-06 1.23897e-07 1.98958
14.5 1.61244e-06 1.01206e-06 1.25348e-07 1.98615
14.525 1.60785e-06 1.02437e-06 1.2669e-07 1.98273
14.55 1.605e-06 1.03788e-06 1.27906e-07 1.97932
14.575 1.60377e-06 1.0525e-06 1.28981e-07 1.97593
14.6 1.60401e-06 1.06811e-06 1.29903e-07 1.97254
14.625 1.60558e-06 1.08459e-06 1.30664e-07 1.96917
14.65 1.60833e-06 1.10181e-06 1.31258e-07 1.96581
14.675 1.61211e-06 1.1196e-06 1.31683e-07 1.96246
14.7 1.61676e-06 1.13781e-06 1.31938e-07 1.95913
14.725 1.62212e-06 1.15627e-06 1.32025e-07 1.9558
14.75 1.62802e-06 1.1748e-06 1.31948e-07 1.95248
14.775 1.6343e-06 1.19323e-06 1.31708e-07 1.94918
14.8 1.6408e-06 1.21138e-06 1.31316e-07 1.94589
14.825 1.64735e-06 1.22906e-06 1.30778e-07 1.94261
14.85 1.6538e-06 1.2461e-06 1.30103e-07 1.93934
14.875 1.65998e-06 1.26232e-06 1.29298e-07 1.93608
14.9 1.66576e-06 1.27755e-06 1.28374e-07 1.93283
14.925 1.67097e-06 1.29164e-06 1.27341e-07 1.92959
14.95 1.67549e-06 1.30442e-06 1.26207e-07 1.92636
14.975 1.67919e-06 1.31578e-06 1.24981e-07 1.92315
15 1.68195e-06 1.32557e-06 1.23674e-07 1.91994
15.025 1.68366e-06 1.33368e-06 1.22293e-07 1.91675
15.05 1.68424e-06 1.34002e-06 1.20845e-07 1.91356
15.075 1.68359e-06 1.34449e-06 1.19338e-07 1.91039
15.1 1.68165e-06 1.34707e-06 1.17778e-07 1.90723
15.125 1.67836e-06 1.3477e-06 1.1617e-07 1.90408
15.15 1.67368e-06 1.34636e-06 1.14517e-07 1.90093
15.175 1.66757e-06 1.34302e-06 1.12824e-07 1.8978
15.2 1.66004e-06 1.33771e-06 1.11093e-07 1.89468
15.225 1.65106e-06 1.33046e-06 1.09324e-07 1.89157
15.25 1.64066e-06 1.3213e-06 1.07517e-07 1.88847
15.275 1.62886e-06 1.3103e-06 1.05673e-07 1.88538
15.3 1.61569e-06 1.29753e-06 1.0379e-07 1.8823
15.325 1.6012e-06 1.28308e-06 1.01865e-07 1.87923
15.35 1.58546e-06 1.26706e-06 9.98966e-08 1.87617
15.375 1.56853e-06 1.24958e-06 9.78802e-08 1.87312
15.4 1.55048e-06 1.23075e-06 9.58123e-08 1.87007
15.425 1.53141e-06 1.21072e-06 9.36891e-08 1.86704
15.45 1.51138e-06 1.1896e-06 9.15061e-08 1.86402
15.475 1.49053e-06 1.16756e-06 8.9259e-08 1.86101
15.5 1.46895e-06 1.14472e-06 8.69435e-08 1.85801
15.525 1.44673e-06 1.12124e-06 8.45556e-08 1.85502
15.55 1.42398e-06 1.09726e-06 8.20918e-08 1.85204
15.575 1.40083e-06 1.07293e-06 7.9548e-08 1.84906
15.6 1.37736e-06 1.04838e-06 7.69219e-08 1.8461
15.625 1.3537e-06 1.02376e-06 7.42115e-08 1.84315
15.65 1.32995e-06 9.9918e-07 7.14154e-08 1.8402
15.675 1.30621e-06 9.74785e-07 6.85332e-08 1.83727
15.7 1.28259e-06 9.50686e-07 6.55655e-08 1.83434
15.725 1.25919e-06 9.26991e-07 6.25137e-08 1.83142
15.75 1.2361e-06 9.03799e-07 5.93804e-08 1.82852
15.775 1.2134e-06 8.812e-07 5.61698e-08 1.82562
15.8 1.19118e-06 8.59277e-07 5.28859e-08 1.82273
15.825 1.16953e-06 8.38098e-07 4.9535e-08 1.81985
15.85 1.14851e-06 8.17725e-07 4.61244e-08 1.81698
15.875 1.12819e-06 7.9821e-07 4.26623e-08 1.81412
15.9 1.10863e-06 7.79594e-07 3.91583e-08 1.81127
15.925 1.0899e-06 7.61908e-07 3.56228e-08 1.80842
15.95 1.07203e-06 7.45175e-07 3.20673e-08 1.80559
15.975 1.05508e-06 7.29413e-07 2.85044e-08 1.80276
16 1.03908e-06 7.14629e-07 2.49477e-08 1.79995
16.025 1.02409e-06 7.00825e-07 2.14112e-08 1.79714
16.05 1.01012e-06 6.87996e-07 1.79102e-08 1.79434
16.075 9.97202e-07 6.76135e-07 1.44601e-08 1.79155
16.1 9.85373e-07 6.65229e-07 1.10771e-08 1.78877
16.125 9.74653e-07 6.55263e-07 7.77779e-09 1.78599
16.15 9.65064e-07 6.46219e-07 4.57905e-09 1.78323
16.175 9.56628e-07 6.3808e-07 1.49787e-09 1.78047
16.2 9.49366e-07 6.30827e-07 -1.44867e-09 1.77773
16.225 9.43297e-07 6.24443e-07 -4.24361e-09 1.77499
16.25 9.38442e-07 6.18914e-07 -6.87018e-09 1.77226
16.275 9.34822e-07 6.14227e-07 -9.31196e-09 1.76953
16.3 9.32459e-07 6.10374e-07 -1.1553e-08 1.76682
16.325 9.31377e-07 6.07348e-07 -1.35778e-08 1.76411
16.35 9.31602e-07 6.05151e-07 -1.53718e-08 1.76142
16.375 9.33161e-07 6.03787e-07 -1.69211e-08 1.75873
16.4 9.36083e-07 6.03266e-07 -1.82127e-08 1.75605
16.425 9.40401e-07 6.03605e-07 -1.92347e-08 1.75337
16.45 9.46149e-07 6.04826e-07 -1.99761e-08 1.75071
16.475 9.53364e-07 6.06959e-07 -2.04273e-08 1.74805
16.5 9.62084e-07 6.10037e-07 -2.058e-08 1.7454
16.525 9.72352e-07 6.14099e-07 -2.04269e-08 1.74276
16.55 9.8421e-07 6.19194e-07 -1.99625e-08 1.74013
16.575 9.97699e-07 6.25371e-07 -1.91822e-08 1.73751
16.6 1.01288e-06 6.32688e-07 -1.80835e-08 1.73489
16.625 1.02978e-06 6.41206e-07 -1.66647e-08 1.73228
16.65 1.04846e-06 6.50988e-07 -1.4926e-08 1.72968
16.675 1.06897e-06 6.62103e-07 -1.28691e-08 1.72709
16.7 1.09135e-06 6.74621e-07 -1.04972e-08 1.7245
16.725 1.11564e-06 6.88614e-07 -7.81448e-09 1.72192
16.75 1.14191e-06 7.04155e-07 -4.82712e-09 1.71935
16.775 1.17017e-06 7.21315e-07 -1.5425e-09 1.71679
16.8 1.20049e-06 7.40168e-07 2.03061e-09 1.71424
16.825 1.23289e-06 7.60782e-07 5.88215e-09 1.71169
16.85 1.26741e-06 7.83226e-07 1.00008e-08 1.70915
16.875 1.30407e-06 8.07562e-07 1.43741e-08 1.70662
16.9 1.34289e-06 8.3385e-07 1.89883e-08 1.70409
16.925 1.3839e-06 8.62143e-07 2.38289e-08 1.70157
16.95 1.42711e-06 8.92489e-07 2.88803e-08 1.69906
16.975 1.47251e-06 9.24928e-07 3.4126e-08 1.69656
17 1.5201e-06 9.59494e-07 3.95488e-08 1.69407
17.025 1.56988e-06 9.9621e-07 4.51309e-08 1.69158
17.05 1.62182e-06 1.03509e-06 5.08537e-08 1.6891
17.075 1.67589e-06 1.07614e-06 5.66983e-08 1.68663
17.1 1.73206e-06 1.11936e-06 6.26454e-08 1.68416
17.125 1.79027e-06 1.16474e-06 6.86755e-08 1.6817
17.15 1.85049e-06 1.21224e-06 7.47687e-08 1.67925
17.175 1.91263e-06 1.26183e-06 8.09052e-08 1.67681
17.2 1.97663e-06 1.31347e-06 8.70652e-08 1.67437
17.225 2.0424e-06 1.36709e-06 9.32289e-08 1.67194
17.25 2.10985e-06 1.42263e-06 9.93769e-08 1.66952
17.275 2.17887e-06 1.48e-06 1.0549e-07 1.6671
17.3 2.24937e-06 1.53911e-06 1.11549e-07 1.66469
17.325 2.32121e-06 1.59987e-06 1.17536e-07 1.66229
17.35 2.39428e-06 1.66215e-06 1.23433e-07 1.65989
17.375 2.46843e-06 1.72583e-06 1.29222e-07 1.65751
17.4 2.54352e-06 1.79079e-06 1.34887e-07 1.65512
17.425 2.61941e-06 1.85689e-06 1.40412e-07 1.65275
17.45 2.69594e-06 1.92397e-06 1.45782e-07 1.65038
17.475 2.77295e-06 1.99188e-06 1.50983e-07 1.64802
17.5 2.85027e-06 2.06046e-06 1.56001e-07 1.64567
17.525 2.92774e-06 2.12953e-06 1.60823e-07 1.64332
17.55 3.00517e-06 2.19893e-06 1.65439e-07 1.64098
17.575 3.0824e-06 2.26848e-06 1.69837e-07 1.63864
17.6 3.15924e-06 2.338e-06 1.74007e-07 1.63632
17.625 3.23551e-06 2.4073e-06 1.77942e-07 1.63399
17.65 3.31104e-06 2.47619e-06 1.81634e-07 1.63168
17.675 3.38564e-06 2.5445e-06 1.85076e-07 1.62937
17.7 3.45913e-06 2.61203e-06 1.88261e-07 1.62707
17.725 3.53134e-06 2.67861e-06 1.91187e-07 1.62478
17.75 3.60209e-06 2.74404e-06 1.93848e-07 1.62249
17.775 3.67119e-06 2.80816e-06 1.96243e-07 1.62021
17.8 3.7385e-06 2.87077e-06 1.98369e-07 1.61793
17.825 3.80384e-06 2.93171e-06 2.00226e-07 1.61566
17.85 3.86705e-06 2.99082e-06 2.01814e-07 1.6134
17.875 3.92798e-06 3.04793e-06 2.03134e-07 1.61114
17.9 3.98648e-06 3.10289e-06 2.04188e-07 1.60889
17.925 4.04241e-06 3.15555e-06 2.04978e-07 1.60665
17.95 4.09563e-06 3.20577e-06 2.05508e-07 1.60441
17.975 4.14603e-06 3.25342e-06 2.05782e-07 1.60218
18 4.19349e-06 3.29837e-06 2.05805e-07 1.59995
18.025 4.23789e-06 3.34052e-06 2.05582e-07 1.59773
18.05 4.27914e-06 3.37976e-06 2.0512e-07 1.59552
18.075 4.31715e-06 3.41599e-06 2.04424e-07 1.59331
18.1 4.35183e-06 3.44913e-06 2.03502e-07 1.59111
18.125 4.38313e-06 3.47912e-06 2.02362e-07 1.58892
18.15 4.41096e-06 3.50588e-06 2.01012e-07 1.58673
18.175 4.43528e-06 3.5294e-06 1.99459e-07 1.58455
18.2 4.45606e-06 3.54957e-06 1.97713e-07 1.58237
18.225 4.4733e-06 3.56636e-06 1.95783e-07 1.5802
18.25 4.4869e-06 3.57981e-06 1.93677e-07 1.57804
18.275 4.49689e-06 3.58988e-06 1.91405e-07 1.57588
18.3 4.50326e-06 3.59657e-06 1.88977e-07 1.57372
18.325 4.50603e-06 3.59989e-06 1.86402e-07 1.57158
18.35 4.50521e-06 3.59987e-06 1.83689e-07 1.56944
18.375 4.50082e-06 3.59652e-06 1.80848e-07 1.5673
18.4 4.49291e-06 3.58989e-06 1.7789e-07 1.56517
18.425 4.4815e-06 3.58002e-06 1.74823e-07 1.56305
18.45 4.46666e-06 3.56698e-06 1.71657e-07 1.56093
18.475 4.44845e-06 3.55081e-06 1.68402e-07 1.55882
18.5 4.42692e-06 3.53161e-06 1.65066e-07 1.55671
18.525 4.40215e-06 3.50941e-06 1.6166e-07 1.55461
18.55 4.37423e-06 3.48435e-06 1.58192e-07 1.55251
18.575 4.34324e-06 3.4565e-06 1.54671e-07 1.55043
18.6 4.30926e-06 3.42595e-06 1.51105e-07 1.54834
18.625 4.2724e-06 3.3928e-06 1.47503e-07 1.54626
18.65 4.23276e-06 3.35716e-06 1.43873e-07 1.54419
18.675 4.19044e-06 3.31915e-06 1.40221e-07 1.54212
18.7 4.14555e-06 3.27886e-06 1.36557e-07 1.54006
18.725 4.09821e-06 3.23642e-06 1.32886e-07 1.53801
18.75 4.04853e-06 3.19195e-06 1.29216e-07 1.53595
18.775 3.99663e-06 3.14556e-06 1.25554e-07 1.53391
18.8 3.94263e-06 3.09738e-06 1.21904e-07 1.53187
18.825 3.88665e-06 3.04753e-06 1.18274e-07 1.52984
18.85 3.82881e-06 2.99613e-06 1.14669e-07 1.52781
18.875 3.76924e-06 2.94331e-06 1.11093e-07 1.52578
18.9 3.70806e-06 2.88919e-06 1.07553e-07 1.52376
18.925 3.64539e-06 2.83388e-06 1.04052e-07 1.52175
18.95 3.58135e-06 2.77752e-06 1.00594e-07 1.51974
18.975 3.51607e-06 2.72022e-06 9.71842e-08 1.51774
19 3.44967e-06 2.66209e-06 9.38252e-08 1.51574
19.025 3.38226e-06 2.60325e-06 9.05204e-08 1.51375
19.05 3.31396e-06 2.54382e-06 8.72728e-08 1.51177
19.075 3.24488e-06 2.48389e-06 8.40851e-08 1.50979
19.1 3.17514e-06 2.42358e-06 8.09595e-08 1.50781
19.125 3.10485e-06 2.36299e-06 7.78982e-08 1.50584
19.15 3.0341e-06 2.30221e-06 7.49029e-08 1.50387
19.175 2.963e-06 2.24134e-06 7.19752e-08 1.50191
19.2 2.89166e-06 2.18047e-06 6.91162e-08 1.49996
19.225 2.82015e-06 2.11968e-06 6.6327e-08 1.49801
19.25 2.74859e-06 2.05905e-06 6.36084e-08 1.49606
19.275 2.67704e-06 1.99869e-06 6.09608e-08 1.49412
19.3 2.6056e-06 1.93861e-06 5.83847e-08 1.49218
19.325 2.53434e-06 1.8789e-06 5.58801e-08 1.49025
19.35 2.46334e-06 1.81963e-06 5.34468e-08 1.48833
19.375 2.39266e-06 1.76084e-06 5.10847e-08 1.48641
19.4 2.32237e-06 1.7026e-06 4.87932e-08 1.48449
19.425 2.25253e-06 1.64493e-06 4.65717e-08 1.48258
19.45 2.18319e-06 1.58788e-06 4.44194e-08 1.48068
19.475 2.11441e-06 1.53148e-06 4.23353e-08 1.47878
19.5 2.04623e-06 1.47576e-06 4.03183e-08 1.47688
19.525 1.97868e-06 1.42073e-06 3.83671e-08 1.47499
19.55 1.91182e-06 1.36641e-06 3.64803e-08 1.4731
19.575 1.84566e-06 1.3128e-06 3.46563e-08 1.47122
19.6 1.78023e-06 1.2599e-06 3.28936e-08 1.46934
19.625 1.71556e-06 1.20771e-06 3.11904e-08 1.46747
19.65 1.65166e-06 1.15622e-06 2.95447e-08 1.46561
19.675 1.58854e-06 1.10539e-06 2.79545e-08 1.46374
19.7 1.52621e-06 1.0552e-06 2.64177e-08 1.46189
19.725 1.46468e-06 1.00563e-06 2.49321e-08 1.46003
19.75 1.40393e-06 9.56611e-07 2.34953e-08 1.45818
19.775 1.34397e-06 9.08104e-07 2.21048e-08 1.45634
19.8 1.28478e-06 8.60045e-07 2.07581e-08 1.4545
19.825 1.22634e-06 8.1236e-07 1.94525e-08 1.45267
19.85 1.16864e-06 7.6497e-07 1.81851e-08 1.45084
19.875 1.11165e-06 7.17782e-07 1.69529e-08 1.44901
19.9 1.05533e-06 6.70692e-07 1.5753e-08 1.44719
19.925 9.99663e-07 6.23587e-07 1.45821e-08 1.44538
19.95 9.44595e-07 5.76331e-07 1.34365e-08 1.44357
19.975 8.90103e-07 5.28817e-07 1.23136e-08 1.44176
20 8.36086e-07 4.80782e-07 1.12074e-08 1.43996
