0 403.719 328.21 -6.51548 25.7461
0.025 403.719 328.21 -6.51548 25.7461
0.05 403.515 327.826 -6.5204 25.7456
0.075 403.484 327.785 -6.53619 25.7449
0.1 403.446 327.739 -6.55832 25.744
0.125 403.409 327.702 -6.58692 25.7427
0.15 403.367 327.663 -6.62179 25.7412
0.175 403.319 327.621 -6.66283 25.7394
0.2 403.266 327.575 -6.70991 25.7374
0.225 403.202 327.524 -6.76283 25.7351
0.25 403.136 327.467 -6.82161 25.7325
0.275 403.063 327.406 -6.88607 25.7297
0.3 402.983 327.338 -6.95596 25.7265
0.325 402.896 327.264 -7.03111 25.7232
0.35 402.801 327.182 -7.11137 25.7195
0.375 402.7 327.096 -7.1966 25.7156
0.4 402.591 327.005 -7.28636 25.7114
0.425 402.474 326.906 -7.38065 25.707
0.45 402.351 326.802 -7.47914 25.7022
0.475 402.219 326.691 -7.58161 25.6973
0.5 402.08 326.573 -7.68782 25.692
0.525 401.933 326.449 -7.79748 25.6866
0.55 401.779 326.318 -7.91032 25.6808
0.575 401.617 326.18 -8.02607 25.6748
0.6 401.447 326.035 -8.14442 25.6685
0.625 401.27 325.883 -8.26514 25.662
0.65 401.084 325.725 -8.38795 25.6553
0.675 400.891 325.56 -8.51251 25.6483
0.7 400.691 325.388 -8.63851 25.641
0.725 400.482 325.209 -8.76567 25.6335
0.75 400.266 325.023 -8.89371 25.6257
0.775 400.043 324.831 -9.02236 25.6178
0.8 399.812 324.633 -9.15125 25.6095
0.825 399.574 324.425 -9.28014 25.601
0.85 399.329 324.213 -9.4087 25.5923
0.875 399.077 323.995 -9.53669 25.5834
0.9 398.818 323.77 -9.66379 25.5742
0.925 398.552 323.54 -9.78975 25.5647
0.95 398.28 323.304 -9.91425 25.5551
0.975 398.002 323.063 -10.0371 25.5452
1 397.718 322.815 -10.1579 25.5351
1.025 397.428 322.563 -10.2766 25.5247
1.05 397.133 322.306 -10.3928 25.5142
1.075 396.833 322.045 -10.5063 25.5034
1.1 396.528 321.779 -10.6168 25.4923
1.125 396.219 321.509 -10.7244 25.4811
1.15 395.906 321.235 -10.8285 25.4696
1.175 395.589 320.958 -10.9292 25.4579
1.2 395.269 320.678 -11.0261 25.446
1.225 394.946 320.395 -11.1192 25.4339
1.25 394.621 320.11 -11.2083 25.4216
1.275 394.294 319.824 -11.2932 25.409
1.3 393.966 319.536 -11.3737 25.3963
1.325 393.637 319.247 -11.45 25.3833
1.35 393.307 318.957 -11.5217 25.3701
1.375 392.978 318.667 -11.589 25.3567
1.4 392.649 318.378 -11.6515 25.3431
1.425 392.321 318.09 -11.7092 25.3292
1.45 391.995 317.803 -11.7621 25.3152
1.475 391.671 317.517 -11.8103 25.301
1.5 391.35 317.234 -11.8538 25.2865
1.525 391.031 316.956 -11.8923 25.2719
1.55 390.717 316.678 -11.9261 25.257
1.575 390.406 316.404 -11.9551 25.2419
1.6 390.101 316.135 -11.9794 25.2267
1.625 389.801 315.869 -11.999 25.2112
1.65 389.506 315.609 -12.0139 25.1955
1.675 389.218 315.354 -12.0243 25.1796
1.7 388.936 315.105 -12.0303 25.1635
1.725 388.662 314.863 -12.0318 25.1472
1.75 388.395 314.628 -12.0291 25.1307
1.775 388.137 314.399 -12.0224 25.114
1.8 387.887 314.177 -12.0117 25.0971
1.825 387.646 313.963 -11.9971 25.08
1.85 387.414 313.758 -11.9789 25.0626
1.875 387.192 313.561 -11.9572 25.0451
1.9 386.979 313.372 -11.9321 25.0273
1.925 386.777 313.193 -11.9039 25.0094
1.95 386.586 313.022 -11.8726 24.9912
1.975 386.405 312.859 -11.8386 24.9729
2 386.236 312.708 -11.8021 24.9543
2.025 386.078 312.566 -11.7631 24.9355
2.05 385.932 312.435 -11.7219 24.9165
2.075 385.796 312.313 -11.6788 24.8973
2.1 385.673 312.202 -11.6339 24.8778
2.125 385.558 312.101 -11.5875 24.8582
2.15 385.46 312.01 -11.5397 24.8384
2.175 385.372 311.929 -11.4908 24.8183
2.2 385.295 311.858 -11.441 24.798
2.225 385.23 311.798 -11.3905 24.7775
2.25 385.177 311.747 -11.3395 24.7568
2.275 385.134 311.707 -11.2882 24.7358
2.3 385.104 311.676 -11.2368 24.7147
2.325 385.084 311.655 -11.1856 24.6933
2.35 385.075 311.643 -11.1346 24.6717
2.375 385.077 311.64 -11.0842 24.6499
2.4 385.089 311.647 -11.0344 24.6278
2.425 385.111 311.661 -10.9854 24.6055
2.45 385.143 311.685 -10.9375 24.583
2.475 385.185 311.716 -10.8908 24.5603
2.5 385.235 311.755 -10.8454 24.5374
2.525 385.295 311.802 -10.8014 24.5142
2.55 385.362 311.855 -10.7591 24.4908
2.575 385.437 311.915 -10.7184 24.4671
2.6 385.52 311.981 -10.6796 24.4432
2.625 385.61 312.053 -10.6427 24.4191
2.65 385.706 312.13 -10.608 24.3948
2.675 385.808 312.212 -10.5753 24.3702
2.7 385.916 312.299 -10.5447 24.3454
2.725 386.028 312.389 -10.5164 24.3203
2.75 386.145 312.483 -10.4903 24.295
2.775 386.267 312.58 -10.4666 24.2695
2.8 386.391 312.68 -10.4451 24.2438
2.825 386.519 312.782 -10.4261 24.2178
2.85 386.649 312.886 -10.4095 24.1915
2.875 386.781 312.991 -10.3952 24.165
2.9 386.915 313.097 -10.3832 24.1383
2.925 387.05 313.203 -10.3736 24.1114
2.95 387.185 313.309 -10.3663 24.0842
2.975 387.32 313.415 -10.3613 24.0567
3 387.456 313.523 -10.3583 24.029
3.025 387.59 313.627 -10.3575 24.0011
3.05 387.724 313.729 -10.3588 23.9729
3.075 387.856 313.83 -10.362 23.9445
3.1 387.987 313.929 -10.3671 23.9159
3.125 388.116 314.026 -10.3739 23.887
3.15 388.241 314.12 -10.3825 23.8579
3.175 388.365 314.211 -10.3926 23.8285
3.2 388.486 314.298 -10.4041 23.7989
3.225 388.6 314.383 -10.417 23.769
3.25 388.718 314.464 -10.4311 23.7389
3.275 388.829 314.542 -10.4463 23.7085
3.3 388.936 314.616 -10.4624 23.678
3.325 389.04 314.687 -10.4794 23.6471
3.35 389.14 314.754 -10.497 23.6161
3.375 389.236 314.817 -10.5152 23.5847
3.4 389.329 314.876 -10.5337 23.5532
3.425 389.418 314.931 -10.5526 23.5214
3.45 389.503 314.983 -10.5716 23.4894
3.475 389.584 315.031 -10.5905 23.4571
3.5 389.662 315.076 -10.6093 23.4246
3.525 389.736 315.117 -10.6278 23.3918
3.55 389.807 315.156 -10.646 23.3588
3.575 389.875 315.191 -10.6636 23.3256
3.6 389.94 315.224 -10.6805 23.2921
3.625 390.002 315.254 -10.6966 23.2584
3.65 390.061 315.281 -10.7119 23.2245
3.675 390.117 315.306 -10.7262 23.1903
3.7 390.172 315.329 -10.7393 23.1559
3.725 390.224 315.351 -10.7512 23.1213
3.75 390.274 315.371 -10.7619 23.0864
3.775 390.323 315.39 -10.7711 23.0512
3.8 390.37 315.407 -10.7789 23.0159
3.825 390.416 315.424 -10.7852 22.9803
3.85 390.461 315.44 -10.7898 22.9445
3.875 390.504 315.456 -10.7928 22.9084
3.9 390.547 315.472 -10.7941 22.8721
3.925 390.589 315.488 -10.7937 22.8356
3.95 390.631 315.503 -10.7915 22.7988
3.975 390.672 315.52 -10.7875 22.7618
4 390.712 315.536 -10.7818 22.7245
4.025 390.753 315.553 -10.7742 22.6871
4.05 390.792 315.571 -10.7648 22.6494
4.075 390.831 315.589 -10.7536 22.6114
4.1 390.87 315.608 -10.7406 22.5732
4.125 390.907 315.628 -10.7259 22.5348
4.15 390.944 315.648 -10.7095 22.4962
4.175 390.979 315.668 -10.6914 22.4573
4.2 391.013 315.688 -10.6716 22.4182
4.225 391.045 315.709 -10.6504 22.3788
4.25 391.075 315.729 -10.6276 22.3392
4.275 391.101 315.749 -10.6033 22.2994
4.3 391.125 315.767 -10.5777 22.2593
4.325 391.145 315.785 -10.5509 22.219
4.35 391.156 315.8 -10.5228 22.1784
4.375 391.171 315.814 -10.4937 22.1376
4.4 391.175 315.824 -10.4635 22.0966
4.425 391.174 315.831 -10.4325 22.0553
4.45 391.164 315.833 -10.4006 22.0138
4.475 391.146 315.831 -10.3681 21.9721
4.5 391.117 315.823 -10.335 21.9301
4.525 391.079 315.808 -10.3014 21.8878
4.55 391.029 315.786 -10.2674 21.8453
4.575 390.966 315.756 -10.2332 21.8026
4.6 390.889 315.716 -10.1989 21.7596
4.625 390.796 315.666 -10.1645 21.7164
4.65 390.686 315.604 -10.1303 21.6729
4.675 390.559 315.529 -10.0963 21.6292
4.7 390.411 315.441 -10.0626 21.5852
4.725 390.243 315.337 -10.0294 21.541
4.75 390.052 315.218 -9.99674 21.4966
4.775 389.837 315.08 -9.96475 21.4518
4.8 389.596 314.924 -9.93354 21.4069
4.825 389.327 314.747 -9.90321 21.3617
4.85 389.03 314.548 -9.87388 21.3162
4.875 388.701 314.326 -9.84563 21.2705
4.9 388.34 314.08 -9.81856 21.2245
4.925 387.945 313.807 -9.79277 21.1783
4.95 387.514 313.506 -9.76835 21.1319
4.975 387.045 313.176 -9.74537 21.0851
5 386.537 312.816 -9.72392 21.0382
5.025 385.987 312.423 -9.70408 20.991
5.05 385.394 311.996 -9.68592 20.9435
5.075 384.757 311.534 -9.6695 20.8958
5.1 384.073 311.035 -9.65489 20.8478
5.125 383.34 310.498 -9.64213 20.7996
5.15 382.558 309.92 -9.63129 20.7512
5.175 381.725 309.301 -9.62242 20.7025
5.2 380.838 308.639 -9.61554 20.6535
5.225 379.895 307.933 -9.6107 20.6043
5.25 378.898 307.18 -9.60793 20.5549
5.275 377.842 306.381 -9.60726 20.5052
5.3 376.727 305.532 -9.60871 20.4553
5.325 375.551 304.634 -9.61227 20.4052
5.35 374.314 303.684 -9.61799 20.3548
5.375 373.013 302.681 -9.62585 20.3042
5.4 371.648 301.625 -9.63585 20.2534
5.425 370.218 300.513 -9.64798 20.2023
5.45 368.72 299.346 -9.66223 20.151
5.475 367.156 298.121 -9.6786 20.0995
5.5 365.523 296.838 -9.69704 20.0478
5.525 363.82 295.496 -9.71752 19.9959
5.55 362.048 294.094 -9.74002 19.9437
5.575 360.205 292.632 -9.76449 19.8914
5.6 358.292 291.108 -9.79089 19.8388
5.625 356.306 289.523 -9.81916 19.786
5.65 354.249 287.874 -9.84924 19.7331
5.675 352.12 286.163 -9.88106 19.6799
5.7 349.919 284.389 -9.91456 19.6266
5.725 347.646 282.551 -9.94966 19.5731
5.75 345.301 280.649 -9.98627 19.5194
5.775 342.884 278.684 -10.0243 19.4655
5.8 340.396 276.655 -10.0637 19.4115
5.825 337.836 274.563 -10.1042 19.3573
5.85 335.206 272.407 -10.1459 19.303
5.875 332.507 270.187 -10.1886 19.2484
5.9 329.738 267.905 -10.2322 19.1938
5.925 326.903 265.561 -10.2765 19.139
5.95 323.999 263.156 -10.3215 19.0841
5.975 321.029 260.689 -10.3669 19.029
6 317.993 258.163 -10.4126 18.9739
6.025 314.894 255.577 -10.4586 18.9186
6.05 311.73 252.934 -10.5045 18.8632
6.075 308.511 250.234 -10.5503 18.8077
6.1 305.23 247.478 -10.5958 18.7521
6.125 301.891 244.668 -10.6408 18.6965
6.15 298.496 241.806 -10.6851 18.6407
6.175 295.047 238.893 -10.7285 18.5849
6.2 291.547 235.93 -10.7709 18.529
6.225 287.996 232.919 -10.8121 18.473
6.25 284.398 229.862 -10.8519 18.417
6.275 280.754 226.761 -10.8901 18.361
6.3 277.066 223.619 -10.9264 18.3049
6.325 273.337 220.436 -10.9608 18.2488
6.35 269.57 217.216 -10.9929 18.1926
6.375 265.766 213.96 -11.0226 18.1365
6.4 261.928 210.672 -11.0497 18.0803
6.425 258.059 207.352 -11.074 18.0241
6.45 254.161 204.004 -11.0953 17.968
6.475 250.237 200.631 -11.1135 17.9118
6.5 246.289 197.234 -11.1283 17.8557
6.525 242.321 193.816 -11.1395 17.7996
6.55 238.334 190.38 -11.147 17.7435
6.575 234.332 186.929 -11.1506 17.6875
6.6 230.317 183.465 -11.1502 17.6316
6.625 226.292 179.991 -11.1456 17.5756
6.65 222.259 176.509 -11.1366 17.5198
6.675 218.222 173.023 -11.1232 17.464
6.7 214.183 169.534 -11.1052 17.4083
6.725 210.144 166.047 -11.0825 17.3527
6.75 206.109 162.562 -11.055 17.2972
6.775 202.08 159.084 -11.0227 17.2418
6.8 198.06 155.614 -10.9854 17.1865
6.825 194.051 152.156 -10.9431 17.1313
6.85 190.056 148.711 -10.8958 17.0762
6.875 186.077 145.283 -10.8434 17.0212
6.9 182.117 141.874 -10.786 16.9664
6.925 178.178 138.485 -10.7235 16.9117
6.95 174.262 135.121 -10.656 16.8571
6.975 170.372 131.782 -10.5834 16.8027
7 166.51 128.471 -10.5059 16.7485
7.025 162.678 125.191 -10.4234 16.6944
7.05 158.879 121.943 -10.3359 16.6404
7.075 155.113 118.729 -10.2442 16.5867
7.1 151.384 115.551 -10.1476 16.5331
7.125 147.693 112.412 -10.0464 16.4797
7.15 144.042 109.312 -9.94088 16.4264
7.175 140.432 106.254 -9.8311 16.3734
7.2 136.865 103.238 -9.71723 16.3205
7.225 133.343 100.267 -9.59942 16.2679
7.25 129.867 97.342 -9.47786 16.2154
7.275 126.439 94.4639 -9.3527 16.1631
7.3 123.059 91.6338 -9.22416 16.1111
7.325 119.73 88.853 -9.09242 16.0592
7.35 116.451 86.1224 -8.95767 16.0076
7.375 113.225 83.4428 -8.82013 15.9562
7.4 110.05 80.815 -8.68 15.905
7.425 106.931 78.2396 -8.5375 15.854
7.45 103.866 75.7172 -8.39285 15.8033
7.475 100.856 73.2484 -8.24625 15.7527
7.5 97.902 70.8339 -8.09792 15.7024
7.525 95.0041 68.473 -7.94808 15.6524
7.55 92.163 66.1665 -7.79695 15.6025
7.575 89.3789 63.9145 -7.64482 15.5529
7.6 86.6522 61.7169 -7.49174 15.5036
7.625 83.9829 59.5739 -7.338 15.4544
7.65 81.3712 57.4846 -7.18381 15.4055
7.675 78.8172 55.45 -7.02936 15.3569
7.7 76.3206 53.4693 -6.87485 15.3085
7.725 73.8816 51.5421 -6.72047 15.2603
7.75 71.4998 49.668 -6.5664 15.2124
7.775 69.1751 47.8466 -6.41283 15.1647
7.8 66.9071 46.0773 -6.25992 15.1172
7.825 64.6955 44.3595 -6.10779 15.07
7.85 62.5398 42.6927 -5.95668 15.0231
7.875 60.4397 41.0762 -5.80672 14.9764
7.9 58.3945 39.5092 -5.65802 14.9299
7.925 56.4038 37.991 -5.51074 14.8837
7.95 54.4669 36.5208 -5.365 14.8377
7.975 52.5831 35.0977 -5.22091 14.792
8 50.7518 33.721 -5.07858 14.7465
8.025 48.9723 32.3897 -4.93813 14.7013
8.05 47.2438 31.1029 -4.79964 14.6563
8.075 45.5655 29.8597 -4.66321 14.6115
8.1 43.9366 28.6592 -4.52891 14.567
8.125 42.3562 27.5003 -4.39681 14.5228
8.15 40.8236 26.3822 -4.26699 14.4788
8.175 39.3377 25.3038 -4.1395 14.435
8.2 37.8978 24.2642 -4.01438 14.3914
8.225 36.503 23.2623 -3.8917 14.3481
8.25 35.1522 22.2972 -3.77148 14.3051
8.275 33.8446 21.3679 -3.65375 14.2623
8.3 32.5792 20.4733 -3.53855 14.2197
8.325 31.3551 19.6125 -3.42588 14.1773
8.35 30.1712 18.7845 -3.31578 14.1352
8.375 29.0268 17.9884 -3.20823 14.0933
8.4 27.9207 17.2231 -3.10326 14.0517
8.425 26.8521 16.4877 -3.00085 14.0102
8.45 25.8199 15.7813 -2.90101 13.9691
8.475 24.8233 15.1029 -2.80372 13.9281
8.5 23.8613 14.4517 -2.70897 13.8874
8.525 22.9329 13.8266 -2.61675 13.8469
8.55 22.0373 13.2269 -2.52703 13.8066
8.575 21.1735 12.6516 -2.43978 13.7665
8.6 20.3405 12.1 -2.35499 13.7267
8.625 19.5376 11.5711 -2.27261 13.6871
8.65 18.7638 11.0641 -2.19263 13.6477
8.675 18.0182 10.5783 -2.11501 13.6085
8.7 17.3001 10.1129 -2.0397 13.5695
8.725 16.6084 9.66715 -1.96667 13.5308
8.75 15.9425 9.24026 -1.89589 13.4923
8.775 15.3014 8.83153 -1.8273 13.4539
8.8 14.6845 8.44028 -1.76088 13.4158
8.825 14.0909 8.06581 -1.69656 13.3779
8.85 13.5198 7.70749 -1.63432 13.3402
8.875 12.9705 7.36466 -1.5741 13.3028
8.9 12.4423 7.03669 -1.51586 13.2655
8.925 11.9344 6.72302 -1.45954 13.2284
8.95 11.4462 6.42306 -1.40512 13.1915
8.975 10.977 6.13623 -1.35253 13.1549
9 10.5261 5.86201 -1.30173 13.1184
9.025 10.0928 5.59987 -1.25268 13.0821
9.05 9.67664 5.34931 -1.20532 13.046
9.075 9.27689 5.10984 -1.15962 13.0102
9.1 8.89298 4.88099 -1.11552 12.9745
9.125 8.52433 4.66232 -1.07298 12.939
9.15 8.1704 4.45338 -1.03195 12.9037
9.175 7.83064 4.25377 -0.99239 12.8686
9.2 7.50453 4.06307 -0.954256 12.8336
9.225 7.19155 3.88091 -0.917502 12.7989
9.25 6.89121 3.70692 -0.882087 12.7644
9.275 6.60304 3.54072 -0.847968 12.73
9.3 6.32657 3.382 -0.815104 12.6958
9.325 6.06137 3.23041 -0.783453 12.6618
9.35 5.80698 3.08564 -0.752977 12.628
9.375 5.56301 2.94739 -0.723637 12.5943
9.4 5.32904 2.81537 -0.695394 12.5609
9.425 5.10469 2.68931 -0.668211 12.5276
9.45 4.88958 2.56894 -0.642054 12.4944
9.475 4.68335 2.45399 -0.616885 12.4615
9.5 4.48564 2.34425 -0.592671 12.4287
9.525 4.29613 2.23945 -0.569378 12.3961
9.55 4.11448 2.1394 -0.546975 12.3637
9.575 3.94039 2.04386 -0.525429 12.3314
9.6 3.77355 1.95265 -0.504709 12.2993
9.625 3.61367 1.86555 -0.484787 12.2674
9.65 3.46047 1.7824 -0.465633 12.2356
9.675 3.31368 1.703 -0.447219 12.204
9.7 3.17305 1.62719 -0.429518 12.1726
9.725 3.03831 1.55481 -0.412504 12.1413
9.75 2.90924 1.4857 -0.396151 12.1102
9.775 2.7856 1.41971 -0.380436 12.0792
9.8 2.66717 1.35671 -0.365333 12.0484
9.825 2.55373 1.29654 -0.350821 12.0178
9.85 2.44509 1.2391 -0.336877 11.9873
9.875 2.34104 1.18425 -0.32348 11.957
9.9 2.24139 1.13187 -0.310609 11.9268
9.925 2.14596 1.08185 -0.298245 11.8967
9.95 2.05458 1.03409 -0.286367 11.8669
9.975 1.96708 0.988487 -0.274956 11.8371
10 1.8833 0.944935 -0.263996 11.8075
10.025 1.80308 0.903344 -0.25347 11.7781
10.05 1.72628 0.863626 -0.243359 11.7488
10.075 1.65274 0.825695 -0.233649 11.7197
10.1 1.58234 0.78947 -0.224324 11.6906
10.125 1.51495 0.754874 -0.215369 11.6618
10.15 1.45043 0.721832 -0.206769 11.6331
10.175 1.38867 0.690274 -0.198511 11.6045
10.2 1.32955 0.660133 -0.190582 11.5761
10.225 1.27295 0.631344 -0.182969 11.5478
10.25 1.21878 0.603845 -0.17566 11.5196
10.275 1.16693 0.577579 -0.168642 11.4916
10.3 1.1173 0.552489 -0.161905 11.4637
10.325 1.06979 0.528522 -0.155436 11.4359
10.35 1.02432 0.505626 -0.149227 11.4083
10.375 0.980806 0.483754 -0.143266 11.3808
10.4 0.939155 0.462859 -0.137544 11.3535
10.425 0.899292 0.442896 -0.132051 11.3262
10.45 0.86114 0.423823 -0.126779 11.2991
10.475 0.824627 0.405599 -0.121718 11.2722
10.5 0.789681 0.388187 -0.116861 11.2453
10.525 0.756236 0.371549 -0.112199 11.2186
10.55 0.724228 0.35565 -0.107724 11.1921
10.575 0.693594 0.340457 -0.10343 11.1656
10.6 0.664277 0.325938 -0.0993081 11.1393
10.625 0.636219 0.312061 -0.0953524 11.1131
10.65 0.609366 0.298799 -0.0915561 11.087
10.675 0.583666 0.286122 -0.0879128 11.061
10.7 0.55907 0.274005 -0.0844164 11.0352
10.725 0.53553 0.262422 -0.0810611 11.0094
10.75 0.513 0.251348 -0.0778411 10.9838
10.775 0.491437 0.240762 -0.0747511 10.9584
10.8 0.470799 0.23064 -0.0717858 10.933
10.825 0.451046 0.220961 -0.0689401 10.9077
10.85 0.432139 0.211706 -0.0662093 10.8826
10.875 0.414042 0.202856 -0.0635888 10.8576
10.9 0.39672 0.194391 -0.061074 10.8327
10.925 0.38014 0.186295 -0.0586611 10.8079
10.95 0.364268 0.17855 -0.0563452 10.7832
10.975 0.349075 0.171142 -0.0541226 10.7587
11 0.33453 0.164054 -0.0519897 10.7342
11.025 0.320607 0.157273 -0.0499428 10.7099
11.05 0.307276 0.150784 -0.0479783 10.6856
11.075 0.294514 0.144574 -0.046093 10.6615
11.1 0.282295 0.138631 -0.0442835 10.6375
11.125 0.270596 0.132942 -0.0425468 10.6136
11.15 0.259394 0.127497 -0.0408799 10.5898
11.175 0.248668 0.122284 -0.0392797 10.5661
11.2 0.238396 0.117293 -0.0377439 10.5425
11.225 0.228559 0.112514 -0.0362698 10.5191
11.25 0.219139 0.107937 -0.0348547 10.4957
11.275 0.210117 0.103554 -0.0334962 10.4724
11.3 0.201476 0.0993558 -0.0321922 10.4492
11.325 0.193199 0.0953341 -0.0309401 10.4262
11.35 0.185271 0.0914813 -0.0297378 10.4032
11.375 0.177676 0.0877898 -0.0285836 10.3803
11.4 0.170401 0.0842525 -0.0274752 10.3576
11.425 0.163431 0.0808626 -0.0264109 10.3349
11.45 0.156752 0.0776137 -0.0253889 10.3124
11.475 0.150354 0.0744995 -0.0244073 10.2899
11.5 0.144223 0.0715142 -0.0234646 10.2675
11.525 0.138348 0.0686521 -0.0225591 10.2452
11.55 0.132718 0.0659083 -0.0216893 10.2231
11.575 0.127322 0.0632769 -0.0208539 10.201
11.6 0.122151 0.0607534 -0.0200512 10.179
11.625 0.117195 0.0583331 -0.0192801 10.1571
11.65 0.112444 0.0560117 -0.0185393 10.1353
11.675 0.10789 0.0537849 -0.0178274 10.1136
11.7 0.103525 0.0516487 -0.0171434 10.092
11.725 0.0993398 0.0495991 -0.0164861 10.0705
11.75 0.0953274 0.0476326 -0.0158544 10.0491
11.775 0.0914805 0.0457457 -0.0152473 10.0277
11.8 0.0877921 0.0439349 -0.0146639 10.0065
11.825 0.0842553 0.0421971 -0.014103 9.98533
11.85 0.0808638 0.0405292 -0.0135639 9.96426
11.875 0.0776115 0.0389284 -0.0130457 9.94328
11.9 0.0744925 0.0373918 -0.0125475 9.92239
11.925 0.0715013 0.0359168 -0.0120685 9.90159
11.95 0.0686323 0.0345009 -0.011608 9.88088
11.975 0.0658806 0.0331415 -0.0111652 9.86025
12 0.0632413 0.0318365 -0.0107395 9.83971
12.025 0.0607096 0.0305835 -0.0103301 9.81925
12.05 0.058281 0.0293805 -0.00993643 9.79888
12.075 0.0559514 0.0282253 -0.00955788 9.77859
12.1 0.0537165 0.0271162 -0.00919384 9.75839
12.125 0.0515724 0.0260512 -0.00884375 9.73827
12.15 0.0495154 0.0250286 -0.00850706 9.71823
12.175 0.0475419 0.0240466 -0.00818326 9.69827
12.2 0.0456485 0.0231036 -0.00787183 9.6784
12.225 0.0438317 0.0221981 -0.00757231 9.65861
12.25 0.0420886 0.0213285 -0.00728424 9.6389
12.275 0.040416 0.0204934 -0.00700717 9.61927
12.3 0.0388111 0.0196915 -0.00674068 9.59971
12.325 0.0372711 0.0189214 -0.00648437 9.58024
12.35 0.0357933 0.0181819 -0.00623784 9.56085
12.375 0.0343752 0.0174717 -0.00600073 9.54153
12.4 0.0330143 0.0167897 -0.00577267 9.5223
12.425 0.0317084 0.0161348 -0.00555333 9.50314
12.45 0.0304551 0.0155059 -0.00534236 9.48406
12.475 0.0292524 0.0149019 -0.00513946 9.46505
12.5 0.0280981 0.014322 -0.00494431 9.44612
12.525 0.0269904 0.013765 -0.00475662 9.42726
12.55 0.0259272 0.0132302 -0.00457611 9.40849
12.575 0.0249069 0.0127167 -0.00440251 9.38978
12.6 0.0239276 0.0122236 -0.00423555 9.37115
12.625 0.0229877 0.01175 -0.00407499 9.35259
12.65 0.0220856 0.0112954 -0.00392059 9.33411
12.675 0.0212198 0.0108587 -0.0037721 9.3157
12.7 0.0203888 0.0104395 -0.00362931 9.29736
12.725 0.0195911 0.0100369 -0.003492 9.2791
12.75 0.0188255 0.00965035 -0.00335996 9.2609
12.775 0.0180906 0.00927916 -0.00323299 9.24278
12.8 0.0173851 0.00892274 -0.00311091 9.22473
12.825 0.016708 0.00858049 -0.00299352 9.20674
12.85 0.016058 0.00825185 -0.00288065 9.18883
12.875 0.015434 0.00793627 -0.00277212 9.17099
12.9 0.014835 0.00763324 -0.00266777 9.15322
12.925 0.01426 0.00734224 -0.00256743 9.13551
12.95 0.013708 0.00706279 -0.00247097 9.11788
12.975 0.013178 0.00679443 -0.00237822 9.10031
13 0.0126692 0.00653671 -0.00228904 9.08281
13.025 0.0121807 0.00628919 -0.0022033 9.06537
13.05 0.0117116 0.00605148 -0.00212087 9.04801
13.075 0.0112613 0.00582316 -0.00204161 9.03071
13.1 0.0108288 0.00560386 -0.0019654 9.01347
13.125 0.0104136 0.00539321 -0.00189213 8.9963
13.15 0.0100148 0.00519086 -0.00182168 8.9792
13.175 0.00963189 0.00499646 -0.00175395 8.96216
13.2 0.00926413 0.0048097 -0.00168882 8.94519
13.225 0.00891092 0.00463026 -0.00162617 8.92828
13.25 0.00857167 0.00445784 -0.00156595 8.91143
13.275 0.00824582 0.00429211 -0.00150804 8.89465
13.3 0.0079328 0.00413288 -0.00145236 8.87793
13.325 0.00763211 0.00397987 -0.00139883 8.86128
13.35 0.00734324 0.00383277 -0.00134732 8.84468
13.375 0.0070657 0.0036914 -0.00129779 8.82815
13.4 0.00679904 0.00355545 -0.00125014 8.81168
13.425 0.0065428 0.00342473 -0.00120432 8.79527
13.45 0.00629657 0.00329904 -0.00116023 8.77892
13.475 0.00605994 0.00317815 -0.00111783 8.76263
13.5 0.00583251 0.00306188 -0.00107703 8.74641
13.525 0.00561391 0.00295004 -0.00103778 8.73024
13.55 0.00540379 0.00284244 -0.00100001 8.71413
13.575 0.00520179 0.00273892 -0.000963666 8.69808
13.6 0.00500759 0.0026393 -0.000928692 8.6821
13.625 0.00482086 0.00254342 -0.000895032 8.66617
13.65 0.00464132 0.00245114 -0.000862634 8.65029
13.675 0.00446867 0.00236231 -0.000831449 8.63448
13.7 0.00430262 0.00227679 -0.000801427 8.61872
13.725 0.00414292 0.00219444 -0.000772523 8.60302
13.75 0.00398931 0.00211514 -0.000744692 8.58738
13.775 0.00384154 0.00203877 -0.000717893 8.5718
13.8 0.00369938 0.00196521 -0.000692084 8.55627
13.825 0.0035626 0.00189433 -0.000667226 8.5408
13.85 0.003431 0.00182606 -0.000643278 8.52538
13.875 0.00330436 0.00176027 -0.000620212 8.51002
13.9 0.00318249 0.00169688 -0.00059799 8.49471
13.925 0.00306519 0.00163579 -0.000576578 8.47946
13.95 0.0029523 0.00157691 -0.000555945 8.46427
13.975 0.00284362 0.00152015 -0.00053606 8.44912
14 0.00273901 0.00146543 -0.000516895 8.43404
14.025 0.00263829 0.00141268 -0.000498421 8.419
14.05 0.00254132 0.00136182 -0.000480612 8.40402
14.075 0.00244796 0.00131278 -0.000463443 8.38909
14.1 0.00235805 0.00126549 -0.000446889 8.37422
14.125 0.00227148 0.00121987 -0.000430925 8.3594
14.15 0.0021881 0.00117588 -0.000415531 8.34463
14.175 0.00210779 0.00113348 -0.000400685 8.32991
14.2 0.00203045 0.00109256 -0.000386365 8.31525
14.225 0.00195596 0.00105309 -0.000372552 8.30063
14.25 0.0018842 0.00101502 -0.000359228 8.28607
14.275 0.00181507 0.000978297 -0.000346373 8.27156
14.3 0.00174848 0.000942871 -0.000333972 8.2571
14.325 0.00168433 0.000908697 -0.000322007 8.24269
14.35 0.00162253 0.00087573 -0.000310461 8.22833
14.375 0.00156298 0.000843926 -0.000299321 8.21402
14.4 0.00150561 0.000813246 -0.000288572 8.19976
14.425 0.00145034 0.000783649 -0.000278198 8.18555
14.45 0.00139708 0.000755097 -0.000268188 8.17138
14.475 0.00134576 0.000727555 -0.000258528 8.15727
14.5 0.00129632 0.000700986 -0.000249206 8.14321
14.525 0.00124867 0.000675358 -0.000240209 8.12919
14.55 0.00120277 0.000650637 -0.000231525 8.11522
14.575 0.00115853 0.000626793 -0.000223147 8.1013
14.6 0.00111591 0.000603795 -0.000215065 8.08743
14.625 0.00107483 0.000581615 -0.000207264 8.07361
14.65 0.00103526 0.000560224 -0.000199736 8.05983
14.675 0.000997128 0.000539596 -0.000192472 8.0461
14.7 0.000960387 0.000519705 -0.000185464 8.03242
14.725 0.000924985 0.000500527 -0.000178702 8.01878
14.75 0.000890877 0.000482036 -0.000172179 8.00519
14.775 0.000858014 0.00046421 -0.000165886 7.99164
14.8 0.000826353 0.000447026 -0.000159817 7.97814
14.825 0.000795851 0.000430463 -0.000153963 7.96469
14.85 0.000766465 0.0004145 -0.000148317 7.95128
14.875 0.000738158 0.000399117 -0.000142872 7.93792
14.9 0.000710889 0.000384294 -0.000137622 7.9246
14.925 0.000684623 0.000370012 -0.000132561 7.91132
14.95 0.000659323 0.000356254 -0.000127681 7.89809
14.975 0.000634956 0.000343002 -0.000122978 7.88491
15 0.000611488 0.000330239 -0.000118445 7.87177
15.025 0.000588888 0.000317948 -0.000114076 7.85867
15.05 0.000567124 0.000306113 -0.000109867 7.84561
15.075 0.000546168 0.000294719 -0.000105812 7.8326
15.1 0.00052599 0.000283752 -0.000101905 7.81964
15.125 0.000506563 0.000273196 -9.81427e-05 7.80671
15.15 0.00048786 0.000263038 -9.4519e-05 7.79383
15.175 0.000469856 0.000253264 -9.10295e-05 7.78099
15.2 0.000452526 0.00024386 -8.76698e-05 7.76819
15.225 0.000435846 0.000234815 -8.44355e-05 7.75544
15.25 0.000419791 0.000226116 -8.13221e-05 7.74272
15.275 0.000404341 0.00021775 -7.83257e-05 7.73005
15.3 0.000389474 0.000209706 -7.5442e-05 7.71742
15.325 0.000375167 0.000201973 -7.26673e-05 7.70483
15.35 0.000361402 0.000194539 -6.99976e-05 7.69228
15.375 0.000348159 0.000187394 -6.74292e-05 7.67977
15.4 0.000335418 0.000180528 -6.49586e-05 7.66731
15.425 0.000323162 0.00017393 -6.25822e-05 7.65488
15.45 0.000311373 0.000167591 -6.02966e-05 7.64249
15.475 0.000300033 0.0001615 -5.80986e-05 7.63015
15.5 0.000289126 0.00015565 -5.59848e-05 7.61784
15.525 0.000278635 0.00015003 -5.39523e-05 7.60557
15.55 0.000268547 0.000144632 -5.19978e-05 7.59334
15.575 0.000258844 0.000139448 -5.01186e-05 7.58116
15.6 0.000249514 0.000134468 -4.83118e-05 7.56901
15.625 0.000240541 0.000129687 -4.65746e-05 7.5569
15.65 0.000231913 0.000125094 -4.49044e-05 7.54482
15.675 0.000223615 0.000120684 -4.32986e-05 7.53279
15.7 0.000215636 0.000116448 -4.17546e-05 7.5208
15.725 0.000207963 0.000112379 -4.02701e-05 7.50884
15.75 0.000200584 0.000108472 -3.88426e-05 7.49692
15.775 0.000193488 0.000104718 -3.74701e-05 7.48504
15.8 0.000186664 0.000101112 -3.61501e-05 7.4732
15.825 0.000180101 9.76473e-05 -3.48808e-05 7.46139
15.85 0.000173788 9.43179e-05 -3.36599e-05 7.44962
15.875 0.000167716 9.11182e-05 -3.24856e-05 7.43789
15.9 0.000161876 8.80424e-05 -3.1356e-05 7.4262
15.925 0.000156257 8.50853e-05 -3.02693e-05 7.41454
15.95 0.000150851 8.22415e-05 -2.92237e-05 7.40292
15.975 0.00014565 7.95056e-05 -2.82175e-05 7.39133
16 0.000140645 7.6874e-05 -2.72491e-05 7.37978
16.025 0.000135828 7.43415e-05 -2.63171e-05 7.36827
16.05 0.000131192 7.19037e-05 -2.54198e-05 7.35679
16.075 0.000126729 6.95564e-05 -2.45559e-05 7.34535
16.1 0.000122432 6.72956e-05 -2.3724e-05 7.33394
16.125 0.000118295 6.51173e-05 -2.29228e-05 7.32257
16.15 0.000114311 6.30181e-05 -2.21506e-05 7.31124
16.175 0.000110474 6.09943e-05 -2.14075e-05 7.29994
16.2 0.000106777 5.90427e-05 -2.0691e-05 7.28867
16.225 0.000103216 5.71601e-05 -2.00006e-05 7.27744
16.25 9.97854e-05 5.53435e-05 -1.93352e-05 7.26625
16.275 9.64791e-05 5.35902e-05 -1.86937e-05 7.25508
16.3 9.32924e-05 5.18974e-05 -1.80751e-05 7.24396
16.325 9.02208e-05 5.02626e-05 -1.74787e-05 7.23286
16.35 8.72597e-05 4.86835e-05 -1.69035e-05 7.2218
16.375 8.44049e-05 4.71578e-05 -1.63487e-05 7.21078
16.4 8.16523e-05 4.56834e-05 -1.58135e-05 7.19979
16.425 7.89979e-05 4.42583e-05 -1.52971e-05 7.18883
16.45 7.64381e-05 4.28807e-05 -1.47988e-05 7.1779
16.475 7.39692e-05 4.15489e-05 -1.4318e-05 7.16701
16.5 7.15884e-05 4.02611e-05 -1.38539e-05 7.15615
16.525 6.92919e-05 3.9016e-05 -1.34058e-05 7.14533
16.55 6.7077e-05 3.7812e-05 -1.29736e-05 7.13453
16.575 6.49407e-05 3.66479e-05 -1.25562e-05 7.12377
16.6 6.28804e-05 3.55224e-05 -1.21533e-05 7.11304
16.625 6.08934e-05 3.44344e-05 -1.17642e-05 7.10235
16.65 5.89773e-05 3.3383e-05 -1.13886e-05 7.09168
16.675 5.71298e-05 3.23667e-05 -1.10259e-05 7.08105
16.7 5.53485e-05 3.1385e-05 -1.06756e-05 7.07045
16.725 5.36315e-05 3.04368e-05 -1.03374e-05 7.05988
16.75 5.19766e-05 2.95213e-05 -1.00108e-05 7.04934
16.775 5.03821e-05 2.86379e-05 -9.69547e-06 7.03884
16.8 4.88459e-05 2.77857e-05 -9.39095e-06 7.02836
16.825 4.73664e-05 2.69641e-05 -9.0969e-06 7.01792
16.85 4.59419e-05 2.61724e-05 -8.81297e-06 7.00751
16.875 4.45708e-05 2.541e-05 -8.53882e-06 6.99713
16.9 4.32515e-05 2.46763e-05 -8.27412e-06 6.98678
16.925 4.19826e-05 2.39707e-05 -8.01856e-06 6.97646
16.95 4.07626e-05 2.32926e-05 -7.77178e-06 6.96617
16.975 3.95902e-05 2.26418e-05 -7.5336e-06 6.95591
17 3.84639e-05 2.20174e-05 -7.30368e-06 6.94568
17.025 3.73826e-05 2.14191e-05 -7.08174e-06 6.93548
17.05 3.6345e-05 2.08462e-05 -6.86754e-06 6.92531
17.075 3.53497e-05 2.02984e-05 -6.66081e-06 6.91517
17.1 3.43957e-05 1.97751e-05 -6.46126e-06 6.90506
17.125 3.34818e-05 1.92757e-05 -6.26875e-06 6.89498
17.15 3.26068e-05 1.87999e-05 -6.08301e-06 6.88493
17.175 3.17695e-05 1.8347e-05 -5.9038e-06 6.87491
17.2 3.0969e-05 1.79165e-05 -5.73093e-06 6.86491
17.225 3.0204e-05 1.7508e-05 -5.56416e-06 6.85495
17.25 2.94736e-05 1.71209e-05 -5.40331e-06 6.84501
17.275 2.87766e-05 1.67545e-05 -5.24818e-06 6.83511
17.3 2.8112e-05 1.64085e-05 -5.09857e-06 6.82523
17.325 2.74788e-05 1.60821e-05 -4.9543e-06 6.81538
17.35 2.68758e-05 1.57749e-05 -4.8152e-06 6.80556
17.375 2.63022e-05 1.54862e-05 -4.68107e-06 6.79577
17.4 2.57568e-05 1.52154e-05 -4.55176e-06 6.78601
17.425 2.52387e-05 1.4962e-05 -4.42709e-06 6.77627
17.45 2.47468e-05 1.47252e-05 -4.30691e-06 6.76656
17.475 2.42801e-05 1.45046e-05 -4.19106e-06 6.75688
17.5 2.38377e-05 1.42993e-05 -4.07939e-06 6.74723
17.525 2.34185e-05 1.41089e-05 -3.97175e-06 6.7376
17.55 2.30216e-05 1.39326e-05 -3.868e-06 6.72801
17.575 2.2646e-05 1.37697e-05 -3.76799e-06 6.71844
17.6 2.22907e-05 1.36195e-05 -3.67159e-06 6.70889
17.625 2.19547e-05 1.34815e-05 -3.57867e-06 6.69938
17.65 2.16372e-05 1.3355e-05 -3.4891e-06 6.68989
17.675 2.13371e-05 1.32391e-05 -3.40275e-06 6.68042
17.7 2.10536e-05 1.31334e-05 -3.31949e-06 6.67099
17.725 2.07856e-05 1.30372e-05 -3.23922e-06 6.66158
17.75 2.05324e-05 1.29497e-05 -3.16181e-06 6.6522
17.775 2.02929e-05 1.28703e-05 -3.08716e-06 6.64284
17.8 2.00664e-05 1.27984e-05 -3.01515e-06 6.63351
17.825 1.9852e-05 1.27332e-05 -2.94567e-06 6.62421
17.85 1.96487e-05 1.26742e-05 -2.87863e-06 6.61493
17.875 1.94558e-05 1.26207e-05 -2.81392e-06 6.60568
17.9 1.92725e-05 1.25721e-05 -2.75144e-06 6.59645
17.925 1.9098e-05 1.25278e-05 -2.69111e-06 6.58725
17.95 1.89315e-05 1.24872e-05 -2.63282e-06 6.57808
17.975 1.87721e-05 1.24497e-05 -2.57649e-06 6.56893
18 1.86193e-05 1.24147e-05 -2.52203e-06 6.55981
18.025 1.84723e-05 1.23818e-05 -2.46938e-06 6.55071
18.05 1.83303e-05 1.23503e-05 -2.41841e-06 6.54163
18.075 1.81928e-05 1.23197e-05 -2.36907e-06 6.53259
18.1 1.80591e-05 1.22897e-05 -2.32129e-06 6.52356
18.125 1.79285e-05 1.22596e-05 -2.27497e-06 6.51457
18.15 1.78006e-05 1.22291e-05 -2.23006e-06 6.50559
18.175 1.76747e-05 1.21977e-05 -2.18649e-06 6.49664
18.2 1.75502e-05 1.21651e-05 -2.14418e-06 6.48772
18.225 1.74268e-05 1.21308e-05 -2.10306e-06 6.47882
18.25 1.73039e-05 1.20946e-05 -2.0631e-06 6.46995
18.275 1.7181e-05 1.20559e-05 -2.02421e-06 6.46109
18.3 1.70578e-05 1.20147e-05 -1.98636e-06 6.45227
18.325 1.69338e-05 1.19705e-05 -1.94946e-06 6.44347
18.35 1.68086e-05 1.19231e-05 -1.91348e-06 6.43469
18.375 1.66819e-05 1.18723e-05 -1.87836e-06 6.42593
18.4 1.65535e-05 1.18179e-05 -1.84406e-06 6.4172
18.425 1.64229e-05 1.17596e-05 -1.81052e-06 6.40849
18.45 1.629e-05 1.16974e-05 -1.7777e-06 6.39981
18.475 1.61545e-05 1.1631e-05 -1.74556e-06 6.39115
18.5 1.60162e-05 1.15603e-05 -1.71404e-06 6.38251
18.525 1.58749e-05 1.14854e-05 -1.68314e-06 6.3739
18.55 1.57304e-05 1.1406e-05 -1.6528e-06 6.36531
18.575 1.55826e-05 1.13221e-05 -1.62298e-06 6.35674
18.6 1.54315e-05 1.12337e-05 -1.59367e-06 6.3482
18.625 1.52768e-05 1.11408e-05 -1.56481e-06 6.33968
18.65 1.51185e-05 1.10433e-05 -1.53639e-06 6.33118
18.675 1.49566e-05 1.09414e-05 -1.50838e-06 6.3227
18.7 1.47911e-05 1.0835e-05 -1.48075e-06 6.31425
18.725 1.46218e-05 1.07241e-05 -1.45347e-06 6.30582
18.75 1.4449e-05 1.0609e-05 -1.42654e-06 6.29741
18.775 1.42724e-05 1.04896e-05 -1.39991e-06 6.28903
18.8 1.40923e-05 1.0366e-05 -1.37359e-06 6.28067
18.825 1.39087e-05 1.02384e-05 -1.34754e-06 6.27232
18.85 1.37215e-05 1.01069e-05 -1.32176e-06 6.26401
18.875 1.3531e-05 9.97164e-06 -1.29622e-06 6.25571
18.9 1.33372e-05 9.83272e-06 -1.27091e-06 6.24743
18.925 1.31402e-05 9.6903e-06 -1.24582e-06 6.23918
18.95 1.29401e-05 9.54455e-06 -1.22095e-06 6.23095
18.975 1.27371e-05 9.39564e-06 -1.19628e-06 6.22274
19 1.25313e-05 9.24373e-06 -1.17179e-06 6.21455
19.025 1.23228e-05 9.089e-06 -1.1475e-06 6.20639
19.05 1.21118e-05 8.93162e-06 -1.12337e-06 6.19824
19.075 1.18984e-05 8.77178e-06 -1.09942e-06 6.19012
19.1 1.16829e-05 8.60965e-06 -1.07563e-06 6.18202
19.125 1.14652e-05 8.44541e-06 -1.05201e-06 6.17394
19.15 1.12457e-05 8.27925e-06 -1.02854e-06 6.16588
19.175 1.10244e-05 8.11134e-06 -1.00522e-06 6.15784
19.2 1.08016e-05 7.94185e-06 -9.82044e-07 6.14982
19.225 1.05773e-05 7.77095e-06 -9.59016e-07 6.14182
19.25 1.03518e-05 7.59881e-06 -9.3613e-07 6.13384
19.275 1.01252e-05 7.42559e-06 -9.13382e-07 6.12589
19.3 9.89772e-06 7.25144e-06 -8.90769e-07 6.11795
19.325 9.66941e-06 7.07649e-06 -8.68286e-07 6.11004
19.35 9.44047e-06 6.90089e-06 -8.45931e-07 6.10215
19.375 9.21103e-06 6.72475e-06 -8.23699e-07 6.09427
19.4 8.98122e-06 6.54819e-06 -8.01584e-07 6.08642
19.425 8.75117e-06 6.3713e-06 -7.79583e-07 6.07858
19.45 8.521e-06 6.19416e-06 -7.57687e-07 6.07077
19.475 8.29082e-06 6.01685e-06 -7.35889e-07 6.06298
19.5 8.06073e-06 5.83942e-06 -7.14182e-07 6.05521
19.525 7.83082e-06 5.6619e-06 -6.92554e-07 6.04745
19.55 7.60117e-06 5.4843e-06 -6.70995e-07 6.03972
19.575 7.37185e-06 5.30663e-06 -6.4949e-07 6.03201
19.6 7.14293e-06 5.12885e-06 -6.28025e-07 6.02431
19.625 6.91443e-06 4.95091e-06 -6.06582e-07 6.01664
19.65 6.68641e-06 4.77274e-06 -5.85141e-07 6.00898
19.675 6.45888e-06 4.5942e-06 -5.63678e-07 6.00135
19.7 6.23184e-06 4.41526e-06 -5.42179e-07 5.99373
19.725 6.00529e-06 4.23561e-06 -5.20597e-07 5.98613
19.75 5.77921e-06 4.0551e-06 -4.9891e-07 5.97856
19.775 5.55355e-06 3.87351e-06 -4.77079e-07 5.971
19.8 5.32827e-06 3.69054e-06 -4.55066e-07 5.96346
19.825 5.1033e-06 3.50586e-06 -4.32823e-07 5.95594
19.85 4.87853e-06 3.3191e-06 -4.10301e-07 5.94844
19.875 4.65388e-06 3.12984e-06 -3.87444e-07 5.94096
19.9 4.42921e-06 2.93758e-06 -3.64189e-07 5.93349
19.925 4.2044e-06 2.74179e-06 -3.40468e-07 5.92605
19.95 3.97925e-06 2.54182e-06 -3.16199e-07 5.91862
19.975 3.75366e-06 2.33712e-06 -2.91317e-07 5.91121
20 3.52721e-06 2.12651e-06 -2.65673e-07 5.90383
