0 386.828 315.041 -20.8412 19.5291
0.025 386.828 315.041 -20.8412 19.5291
0.05 386.657 314.693 -20.802 19.5287
0.075 386.661 314.683 -20.7776 19.5282
0.1 386.671 314.679 -20.7445 19.5275
0.125 386.695 314.694 -20.7036 19.5266
0.15 386.727 314.72 -20.6542 19.5256
0.175 386.767 314.753 -20.5964 19.5243
0.2 386.81 314.794 -20.5303 19.5228
0.225 386.865 314.842 -20.456 19.5211
0.25 386.926 314.895 -20.3737 19.5192
0.275 386.993 314.955 -20.2836 19.5171
0.3 387.067 315.02 -20.1858 19.5148
0.325 387.146 315.091 -20.0807 19.5124
0.35 387.232 315.164 -19.9685 19.5097
0.375 387.323 315.246 -19.8493 19.5068
0.4 387.42 315.333 -19.7237 19.5037
0.425 387.522 315.425 -19.592 19.5003
0.45 387.63 315.521 -19.4543 19.4968
0.475 387.742 315.622 -19.3111 19.4931
0.5 387.86 315.727 -19.1627 19.4892
0.525 387.983 315.836 -19.0095 19.485
0.55 388.109 315.949 -18.8519 19.4807
0.575 388.24 316.066 -18.6902 19.4761
0.6 388.375 316.187 -18.5248 19.4713
0.625 388.513 316.31 -18.3561 19.4663
0.65 388.655 316.438 -18.1846 19.4611
0.675 388.801 316.568 -18.0105 19.4556
0.7 388.95 316.701 -17.8346 19.4499
0.725 389.101 316.836 -17.657 19.4441
0.75 389.255 316.974 -17.4782 19.4379
0.775 389.412 317.113 -17.2986 19.4316
0.8 389.57 317.255 -17.1187 19.425
0.825 389.73 317.394 -16.9388 19.4182
0.85 389.892 317.54 -16.7594 19.4112
0.875 390.055 317.685 -16.5808 19.404
0.9 390.219 317.831 -16.4035 19.3965
0.925 390.383 317.978 -16.2279 19.3888
0.95 390.548 318.125 -16.0542 19.3808
0.975 390.712 318.272 -15.883 19.3726
1 390.877 318.418 -15.7146 19.3642
1.025 391.04 318.565 -15.5492 19.3555
1.05 391.203 318.71 -15.3873 19.3466
1.075 391.365 318.854 -15.2291 19.3374
1.1 391.525 318.997 -15.0751 19.328
1.125 391.683 319.138 -14.9254 19.3184
1.15 391.839 319.277 -14.7803 19.3085
1.175 391.993 319.414 -14.6402 19.2984
1.2 392.144 319.549 -14.5052 19.288
1.225 392.292 319.681 -14.3756 19.2773
1.25 392.436 319.81 -14.2516 19.2665
1.275 392.577 319.936 -14.1334 19.2553
1.3 392.715 320.059 -14.0211 19.244
1.325 392.848 320.177 -13.9149 19.2323
1.35 392.977 320.292 -13.815 19.2204
1.375 393.102 320.403 -13.7214 19.2083
1.4 393.222 320.51 -13.6342 19.1959
1.425 393.337 320.612 -13.5536 19.1833
1.45 393.447 320.709 -13.4795 19.1704
1.475 393.552 320.802 -13.412 19.1572
1.5 393.651 320.889 -13.3512 19.1438
1.525 393.745 320.974 -13.2969 19.1302
1.55 393.833 321.051 -13.2491 19.1162
1.575 393.915 321.123 -13.2079 19.1021
1.6 393.992 321.192 -13.1731 19.0877
1.625 394.063 321.253 -13.1447 19.073
1.65 394.128 321.309 -13.1225 19.0581
1.675 394.187 321.36 -13.1065 19.0433
1.7 394.241 321.405 -13.0964 19.0274
1.725 394.288 321.443 -13.092 19.0117
1.75 394.331 321.477 -13.0934 18.9958
1.775 394.368 321.507 -13.1002 18.9796
1.8 394.399 321.531 -13.1123 18.9632
1.825 394.426 321.55 -13.1293 18.9465
1.85 394.447 321.563 -13.1512 18.9295
1.875 394.465 321.573 -13.1776 18.9124
1.9 394.477 321.578 -13.2082 18.8949
1.925 394.486 321.58 -13.2428 18.8772
1.95 394.491 321.578 -13.2812 18.8593
1.975 394.493 321.572 -13.323 18.8411
2 394.492 321.563 -13.3679 18.8227
2.025 394.489 321.552 -13.4156 18.8041
2.05 394.484 321.538 -13.4658 18.7851
2.075 394.478 321.522 -13.5182 18.766
2.1 394.47 321.505 -13.5724 18.7466
2.125 394.462 321.487 -13.6282 18.727
2.15 394.454 321.469 -13.6852 18.7071
2.175 394.447 321.45 -13.743 18.687
2.2 394.441 321.432 -13.8014 18.6667
2.225 394.437 321.416 -13.86 18.6461
2.25 394.436 321.401 -13.9185 18.6253
2.275 394.439 321.388 -13.9766 18.6043
2.3 394.445 321.379 -14.0339 18.583
2.325 394.456 321.373 -14.0902 18.5615
2.35 394.472 321.371 -14.1451 18.5398
2.375 394.495 321.374 -14.1984 18.5178
2.4 394.524 321.383 -14.2497 18.4956
2.425 394.561 321.397 -14.2988 18.4732
2.45 394.607 321.419 -14.3454 18.4506
2.475 394.661 321.448 -14.3892 18.4277
2.5 394.725 321.485 -14.4301 18.4046
2.525 394.799 321.53 -14.4677 18.3813
2.55 394.884 321.585 -14.5018 18.3578
2.575 394.98 321.65 -14.5323 18.334
2.6 395.089 321.724 -14.559 18.31
2.625 395.21 321.81 -14.5816 18.2858
2.65 395.345 321.908 -14.6 18.2614
2.675 395.494 322.017 -14.6141 18.2367
2.7 395.657 322.139 -14.6237 18.2118
2.725 395.834 322.273 -14.6288 18.1867
2.75 396.027 322.42 -14.6292 18.1614
2.775 396.234 322.581 -14.6248 18.1358
2.8 396.458 322.756 -14.6157 18.1101
2.825 396.697 322.944 -14.6016 18.0841
2.85 396.953 323.147 -14.5828 18.0578
2.875 397.224 323.364 -14.559 18.0314
2.9 397.512 323.595 -14.5304 18.0047
2.925 397.815 323.84 -14.4969 17.9778
2.95 398.134 324.1 -14.4587 17.9506
2.975 398.469 324.373 -14.4157 17.9233
3 398.82 324.663 -14.368 17.8957
3.025 399.186 324.964 -14.3158 17.8678
3.05 399.562 325.279 -14.2591 17.8398
3.075 399.96 325.606 -14.198 17.8115
3.1 400.368 325.946 -14.1328 17.7829
3.125 400.789 326.298 -14.0635 17.7542
3.15 401.222 326.661 -13.9903 17.7251
3.175 401.666 327.034 -13.9134 17.6959
3.2 402.12 327.417 -13.8329 17.6664
3.225 402.584 327.81 -13.7491 17.6366
3.25 403.055 328.21 -13.6622 17.6066
3.275 403.533 328.617 -13.5726 17.5764
3.3 404.017 329.03 -13.4801 17.5459
3.325 404.505 329.448 -13.3851 17.5151
3.35 404.996 329.87 -13.2879 17.4841
3.375 405.488 330.294 -13.1888 17.4528
3.4 405.979 330.72 -13.0879 17.4213
3.425 406.469 331.145 -12.9856 17.3895
3.45 406.954 331.568 -12.882 17.3575
3.475 407.433 331.987 -12.7774 17.3251
3.5 407.905 332.402 -12.6722 17.2925
3.525 408.367 332.811 -12.5665 17.2597
3.55 408.818 333.212 -12.4606 17.2265
3.575 409.254 333.602 -12.3548 17.1931
3.6 409.675 333.982 -12.2493 17.1594
3.625 410.077 334.348 -12.1444 17.1254
3.65 410.459 334.698 -12.0403 17.0912
3.675 410.818 335.032 -11.9373 17.0566
3.7 411.152 335.346 -11.8353 17.0218
3.725 411.459 335.64 -11.7351 16.9867
3.75 411.735 335.91 -11.6366 16.9512
3.775 411.98 336.156 -11.5401 16.9155
3.8 412.19 336.375 -11.4458 16.8795
3.825 412.363 336.565 -11.3538 16.8432
3.85 412.497 336.724 -11.2643 16.8067
3.875 412.589 336.851 -11.1776 16.7698
3.9 412.636 336.942 -11.0938 16.7326
3.925 412.637 336.997 -11.013 16.6951
3.95 412.589 337.012 -10.9355 16.6573
3.975 412.489 336.987 -10.8613 16.6192
4 412.336 336.919 -10.7905 16.5808
4.025 412.126 336.806 -10.7233 16.5421
4.05 411.858 336.647 -10.6598 16.5031
4.075 411.529 336.439 -10.6 16.4638
4.1 411.138 336.18 -10.5441 16.4242
4.125 410.682 335.869 -10.4921 16.3843
4.15 410.159 335.504 -10.444 16.3441
4.175 409.567 335.083 -10.3999 16.3036
4.2 408.904 334.605 -10.3598 16.2628
4.225 408.168 334.067 -10.3237 16.2217
4.25 407.359 333.469 -10.2916 16.1803
4.275 406.473 332.808 -10.2635 16.1386
4.3 405.512 332.083 -10.2394 16.0966
4.325 404.469 331.294 -10.2191 16.0543
4.35 403.346 330.437 -10.2028 16.0118
4.375 402.141 329.513 -10.1903 15.9689
4.4 400.853 328.52 -10.1815 15.9258
4.425 399.481 327.456 -10.1764 15.8824
4.45 398.023 326.321 -10.1748 15.8387
4.475 396.48 325.114 -10.1766 15.7947
4.5 394.85 323.833 -10.1818 15.7505
4.525 393.132 322.479 -10.1902 15.706
4.55 391.327 321.05 -10.2016 15.6612
4.575 389.434 319.546 -10.216 15.6162
4.6 387.452 317.966 -10.2331 15.5709
4.625 385.382 316.31 -10.2528 15.5254
4.65 383.223 314.577 -10.2749 15.4796
4.675 380.975 312.767 -10.2993 15.4336
4.7 378.639 310.88 -10.3257 15.3874
4.725 376.215 308.917 -10.354 15.3409
4.75 373.7 306.876 -10.384 15.2942
4.775 371.106 304.759 -10.4155 15.2473
4.8 368.422 302.566 -10.4482 15.2002
4.825 365.653 300.296 -10.482 15.1529
4.85 362.798 297.951 -10.5166 15.1054
4.875 359.861 295.532 -10.5519 15.0577
4.9 356.843 293.038 -10.5875 15.0098
4.925 353.744 290.471 -10.6234 14.9618
4.95 350.565 287.832 -10.6592 14.9136
4.975 347.31 285.122 -10.6948 14.8652
5 343.978 282.342 -10.7299 14.8166
5.025 340.573 279.494 -10.7644 14.768
5.05 337.096 276.578 -10.7979 14.7192
5.075 333.548 273.597 -10.8303 14.6702
5.1 329.933 270.552 -10.8613 14.6211
5.125 326.252 267.444 -10.8908 14.572
5.15 322.507 264.277 -10.9186 14.5227
5.175 318.702 261.051 -10.9444 14.4733
5.2 314.838 257.768 -10.9681 14.4238
5.225 310.918 254.432 -10.9894 14.3743
5.25 306.944 251.044 -11.0082 14.3247
5.275 302.92 247.606 -11.0243 14.275
5.3 298.849 244.121 -11.0375 14.2253
5.325 294.732 240.592 -11.0477 14.1755
5.35 290.572 237.02 -11.0546 14.1257
5.375 286.374 233.409 -11.0582 14.0758
5.4 282.139 229.762 -11.0583 14.026
5.425 277.871 226.081 -11.0548 13.9761
5.45 273.572 222.369 -11.0476 13.9262
5.475 269.246 218.629 -11.0365 13.8763
5.5 264.896 214.864 -11.0214 13.8265
5.525 260.525 211.077 -11.0023 13.7767
5.55 256.136 207.271 -10.9791 13.7268
5.575 251.733 203.448 -10.9516 13.6771
5.6 247.317 199.613 -10.9199 13.6274
5.625 242.893 195.767 -10.8838 13.5777
5.65 238.463 191.915 -10.8434 13.5281
5.675 234.031 188.059 -10.7987 13.4785
5.7 229.599 184.203 -10.7495 13.4291
5.725 225.171 180.348 -10.6959 13.3797
5.75 220.749 176.499 -10.6379 13.3304
5.775 216.337 172.658 -10.5755 13.2813
5.8 211.937 168.829 -10.5088 13.2322
5.825 207.553 165.014 -10.4377 13.1832
5.85 203.186 161.215 -10.3624 13.1344
5.875 198.841 157.437 -10.2828 13.0857
5.9 194.518 153.681 -10.1991 13.0371
5.925 190.222 149.951 -10.1112 12.9886
5.95 185.955 146.248 -10.0194 12.9404
5.975 181.718 142.576 -9.92371 12.8922
6 177.515 138.937 -9.82419 12.8442
6.025 173.347 135.333 -9.72099 12.7964
6.05 169.218 131.766 -9.6142 12.7488
6.075 165.129 128.239 -9.504 12.7013
6.1 161.082 124.754 -9.39045 12.654
6.125 157.079 121.312 -9.27373 12.6069
6.15 153.122 117.916 -9.15397 12.5599
6.175 149.212 114.567 -9.03133 12.5132
6.2 145.352 111.268 -8.90595 12.4666
6.225 141.544 108.018 -8.778 12.4203
6.25 137.787 104.821 -8.64764 12.3742
6.275 134.085 101.677 -8.51503 12.3282
6.3 130.438 98.5867 -8.38034 12.2825
6.325 126.847 95.5524 -8.24374 12.237
6.35 123.314 92.5746 -8.10541 12.1917
6.375 119.839 89.6541 -7.9655 12.1467
6.4 116.424 86.7918 -7.82421 12.1018
6.425 113.068 83.9882 -7.68169 12.0572
6.45 109.774 81.244 -7.53813 12.0128
6.475 106.541 78.5595 -7.39369 11.9687
6.5 103.371 75.9351 -7.24855 11.9248
6.525 100.262 73.371 -7.10286 11.8811
6.55 97.2171 70.8674 -6.95681 11.8376
6.575 94.2348 68.4244 -6.81056 11.7944
6.6 91.3158 66.0418 -6.66425 11.7514
6.625 88.4602 63.7196 -6.51806 11.7087
6.65 85.6679 61.458 -6.37213 11.6662
6.675 82.939 59.2559 -6.22662 11.6239
6.7 80.2733 57.1132 -6.08166 11.5819
6.725 77.6705 55.0296 -5.9374 11.5401
6.75 75.1304 53.0045 -5.79398 11.4986
6.775 72.6527 51.0374 -5.65153 11.4573
6.8 70.2369 49.1277 -5.51016 11.4163
6.825 67.8826 47.2746 -5.37001 11.3755
6.85 65.5893 45.4775 -5.23117 11.3349
6.875 63.3563 43.7355 -5.09377 11.2946
6.9 61.1831 42.0477 -4.95791 11.2546
6.925 59.0689 40.4134 -4.82367 11.2147
6.95 57.0131 38.8316 -4.69116 11.1752
6.975 55.0149 37.3013 -4.56045 11.1358
7 53.0734 35.8216 -4.43163 11.0967
7.025 51.188 34.3915 -4.30476 11.0579
7.05 49.3575 33.0099 -4.17991 11.0193
7.075 47.5813 31.6758 -4.05715 10.9809
7.1 45.8583 30.3881 -3.93652 10.9428
7.125 44.1877 29.1458 -3.81808 10.9049
7.15 42.5683 27.9477 -3.70188 10.8672
7.175 40.9994 26.7928 -3.58793 10.8298
7.2 39.4797 25.6799 -3.47629 10.7926
7.225 38.0084 24.608 -3.36698 10.7557
7.25 36.5843 23.5759 -3.26001 10.719
7.275 35.2065 22.5826 -3.15541 10.6825
7.3 33.8739 21.627 -3.05319 10.6462
7.325 32.5854 20.7078 -2.95336 10.6102
7.35 31.3401 19.8241 -2.85592 10.5744
7.375 30.1368 18.9748 -2.76086 10.5388
7.4 28.9745 18.1588 -2.66819 10.5035
7.425 27.8521 17.3751 -2.5779 10.4684
7.45 26.7686 16.6227 -2.48996 10.4335
7.475 25.723 15.9004 -2.40438 10.3988
7.5 24.7142 15.2073 -2.32112 10.3643
7.525 23.7413 14.5425 -2.24018 10.3301
7.55 22.8031 13.9049 -2.16151 10.2961
7.575 21.8987 13.2935 -2.08511 10.2623
7.6 21.0271 12.7076 -2.01093 10.2287
7.625 20.1874 12.1462 -1.93895 10.1953
7.65 19.3785 11.6083 -1.86913 10.1621
7.675 18.5996 11.0931 -1.80142 10.1291
7.7 17.8497 10.5998 -1.73582 10.0964
7.725 17.1278 10.1275 -1.67228 10.0638
7.75 16.4332 9.67551 -1.61074 10.0315
7.775 15.7648 9.24294 -1.55119 9.9993
7.8 15.122 8.82906 -1.49356 9.96734
7.825 14.5037 8.43314 -1.43782 9.93559
7.85 13.9093 8.05448 -1.38393 9.90403
7.875 13.3378 7.69238 -1.33185 9.87267
7.9 12.7885 7.34617 -1.28153 9.8415
7.925 12.2607 7.01521 -1.23292 9.81053
7.95 11.7535 6.69887 -1.18599 9.77975
7.975 11.2664 6.39654 -1.14068 9.74915
8 10.7985 6.10765 -1.09696 9.71874
8.025 10.3491 5.83163 -1.05478 9.68852
8.05 9.91768 5.56794 -1.0141 9.65848
8.075 9.50349 5.31605 -0.974879 9.62863
8.1 9.1059 5.07546 -0.937066 9.59896
8.125 8.72433 4.84568 -0.900623 9.56947
8.15 8.35818 4.62625 -0.865508 9.54015
8.175 8.00686 4.41671 -0.83168 9.51102
8.2 7.66983 4.21664 -0.799098 9.48205
8.225 7.34652 4.02563 -0.767724 9.45327
8.25 7.03643 3.84326 -0.737518 9.42465
8.275 6.73905 3.66917 -0.708441 9.39621
8.3 6.45389 3.50298 -0.680457 9.36794
8.325 6.18047 3.34434 -0.653528 9.33983
8.35 5.91835 3.19291 -0.627619 9.31189
8.375 5.66706 3.04838 -0.602695 9.28412
8.4 5.4262 2.91043 -0.578722 9.25651
8.425 5.19535 2.77876 -0.555666 9.22906
8.45 4.97411 2.6531 -0.533496 9.20177
8.475 4.76211 2.53316 -0.51218 9.17465
8.5 4.55896 2.4187 -0.491687 9.14768
8.525 4.36432 2.30946 -0.471988 9.12087
8.55 4.17785 2.2052 -0.453054 9.09422
8.575 3.99921 2.1057 -0.434857 9.06772
8.6 3.82809 2.01074 -0.417369 9.04137
8.625 3.66418 1.92011 -0.400566 9.01518
8.65 3.50719 1.83362 -0.384421 8.98913
8.675 3.35683 1.75107 -0.36891 8.96324
8.7 3.21284 1.67229 -0.354009 8.93749
8.725 3.07495 1.5971 -0.339695 8.91189
8.75 2.94292 1.52533 -0.325946 8.88644
8.775 2.81649 1.45684 -0.312742 8.86113
8.8 2.69544 1.39147 -0.30006 8.83596
8.825 2.57955 1.32907 -0.287881 8.81094
8.85 2.46859 1.26951 -0.276186 8.78606
8.875 2.36237 1.21267 -0.264957 8.76132
8.9 2.26069 1.15841 -0.254175 8.73671
8.925 2.16336 1.10662 -0.243824 8.71224
8.95 2.07019 1.05718 -0.233886 8.68791
8.975 1.98102 1.00999 -0.224346 8.66372
9 1.89567 0.964937 -0.215189 8.63966
9.025 1.81398 0.921933 -0.206399 8.61573
9.05 1.7358 0.88088 -0.197962 8.59193
9.075 1.66098 0.841689 -0.189865 8.56827
9.1 1.58938 0.804275 -0.182095 8.54473
9.125 1.52086 0.768556 -0.174638 8.52133
9.15 1.45529 0.734456 -0.167483 8.49805
9.175 1.39255 0.701899 -0.160617 8.4749
9.2 1.33252 0.670816 -0.15403 8.45187
9.225 1.27508 0.641139 -0.14771 8.42897
9.25 1.22012 0.612805 -0.141647 8.40619
9.275 1.16753 0.585751 -0.135831 8.38353
9.3 1.11723 0.55992 -0.130252 8.361
9.325 1.06909 0.535255 -0.1249 8.33859
9.35 1.02305 0.511704 -0.119768 8.31629
9.375 0.978992 0.489215 -0.114846 8.29412
9.4 0.936848 0.467741 -0.110125 8.27206
9.425 0.896531 0.447236 -0.105598 8.25012
9.45 0.857963 0.427654 -0.101258 8.2283
9.475 0.821069 0.408954 -0.0970956 8.20659
9.5 0.785777 0.391097 -0.0931052 8.18499
9.525 0.752017 0.374042 -0.0892795 8.16351
9.55 0.719723 0.357755 -0.0856119 8.14214
9.575 0.688833 0.3422 -0.082096 8.12089
9.6 0.659285 0.327343 -0.0787257 8.09974
9.625 0.631022 0.313154 -0.0754952 8.0787
9.65 0.603987 0.2996 -0.0723988 8.05777
9.675 0.578128 0.286655 -0.0694311 8.03695
9.7 0.553393 0.274289 -0.0665867 8.01624
9.725 0.529733 0.262476 -0.0638608 7.99563
9.75 0.507103 0.251192 -0.0612484 7.97513
9.775 0.485456 0.240411 -0.058745 7.95474
9.8 0.46475 0.230112 -0.0563459 7.93445
9.825 0.444945 0.220272 -0.054047 7.91426
9.85 0.426 0.21087 -0.051844 7.89417
9.875 0.407878 0.201886 -0.049733 7.87419
9.9 0.390543 0.193301 -0.0477103 7.8543
9.925 0.373961 0.185096 -0.045772 7.83452
9.95 0.358099 0.177256 -0.0439147 7.81483
9.975 0.342924 0.169761 -0.042135 7.79525
10 0.328408 0.162598 -0.0404296 7.77576
10.025 0.314521 0.155751 -0.0387954 7.75637
10.05 0.301235 0.149205 -0.0372294 7.73708
10.075 0.288524 0.142946 -0.0357287 7.71788
10.1 0.276362 0.136962 -0.0342905 7.69878
10.125 0.264726 0.131239 -0.0329122 7.67977
10.15 0.253593 0.125767 -0.0315912 7.66085
10.175 0.242939 0.120533 -0.0303251 7.64203
10.2 0.232745 0.115526 -0.0291115 7.6233
10.225 0.22299 0.110737 -0.0279483 7.60466
10.25 0.213654 0.106155 -0.0268331 7.58611
10.275 0.204719 0.10177 -0.025764 7.56765
10.3 0.196167 0.0975748 -0.024739 7.54929
10.325 0.187982 0.0935594 -0.0237561 7.53101
10.35 0.180148 0.0897161 -0.0228137 7.51282
10.375 0.172648 0.0860369 -0.0219098 7.49471
10.4 0.165468 0.0825146 -0.0210429 7.4767
10.425 0.158595 0.0791418 -0.0202114 7.45877
10.45 0.152014 0.075912 -0.0194138 7.44092
10.475 0.145712 0.0728187 -0.0186485 7.42317
10.5 0.139679 0.0698557 -0.0179142 7.40549
10.525 0.133901 0.0670172 -0.0172096 7.3879
10.55 0.128367 0.0642976 -0.0165334 7.3704
10.575 0.123068 0.0616916 -0.0158844 7.35297
10.6 0.117991 0.0591941 -0.0152614 7.33563
10.625 0.113129 0.0568004 -0.0146633 7.31837
10.65 0.108472 0.0545059 -0.014089 7.30119
10.675 0.104009 0.0523061 -0.0135376 7.28409
10.7 0.0997344 0.0501969 -0.0130081 7.26707
10.725 0.0956383 0.0481748 -0.0124995 7.25013
10.75 0.0917134 0.0462346 -0.0120109 7.23327
10.775 0.0879524 0.0443743 -0.0115415 7.21649
10.8 0.0843481 0.0425898 -0.0110906 7.19979
10.825 0.0808938 0.040878 -0.0106574 7.18316
10.85 0.077583 0.0392355 -0.010241 7.16661
10.875 0.0744096 0.0376595 -0.00984091 7.15013
10.9 0.0713677 0.0361473 -0.00945636 7.13373
10.925 0.0684517 0.034696 -0.00908675 7.11741
10.95 0.0656561 0.0333031 -0.00873147 7.10116
10.975 0.062976 0.0319663 -0.00838994 7.08498
11 0.0604064 0.030683 -0.00806161 7.06888
11.025 0.0579426 0.0294513 -0.00774595 7.05285
11.05 0.0555802 0.0282688 -0.00744246 7.03689
11.075 0.0533149 0.0271336 -0.00715067 7.02101
11.1 0.0511425 0.0260437 -0.0068701 7.0052
11.125 0.0490594 0.0249974 -0.00660034 6.98946
11.15 0.0470616 0.0239928 -0.00634095 6.97378
11.175 0.0451457 0.0230283 -0.00609155 6.95818
11.2 0.0433082 0.0221023 -0.00585173 6.94265
11.225 0.0415459 0.0212132 -0.00562115 6.92719
11.25 0.0398557 0.0203595 -0.00539945 6.91179
11.275 0.0382347 0.0195399 -0.00518629 6.89647
11.3 0.0366798 0.018753 -0.00498136 6.88121
11.325 0.0351886 0.0179976 -0.00478434 6.86602
11.35 0.0337583 0.0172723 -0.00459494 6.8509
11.375 0.0323864 0.0165761 -0.00441288 6.83584
11.4 0.0310706 0.0159077 -0.00423789 6.82085
11.425 0.0298085 0.0152662 -0.00406969 6.80592
11.45 0.0285981 0.0146504 -0.00390805 6.79106
11.475 0.0274371 0.0140594 -0.00375272 6.77627
11.5 0.0263236 0.0134922 -0.00360347 6.76154
11.525 0.0252557 0.0129478 -0.00346008 6.74687
11.55 0.0242315 0.0124255 -0.00332232 6.73227
11.575 0.0232492 0.0119243 -0.00318999 6.71773
11.6 0.0223072 0.0114435 -0.00306288 6.70325
11.625 0.0214038 0.0109822 -0.00294083 6.68883
11.65 0.0205374 0.0105397 -0.00282363 6.67448
11.675 0.0197066 0.0101153 -0.00271111 6.66019
11.7 0.01891 0.00970818 -0.00260309 6.64596
11.725 0.0181461 0.00931778 -0.0024994 6.63179
11.75 0.0174136 0.00894342 -0.00239988 6.61768
11.775 0.0167112 0.00858447 -0.00230438 6.60363
11.8 0.0160377 0.00824032 -0.00221274 6.58964
11.825 0.0153921 0.00791038 -0.00212483 6.5757
11.85 0.014773 0.0075941 -0.00204049 6.56183
11.875 0.0141795 0.00729094 -0.00195959 6.54802
11.9 0.0136105 0.00700036 -0.001882 6.53426
11.925 0.0130649 0.00672187 -0.00180759 6.52056
11.95 0.012542 0.00645498 -0.00173624 6.50692
11.975 0.0120406 0.00619921 -0.00166783 6.49334
12 0.01156 0.00595413 -0.00160224 6.47981
12.025 0.0110993 0.00571929 -0.00153937 6.46634
12.05 0.0106576 0.00549427 -0.00147911 6.45292
12.075 0.0102342 0.00527866 -0.00142134 6.43956
12.1 0.00982831 0.00507204 -0.00136596 6.42626
12.125 0.00943923 0.00487411 -0.0013129 6.41301
12.15 0.00906624 0.0046845 -0.00126203 6.39981
12.175 0.00870867 0.00450279 -0.00121329 6.38667
12.2 0.0083659 0.00432868 -0.00116658 6.37358
12.225 0.00803728 0.00416184 -0.00112181 6.36055
12.25 0.00772223 0.00400197 -0.0010789 6.34757
12.275 0.0074202 0.00384877 -0.00103778 6.33464
12.3 0.0071306 0.00370194 -0.000998369 6.32176
12.325 0.00685292 0.00356121 -0.000960593 6.30894
12.35 0.00658666 0.00342631 -0.000924381 6.29617
12.375 0.00633134 0.00329699 -0.000889668 6.28345
12.4 0.00608648 0.00317301 -0.000856386 6.27078
12.425 0.00585164 0.00305411 -0.000824474 6.25816
12.45 0.0056264 0.00294009 -0.000793871 6.2456
12.475 0.00541033 0.00283073 -0.000764519 6.23308
12.5 0.00520306 0.00272581 -0.000736362 6.22062
12.525 0.0050042 0.00262513 -0.000709347 6.2082
12.55 0.00481338 0.00252851 -0.000683422 6.19583
12.575 0.00463027 0.00243577 -0.000658539 6.18351
12.6 0.00445452 0.00234672 -0.00063465 6.17125
12.625 0.00428583 0.00226121 -0.000611709 6.15903
12.65 0.00412388 0.00217906 -0.000589674 6.14685
12.675 0.00396838 0.00210014 -0.000568502 6.13473
12.7 0.00381906 0.00202428 -0.000548156 6.12265
12.725 0.00367565 0.00195136 -0.000528595 6.11062
12.75 0.00353789 0.00188124 -0.000509785 6.09864
12.775 0.00340553 0.0018138 -0.000491691 6.08671
12.8 0.00327835 0.0017489 -0.000474279 6.07482
12.825 0.00315612 0.00168644 -0.000457519 6.06298
12.85 0.00303862 0.00162631 -0.000441381 6.05118
12.875 0.00292565 0.00156841 -0.000425836 6.03943
12.9 0.00281703 0.00151262 -0.000410857 6.02773
12.925 0.00271255 0.00145886 -0.000396418 6.01607
12.95 0.00261204 0.00140704 -0.000382495 6.00446
12.975 0.00251533 0.00135707 -0.000369065 5.99289
13 0.00242227 0.00130888 -0.000356105 5.98136
13.025 0.00233269 0.00126238 -0.000343596 5.96988
13.05 0.00224646 0.00121749 -0.000331517 5.95844
13.075 0.00216342 0.00117416 -0.00031985 5.94705
13.1 0.00208345 0.00113232 -0.000308576 5.9357
13.125 0.00200642 0.0010919 -0.000297681 5.9244
13.15 0.00193221 0.00105285 -0.000287147 5.91313
13.175 0.0018607 0.0010151 -0.00027696 5.90191
13.2 0.00179178 0.000978612 -0.000267106 5.89073
13.225 0.00172536 0.000943331 -0.000257572 5.8796
13.25 0.00166132 0.000909211 -0.000248346 5.86851
13.275 0.00159957 0.000876208 -0.000239416 5.85745
13.3 0.00154003 0.000844281 -0.000230771 5.84644
13.325 0.00148261 0.000813389 -0.000222402 5.83547
13.35 0.00142723 0.000783502 -0.000214298 5.82455
13.375 0.00137381 0.000754575 -0.000206449 5.81366
13.4 0.00132228 0.000726579 -0.000198849 5.80281
13.425 0.00127256 0.000699485 -0.000191489 5.79201
13.45 0.0012246 0.000673262 -0.000184361 5.78124
13.475 0.00117833 0.000647885 -0.000177458 5.77052
13.5 0.00113368 0.000623327 -0.000170775 5.75983
13.525 0.0010906 0.000599564 -0.000164303 5.74918
13.55 0.00104904 0.000576574 -0.00015804 5.73858
13.575 0.00100894 0.000554333 -0.000151976 5.72801
13.6 0.000970263 0.000532823 -0.000146108 5.71748
13.625 0.000932948 0.000512023 -0.000140431 5.70699
13.65 0.000896955 0.000491915 -0.00013494 5.69653
13.675 0.000862241 0.000472484 -0.000129631 5.68612
13.7 0.000828765 0.000453707 -0.000124499 5.67574
13.725 0.000796486 0.000435572 -0.000119539 5.66541
13.75 0.000765366 0.000418062 -0.000114748 5.65511
13.775 0.00073537 0.000401162 -0.000110122 5.64484
13.8 0.000706461 0.000384855 -0.000105656 5.63462
13.825 0.000678606 0.000369133 -0.000101349 5.62443
13.85 0.000651773 0.000353979 -9.71944e-05 5.61427
13.875 0.000625929 0.000339378 -9.319e-05 5.60416
13.9 0.000601044 0.000325318 -8.93324e-05 5.59408
13.925 0.000577088 0.000311786 -8.56177e-05 5.58404
13.95 0.000554033 0.000298769 -8.20425e-05 5.57403
13.975 0.000531851 0.000286253 -7.86033e-05 5.56406
14 0.000510514 0.000274226 -7.52967e-05 5.55412
14.025 0.000489997 0.000262675 -7.21192e-05 5.54422
14.05 0.000470272 0.000251587 -6.90676e-05 5.53436
14.075 0.000451316 0.000240949 -6.61382e-05 5.52453
14.1 0.000433104 0.000230749 -6.33278e-05 5.51473
14.125 0.000415611 0.000220974 -6.0633e-05 5.50497
14.15 0.000398815 0.000211612 -5.80505e-05 5.49524
14.175 0.000382692 0.000202649 -5.55767e-05 5.48555
14.2 0.000367219 0.000194073 -5.32082e-05 5.47589
14.225 0.000352376 0.000185872 -5.09418e-05 5.46627
14.25 0.000338139 0.000178033 -4.87742e-05 5.45668
14.275 0.000324488 0.000170543 -4.67019e-05 5.44712
14.3 0.000311403 0.000163391 -4.47218e-05 5.4376
14.325 0.000298863 0.000156563 -4.28303e-05 5.42811
14.35 0.000286849 0.000150048 -4.10246e-05 5.41865
14.375 0.000275341 0.000143834 -3.93014e-05 5.40923
14.4 0.000264321 0.000137907 -3.76574e-05 5.39984
14.425 0.00025377 0.000132258 -3.60896e-05 5.39048
14.45 0.00024367 0.000126875 -3.4595e-05 5.38116
14.475 0.000234003 0.000121745 -3.31705e-05 5.37186
14.5 0.000224754 0.000116859 -3.18133e-05 5.3626
14.525 0.000215905 0.000112206 -3.05205e-05 5.35337
14.55 0.00020744 0.000107774 -2.92894e-05 5.34417
14.575 0.000199343 0.000103554 -2.81173e-05 5.33501
14.6 0.000191601 9.95368e-05 -2.70015e-05 5.32587
14.625 0.000184197 9.57118e-05 -2.59396e-05 5.31677
14.65 0.000177118 9.20701e-05 -2.4929e-05 5.30769
14.675 0.00017035 8.86031e-05 -2.39675e-05 5.29865
14.7 0.000163881 8.53021e-05 -2.30528e-05 5.28964
14.725 0.000157697 8.21593e-05 -2.21827e-05 5.28066
14.75 0.000151786 7.91667e-05 -2.13551e-05 5.27171
14.775 0.000146137 7.63171e-05 -2.05681e-05 5.26279
14.8 0.000140737 7.36035e-05 -1.98196e-05 5.2539
14.825 0.000135577 7.10191e-05 -1.9108e-05 5.24504
14.85 0.000130646 6.85578e-05 -1.84314e-05 5.23621
14.875 0.000125934 6.62134e-05 -1.77881e-05 5.22741
14.9 0.000121432 6.39805e-05 -1.71767e-05 5.21864
14.925 0.00011713 6.18535e-05 -1.65956e-05 5.2099
14.95 0.000113019 5.98276e-05 -1.60433e-05 5.20118
14.975 0.000109091 5.78979e-05 -1.55184e-05 5.1925
15 0.000105338 5.60599e-05 -1.50198e-05 5.18385
15.025 0.000101753 5.43094e-05 -1.4546e-05 5.17522
15.05 9.83273e-05 5.26423e-05 -1.4096e-05 5.16662
15.075 9.50548e-05 5.10549e-05 -1.36687e-05 5.15806
15.1 9.19283e-05 4.95436e-05 -1.32627e-05 5.14952
15.125 8.89414e-05 4.81048e-05 -1.28772e-05 5.141
15.15 8.60878e-05 4.67357e-05 -1.25111e-05 5.13252
15.175 8.33615e-05 4.54319e-05 -1.21636e-05 5.12407
15.2 8.07568e-05 4.41916e-05 -1.18335e-05 5.11564
15.225 7.8268e-05 4.30114e-05 -1.15201e-05 5.10724
15.25 7.58897e-05 4.18886e-05 -1.12224e-05 5.09887
15.275 7.36169e-05 4.08203e-05 -1.09395e-05 5.09052
15.3 7.14443e-05 3.98039e-05 -1.06707e-05 5.0822
15.325 6.93672e-05 3.88366e-05 -1.04151e-05 5.07391
15.35 6.73808e-05 3.79159e-05 -1.01719e-05 5.06565
15.375 6.54806e-05 3.70392e-05 -9.94037e-06 5.05741
15.4 6.36622e-05 3.62039e-05 -9.71963e-06 5.0492
15.425 6.19211e-05 3.54075e-05 -9.50898e-06 5.04102
15.45 6.02533e-05 3.46474e-05 -9.30766e-06 5.03286
15.475 5.86547e-05 3.39213e-05 -9.11495e-06 5.02473
15.5 5.71213e-05 3.32267e-05 -8.93013e-06 5.01663
15.525 5.56492e-05 3.2561e-05 -8.75249e-06 5.00855
15.55 5.42349e-05 3.19218e-05 -8.58135e-06 5.0005
15.575 5.28746e-05 3.13068e-05 -8.41604e-06 4.99247
15.6 5.15649e-05 3.07136e-05 -8.2559e-06 4.98447
15.625 5.03024e-05 3.01399e-05 -8.10032e-06 4.97649
15.65 4.9084e-05 2.95834e-05 -7.94867e-06 4.96854
15.675 4.79064e-05 2.90418e-05 -7.80037e-06 4.96062
15.7 4.67668e-05 2.85131e-05 -7.65487e-06 4.95272
15.725 4.56622e-05 2.79951e-05 -7.51163e-06 4.94485
15.75 4.459e-05 2.7486e-05 -7.37016e-06 4.937
15.775 4.35477e-05 2.69836e-05 -7.22998e-06 4.92917
15.8 4.25328e-05 2.64864e-05 -7.09066e-06 4.92137
15.825 4.15431e-05 2.59926e-05 -6.95189e-06 4.9136
15.85 4.05766e-05 2.55008e-05 -6.81308e-06 4.90585
15.875 3.96313e-05 2.50094e-05 -6.67413e-06 4.89812
15.9 3.87055e-05 2.45175e-05 -6.53471e-06 4.89042
15.925 3.77977e-05 2.40232e-05 -6.39459e-06 4.88274
15.95 3.69064e-05 2.35265e-05 -6.25357e-06 4.87509
15.975 3.60305e-05 2.30261e-05 -6.11152e-06 4.86746
16 3.5169e-05 2.25216e-05 -5.96835e-06 4.85986
16.025 3.43211e-05 2.20126e-05 -5.824e-06 4.85227
16.05 3.34861e-05 2.14988e-05 -5.67852e-06 4.84472
16.075 3.26635e-05 2.09801e-05 -5.53188e-06 4.83718
16.1 3.18531e-05 2.04568e-05 -5.38422e-06 4.82967
16.125 3.10548e-05 1.9929e-05 -5.23567e-06 4.82218
16.15 3.02686e-05 1.93973e-05 -5.08641e-06 4.81472
16.175 2.94949e-05 1.88623e-05 -4.93668e-06 4.80728
16.2 2.87339e-05 1.83249e-05 -4.78674e-06 4.79986
16.225 2.79863e-05 1.77862e-05 -4.6369e-06 4.79246
16.25 2.72529e-05 1.72472e-05 -4.48751e-06 4.78509
16.275 2.65343e-05 1.67093e-05 -4.33893e-06 4.77774
16.3 2.58317e-05 1.61739e-05 -4.19159e-06 4.77041
16.325 2.51461e-05 1.56426e-05 -4.04591e-06 4.76311
16.35 2.44787e-05 1.51171e-05 -3.90235e-06 4.75582
16.375 2.38308e-05 1.45992e-05 -3.7614e-06 4.74856
16.4 2.32038e-05 1.40908e-05 -3.62356e-06 4.74132
16.425 2.25992e-05 1.35937e-05 -3.48934e-06 4.73411
16.45 2.20184e-05 1.31102e-05 -3.35927e-06 4.72691
16.475 2.14631e-05 1.26421e-05 -3.23387e-06 4.71974
16.5 2.09347e-05 1.21916e-05 -3.11367e-06 4.71259
16.525 2.04349e-05 1.17608e-05 -2.9992e-06 4.70546
16.55 1.99653e-05 1.13517e-05 -2.891e-06 4.69835
16.575 1.95274e-05 1.09665e-05 -2.78956e-06 4.69126
16.6 1.91227e-05 1.06071e-05 -2.69539e-06 4.6842
16.625 1.87528e-05 1.02756e-05 -2.60896e-06 4.67715
16.65 1.84191e-05 9.97387e-06 -2.53075e-06 4.67013
16.675 1.81229e-05 9.70374e-06 -2.46119e-06 4.66313
16.7 1.78656e-05 9.46703e-06 -2.4007e-06 4.65615
16.725 1.76484e-05 9.26513e-06 -2.3496e-06 4.64919
16.75 1.74722e-05 9.09979e-06 -2.3083e-06 4.64225
16.775 1.73382e-05 8.97228e-06 -2.27708e-06 4.63533
16.8 1.72471e-05 8.88385e-06 -2.25622e-06 4.62843
16.825 1.71995e-05 8.83557e-06 -2.24593e-06 4.62156
16.85 1.71963e-05 8.82837e-06 -2.24641e-06 4.6147
16.875 1.72377e-05 8.86299e-06 -2.2578e-06 4.60786
16.9 1.73241e-05 8.94e-06 -2.28024e-06 4.60105
16.925 1.74553e-05 9.0598e-06 -2.31365e-06 4.59425
16.95 1.76316e-05 9.22259e-06 -2.35816e-06 4.58747
16.975 1.78527e-05 9.42841e-06 -2.41369e-06 4.58072
17 1.8118e-05 9.67707e-06 -2.48015e-06 4.57398
17.025 1.84272e-05 9.96823e-06 -2.5574e-06 4.56727
17.05 1.87795e-05 1.03014e-05 -2.64525e-06 4.56057
17.075 1.9174e-05 1.06757e-05 -2.74349e-06 4.55389
17.1 1.96096e-05 1.10904e-05 -2.85184e-06 4.54723
17.125 2.00852e-05 1.15443e-05 -2.96998e-06 4.5406
17.15 2.05994e-05 1.20362e-05 -3.09756e-06 4.53398
17.175 2.11507e-05 1.25647e-05 -3.23417e-06 4.52738
17.2 2.17374e-05 1.31283e-05 -3.37939e-06 4.5208
17.225 2.23578e-05 1.3725e-05 -3.53275e-06 4.51424
17.25 2.30099e-05 1.43532e-05 -3.69374e-06 4.50769
17.275 2.36918e-05 1.50108e-05 -3.86184e-06 4.50117
17.3 2.44012e-05 1.56957e-05 -4.03648e-06 4.49466
17.325 2.51359e-05 1.64057e-05 -4.21708e-06 4.48818
17.35 2.58937e-05 1.71384e-05 -4.40303e-06 4.48171
17.375 2.6672e-05 1.78915e-05 -4.59371e-06 4.47526
17.4 2.74684e-05 1.86624e-05 -4.78849e-06 4.46883
17.425 2.82804e-05 1.94486e-05 -4.98669e-06 4.46242
17.45 2.91053e-05 2.02475e-05 -5.18767e-06 4.45603
17.475 2.99406e-05 2.10565e-05 -5.39074e-06 4.44965
17.5 3.07836e-05 2.1873e-05 -5.59525e-06 4.4433
17.525 3.16315e-05 2.26941e-05 -5.80051e-06 4.43696
17.55 3.24818e-05 2.35174e-05 -6.00585e-06 4.43064
17.575 3.33318e-05 2.434e-05 -6.21061e-06 4.42434
17.6 3.41788e-05 2.51595e-05 -6.41413e-06 4.41805
17.625 3.50202e-05 2.5973e-05 -6.61576e-06 4.41178
17.65 3.58534e-05 2.67782e-05 -6.81486e-06 4.40554
17.675 3.66759e-05 2.75725e-05 -7.01082e-06 4.3993
17.7 3.74852e-05 2.83534e-05 -7.20305e-06 4.39309
17.725 3.8279e-05 2.91186e-05 -7.39095e-06 4.38689
17.75 3.90548e-05 2.98658e-05 -7.57397e-06 4.38072
17.775 3.98104e-05 3.05929e-05 -7.75159e-06 4.37455
17.8 4.05437e-05 3.12976e-05 -7.92328e-06 4.36841
17.825 4.12528e-05 3.1978e-05 -8.08859e-06 4.36228
17.85 4.19352e-05 3.26323e-05 -8.24704e-06 4.35617
17.875 4.25895e-05 3.32587e-05 -8.39823e-06 4.35008
17.9 4.32139e-05 3.38555e-05 -8.54189e-06 4.34401
17.925 4.38067e-05 3.44213e-05 -8.67741e-06 4.33795
17.95 4.43664e-05 3.49545e-05 -8.80448e-06 4.33191
17.975 4.48916e-05 3.54539e-05 -8.92307e-06 4.32588
18 4.53812e-05 3.5919e-05 -9.03274e-06 4.31987
18.025 4.5834e-05 3.63477e-05 -9.1333e-06 4.31388
18.05 4.62489e-05 3.67393e-05 -9.22456e-06 4.30791
18.075 4.66251e-05 3.70938e-05 -9.30636e-06 4.30195
18.1 4.6962e-05 3.74104e-05 -9.37858e-06 4.29601
18.125 4.72586e-05 3.76884e-05 -9.44113e-06 4.29008
18.15 4.7515e-05 3.79276e-05 -9.49395e-06 4.28417
18.175 4.77309e-05 3.81278e-05 -9.53701e-06 4.27828
18.2 4.79053e-05 3.82889e-05 -9.57031e-06 4.2724
18.225 4.80386e-05 3.84109e-05 -9.59389e-06 4.26654
18.25 4.81307e-05 3.84941e-05 -9.60781e-06 4.2607
18.275 4.81818e-05 3.85386e-05 -9.61216e-06 4.25487
18.3 4.81922e-05 3.85449e-05 -9.60704e-06 4.24905
18.325 4.81621e-05 3.85134e-05 -9.59261e-06 4.24326
18.35 4.80921e-05 3.84448e-05 -9.56903e-06 4.23748
18.375 4.79827e-05 3.83397e-05 -9.53649e-06 4.23171
18.4 4.78346e-05 3.8199e-05 -9.49519e-06 4.22596
18.425 4.76485e-05 3.80234e-05 -9.44536e-06 4.22023
18.45 4.74251e-05 3.78139e-05 -9.38724e-06 4.21451
18.475 4.71655e-05 3.75715e-05 -9.3211e-06 4.20881
18.5 4.68706e-05 3.72972e-05 -9.24722e-06 4.20312
18.525 4.65414e-05 3.69921e-05 -9.16584e-06 4.19745
18.55 4.6179e-05 3.66576e-05 -9.07737e-06 4.19179
18.575 4.57846e-05 3.62948e-05 -8.98205e-06 4.18615
18.6 4.53594e-05 3.5905e-05 -8.88023e-06 4.18052
18.625 4.49046e-05 3.54895e-05 -8.77222e-06 4.17491
18.65 4.44215e-05 3.50496e-05 -8.65837e-06 4.16931
18.675 4.39115e-05 3.45866e-05 -8.53901e-06 4.16373
18.7 4.33758e-05 3.41019e-05 -8.41449e-06 4.15817
18.725 4.2816e-05 3.35969e-05 -8.28516e-06 4.15261
18.75 4.22332e-05 3.3073e-05 -8.15136e-06 4.14708
18.775 4.1629e-05 3.25317e-05 -8.01345e-06 4.14156
18.8 4.10047e-05 3.19741e-05 -7.87176e-06 4.13605
18.825 4.03618e-05 3.14019e-05 -7.72664e-06 4.13056
18.85 3.97016e-05 3.08162e-05 -7.57842e-06 4.12508
18.875 3.90256e-05 3.02185e-05 -7.42745e-06 4.11961
18.9 3.8335e-05 2.96101e-05 -7.27404e-06 4.11416
18.925 3.76313e-05 2.89922e-05 -7.11852e-06 4.10873
18.95 3.69159e-05 2.83663e-05 -6.96121e-06 4.10331
18.975 3.619e-05 2.77335e-05 -6.8024e-06 4.0979
19 3.5455e-05 2.7095e-05 -6.6424e-06 4.09251
19.025 3.47121e-05 2.6452e-05 -6.48149e-06 4.08713
19.05 3.39625e-05 2.58057e-05 -6.31995e-06 4.08177
19.075 3.32075e-05 2.51571e-05 -6.15802e-06 4.07642
19.1 3.24482e-05 2.45072e-05 -5.996e-06 4.07108
19.125 3.16857e-05 2.38572e-05 -5.83418e-06 4.06576
19.15 3.09212e-05 2.32079e-05 -5.67263e-06 4.06045
19.175 3.01556e-05 2.25602e-05 -5.51168e-06 4.05516
19.2 2.939e-05 2.1915e-05 -5.35153e-06 4.04988
19.225 2.86253e-05 2.12734e-05 -5.19235e-06 4.04461
19.25 2.78625e-05 2.06356e-05 -5.03434e-06 4.03936
19.275 2.71023e-05 2.00025e-05 -4.87765e-06 4.03412
19.3 2.63455e-05 1.93748e-05 -4.72244e-06 4.0289
19.325 2.5593e-05 1.87531e-05 -4.56885e-06 4.02368
19.35 2.48454e-05 1.81379e-05 -4.417e-06 4.01849
19.375 2.41035e-05 1.75297e-05 -4.267e-06 4.0133
19.4 2.33677e-05 1.69289e-05 -4.11898e-06 4.00813
19.425 2.26386e-05 1.63358e-05 -3.97297e-06 4.00297
19.45 2.19168e-05 1.57508e-05 -3.82907e-06 3.99783
19.475 2.12027e-05 1.51741e-05 -3.68732e-06 3.99269
19.5 2.04967e-05 1.46058e-05 -3.54778e-06 3.98757
19.525 1.97992e-05 1.4046e-05 -3.41046e-06 3.98247
19.55 1.91104e-05 1.34949e-05 -3.27539e-06 3.97738
19.575 1.84306e-05 1.29525e-05 -3.14255e-06 3.9723
19.6 1.776e-05 1.24186e-05 -3.01192e-06 3.96723
19.625 1.70988e-05 1.1893e-05 -2.88348e-06 3.96218
19.65 1.6447e-05 1.13757e-05 -2.75718e-06 3.95713
19.675 1.58047e-05 1.08663e-05 -2.63294e-06 3.95211
19.7 1.5172e-05 1.03645e-05 -2.5107e-06 3.94709
19.725 1.45488e-05 9.86979e-06 -2.39034e-06 3.94209
19.75 1.39351e-05 9.38178e-06 -2.27176e-06 3.9371
19.775 1.33306e-05 8.89986e-06 -2.15483e-06 3.93212
19.8 1.27352e-05 8.42336e-06 -2.03939e-06 3.92716
19.825 1.21488e-05 7.95153e-06 -1.92526e-06 3.9222
19.85 1.1571e-05 7.48353e-06 -1.81227e-06 3.91726
19.875 1.10016e-05 7.01842e-06 -1.70018e-06 3.91234
19.9 1.04403e-05 6.55513e-06 -1.58877e-06 3.90742
19.925 9.88653e-06 6.09252e-06 -1.47776e-06 3.90252
19.95 9.33998e-06 5.62922e-06 -1.36687e-06 3.89763
19.975 8.8003e-06 5.16416e-06 -1.25585e-06 3.89275
20 8.26649e-06 4.69475e-06 -1.14411e-06 3.88789
