0 360.767 291.009 -20.0624 19.5286
0.025 360.767 291.009 -20.0624 19.5286
0.05 360.607 290.687 -20.0235 19.5282
0.075 360.609 290.675 -19.9985 19.5277
0.1 360.617 290.669 -19.9645 19.527
0.125 360.638 290.681 -19.9223 19.5262
0.15 360.666 290.701 -19.8714 19.5251
0.175 360.701 290.728 -19.8119 19.5238
0.2 360.739 290.762 -19.7438 19.5224
0.225 360.79 290.801 -19.6672 19.5207
0.25 360.843 290.846 -19.5823 19.5189
0.275 360.903 290.895 -19.4894 19.5168
0.3 360.969 290.95 -19.3886 19.5146
0.325 361.04 291.01 -19.2802 19.5121
0.35 361.117 291.073 -19.1644 19.5094
0.375 361.199 291.143 -19.0415 19.5066
0.4 361.287 291.218 -18.912 19.5035
0.425 361.381 291.297 -18.7761 19.5003
0.45 361.479 291.381 -18.634 19.4968
0.475 361.583 291.47 -18.4863 19.4931
0.5 361.692 291.563 -18.3331 19.4892
0.525 361.806 291.661 -18.175 19.4852
0.55 361.925 291.762 -18.0123 19.4809
0.575 362.048 291.868 -17.8454 19.4763
0.6 362.176 291.979 -17.6747 19.4716
0.625 362.309 292.093 -17.5006 19.4667
0.65 362.446 292.211 -17.3235 19.4615
0.675 362.587 292.333 -17.1438 19.4561
0.7 362.732 292.458 -16.9621 19.4505
0.725 362.881 292.587 -16.7787 19.4447
0.75 363.033 292.719 -16.594 19.4386
0.775 363.188 292.854 -16.4086 19.4324
0.8 363.347 292.992 -16.2228 19.4259
0.825 363.508 293.129 -16.037 19.4191
0.85 363.673 293.274 -15.8517 19.4122
0.875 363.839 293.419 -15.6672 19.405
0.9 364.007 293.566 -15.4841 19.3975
0.925 364.177 293.716 -15.3027 19.3899
0.95 364.349 293.866 -15.1233 19.382
0.975 364.521 294.018 -14.9465 19.3738
1 364.695 294.17 -14.7725 19.3654
1.025 364.869 294.324 -14.6017 19.3568
1.05 365.043 294.477 -14.4345 19.348
1.075 365.216 294.631 -14.2711 19.3388
1.1 365.39 294.784 -14.112 19.3295
1.125 365.562 294.937 -13.9575 19.3199
1.15 365.733 295.088 -13.8077 19.31
1.175 365.902 295.239 -13.663 19.2999
1.2 366.07 295.387 -13.5237 19.2896
1.225 366.235 295.534 -13.3899 19.2789
1.25 366.397 295.678 -13.2619 19.2681
1.275 366.556 295.82 -13.1399 19.257
1.3 366.712 295.959 -13.024 19.2456
1.325 366.864 296.094 -12.9144 19.234
1.35 367.012 296.226 -12.8113 19.2221
1.375 367.156 296.354 -12.7148 19.2099
1.4 367.295 296.478 -12.6248 19.1975
1.425 367.429 296.597 -12.5416 19.1849
1.45 367.557 296.711 -12.4652 19.1719
1.475 367.68 296.82 -12.3955 19.1588
1.5 367.797 296.924 -12.3327 19.1453
1.525 367.908 297.024 -12.2766 19.1316
1.55 368.012 297.119 -12.2273 19.1177
1.575 368.11 297.205 -12.1846 19.1034
1.6 368.201 297.286 -12.1485 19.089
1.625 368.286 297.36 -12.1189 19.0742
1.65 368.363 297.428 -12.0958 19.0592
1.675 368.434 297.489 -12.0789 19.044
1.7 368.497 297.543 -12.068 19.0284
1.725 368.553 297.59 -12.063 19.0127
1.75 368.602 297.631 -12.0639 18.9966
1.775 368.644 297.666 -12.0703 18.9803
1.8 368.679 297.694 -12.0819 18.9638
1.825 368.707 297.715 -12.0987 18.947
1.85 368.728 297.728 -12.1203 18.9299
1.875 368.742 297.736 -12.1465 18.9126
1.9 368.749 297.738 -12.1769 18.8951
1.925 368.751 297.734 -12.2114 18.8772
1.95 368.746 297.725 -12.2495 18.8592
1.975 368.735 297.709 -12.2911 18.8409
2 368.72 297.689 -12.3358 18.8223
2.025 368.698 297.663 -12.3833 18.8035
2.05 368.673 297.632 -12.4332 18.7844
2.075 368.643 297.597 -12.4853 18.7651
2.1 368.609 297.559 -12.5392 18.7456
2.125 368.572 297.516 -12.5945 18.7258
2.15 368.531 297.471 -12.651 18.7058
2.175 368.489 297.423 -12.7083 18.6855
2.2 368.444 297.373 -12.766 18.665
2.225 368.398 297.321 -12.8239 18.6442
2.25 368.352 297.268 -12.8816 18.6232
2.275 368.305 297.214 -12.9388 18.602
2.3 368.258 297.161 -12.9952 18.5806
2.325 368.213 297.108 -13.0504 18.5589
2.35 368.17 297.056 -13.1042 18.537
2.375 368.129 297.006 -13.1562 18.5148
2.4 368.092 296.958 -13.2063 18.4924
2.425 368.058 296.913 -13.254 18.4698
2.45 368.028 296.872 -13.2991 18.447
2.475 368.004 296.835 -13.3414 18.424
2.5 367.985 296.803 -13.3807 18.4007
2.525 367.973 296.776 -13.4166 18.3772
2.55 367.968 296.755 -13.449 18.3534
2.575 367.971 296.741 -13.4777 18.3295
2.6 367.982 296.734 -13.5026 18.3053
2.625 368.002 296.735 -13.5233 18.2809
2.65 368.032 296.744 -13.5398 18.2563
2.675 368.071 296.762 -13.552 18.2314
2.7 368.122 296.789 -13.5596 18.2064
2.725 368.183 296.826 -13.5627 18.1811
2.75 368.256 296.873 -13.5611 18.1556
2.775 368.341 296.931 -13.5547 18.1298
2.8 368.438 296.999 -13.5435 18.1039
2.825 368.548 297.08 -13.5275 18.0777
2.85 368.67 297.171 -13.5066 18.0513
2.875 368.806 297.275 -13.4808 18.0247
2.9 368.956 297.39 -13.4502 17.9979
2.925 369.118 297.518 -13.4148 17.9708
2.95 369.294 297.658 -13.3746 17.9435
2.975 369.484 297.811 -13.3296 17.916
3 369.687 297.978 -13.28 17.8882
3.025 369.903 298.155 -13.2259 17.8603
3.05 370.133 298.344 -13.1673 17.8321
3.075 370.375 298.546 -13.1044 17.8037
3.1 370.63 298.759 -13.0373 17.775
3.125 370.897 298.984 -12.9663 17.7461
3.15 371.175 299.219 -12.8913 17.717
3.175 371.465 299.466 -12.8127 17.6876
3.2 371.761 299.723 -12.7305 17.658
3.225 372.074 299.989 -12.6451 17.6282
3.25 372.392 300.264 -12.5566 17.5981
3.275 372.718 300.548 -12.4652 17.5678
3.3 373.051 300.839 -12.3712 17.5372
3.325 373.391 301.137 -12.2749 17.5064
3.35 373.735 301.441 -12.1762 17.4753
3.375 374.083 301.749 -12.0757 17.444
3.4 374.433 302.062 -11.9734 17.4124
3.425 374.784 302.377 -11.8698 17.3806
3.45 375.135 302.694 -11.7649 17.3485
3.475 375.484 303.01 -11.6592 17.3162
3.5 375.829 303.326 -11.5528 17.2836
3.525 376.17 303.64 -11.446 17.2507
3.55 376.504 303.951 -11.3391 17.2176
3.575 376.829 304.256 -11.2323 17.1842
3.6 377.144 304.554 -11.1259 17.1505
3.625 377.447 304.845 -11.0202 17.1165
3.65 377.736 305.125 -10.9153 17.0823
3.675 378.009 305.394 -10.8116 17.0478
3.7 378.263 305.65 -10.7092 17.013
3.725 378.498 305.891 -10.6085 16.9779
3.75 378.71 306.115 -10.5096 16.9426
3.775 378.898 306.321 -10.4128 16.907
3.8 379.058 306.507 -10.3183 16.871
3.825 379.19 306.67 -10.2263 16.8348
3.85 379.291 306.809 -10.1369 16.7983
3.875 379.359 306.922 -10.0504 16.7615
3.9 379.391 307.006 -9.96693 16.7245
3.925 379.385 307.061 -9.88664 16.6871
3.95 379.339 307.084 -9.80969 16.6494
3.975 379.251 307.073 -9.73621 16.6114
4 379.118 307.027 -9.66633 16.5732
4.025 378.938 306.942 -9.60016 16.5346
4.05 378.709 306.818 -9.5378 16.4957
4.075 378.429 306.652 -9.47934 16.4566
4.1 378.095 306.442 -9.42484 16.4171
4.125 377.705 306.187 -9.37437 16.3774
4.15 377.258 305.884 -9.32796 16.3373
4.175 376.751 305.532 -9.28566 16.2969
4.2 376.183 305.129 -9.24747 16.2563
4.225 375.55 304.674 -9.21339 16.2154
4.25 374.852 304.164 -9.18343 16.1741
4.275 374.087 303.597 -9.15755 16.1326
4.3 373.252 302.973 -9.13571 16.0908
4.325 372.347 302.289 -9.11786 16.0486
4.35 371.373 301.545 -9.10394 16.0062
4.375 370.322 300.738 -9.09387 15.9636
4.4 369.195 299.867 -9.08755 15.9206
4.425 367.993 298.932 -9.08489 15.8773
4.45 366.712 297.93 -9.08578 15.8338
4.475 365.353 296.861 -9.09008 15.79
4.5 363.915 295.724 -9.09766 15.7459
4.525 362.395 294.517 -9.10837 15.7016
4.55 360.795 293.24 -9.12206 15.657
4.575 359.112 291.892 -9.13856 15.6121
4.6 357.347 290.472 -9.1577 15.567
4.625 355.499 288.98 -9.17929 15.5217
4.65 353.568 287.416 -9.20314 15.476
4.675 351.555 285.778 -9.22906 15.4302
4.7 349.457 284.068 -9.25684 15.3841
4.725 347.277 282.283 -9.28628 15.3378
4.75 345.013 280.426 -9.31715 15.2912
4.775 342.664 278.495 -9.34925 15.2445
4.8 340.24 276.49 -9.38235 15.1975
4.825 337.73 274.413 -9.41623 15.1503
4.85 335.141 272.264 -9.45067 15.103
4.875 332.47 270.043 -9.48543 15.0554
4.9 329.722 267.751 -9.52028 15.0077
4.925 326.896 265.389 -9.55501 14.9597
4.95 323.994 262.957 -9.58938 14.9116
4.975 321.017 260.457 -9.62317 14.8634
5 317.966 257.89 -9.65616 14.8149
5.025 314.844 255.257 -9.68813 14.7664
5.05 311.652 252.56 -9.71885 14.7177
5.075 308.391 249.799 -9.74812 14.6688
5.1 305.065 246.978 -9.77573 14.6199
5.125 301.674 244.097 -9.80148 14.5708
5.15 298.221 241.158 -9.82518 14.5216
5.175 294.708 238.164 -9.84662 14.4723
5.2 291.138 235.116 -9.86564 14.4229
5.225 287.512 232.016 -9.88205 14.3734
5.25 283.835 228.867 -9.89569 14.3239
5.275 280.107 225.672 -9.9064 14.2743
5.3 276.332 222.431 -9.91403 14.2246
5.325 272.512 219.149 -9.91844 14.1749
5.35 268.65 215.827 -9.9195 14.1252
5.375 264.75 212.469 -9.91708 14.0754
5.4 260.813 209.076 -9.91108 14.0256
5.425 256.843 205.652 -9.90139 13.9758
5.45 252.842 202.2 -9.88792 13.9259
5.475 248.814 198.722 -9.8706 13.8761
5.5 244.762 195.221 -9.84935 13.8263
5.525 240.689 191.7 -9.82412 13.7765
5.55 236.597 188.163 -9.79485 13.7267
5.575 232.49 184.611 -9.76151 13.677
5.6 228.37 181.048 -9.72408 13.6273
5.625 224.242 177.477 -9.68254 13.5777
5.65 220.107 173.901 -9.63687 13.5281
5.675 215.969 170.323 -9.5871 13.4786
5.7 211.83 166.746 -9.53324 13.4291
5.725 207.695 163.172 -9.4753 13.3798
5.75 203.565 159.605 -9.41333 13.3305
5.775 199.443 156.048 -9.34741 13.2814
5.8 195.332 152.503 -9.27752 13.2323
5.825 191.236 148.972 -9.20377 13.1834
5.85 187.156 145.46 -9.12622 13.1345
5.875 183.096 141.968 -9.04496 13.0858
5.9 179.058 138.499 -8.96007 13.0373
5.925 175.044 135.055 -8.87166 12.9888
5.95 171.057 131.639 -8.77982 12.9406
5.975 167.1 128.253 -8.68467 12.8924
6 163.174 124.9 -8.58633 12.8445
6.025 159.282 121.581 -8.48491 12.7966
6.05 155.427 118.299 -8.38055 12.749
6.075 151.609 115.056 -8.27338 12.7015
6.1 147.831 111.853 -8.16354 12.6542
6.125 144.096 108.693 -8.05116 12.6071
6.15 140.404 105.576 -7.93641 12.5602
6.175 136.758 102.505 -7.81941 12.5134
6.2 133.156 99.4815 -7.70034 12.4669
6.225 129.608 96.5061 -7.57936 12.4205
6.25 126.107 93.5803 -7.45657 12.3744
6.275 122.658 90.7054 -7.33217 12.3285
6.3 119.261 87.8823 -7.2063 12.2828
6.325 115.918 85.112 -7.07912 12.2373
6.35 112.629 82.3953 -6.9508 12.192
6.375 109.396 79.733 -6.82148 12.1469
6.4 106.22 77.1257 -6.69133 12.1021
6.425 103.101 74.5738 -6.56049 12.0574
6.45 100.039 72.0779 -6.42912 12.013
6.475 97.0363 69.6382 -6.29736 11.9689
6.5 94.0924 67.255 -6.16538 11.9249
6.525 91.2077 64.9285 -6.0333 11.8813
6.55 88.3827 62.6586 -5.90128 11.8378
6.575 85.6175 60.4454 -5.76944 11.7946
6.6 82.9122 58.2887 -5.63794 11.7516
6.625 80.267 56.1884 -5.50689 11.7088
6.65 77.6818 54.1441 -5.37642 11.6663
6.675 75.1566 52.156 -5.24665 11.6241
6.7 72.6911 50.2228 -5.11772 11.582
6.725 70.2851 48.3444 -4.98971 11.5403
6.75 67.9384 46.5204 -4.86276 11.4987
6.775 65.6506 44.7501 -4.73695 11.4574
6.8 63.4213 43.0329 -4.61238 11.4164
6.825 61.25 41.3681 -4.48916 11.3756
6.85 59.1361 39.755 -4.36737 11.335
6.875 57.0792 38.1927 -4.24708 11.2947
6.9 55.0785 36.6805 -4.12839 11.2546
6.925 53.1335 35.2175 -4.01136 11.2148
6.95 51.2434 33.8027 -3.89605 11.1752
6.975 49.4074 32.4354 -3.78254 11.1359
7 47.6247 31.1144 -3.67087 11.0968
7.025 45.8947 29.839 -3.5611 11.0579
7.05 44.2163 28.6079 -3.45328 11.0193
7.075 42.5887 27.4204 -3.34744 10.981
7.1 41.0111 26.2753 -3.24363 10.9428
7.125 39.4825 25.1717 -3.14188 10.9049
7.15 38.002 24.1084 -3.04221 10.8673
7.175 36.5686 23.0846 -2.94464 10.8298
7.2 35.1813 22.099 -2.84921 10.7927
7.225 33.8391 21.1507 -2.75591 10.7557
7.25 32.5412 20.2386 -2.66476 10.719
7.275 31.2864 19.3617 -2.57576 10.6825
7.3 30.0737 18.519 -2.48893 10.6462
7.325 28.9023 17.7094 -2.40425 10.6102
7.35 27.7709 16.932 -2.32172 10.5744
7.375 26.6788 16.1856 -2.24134 10.5388
7.4 25.6247 15.4694 -2.16309 10.5035
7.425 24.6077 14.7823 -2.08696 10.4684
7.45 23.6269 14.1234 -2.01293 10.4335
7.475 22.6813 13.4918 -1.94099 10.3988
7.5 21.7698 12.8864 -1.8711 10.3643
7.525 20.8915 12.3065 -1.80326 10.3301
7.55 20.0454 11.7509 -1.73743 10.296
7.575 19.2305 11.219 -1.67358 10.2622
7.6 18.446 10.7099 -1.61168 10.2286
7.625 17.691 10.2227 -1.55171 10.1952
7.65 16.9644 9.75657 -1.49361 10.1621
7.675 16.2654 9.31075 -1.43739 10.1291
7.7 15.5932 8.88443 -1.38298 10.0963
7.725 14.9468 8.47688 -1.33036 10.0638
7.75 14.3254 8.08734 -1.27948 10.0314
7.775 13.7282 7.71511 -1.23032 9.99926
7.8 13.1544 7.35949 -1.18282 9.96731
7.825 12.6032 7.01981 -1.13696 9.93556
7.85 12.0737 6.69542 -1.09269 9.904
7.875 11.5653 6.38568 -1.04997 9.87264
7.9 11.0773 6.08999 -1.00877 9.84147
7.925 10.6088 5.80775 -0.969038 9.8105
7.95 10.1592 5.5384 -0.93074 9.77971
7.975 9.72778 5.28139 -0.893836 9.74912
8 9.31392 5.03618 -0.858285 9.71871
8.025 8.91696 4.80226 -0.824049 9.68849
8.05 8.53624 4.57915 -0.791088 9.65846
8.075 8.17121 4.36636 -0.759365 9.6286
8.1 7.82124 4.16344 -0.72884 9.59893
8.125 7.48577 3.96996 -0.699476 9.56944
8.15 7.16424 3.78548 -0.671236 9.54013
8.175 6.85611 3.60961 -0.644084 9.51099
8.2 6.56086 3.44195 -0.617982 9.48203
8.225 6.278 3.28213 -0.592897 9.45324
8.25 6.00702 3.1298 -0.568793 9.42463
8.275 5.74747 2.98461 -0.545636 9.39619
8.3 5.49889 2.84623 -0.523394 9.36791
8.325 5.26084 2.71434 -0.502034 9.33981
8.35 5.03289 2.58866 -0.481525 9.31187
8.375 4.81464 2.46888 -0.461835 9.2841
8.4 4.60569 2.35473 -0.442934 9.25649
8.425 4.40567 2.24594 -0.424794 9.22904
8.45 4.21421 2.14228 -0.407386 9.20176
8.475 4.03095 2.04348 -0.390682 9.17463
8.5 3.85556 1.94933 -0.374656 9.14767
8.525 3.68771 1.85961 -0.359281 9.12086
8.55 3.52709 1.7741 -0.344532 9.0942
8.575 3.37339 1.69261 -0.330386 9.0677
8.6 3.22633 1.61494 -0.316817 9.04136
8.625 3.08562 1.54091 -0.303805 9.01516
8.65 2.951 1.47035 -0.291325 8.98912
8.675 2.82221 1.40309 -0.279358 8.96323
8.7 2.69901 1.33898 -0.267883 8.93748
8.725 2.58114 1.27786 -0.256879 8.91188
8.75 2.4684 1.2196 -0.246328 8.88643
8.775 2.36056 1.16405 -0.236211 8.86112
8.8 2.2574 1.11109 -0.22651 8.83596
8.825 2.15874 1.06059 -0.217209 8.81093
8.85 2.06437 1.01244 -0.20829 8.78605
8.875 1.97411 0.966523 -0.199739 8.76131
8.9 1.88778 0.922731 -0.19154 8.7367
8.925 1.80522 0.880966 -0.183678 8.71224
8.95 1.72626 0.841129 -0.176139 8.68791
8.975 1.65074 0.80313 -0.168911 8.66371
9 1.57852 0.766882 -0.161979 8.63965
9.025 1.50945 0.732301 -0.155332 8.61572
9.05 1.4434 0.699308 -0.148958 8.59193
9.075 1.38023 0.667829 -0.142845 8.56826
9.1 1.31983 0.637791 -0.136982 8.54473
9.125 1.26206 0.609128 -0.13136 8.52132
9.15 1.20682 0.581773 -0.125968 8.49804
9.175 1.15399 0.555666 -0.120795 8.47489
9.2 1.10347 0.530749 -0.115835 8.45186
9.225 1.05516 0.506965 -0.111076 8.42896
9.25 1.00896 0.484261 -0.106512 8.40618
9.275 0.96478 0.462588 -0.102134 8.38353
9.3 0.922533 0.441897 -0.0979334 8.361
9.325 0.882135 0.422143 -0.0939041 8.33858
9.35 0.843503 0.403282 -0.090039 8.31629
9.375 0.806561 0.385273 -0.0863307 8.29411
9.4 0.771236 0.368077 -0.082773 8.27206
9.425 0.737455 0.351656 -0.0793597 8.25012
9.45 0.705153 0.335975 -0.0760849 8.22829
9.475 0.674264 0.320999 -0.072943 8.20658
9.5 0.644728 0.306697 -0.0699286 8.18499
9.525 0.616483 0.293038 -0.0670364 8.16351
9.55 0.589476 0.279992 -0.0642615 8.14214
9.575 0.56365 0.267531 -0.0615992 8.12088
9.6 0.538956 0.255629 -0.0590449 8.09973
9.625 0.515343 0.244261 -0.0565943 8.0787
9.65 0.492764 0.233403 -0.0542431 8.05777
9.675 0.471175 0.22303 -0.0519874 8.03695
9.7 0.450531 0.213122 -0.0498235 8.01624
9.725 0.430792 0.203658 -0.0477475 7.99563
9.75 0.411919 0.194617 -0.045756 7.97513
9.775 0.393873 0.185981 -0.0438457 7.95473
9.8 0.376619 0.177732 -0.0420132 7.93444
9.825 0.360121 0.169851 -0.0402556 7.91425
9.85 0.344348 0.162323 -0.0385699 7.89417
9.875 0.329267 0.155132 -0.0369531 7.87418
9.9 0.314848 0.148263 -0.0354025 7.8543
9.925 0.301063 0.141701 -0.0339156 7.83451
9.95 0.287883 0.135433 -0.0324899 7.81483
9.975 0.275283 0.129445 -0.031123 7.79524
10 0.263236 0.123726 -0.0298124 7.77576
10.025 0.25172 0.118263 -0.0285559 7.75637
10.05 0.24071 0.113045 -0.0273515 7.73707
10.075 0.230185 0.10806 -0.0261971 7.71787
10.1 0.220123 0.103299 -0.0250906 7.69877
10.125 0.210505 0.098752 -0.0240303 7.67976
10.15 0.20131 0.0944086 -0.0230142 7.66085
10.175 0.192521 0.0902601 -0.0220405 7.64202
10.2 0.184119 0.0862979 -0.0211077 7.62329
10.225 0.176089 0.0825131 -0.0202141 7.60466
10.25 0.168412 0.0788989 -0.0193581 7.58611
10.275 0.161074 0.0754471 -0.0185382 7.56765
10.3 0.154061 0.0721504 -0.017753 7.54928
10.325 0.147357 0.069002 -0.017001 7.531
10.35 0.140949 0.0659952 -0.016281 7.51281
10.375 0.134825 0.0631237 -0.0155916 7.49471
10.4 0.128972 0.0603814 -0.0149316 7.47669
10.425 0.123377 0.0577624 -0.0142998 7.45876
10.45 0.11803 0.0552614 -0.0136951 7.44092
10.475 0.112919 0.0528728 -0.0131163 7.42316
10.5 0.108035 0.0505918 -0.0125624 7.40549
10.525 0.103366 0.0484134 -0.0120324 7.3879
10.55 0.0989048 0.046333 -0.0115252 7.37039
10.575 0.0946405 0.0443461 -0.01104 7.35297
10.6 0.090565 0.0424486 -0.0105758 7.33563
10.625 0.0866699 0.0406364 -0.0101317 7.31837
10.65 0.0829471 0.0389055 -0.00970698 7.30119
10.675 0.0793891 0.0372524 -0.00930071 7.28409
10.7 0.0759884 0.0356734 -0.00891214 7.26707
10.725 0.0727382 0.0341652 -0.00854053 7.25013
10.75 0.0696317 0.0327246 -0.00818515 7.23327
10.775 0.0666624 0.0313484 -0.00784531 7.21649
10.8 0.0638244 0.0300337 -0.00752035 7.19978
10.825 0.0611117 0.0287777 -0.00720967 7.18315
10.85 0.0585187 0.0275778 -0.00691256 7.1666
10.875 0.0560401 0.0264312 -0.00662848 7.15013
10.9 0.0536708 0.0253356 -0.00635685 7.13373
10.925 0.0514058 0.0242887 -0.00609714 7.11741
10.95 0.0492405 0.0232881 -0.00584882 7.10116
10.975 0.0471705 0.0223317 -0.00561139 7.08498
11 0.0451914 0.0214176 -0.00538436 7.06888
11.025 0.0432992 0.0205437 -0.00516728 7.05285
11.05 0.0414899 0.0197083 -0.00495965 7.03689
11.075 0.0397598 0.0189094 -0.00476113 7.02101
11.1 0.0381055 0.0181455 -0.00457128 7.00519
11.125 0.0365234 0.0174149 -0.0043897 6.98945
11.15 0.0350103 0.0167161 -0.00421602 6.97378
11.175 0.0335631 0.0160476 -0.00404987 6.95818
11.2 0.0321789 0.015408 -0.00389092 6.94265
11.225 0.0308547 0.014796 -0.00373883 6.92719
11.25 0.029588 0.0142103 -0.0035933 6.91179
11.275 0.028376 0.0136497 -0.003454 6.89647
11.3 0.0272164 0.013113 -0.00332067 6.88121
11.325 0.0261068 0.0125991 -0.00319301 6.86602
11.35 0.0250449 0.012107 -0.00307077 6.8509
11.375 0.0240286 0.0116356 -0.00295369 6.83584
11.4 0.0230558 0.0111841 -0.00284154 6.82085
11.425 0.0221246 0.0107515 -0.00273408 6.80592
11.45 0.0212331 0.0103369 -0.0026311 6.79106
11.475 0.0203795 0.00993952 -0.00253239 6.77627
11.5 0.0195621 0.00955857 -0.00243774 6.76154
11.525 0.0187793 0.00919328 -0.00234696 6.74687
11.55 0.0180295 0.00884291 -0.00225989 6.73227
11.575 0.0173113 0.00850686 -0.00217633 6.71773
11.6 0.0166232 0.00818445 -0.00209613 6.70325
11.625 0.0159638 0.00787505 -0.00201913 6.68883
11.65 0.015332 0.00757807 -0.00194519 6.67448
11.675 0.0147265 0.00729296 -0.00187416 6.66019
11.7 0.014146 0.00701923 -0.0018059 6.64595
11.725 0.0135895 0.00675628 -0.00174029 6.63178
11.75 0.013056 0.00650367 -0.00167721 6.61767
11.775 0.0125443 0.00626094 -0.00161654 6.60362
11.8 0.0120536 0.00602766 -0.00155818 6.58963
11.825 0.0115828 0.0058034 -0.00150202 6.5757
11.85 0.0111312 0.00558778 -0.00144795 6.56183
11.875 0.0106979 0.0053804 -0.00139589 6.54801
11.9 0.010282 0.00518093 -0.00134576 6.53426
11.925 0.00988283 0.004989 -0.00129745 6.52056
11.95 0.00949965 0.00480431 -0.00125091 6.50692
11.975 0.00913176 0.00462653 -0.00120604 6.49333
12 0.00877849 0.00445537 -0.00116278 6.47981
12.025 0.0084392 0.00429056 -0.00112106 6.46633
12.05 0.0081133 0.00413182 -0.00108082 6.45292
12.075 0.00780021 0.00397891 -0.001042 6.43956
12.1 0.00749938 0.00383158 -0.00100453 6.42625
12.125 0.00721029 0.0036896 -0.000968356 6.413
12.15 0.00693244 0.00355276 -0.000933443 6.39981
12.175 0.00666535 0.00342084 -0.000899738 6.38667
12.2 0.00640858 0.00329365 -0.000867181 6.37358
12.225 0.00616169 0.00317099 -0.000835735 6.36055
12.25 0.00592427 0.0030527 -0.000805358 6.34757
12.275 0.00569592 0.0029386 -0.000776008 6.33464
12.3 0.00547627 0.00282853 -0.000747648 6.32176
12.325 0.00526497 0.00272233 -0.000720241 6.30894
12.35 0.00506167 0.00261986 -0.000693754 6.29617
12.375 0.00486606 0.00252097 -0.000668152 6.28345
12.4 0.00467781 0.00242553 -0.000643404 6.27078
12.425 0.00449663 0.00233342 -0.00061948 6.25816
12.45 0.00432226 0.00224451 -0.00059635 6.2456
12.475 0.0041544 0.00215868 -0.00057399 6.23308
12.5 0.00399281 0.00207583 -0.000552371 6.22061
12.525 0.00383724 0.00199585 -0.000531468 6.2082
12.55 0.00368746 0.00191864 -0.000511258 6.19583
12.575 0.00354324 0.00184411 -0.000491716 6.18351
12.6 0.00340438 0.00177215 -0.000472822 6.17124
12.625 0.00327066 0.00170268 -0.000454554 6.15902
12.65 0.00314189 0.00163563 -0.000436889 6.14685
12.675 0.00301789 0.0015709 -0.000419813 6.13473
12.7 0.00289848 0.00150841 -0.000403303 6.12265
12.725 0.00278349 0.0014481 -0.000387341 6.11062
12.75 0.00267275 0.00138989 -0.000371911 6.09864
12.775 0.00256611 0.00133372 -0.000356996 6.08671
12.8 0.00246342 0.00127952 -0.00034258 6.07482
12.825 0.00236453 0.00122721 -0.000328647 6.06298
12.85 0.00226932 0.00117676 -0.000315182 6.05118
12.875 0.00217765 0.00112809 -0.000302172 6.03943
12.9 0.00208939 0.00108116 -0.000289603 6.02773
12.925 0.00200443 0.0010359 -0.000277461 6.01607
12.95 0.00192265 0.000992263 -0.000265734 6.00445
12.975 0.00184393 0.000950205 -0.00025441 5.99288
13 0.00176818 0.000909674 -0.000243477 5.98136
13.025 0.00169529 0.000870624 -0.000232924 5.96988
13.05 0.00162516 0.000833011 -0.000222741 5.95844
13.075 0.0015577 0.000796791 -0.000212916 5.94705
13.1 0.00149283 0.000761924 -0.000203442 5.9357
13.125 0.00143044 0.000728369 -0.000194306 5.92439
13.15 0.00137047 0.000696088 -0.000185502 5.91313
13.175 0.00131283 0.000665045 -0.00017702 5.90191
13.2 0.00125745 0.000635204 -0.000168853 5.89073
13.225 0.00120424 0.000606531 -0.000160991 5.8796
13.25 0.00115315 0.000578992 -0.000153428 5.8685
13.275 0.0011041 0.000552554 -0.000146155 5.85745
13.3 0.00105703 0.000527193 -0.000139167 5.84644
13.325 0.00101187 0.000502871 -0.000132456 5.83547
13.35 0.000968564 0.000479565 -0.000126017 5.82455
13.375 0.000927055 0.000457245 -0.000119842 5.81366
13.4 0.000887286 0.000435888 -0.000113925 5.80281
13.425 0.000849202 0.000415463 -0.000108263 5.79201
13.45 0.000812751 0.000395947 -0.000102847 5.78124
13.475 0.000777883 0.000377318 -9.76723e-05 5.77051
13.5 0.000744548 0.000359552 -9.27347e-05 5.75983
13.525 0.000712701 0.000342627 -8.80286e-05 5.74918
13.55 0.000682294 0.00032652 -8.3549e-05 5.73857
13.575 0.000653286 0.000311212 -7.92909e-05 5.72801
13.6 0.000625632 0.000296681 -7.52495e-05 5.71748
13.625 0.000599293 0.000282908 -7.142e-05 5.70699
13.65 0.000574227 0.000269874 -6.77978e-05 5.69653
13.675 0.000550396 0.00025756 -6.43782e-05 5.68612
13.7 0.000527763 0.000245947 -6.11566e-05 5.67574
13.725 0.000506291 0.000235017 -5.81284e-05 5.66541
13.75 0.000485944 0.000224753 -5.52885e-05 5.6551
13.775 0.000466688 0.000215136 -5.26332e-05 5.64484
13.8 0.000448489 0.000206151 -5.01576e-05 5.63462
13.825 0.000431313 0.000197782 -4.78569e-05 5.62443
13.85 0.000415129 0.00019001 -4.57266e-05 5.61427
13.875 0.000399905 0.000182819 -4.37619e-05 5.60416
13.9 0.000385609 0.000176194 -4.1958e-05 5.59408
13.925 0.000372212 0.000170117 -4.03103e-05 5.58404
13.95 0.000359684 0.000164572 -3.88138e-05 5.57403
13.975 0.000347994 0.000159544 -3.74641e-05 5.56406
14 0.000337115 0.000155016 -3.62556e-05 5.55412
14.025 0.000327018 0.000150972 -3.51835e-05 5.54422
14.05 0.000317675 0.000147396 -3.4243e-05 5.53436
14.075 0.000309059 0.000144272 -3.34288e-05 5.52453
14.1 0.000301141 0.000141583 -3.27359e-05 5.51473
14.125 0.000293894 0.000139313 -3.21591e-05 5.50497
14.15 0.000287294 0.000137446 -3.16932e-05 5.49524
14.175 0.000281311 0.000135966 -3.13326e-05 5.48555
14.2 0.000275922 0.000134855 -3.10727e-05 5.47589
14.225 0.000271099 0.000134098 -3.0908e-05 5.46627
14.25 0.000266818 0.000133678 -3.08331e-05 5.45668
14.275 0.000263052 0.000133578 -3.08427e-05 5.44712
14.3 0.000259778 0.000133782 -3.09316e-05 5.4376
14.325 0.00025697 0.000134271 -3.10944e-05 5.42811
14.35 0.000254603 0.000135031 -3.1326e-05 5.41865
14.375 0.000252653 0.000136044 -3.16209e-05 5.40923
14.4 0.000251097 0.000137293 -3.19742e-05 5.39984
14.425 0.000249909 0.000138761 -3.23805e-05 5.39048
14.45 0.000249068 0.000140432 -3.2835e-05 5.38116
14.475 0.000248549 0.000142289 -3.33324e-05 5.37186
14.5 0.000248331 0.000144316 -3.38679e-05 5.3626
14.525 0.00024839 0.000146496 -3.44367e-05 5.35337
14.55 0.000248704 0.000148813 -3.50341e-05 5.34417
14.575 0.000249252 0.000151251 -3.56553e-05 5.335
14.6 0.000250012 0.000153794 -3.62959e-05 5.32587
14.625 0.000250964 0.000156425 -3.69514e-05 5.31677
14.65 0.000252086 0.000159131 -3.76178e-05 5.30769
14.675 0.00025336 0.000161896 -3.82906e-05 5.29865
14.7 0.000254764 0.000164704 -3.89659e-05 5.28964
14.725 0.000256281 0.000167542 -3.964e-05 5.28066
14.75 0.000257893 0.000170395 -4.03092e-05 5.27171
14.775 0.000259579 0.00017325 -4.097e-05 5.26279
14.8 0.000261324 0.000176094 -4.1619e-05 5.2539
14.825 0.000263109 0.000178913 -4.22531e-05 5.24504
14.85 0.000264919 0.000181695 -4.28692e-05 5.23621
14.875 0.000266739 0.000184428 -4.34646e-05 5.22741
14.9 0.000268553 0.000187101 -4.40367e-05 5.21864
14.925 0.000270347 0.000189703 -4.45829e-05 5.2099
14.95 0.000272108 0.000192224 -4.51011e-05 5.20118
14.975 0.000273821 0.000194654 -4.55892e-05 5.1925
15 0.000275474 0.000196984 -4.60452e-05 5.18385
15.025 0.000277057 0.000199204 -4.64675e-05 5.17522
15.05 0.000278558 0.000201308 -4.68546e-05 5.16662
15.075 0.000279966 0.000203287 -4.7205e-05 5.15806
15.1 0.000281272 0.000205135 -4.75177e-05 5.14952
15.125 0.000282466 0.000206846 -4.77917e-05 5.141
15.15 0.000283542 0.000208413 -4.8026e-05 5.13252
15.175 0.00028449 0.000209833 -4.82201e-05 5.12407
15.2 0.000285305 0.000211099 -4.83735e-05 5.11564
15.225 0.00028598 0.00021221 -4.84858e-05 5.10724
15.25 0.00028651 0.00021316 -4.85568e-05 5.09887
15.275 0.000286889 0.000213949 -4.85866e-05 5.09052
15.3 0.000287114 0.000214573 -4.85752e-05 5.0822
15.325 0.000287181 0.000215031 -4.85228e-05 5.07391
15.35 0.000287088 0.000215323 -4.84299e-05 5.06565
15.375 0.000286831 0.000215447 -4.82969e-05 5.05741
15.4 0.00028641 0.000215404 -4.81245e-05 5.0492
15.425 0.000285823 0.000215194 -4.79132e-05 5.04102
15.45 0.00028507 0.000214819 -4.76641e-05 5.03286
15.475 0.000284151 0.00021428 -4.73779e-05 5.02473
15.5 0.000283066 0.000213579 -4.70556e-05 5.01663
15.525 0.000281818 0.000212718 -4.66984e-05 5.00855
15.55 0.000280406 0.0002117 -4.63074e-05 5.00049
15.575 0.000278833 0.000210529 -4.58838e-05 4.99247
15.6 0.000277103 0.000209208 -4.54289e-05 4.98447
15.625 0.000275214 0.00020774 -4.4944e-05 4.97649
15.65 0.000273176 0.00020613 -4.44305e-05 4.96854
15.675 0.00027099 0.000204383 -4.38898e-05 4.96062
15.7 0.000268659 0.000202503 -4.33233e-05 4.95272
15.725 0.000266188 0.000200495 -4.27325e-05 4.94485
15.75 0.000263582 0.000198364 -4.21189e-05 4.937
15.775 0.000260845 0.000196116 -4.1484e-05 4.92917
15.8 0.000257983 0.000193756 -4.08292e-05 4.92137
15.825 0.000255 0.00019129 -4.01563e-05 4.9136
15.85 0.000251902 0.000188723 -3.94665e-05 4.90585
15.875 0.000248695 0.000186061 -3.87616e-05 4.89812
15.9 0.000245385 0.000183311 -3.80428e-05 4.89042
15.925 0.000241978 0.000180479 -3.73119e-05 4.88274
15.95 0.000238479 0.000177569 -3.657e-05 4.87509
15.975 0.000234894 0.000174589 -3.58188e-05 4.86746
16 0.000231231 0.000171544 -3.50597e-05 4.85986
16.025 0.000227494 0.000168441 -3.42939e-05 4.85227
16.05 0.000223691 0.000165285 -3.35229e-05 4.84472
16.075 0.000219827 0.000162082 -3.27479e-05 4.83718
16.1 0.000215908 0.000158838 -3.19703e-05 4.82967
16.125 0.000211941 0.00015556 -3.11912e-05 4.82218
16.15 0.000207931 0.000152251 -3.04119e-05 4.81472
16.175 0.000203884 0.000148919 -2.96335e-05 4.80728
16.2 0.000199807 0.000145568 -2.88572e-05 4.79986
16.225 0.000195706 0.000142203 -2.80838e-05 4.79246
16.25 0.000191584 0.00013883 -2.73144e-05 4.78509
16.275 0.000187449 0.000135454 -2.655e-05 4.77774
16.3 0.000183306 0.000132079 -2.57915e-05 4.77041
16.325 0.000179159 0.00012871 -2.50397e-05 4.76311
16.35 0.000175015 0.000125351 -2.42955e-05 4.75582
16.375 0.000170877 0.000122007 -2.35596e-05 4.74856
16.4 0.000166751 0.000118682 -2.28327e-05 4.74132
16.425 0.000162641 0.000115379 -2.21155e-05 4.73411
16.45 0.000158551 0.000112104 -2.14085e-05 4.72691
16.475 0.000154486 0.000108857 -2.07124e-05 4.71974
16.5 0.00015045 0.000105643 -2.00277e-05 4.71259
16.525 0.000146446 0.000102466 -1.93548e-05 4.70546
16.55 0.000142478 9.93271e-05 -1.86941e-05 4.69835
16.575 0.00013855 9.62302e-05 -1.8046e-05 4.69126
16.6 0.000134665 9.31775e-05 -1.74109e-05 4.6842
16.625 0.000130825 9.01713e-05 -1.67891e-05 4.67715
16.65 0.000127034 8.72137e-05 -1.61805e-05 4.67013
16.675 0.000123294 8.43073e-05 -1.55862e-05 4.66313
16.7 0.000119608 8.14526e-05 -1.50055e-05 4.65615
16.725 0.000115978 7.86518e-05 -1.44388e-05 4.64919
16.75 0.000112405 7.59064e-05 -1.38863e-05 4.64225
16.775 0.000108893 7.32175e-05 -1.3348e-05 4.63533
16.8 0.000105443 7.05862e-05 -1.28239e-05 4.62843
16.825 0.000102055 6.80135e-05 -1.23141e-05 4.62156
16.85 9.87319e-05 6.55001e-05 -1.18186e-05 4.6147
16.875 9.54745e-05 6.30466e-05 -1.13374e-05 4.60786
16.9 9.22839e-05 6.06529e-05 -1.08701e-05 4.60105
16.925 8.91608e-05 5.83205e-05 -1.04171e-05 4.59425
16.95 8.61059e-05 5.60491e-05 -9.978e-06 4.58747
16.975 8.312e-05 5.38386e-05 -9.55273e-06 4.58072
17 8.02034e-05 5.16892e-05 -9.14113e-06 4.57398
17.025 7.73561e-05 4.96006e-05 -8.74305e-06 4.56727
17.05 7.45788e-05 4.75725e-05 -8.35828e-06 4.56057
17.075 7.18713e-05 4.56047e-05 -7.98663e-06 4.55389
17.1 6.92336e-05 4.36967e-05 -7.6279e-06 4.54723
17.125 6.66654e-05 4.18479e-05 -7.28185e-06 4.5406
17.15 6.41665e-05 4.00578e-05 -6.94824e-06 4.53398
17.175 6.17364e-05 3.83257e-05 -6.62684e-06 4.52738
17.2 5.93748e-05 3.66507e-05 -6.31739e-06 4.5208
17.225 5.70809e-05 3.50321e-05 -6.01963e-06 4.51424
17.25 5.48542e-05 3.34691e-05 -5.73329e-06 4.50769
17.275 5.2694e-05 3.19606e-05 -5.4581e-06 4.50117
17.3 5.05994e-05 3.05057e-05 -5.19377e-06 4.49466
17.325 4.85696e-05 2.91034e-05 -4.94004e-06 4.48818
17.35 4.66037e-05 2.77526e-05 -4.69662e-06 4.48171
17.375 4.47007e-05 2.64523e-05 -4.46322e-06 4.47526
17.4 4.28595e-05 2.52012e-05 -4.23956e-06 4.46883
17.425 4.10791e-05 2.39984e-05 -4.02535e-06 4.46242
17.45 3.93584e-05 2.28425e-05 -3.82031e-06 4.45603
17.475 3.76962e-05 2.17325e-05 -3.62415e-06 4.44965
17.5 3.60914e-05 2.06671e-05 -3.43659e-06 4.4433
17.525 3.45427e-05 1.96451e-05 -3.25735e-06 4.43696
17.55 3.30489e-05 1.86653e-05 -3.08616e-06 4.43064
17.575 3.16089e-05 1.77266e-05 -2.92274e-06 4.42434
17.6 3.02212e-05 1.68277e-05 -2.76681e-06 4.41805
17.625 2.88847e-05 1.59673e-05 -2.61811e-06 4.41178
17.65 2.7598e-05 1.51443e-05 -2.47638e-06 4.40554
17.675 2.636e-05 1.43576e-05 -2.34137e-06 4.3993
17.7 2.51692e-05 1.36058e-05 -2.21281e-06 4.39309
17.725 2.40244e-05 1.28879e-05 -2.09046e-06 4.38689
17.75 2.29243e-05 1.22027e-05 -1.97409e-06 4.38072
17.775 2.18676e-05 1.1549e-05 -1.86344e-06 4.37455
17.8 2.08531e-05 1.09257e-05 -1.7583e-06 4.36841
17.825 1.98795e-05 1.03317e-05 -1.65843e-06 4.36228
17.85 1.89455e-05 9.76595e-06 -1.56362e-06 4.35617
17.875 1.80498e-05 9.22734e-06 -1.47365e-06 4.35008
17.9 1.71914e-05 8.71485e-06 -1.38832e-06 4.34401
17.925 1.63689e-05 8.22745e-06 -1.30743e-06 4.33795
17.95 1.55812e-05 7.76413e-06 -1.23078e-06 4.33191
17.975 1.48271e-05 7.32394e-06 -1.15817e-06 4.32588
18 1.41054e-05 6.90592e-06 -1.08944e-06 4.31987
18.025 1.34151e-05 6.50914e-06 -1.0244e-06 4.31388
18.05 1.2755e-05 6.13271e-06 -9.62881e-07 4.30791
18.075 1.2124e-05 5.77576e-06 -9.04719e-07 4.30195
18.1 1.1521e-05 5.43744e-06 -8.49755e-07 4.29601
18.125 1.09451e-05 5.11692e-06 -7.97836e-07 4.29008
18.15 1.03952e-05 4.81342e-06 -7.48815e-07 4.28417
18.175 9.87034e-06 4.52616e-06 -7.02549e-07 4.27828
18.2 9.36954e-06 4.25439e-06 -6.58904e-07 4.2724
18.225 8.89186e-06 3.99741e-06 -6.17747e-07 4.26654
18.25 8.43639e-06 3.75452e-06 -5.78954e-07 4.2607
18.275 8.00226e-06 3.52504e-06 -5.42405e-07 4.25487
18.3 7.58859e-06 3.30834e-06 -5.07983e-07 4.24905
18.325 7.19456e-06 3.10379e-06 -4.75578e-07 4.24326
18.35 6.81936e-06 2.9108e-06 -4.45085e-07 4.23748
18.375 6.46219e-06 2.72882e-06 -4.16405e-07 4.23171
18.4 6.1223e-06 2.55725e-06 -3.89436e-07 4.22596
18.425 5.79895e-06 2.39556e-06 -3.64086e-07 4.22023
18.45 5.49143e-06 2.24329e-06 -3.40272e-07 4.21451
18.475 5.19904e-06 2.09994e-06 -3.17909e-07 4.20881
18.5 4.92115e-06 1.96504e-06 -2.96915e-07 4.20312
18.525 4.65711e-06 1.83814e-06 -2.77214e-07 4.19745
18.55 4.40629e-06 1.71882e-06 -2.58735e-07 4.19179
18.575 4.1681e-06 1.60667e-06 -2.41407e-07 4.18615
18.6 3.94196e-06 1.50131e-06 -2.25166e-07 4.18052
18.625 3.72734e-06 1.40236e-06 -2.09949e-07 4.17491
18.65 3.52369e-06 1.30948e-06 -1.95696e-07 4.16931
18.675 3.33052e-06 1.22232e-06 -1.82352e-07 4.16373
18.7 3.14732e-06 1.14057e-06 -1.69864e-07 4.15817
18.725 2.97363e-06 1.06392e-06 -1.5818e-07 4.15261
18.75 2.80899e-06 9.92079e-07 -1.47254e-07 4.14708
18.775 2.65298e-06 9.24775e-07 -1.37038e-07 4.14156
18.8 2.50518e-06 8.61745e-07 -1.27492e-07 4.13605
18.825 2.36519e-06 8.0274e-07 -1.18574e-07 4.13056
18.85 2.23263e-06 7.47525e-07 -1.10245e-07 4.12508
18.875 2.10714e-06 6.95875e-07 -1.0247e-07 4.11961
18.9 1.98836e-06 6.47579e-07 -9.5214e-08 4.11416
18.925 1.87597e-06 6.02437e-07 -8.84451e-08 4.10873
18.95 1.76963e-06 5.60257e-07 -8.21325e-08 4.10331
18.975 1.66906e-06 5.20861e-07 -7.62476e-08 4.0979
19 1.57396e-06 4.84078e-07 -7.07632e-08 4.09251
19.025 1.48404e-06 4.49746e-07 -6.56539e-08 4.08713
19.05 1.39905e-06 4.17716e-07 -6.08954e-08 4.08177
19.075 1.31872e-06 3.87842e-07 -5.64653e-08 4.07642
19.1 1.24283e-06 3.5999e-07 -5.23422e-08 4.07108
19.125 1.17114e-06 3.34032e-07 -4.8506e-08 4.06576
19.15 1.10342e-06 3.09848e-07 -4.4938e-08 4.06045
19.175 1.03948e-06 2.87324e-07 -4.16205e-08 4.05516
19.2 9.79108e-07 2.66354e-07 -3.85368e-08 4.04988
19.225 9.22119e-07 2.46836e-07 -3.56713e-08 4.04461
19.25 8.68334e-07 2.28677e-07 -3.30095e-08 4.03936
19.275 8.17579e-07 2.11788e-07 -3.05376e-08 4.03412
19.3 7.69694e-07 1.96084e-07 -2.82427e-08 4.0289
19.325 7.24523e-07 1.81488e-07 -2.61129e-08 4.02368
19.35 6.81919e-07 1.67925e-07 -2.41367e-08 4.01849
19.375 6.41742e-07 1.55326e-07 -2.23037e-08 4.0133
19.4 6.0386e-07 1.43627e-07 -2.06039e-08 4.00813
19.425 5.68148e-07 1.32766e-07 -1.90281e-08 4.00297
19.45 5.34485e-07 1.22685e-07 -1.75676e-08 3.99783
19.475 5.02759e-07 1.13332e-07 -1.62143e-08 3.99269
19.5 4.72862e-07 1.04657e-07 -1.49607e-08 3.98757
19.525 4.44692e-07 9.66111e-08 -1.37996e-08 3.98247
19.55 4.18153e-07 8.91516e-08 -1.27245e-08 3.97738
19.575 3.93154e-07 8.22369e-08 -1.17293e-08 3.9723
19.6 3.69607e-07 7.58285e-08 -1.0808e-08 3.96723
19.625 3.47432e-07 6.98903e-08 -9.95548e-09 3.96218
19.65 3.26549e-07 6.43884e-08 -9.1666e-09 3.95713
19.675 3.06886e-07 5.92913e-08 -8.43668e-09 3.95211
19.7 2.88373e-07 5.45695e-08 -7.76139e-09 3.94709
19.725 2.70944e-07 5.01953e-08 -7.13663e-09 3.94209
19.75 2.54537e-07 4.61428e-08 -6.55861e-09 3.9371
19.775 2.39093e-07 4.2388e-08 -6.0238e-09 3.93212
19.8 2.24556e-07 3.89081e-08 -5.52888e-09 3.92716
19.825 2.10874e-07 3.5682e-08 -5.07076e-09 3.9222
19.85 1.97997e-07 3.26899e-08 -4.64657e-09 3.91726
19.875 1.85878e-07 2.99133e-08 -4.25362e-09 3.91234
19.9 1.74472e-07 2.73346e-08 -3.88939e-09 3.90742
19.925 1.63737e-07 2.49377e-08 -3.55154e-09 3.90252
19.95 1.53634e-07 2.27069e-08 -3.23785e-09 3.89763
19.975 1.44125e-07 2.06285e-08 -2.94635e-09 3.89275
20 1.35174e-07 1.86868e-08 -2.67484e-09 3.88789
