0 374.573 302.951 -17.2127 19.4936
0.025 374.573 302.951 -17.2127 19.4936
0.05 374.404 302.614 -17.1794 19.4932
0.075 374.404 302.6 -17.1581 19.4927
0.1 374.407 302.591 -17.1289 19.492
0.125 374.423 302.599 -17.0929 19.4911
0.15 374.445 302.615 -17.0494 19.4899
0.175 374.473 302.637 -16.9985 19.4886
0.2 374.502 302.665 -16.9403 19.487
0.225 374.541 302.698 -16.8748 19.4853
0.25 374.585 302.736 -16.8023 19.4833
0.275 374.633 302.777 -16.723 19.4811
0.3 374.687 302.824 -16.6369 19.4787
0.325 374.744 302.874 -16.5443 19.4761
0.35 374.807 302.926 -16.4456 19.4733
0.375 374.873 302.984 -16.3407 19.4702
0.4 374.944 303.047 -16.2303 19.467
0.425 375.02 303.113 -16.1144 19.4635
0.45 375.099 303.183 -15.9934 19.4598
0.475 375.184 303.257 -15.8676 19.4559
0.5 375.271 303.334 -15.7373 19.4518
0.525 375.363 303.414 -15.6028 19.4475
0.55 375.458 303.498 -15.4645 19.4429
0.575 375.557 303.585 -15.3227 19.4381
0.6 375.66 303.675 -15.1777 19.4331
0.625 375.766 303.768 -15.03 19.4278
0.65 375.876 303.865 -14.8797 19.4223
0.675 375.988 303.963 -14.7276 19.4166
0.7 376.104 304.065 -14.5738 19.4107
0.725 376.223 304.169 -14.4187 19.4045
0.75 376.345 304.276 -14.2627 19.3981
0.775 376.469 304.385 -14.1061 19.3915
0.8 376.595 304.496 -13.9494 19.3846
0.825 376.724 304.606 -13.7929 19.3774
0.85 376.856 304.722 -13.6369 19.3701
0.875 376.988 304.838 -13.4819 19.3624
0.9 377.123 304.956 -13.3282 19.3546
0.925 377.259 305.075 -13.1761 19.3465
0.95 377.397 305.196 -13.0259 19.3381
0.975 377.535 305.317 -12.8781 19.3295
1 377.674 305.439 -12.7328 19.3207
1.025 377.814 305.562 -12.5905 19.3116
1.05 377.954 305.685 -12.4514 19.3022
1.075 378.094 305.808 -12.3158 19.2926
1.1 378.235 305.93 -12.184 19.2827
1.125 378.374 306.053 -12.0562 19.2726
1.15 378.513 306.175 -11.9326 19.2622
1.175 378.651 306.295 -11.8136 19.2515
1.2 378.788 306.415 -11.6992 19.2406
1.225 378.923 306.534 -11.5898 19.2294
1.25 379.056 306.651 -11.4854 19.218
1.275 379.188 306.766 -11.3863 19.2063
1.3 379.317 306.879 -11.2925 19.1943
1.325 379.444 306.99 -11.2042 19.1821
1.35 379.567 307.098 -11.1215 19.1696
1.375 379.688 307.204 -11.0445 19.1568
1.4 379.806 307.306 -10.9732 19.1438
1.425 379.92 307.406 -10.9077 19.1305
1.45 380.03 307.501 -10.848 19.1169
1.475 380.135 307.594 -10.7941 19.1031
1.5 380.237 307.682 -10.7461 19.089
1.525 380.334 307.768 -10.7039 19.0746
1.55 380.427 307.849 -10.6673 19.06
1.575 380.514 307.926 -10.6365 19.0451
1.6 380.597 307.997 -10.6112 19.0299
1.625 380.675 308.064 -10.5914 19.0145
1.65 380.747 308.125 -10.577 18.9988
1.675 380.814 308.182 -10.5679 18.9828
1.7 380.875 308.233 -10.5637 18.9665
1.725 380.931 308.278 -10.5645 18.95
1.75 380.981 308.32 -10.5701 18.9332
1.775 381.026 308.356 -10.5802 18.9162
1.8 381.065 308.387 -10.5946 18.8989
1.825 381.098 308.411 -10.6132 18.8813
1.85 381.126 308.431 -10.6356 18.8635
1.875 381.149 308.447 -10.6617 18.8454
1.9 381.166 308.457 -10.6912 18.827
1.925 381.178 308.462 -10.7238 18.8084
1.95 381.185 308.463 -10.7592 18.7895
1.975 381.187 308.459 -10.7973 18.7704
2 381.184 308.45 -10.8376 18.751
2.025 381.177 308.437 -10.8799 18.7314
2.05 381.167 308.42 -10.924 18.7115
2.075 381.152 308.399 -10.9695 18.6913
2.1 381.134 308.375 -11.0161 18.6709
2.125 381.112 308.347 -11.0635 18.6503
2.15 381.087 308.317 -11.1114 18.6293
2.175 381.06 308.284 -11.1596 18.6082
2.2 381.031 308.248 -11.2077 18.5868
2.225 381.001 308.211 -11.2554 18.5651
2.25 380.969 308.173 -11.3025 18.5432
2.275 380.937 308.133 -11.3486 18.5211
2.3 380.904 308.093 -11.3934 18.4987
2.325 380.871 308.052 -11.4368 18.4761
2.35 380.84 308.012 -11.4784 18.4532
2.375 380.809 307.973 -11.518 18.4301
2.4 380.781 307.935 -11.5553 18.4068
2.425 380.754 307.898 -11.5901 18.3832
2.45 380.731 307.864 -11.6222 18.3593
2.475 380.711 307.833 -11.6513 18.3353
2.5 380.694 307.804 -11.6773 18.311
2.525 380.682 307.78 -11.6999 18.2864
2.55 380.675 307.759 -11.7189 18.2617
2.575 380.673 307.743 -11.7343 18.2367
2.6 380.677 307.732 -11.7458 18.2114
2.625 380.688 307.727 -11.7533 18.186
2.65 380.705 307.727 -11.7568 18.1603
2.675 380.728 307.733 -11.756 18.1343
2.7 380.76 307.746 -11.7509 18.1082
2.725 380.799 307.766 -11.7414 18.0818
2.75 380.845 307.793 -11.7275 18.0551
2.775 380.901 307.828 -11.7091 18.0283
2.8 380.964 307.87 -11.6862 18.0012
2.825 381.036 307.919 -11.6588 17.9738
2.85 381.117 307.977 -11.6269 17.9462
2.875 381.206 308.043 -11.5905 17.9184
2.9 381.304 308.117 -11.5496 17.8904
2.925 381.411 308.2 -11.5043 17.8621
2.95 381.526 308.29 -11.4547 17.8336
2.975 381.65 308.388 -11.4007 17.8049
3 381.782 308.496 -11.3426 17.7759
3.025 381.922 308.61 -11.2805 17.7466
3.05 382.069 308.731 -11.2143 17.7172
3.075 382.219 308.859 -11.1444 17.6874
3.1 382.383 308.993 -11.0707 17.6575
3.125 382.549 309.134 -10.9936 17.6273
3.15 382.721 309.281 -10.913 17.5968
3.175 382.897 309.432 -10.8295 17.5661
3.2 383.077 309.588 -10.7427 17.5351
3.225 383.259 309.748 -10.6532 17.5039
3.25 383.443 309.91 -10.5611 17.4725
3.275 383.628 310.075 -10.4665 17.4408
3.3 383.813 310.241 -10.3698 17.4088
3.325 383.996 310.407 -10.271 17.3766
3.35 384.176 310.573 -10.1706 17.3441
3.375 384.353 310.737 -10.0686 17.3113
3.4 384.524 310.897 -9.96525 17.2783
3.425 384.688 311.054 -9.86087 17.245
3.45 384.844 311.206 -9.75566 17.2114
3.475 384.989 311.35 -9.64984 17.1776
3.5 385.124 311.487 -9.54365 17.1435
3.525 385.245 311.614 -9.43732 17.1091
3.55 385.351 311.731 -9.33108 17.0745
3.575 385.44 311.836 -9.22516 17.0396
3.6 385.511 311.927 -9.11977 17.0043
3.625 385.561 312.003 -9.01515 16.9689
3.65 385.59 312.062 -8.9115 16.9331
3.675 385.593 312.102 -8.80904 16.897
3.7 385.571 312.123 -8.70796 16.8607
3.725 385.521 312.121 -8.60834 16.824
3.75 385.44 312.096 -8.51063 16.7871
3.775 385.327 312.046 -8.41488 16.7499
3.8 385.18 311.97 -8.32127 16.7124
3.825 384.996 311.864 -8.22996 16.6746
3.85 384.775 311.728 -8.1411 16.6365
3.875 384.513 311.561 -8.05485 16.5981
3.9 384.208 311.359 -7.97135 16.5595
3.925 383.859 311.122 -7.89072 16.5205
3.95 383.463 310.848 -7.81308 16.4812
3.975 383.019 310.534 -7.73854 16.4417
4 382.525 310.181 -7.66719 16.4018
4.025 381.979 309.784 -7.59912 16.3617
4.05 381.378 309.344 -7.53441 16.3212
4.075 380.721 308.858 -7.47311 16.2805
4.1 380.006 308.325 -7.41528 16.2395
4.125 379.232 307.743 -7.36097 16.1981
4.15 378.397 307.111 -7.3102 16.1565
4.175 377.498 306.427 -7.26298 16.1146
4.2 376.535 305.689 -7.21933 16.0724
4.225 375.509 304.897 -7.17924 16.03
4.25 374.413 304.049 -7.14269 15.9872
4.275 373.248 303.144 -7.10967 15.9442
4.3 372.013 302.18 -7.08013 15.9009
4.325 370.707 301.157 -7.05403 15.8573
4.35 369.329 300.072 -7.0313 15.8134
4.375 367.876 298.926 -7.01189 15.7693
4.4 366.35 297.717 -6.99571 15.7249
4.425 364.75 296.444 -6.98268 15.6802
4.45 363.073 295.107 -6.97271 15.6353
4.475 361.32 293.704 -6.96568 15.5901
4.5 359.49 292.235 -6.9615 15.5447
4.525 357.583 290.7 -6.96003 15.499
4.55 355.598 289.098 -6.96115 15.4531
4.575 353.536 287.428 -6.96473 15.407
4.6 351.396 285.691 -6.97062 15.3606
4.625 349.178 283.886 -6.97868 15.314
4.65 346.883 282.013 -6.98876 15.2672
4.675 344.51 280.071 -7.0007 15.2201
4.7 342.06 278.062 -7.01433 15.1729
4.725 339.535 275.985 -7.02949 15.1254
4.75 336.933 273.841 -7.04601 15.0778
4.775 334.252 271.629 -7.06372 15.0299
4.8 331.504 269.351 -7.08244 14.9819
4.825 328.68 267.008 -7.10199 14.9337
4.85 325.784 264.598 -7.1222 14.8854
4.875 322.816 262.125 -7.14288 14.8368
4.9 319.78 259.588 -7.16385 14.7882
4.925 316.674 256.989 -7.18494 14.7393
4.95 313.503 254.328 -7.20596 14.6904
4.975 310.266 251.607 -7.22674 14.6413
5 306.966 248.828 -7.24709 14.5921
5.025 303.604 245.992 -7.26685 14.5427
5.05 300.182 243.1 -7.28583 14.4933
5.075 296.703 240.154 -7.30388 14.4438
5.1 293.169 237.156 -7.32083 14.3941
5.125 289.581 234.107 -7.33651 14.3444
5.15 285.941 231.011 -7.35077 14.2946
5.175 282.253 227.868 -7.36346 14.2448
5.2 278.519 224.68 -7.37443 14.1948
5.225 274.741 221.451 -7.38355 14.1449
5.25 270.921 218.183 -7.39067 14.0949
5.275 267.062 214.876 -7.39567 14.0448
5.3 263.168 211.536 -7.39843 13.9948
5.325 259.24 208.162 -7.39883 13.9447
5.35 255.281 204.759 -7.39678 13.8946
5.375 251.294 201.329 -7.39216 13.8445
5.4 247.282 197.875 -7.38489 13.7945
5.425 243.247 194.398 -7.37489 13.7444
5.45 239.193 190.903 -7.36209 13.6944
5.475 235.123 187.391 -7.34641 13.6444
5.5 231.039 183.866 -7.3278 13.5944
5.525 226.944 180.331 -7.30621 13.5445
5.55 222.84 176.788 -7.28161 13.4947
5.575 218.732 173.239 -7.25395 13.4449
5.6 214.621 169.689 -7.22322 13.3952
5.625 210.511 166.139 -7.1894 13.3455
5.65 206.405 162.593 -7.15249 13.296
5.675 202.304 159.053 -7.1125 13.2466
5.7 198.213 155.523 -7.06942 13.1972
5.725 194.133 152.004 -7.02329 13.148
5.75 190.067 148.499 -6.97415 13.0989
5.775 186.018 145.012 -6.92199 13.0499
5.8 181.989 141.545 -6.86688 13.001
5.825 177.982 138.099 -6.80887 12.9523
5.85 174 134.679 -6.74802 12.9037
5.875 170.044 131.285 -6.68439 12.8553
5.9 166.117 127.921 -6.61805 12.807
5.925 162.222 124.589 -6.54908 12.7589
5.95 158.361 121.291 -6.47756 12.7109
5.975 154.535 118.028 -6.40358 12.6631
6 150.747 114.803 -6.32724 12.6155
6.025 146.999 111.619 -6.24863 12.5681
6.05 143.292 108.475 -6.16786 12.5209
6.075 139.629 105.375 -6.08503 12.4738
6.1 136.011 102.32 -6.00025 12.427
6.125 132.439 99.3113 -5.91364 12.3803
6.15 128.916 96.3502 -5.82531 12.3339
6.175 125.442 93.4381 -5.73538 12.2876
6.2 122.018 90.5761 -5.64397 12.2416
6.225 118.647 87.7655 -5.5512 12.1958
6.25 115.329 85.007 -5.4572 12.1502
6.275 112.065 82.3016 -5.36211 12.1048
6.3 108.856 79.65 -5.26602 12.0596
6.325 105.703 77.0529 -5.16906 12.0147
6.35 102.607 74.5109 -5.07135 11.9699
6.375 99.5682 72.0243 -4.97304 11.9255
6.4 96.5873 69.5936 -4.87422 11.8812
6.425 93.6648 67.2189 -4.77503 11.8372
6.45 90.8011 64.9005 -4.67558 11.7934
6.475 87.9965 62.6384 -4.57599 11.7499
6.5 85.2512 60.4327 -4.47638 11.7066
6.525 82.5654 58.2832 -4.37684 11.6635
6.55 79.9392 56.1898 -4.2775 11.6207
6.575 77.3724 54.1521 -4.17846 11.5781
6.6 74.8652 52.17 -4.07981 11.5358
6.625 72.4172 50.2429 -3.98167 11.4937
6.65 70.0283 48.3705 -3.88411 11.4518
6.675 67.6982 46.5522 -3.78724 11.4102
6.7 65.4265 44.7876 -3.69114 11.3689
6.725 63.2129 43.0757 -3.5959 11.3278
6.75 61.0568 41.4159 -3.50158 11.2869
6.775 58.9577 39.8077 -3.40828 11.2463
6.8 56.9151 38.2501 -3.31605 11.2059
6.825 54.9283 36.7423 -3.22497 11.1658
6.85 52.9967 35.2836 -3.13509 11.1259
6.875 51.1196 33.873 -3.04648 11.0863
6.9 49.2962 32.5095 -2.95918 11.0469
6.925 47.5257 31.1923 -2.87325 11.0077
6.95 45.8073 29.9204 -2.78873 10.9688
6.975 44.1402 28.6928 -2.70567 10.9302
7 42.5235 27.5085 -2.62409 10.8918
7.025 40.9563 26.3665 -2.54403 10.8536
7.05 39.4377 25.2657 -2.46552 10.8156
7.075 37.9668 24.2051 -2.38858 10.7779
7.1 36.5425 23.1837 -2.31323 10.7405
7.125 35.164 22.2004 -2.2395 10.7033
7.15 33.8302 21.2542 -2.16739 10.6663
7.175 32.5402 20.3441 -2.09691 10.6295
7.2 31.2929 19.4689 -2.02807 10.593
7.225 30.0874 18.6277 -1.96088 10.5567
7.25 28.9227 17.8195 -1.89533 10.5206
7.275 27.7977 17.0432 -1.83143 10.4848
7.3 26.7115 16.2978 -1.76916 10.4492
7.325 25.663 15.5824 -1.70852 10.4138
7.35 24.6513 14.8959 -1.64951 10.3787
7.375 23.6753 14.2374 -1.5921 10.3438
7.4 22.7342 13.606 -1.53628 10.3091
7.425 21.8268 13.0007 -1.48205 10.2746
7.45 20.9523 12.4207 -1.42937 10.2403
7.475 20.1097 11.8649 -1.37823 10.2063
7.5 19.298 11.3326 -1.32861 10.1724
7.525 18.5164 10.8228 -1.28049 10.1388
7.55 17.7638 10.3349 -1.23384 10.1054
7.575 17.0394 9.86773 -1.18863 10.0722
7.6 16.3424 9.42085 -1.14484 10.0392
7.625 15.6718 8.99333 -1.10245 10.0065
7.65 15.0268 8.58444 -1.06142 9.97389
7.675 14.4065 8.19345 -1.02173 9.94153
7.7 13.8102 7.81964 -0.983344 9.90937
7.725 13.237 7.46233 -0.94624 9.87741
7.75 12.6862 7.12085 -0.910385 9.84565
7.775 12.157 6.79456 -0.875748 9.81409
7.8 11.6486 6.48284 -0.842299 9.78273
7.825 11.1603 6.18508 -0.810007 9.75156
7.85 10.6914 5.9007 -0.778842 9.72059
7.875 10.2412 5.62914 -0.748773 9.6898
7.9 9.8091 5.36985 -0.719771 9.65921
7.925 9.39436 5.12231 -0.691804 9.62881
7.95 8.99638 4.88602 -0.664844 9.5986
7.975 8.61453 4.6605 -0.63886 9.56857
8 8.24822 4.44526 -0.613823 9.53872
8.025 7.89687 4.23987 -0.589705 9.50906
8.05 7.55991 4.0439 -0.566476 9.47958
8.075 7.23679 3.85692 -0.544109 9.45028
8.1 6.927 3.67853 -0.522576 9.42116
8.125 6.63003 3.50837 -0.50185 9.39221
8.15 6.34538 3.34605 -0.481905 9.36344
8.175 6.07256 3.19123 -0.462714 9.33485
8.2 5.81112 3.04356 -0.444252 9.30642
8.225 5.56062 2.90273 -0.426494 9.27817
8.25 5.32061 2.76842 -0.409416 9.25008
8.275 5.09069 2.64034 -0.392995 9.22217
8.3 4.87045 2.51821 -0.377206 9.19442
8.325 4.6595 2.40174 -0.362029 9.16683
8.35 4.45748 2.29069 -0.34744 9.13941
8.375 4.26402 2.18479 -0.33342 9.11215
8.4 4.07878 2.08383 -0.319946 9.08506
8.425 3.90141 1.98756 -0.307 9.05812
8.45 3.73161 1.89576 -0.294562 9.03134
8.475 3.56907 1.80825 -0.282612 9.00472
8.5 3.41347 1.7248 -0.271134 8.97825
8.525 3.26454 1.64525 -0.26011 8.95194
8.55 3.12201 1.5694 -0.249521 8.92578
8.575 2.9856 1.49708 -0.239353 8.89977
8.6 2.85507 1.42812 -0.229588 8.87391
8.625 2.73016 1.36238 -0.220213 8.8482
8.65 2.61065 1.2997 -0.211211 8.82264
8.675 2.4963 1.23994 -0.202569 8.79723
8.7 2.3869 1.18297 -0.194272 8.77196
8.725 2.28225 1.12864 -0.186309 8.74684
8.75 2.18214 1.07684 -0.178664 8.72185
8.775 2.08637 1.02746 -0.171327 8.69701
8.8 1.99478 0.98037 -0.164286 8.67232
8.825 1.90717 0.935473 -0.157528 8.64776
8.85 1.82338 0.892663 -0.151043 8.62334
8.875 1.74325 0.851844 -0.144821 8.59905
8.9 1.66662 0.812922 -0.13885 8.5749
8.925 1.59334 0.77581 -0.133122 8.55089
8.95 1.52327 0.740421 -0.127626 8.52701
8.975 1.45626 0.706677 -0.122353 8.50327
9 1.3922 0.674499 -0.117295 8.47965
9.025 1.33095 0.643815 -0.112444 8.45617
9.05 1.27238 0.614554 -0.10779 8.43281
9.075 1.2164 0.586651 -0.103327 8.40959
9.1 1.16287 0.560042 -0.0990469 8.38649
9.125 1.1117 0.534666 -0.094942 8.36351
9.15 1.06279 0.510466 -0.0910056 8.34067
9.175 1.01603 0.487388 -0.0872311 8.31794
9.2 0.971333 0.465377 -0.083612 8.29534
9.225 0.92861 0.444385 -0.0801421 8.27287
9.25 0.887774 0.424365 -0.0768155 8.25051
9.275 0.848742 0.40527 -0.0736264 8.22827
9.3 0.811435 0.387057 -0.0705693 8.20616
9.325 0.775779 0.369686 -0.0676389 8.18416
9.35 0.7417 0.353116 -0.0648302 8.16228
9.375 0.70913 0.337311 -0.0621382 8.14052
9.4 0.678001 0.322235 -0.0595581 8.11887
9.425 0.648252 0.307853 -0.0570856 8.09733
9.45 0.619821 0.294133 -0.0547162 8.07592
9.475 0.59265 0.281045 -0.0524457 8.05461
9.5 0.566683 0.268558 -0.0502702 8.03341
9.525 0.541867 0.256645 -0.0481856 8.01233
9.55 0.518152 0.245278 -0.0461884 7.99136
9.575 0.495488 0.234433 -0.0442749 7.97049
9.6 0.473829 0.224084 -0.0424417 7.94974
9.625 0.453131 0.214208 -0.0406854 7.92909
9.65 0.43335 0.204784 -0.039003 7.90855
9.675 0.414447 0.195791 -0.0373912 7.88812
9.7 0.396381 0.187207 -0.0358473 7.86779
9.725 0.379116 0.179014 -0.0343684 7.84756
9.75 0.362616 0.171194 -0.0329517 7.82744
9.775 0.346847 0.163728 -0.0315947 7.80742
9.8 0.331776 0.156601 -0.0302948 7.78751
9.825 0.317372 0.149797 -0.0290497 7.76769
9.85 0.303606 0.1433 -0.027857 7.74798
9.875 0.290448 0.137097 -0.0267146 7.72836
9.9 0.277872 0.131172 -0.0256203 7.70885
9.925 0.265852 0.125515 -0.024572 7.68943
9.95 0.254362 0.120111 -0.0235678 7.67011
9.975 0.243379 0.114949 -0.0226059 7.65089
10 0.23288 0.110018 -0.0216843 7.63176
10.025 0.222844 0.105306 -0.0208015 7.61273
10.05 0.21325 0.100805 -0.0199556 7.5938
10.075 0.204077 0.0965032 -0.0191452 7.57495
10.1 0.195308 0.0923923 -0.0183687 7.5562
10.125 0.186924 0.0884632 -0.0176247 7.53755
10.15 0.178907 0.0847075 -0.0169117 7.51898
10.175 0.171242 0.0811171 -0.0162285 7.50051
10.2 0.163912 0.0776843 -0.0155736 7.48212
10.225 0.156903 0.074402 -0.014946 7.46383
10.25 0.1502 0.0712632 -0.0143444 7.44563
10.275 0.143789 0.0682612 -0.0137677 7.42751
10.3 0.137658 0.0653898 -0.0132148 7.40948
10.325 0.131794 0.062643 -0.0126847 7.39154
10.35 0.126184 0.0600151 -0.0121764 7.37369
10.375 0.120819 0.0575006 -0.011689 7.35592
10.4 0.115686 0.0550949 -0.0112216 7.33824
10.425 0.110775 0.0527922 -0.0107732 7.32064
10.45 0.106077 0.0505882 -0.0103432 7.30313
10.475 0.101582 0.0484784 -0.00993061 7.2857
10.5 0.0972809 0.0464587 -0.00953485 7.26835
10.525 0.0931653 0.044525 -0.00915506 7.25109
10.55 0.0892268 0.0426735 -0.00879061 7.23391
10.575 0.0854578 0.0409004 -0.00844085 7.2168
10.6 0.0818506 0.0392024 -0.00810517 7.19978
10.625 0.0783982 0.037576 -0.00778295 7.18284
10.65 0.0750938 0.0360181 -0.00747364 7.16598
10.675 0.0719307 0.0345258 -0.00717669 7.1492
10.7 0.0689029 0.0330961 -0.00689158 7.1325
10.725 0.0660044 0.0317263 -0.00661781 7.11587
10.75 0.0632295 0.0304138 -0.00635493 7.09932
10.775 0.0605728 0.0291562 -0.00610247 7.08285
10.8 0.0580293 0.0279509 -0.00586 7.06646
10.825 0.0555938 0.0267959 -0.00562712 7.05014
10.85 0.0532619 0.0256889 -0.00540343 7.03389
10.875 0.0510289 0.024628 -0.00518856 7.01772
10.9 0.0488906 0.023611 -0.00498216 7.00163
10.925 0.0468429 0.0226363 -0.00478387 6.9856
10.95 0.0448819 0.0217019 -0.00459338 6.96966
10.975 0.0430038 0.0208062 -0.00441037 6.95378
11 0.0412051 0.0199476 -0.00423455 6.93798
11.025 0.0394824 0.0191245 -0.00406563 6.92224
11.05 0.0378324 0.0183354 -0.00390334 6.90658
11.075 0.0362521 0.0175789 -0.00374742 6.89099
11.1 0.0347384 0.0168537 -0.00359763 6.87547
11.125 0.0332885 0.0161585 -0.00345371 6.86002
11.15 0.0318997 0.015492 -0.00331545 6.84464
11.175 0.0305694 0.0148531 -0.00318262 6.82933
11.2 0.0292951 0.0142406 -0.00305503 6.81408
11.225 0.0280744 0.0136534 -0.00293245 6.79891
11.25 0.0269052 0.0130905 -0.00281472 6.7838
11.275 0.0257851 0.0125509 -0.00270163 6.76876
11.3 0.0247121 0.0120337 -0.00259301 6.75378
11.325 0.0236843 0.0115379 -0.0024887 6.73887
11.35 0.0226997 0.0110627 -0.00238852 6.72403
11.375 0.0217566 0.0106072 -0.00229233 6.70925
11.4 0.0208531 0.0101706 -0.00219997 6.69454
11.425 0.0199876 0.00975225 -0.00211129 6.67989
11.45 0.0191585 0.00935129 -0.00202616 6.6653
11.475 0.0183643 0.00896709 -0.00194444 6.65078
11.5 0.0176035 0.00859888 -0.00186601 6.63632
11.525 0.0168748 0.00824605 -0.00179073 6.62193
11.55 0.0161767 0.00790797 -0.00171848 6.6076
11.575 0.015508 0.00758404 -0.00164917 6.59332
11.6 0.0148675 0.00727368 -0.00158266 6.57912
11.625 0.0142539 0.00697634 -0.00151885 6.56497
11.65 0.0136662 0.00669148 -0.00145764 6.55088
11.675 0.0131032 0.00641858 -0.00139892 6.53685
11.7 0.012564 0.00615716 -0.00134262 6.52288
11.725 0.0120474 0.00590673 -0.00128862 6.50898
11.75 0.0115526 0.00566685 -0.00123684 6.49513
11.775 0.0110787 0.00543708 -0.0011872 6.48134
11.8 0.0106247 0.00521698 -0.0011396 6.4676
11.825 0.0101899 0.00500617 -0.00109397 6.45393
11.85 0.00977336 0.00480425 -0.00105023 6.44032
11.875 0.00937437 0.00461084 -0.0010083 6.42676
11.9 0.00899218 0.00442556 -0.00096812 6.41326
11.925 0.00862608 0.00424812 -0.000929608 6.39981
11.95 0.00827538 0.00407816 -0.000892703 6.38642
11.975 0.00793943 0.00391539 -0.000857333 6.37309
12 0.0076176 0.00375944 -0.000823439 6.35981
12.025 0.0073093 0.00361006 -0.00079096 6.34659
12.05 0.00701394 0.00346696 -0.000759837 6.33342
12.075 0.00673098 0.00332986 -0.000730014 6.32031
12.1 0.00645987 0.00319851 -0.000701436 6.30725
12.125 0.00620013 0.00307266 -0.000674052 6.29425
12.15 0.00595125 0.00295208 -0.00064781 6.2813
12.175 0.00571277 0.00283652 -0.000622663 6.2684
12.2 0.00548425 0.00272577 -0.000598562 6.25555
12.225 0.00526526 0.00261963 -0.000575465 6.24276
12.25 0.00505539 0.00251788 -0.000553326 6.23002
12.275 0.00485424 0.00242034 -0.000532104 6.21733
12.3 0.00466144 0.00232682 -0.000511761 6.20469
12.325 0.00447663 0.00223714 -0.000492256 6.19211
12.35 0.00429947 0.00215114 -0.000473554 6.17957
12.375 0.00412962 0.00206865 -0.000455619 6.16709
12.4 0.00396678 0.00198952 -0.000438416 6.15466
12.425 0.00381063 0.0019136 -0.000421915 6.14227
12.45 0.00366089 0.00184074 -0.000406082 6.12994
12.475 0.00351728 0.00177082 -0.000390889 6.11765
12.5 0.00337953 0.0017037 -0.000376307 6.10542
12.525 0.0032474 0.00163926 -0.000362308 6.09323
12.55 0.00312065 0.00157738 -0.000348866 6.08109
12.575 0.00299902 0.00151795 -0.000335957 6.06901
12.6 0.00288232 0.00146087 -0.000323556 6.05696
12.625 0.00277033 0.00140602 -0.000311641 6.04497
12.65 0.00266284 0.00135331 -0.000300189 6.03302
12.675 0.00255966 0.00130265 -0.00028918 6.02112
12.7 0.00246061 0.00125395 -0.000278594 6.00927
12.725 0.0023655 0.00120713 -0.000268412 5.99746
12.75 0.00227418 0.0011621 -0.000258616 5.98571
12.775 0.00218647 0.00111878 -0.000249189 5.97399
12.8 0.00210223 0.0010771 -0.000240114 5.96232
12.825 0.00202131 0.001037 -0.000231376 5.9507
12.85 0.00194356 0.000998405 -0.000222961 5.93912
12.875 0.00186885 0.000961249 -0.000214854 5.92759
12.9 0.00179706 0.000925474 -0.000207041 5.9161
12.925 0.00172806 0.000891021 -0.00019951 5.90466
12.95 0.00166173 0.000857837 -0.00019225 5.89326
12.975 0.00159796 0.000825868 -0.000185248 5.88191
13 0.00153665 0.000795064 -0.000178494 5.8706
13.025 0.0014777 0.000765378 -0.000171978 5.85933
13.05 0.001421 0.000736765 -0.000165689 5.8481
13.075 0.00136646 0.000709181 -0.000159619 5.83692
13.1 0.001314 0.000682586 -0.000153759 5.82578
13.125 0.00126353 0.000656941 -0.000148101 5.81468
13.15 0.00121497 0.000632208 -0.000142636 5.80363
13.175 0.00116825 0.000608353 -0.000137358 5.79262
13.2 0.00112329 0.000585341 -0.000132259 5.78165
13.225 0.00108001 0.000563141 -0.000127334 5.77072
13.25 0.00103836 0.000541724 -0.000122574 5.75983
13.275 0.000998273 0.000521059 -0.000117976 5.74898
13.3 0.000959682 0.000501119 -0.000113532 5.73818
13.325 0.000922533 0.000481879 -0.000109238 5.72741
13.35 0.000886769 0.000463317 -0.000105089 5.71668
13.375 0.000852338 0.000445404 -0.000101079 5.706
13.4 0.000819191 0.000428119 -9.72048e-05 5.69535
13.425 0.000787277 0.000411443 -9.34614e-05 5.68475
13.45 0.000756552 0.000395353 -8.98448e-05 5.67418
13.475 0.000726972 0.000379832 -8.63512e-05 5.66365
13.5 0.000698495 0.000364861 -8.29769e-05 5.65317
13.525 0.000671079 0.000350422 -7.97186e-05 5.64272
13.55 0.000644688 0.000336499 -7.65722e-05 5.63231
13.575 0.000619284 0.000323075 -7.3535e-05 5.62193
13.6 0.000594832 0.000310135 -7.06037e-05 5.6116
13.625 0.000571299 0.000297664 -6.77754e-05 5.6013
13.65 0.000548651 0.000285647 -6.50471e-05 5.59104
13.675 0.000526858 0.000274076 -6.24162e-05 5.58082
13.7 0.000505891 0.000262931 -5.988e-05 5.57064
13.725 0.00048572 0.000252201 -5.74357e-05 5.56049
13.75 0.000466318 0.000241875 -5.5081e-05 5.55038
13.775 0.000447658 0.000231941 -5.28133e-05 5.54031
13.8 0.000429715 0.000222385 -5.06299e-05 5.53027
13.825 0.000412464 0.0002132 -4.85292e-05 5.52027
13.85 0.000395882 0.000204373 -4.65086e-05 5.51031
13.875 0.000379945 0.000195892 -4.45657e-05 5.50038
13.9 0.000364631 0.000187748 -4.26984e-05 5.49048
13.925 0.000349919 0.000179932 -4.09044e-05 5.48063
13.95 0.000335787 0.000172431 -3.91818e-05 5.47081
13.975 0.000322217 0.000165238 -3.75283e-05 5.46102
14 0.000309187 0.000158341 -3.5942e-05 5.45127
14.025 0.00029668 0.000151731 -3.44207e-05 5.44155
14.05 0.000284676 0.000145399 -3.29624e-05 5.43187
14.075 0.000273158 0.000139335 -3.15651e-05 5.42222
14.1 0.000262108 0.000133531 -3.02269e-05 5.41261
14.125 0.00025151 0.000127978 -2.89459e-05 5.40303
14.15 0.000241347 0.000122665 -2.772e-05 5.39348
14.175 0.000231603 0.000117585 -2.65474e-05 5.38397
14.2 0.000222263 0.00011273 -2.54262e-05 5.37449
14.225 0.000213311 0.00010809 -2.43547e-05 5.36504
14.25 0.000204733 0.000103657 -2.33309e-05 5.35563
14.275 0.000196514 9.94231e-05 -2.23531e-05 5.34625
14.3 0.00018864 9.53801e-05 -2.14194e-05 5.3369
14.325 0.000181099 9.15198e-05 -2.05284e-05 5.32759
14.35 0.000173877 8.78353e-05 -1.96781e-05 5.31831
14.375 0.000166961 8.43188e-05 -1.88671e-05 5.30906
14.4 0.000160339 8.09628e-05 -1.80936e-05 5.29984
14.425 0.000153999 7.77604e-05 -1.7356e-05 5.29066
14.45 0.000147929 7.47046e-05 -1.6653e-05 5.2815
14.475 0.000142119 7.17886e-05 -1.59828e-05 5.27238
14.5 0.000136558 6.90061e-05 -1.53442e-05 5.26329
14.525 0.000131235 6.63506e-05 -1.47357e-05 5.25423
14.55 0.00012614 6.38164e-05 -1.41559e-05 5.24521
14.575 0.000121263 6.13974e-05 -1.36035e-05 5.23621
14.6 0.000116595 5.90882e-05 -1.30772e-05 5.22724
14.625 0.000112128 5.68834e-05 -1.25759e-05 5.21831
14.65 0.000107852 5.4778e-05 -1.20983e-05 5.2094
14.675 0.00010376 5.27672e-05 -1.16432e-05 5.20053
14.7 9.98427e-05 5.08462e-05 -1.12098e-05 5.19168
14.725 9.60931e-05 4.90107e-05 -1.07968e-05 5.18287
14.75 9.2504e-05 4.72565e-05 -1.04033e-05 5.17408
14.775 8.90683e-05 4.55798e-05 -1.00283e-05 5.16533
14.8 8.57792e-05 4.39767e-05 -9.67099e-06 5.1566
14.825 8.26305e-05 4.24439e-05 -9.33044e-06 5.14791
14.85 7.96161e-05 4.09779e-05 -9.00585e-06 5.13924
14.875 7.673e-05 3.95756e-05 -8.69643e-06 5.1306
14.9 7.39667e-05 3.82342e-05 -8.40144e-06 5.122
14.925 7.13209e-05 3.69508e-05 -8.12018e-06 5.11342
14.95 6.87876e-05 3.57229e-05 -7.85199e-06 5.10487
14.975 6.63618e-05 3.4548e-05 -7.59621e-06 5.09634
15 6.40389e-05 3.34238e-05 -7.35224e-06 5.08785
15.025 6.18146e-05 3.23482e-05 -7.11952e-06 5.07938
15.05 5.96845e-05 3.13189e-05 -6.89749e-06 5.07095
15.075 5.76447e-05 3.03342e-05 -6.68568e-06 5.06254
15.1 5.56912e-05 2.93924e-05 -6.48342e-06 5.05416
15.125 5.38203e-05 2.8491e-05 -6.29042e-06 5.0458
15.15 5.20285e-05 2.76286e-05 -6.10615e-06 5.03747
15.175 5.03123e-05 2.68046e-05 -5.93019e-06 5.02918
15.2 4.86685e-05 2.60162e-05 -5.76209e-06 5.0209
15.225 4.70939e-05 2.52622e-05 -5.60147e-06 5.01266
15.25 4.55853e-05 2.45412e-05 -5.44794e-06 5.00444
15.275 4.414e-05 2.38518e-05 -5.3011e-06 4.99625
15.3 4.27549e-05 2.31924e-05 -5.1606e-06 4.98809
15.325 4.14273e-05 2.25618e-05 -5.02608e-06 4.97995
15.35 4.01547e-05 2.19585e-05 -4.8972e-06 4.97184
15.375 3.89343e-05 2.13813e-05 -4.77361e-06 4.96376
15.4 3.77637e-05 2.08286e-05 -4.65499e-06 4.9557
15.425 3.66404e-05 2.02993e-05 -4.54103e-06 4.94767
15.45 3.55621e-05 1.9792e-05 -4.4314e-06 4.93966
15.475 3.45265e-05 1.93053e-05 -4.32581e-06 4.93168
15.5 3.35314e-05 1.8838e-05 -4.22396e-06 4.92373
15.525 3.25745e-05 1.83887e-05 -4.12557e-06 4.9158
15.55 3.16538e-05 1.79562e-05 -4.03035e-06 4.90789
15.575 3.07673e-05 1.75393e-05 -3.93803e-06 4.90002
15.6 2.99131e-05 1.71366e-05 -3.84835e-06 4.89216
15.625 2.90891e-05 1.6747e-05 -3.76106e-06 4.88434
15.65 2.82938e-05 1.63693e-05 -3.67592e-06 4.87653
15.675 2.75251e-05 1.60024e-05 -3.5927e-06 4.86876
15.7 2.67816e-05 1.5645e-05 -3.51117e-06 4.861
15.725 2.60617e-05 1.52962e-05 -3.43113e-06 4.85327
15.75 2.53637e-05 1.49549e-05 -3.35238e-06 4.84557
15.775 2.46863e-05 1.46201e-05 -3.27475e-06 4.83789
15.8 2.40282e-05 1.42909e-05 -3.19807e-06 4.83024
15.825 2.3388e-05 1.39665e-05 -3.12218e-06 4.82261
15.85 2.27646e-05 1.36462e-05 -3.04694e-06 4.815
15.875 2.21569e-05 1.33289e-05 -2.97224e-06 4.80742
15.9 2.15639e-05 1.30142e-05 -2.89797e-06 4.79986
15.925 2.09848e-05 1.27017e-05 -2.82403e-06 4.79232
15.95 2.04186e-05 1.23906e-05 -2.75037e-06 4.78481
15.975 1.98647e-05 1.20807e-05 -2.67694e-06 4.77732
16 1.93225e-05 1.17716e-05 -2.60368e-06 4.76986
16.025 1.87913e-05 1.14631e-05 -2.53057e-06 4.76242
16.05 1.82709e-05 1.1155e-05 -2.45762e-06 4.755
16.075 1.77608e-05 1.08473e-05 -2.38485e-06 4.7476
16.1 1.72608e-05 1.05399e-05 -2.31228e-06 4.74023
16.125 1.67706e-05 1.0233e-05 -2.23998e-06 4.73288
16.15 1.62903e-05 9.92679e-06 -2.16799e-06 4.72556
16.175 1.58199e-05 9.6215e-06 -2.0964e-06 4.71825
16.2 1.53593e-05 9.31751e-06 -2.02531e-06 4.71097
16.225 1.49088e-05 9.01522e-06 -1.95482e-06 4.70371
16.25 1.44685e-05 8.71513e-06 -1.88506e-06 4.69648
16.275 1.40388e-05 8.4178e-06 -1.81616e-06 4.68926
16.3 1.362e-05 8.12385e-06 -1.74825e-06 4.68207
16.325 1.32125e-05 7.83393e-06 -1.6815e-06 4.6749
16.35 1.28168e-05 7.54878e-06 -1.61606e-06 4.66775
16.375 1.24333e-05 7.26916e-06 -1.5521e-06 4.66063
16.4 1.20626e-05 6.99585e-06 -1.48978e-06 4.65352
16.425 1.17053e-05 6.72969e-06 -1.4293e-06 4.64644
16.45 1.13619e-05 6.47151e-06 -1.37082e-06 4.63938
16.475 1.1033e-05 6.22219e-06 -1.31452e-06 4.63234
16.5 1.07192e-05 5.98259e-06 -1.26059e-06 4.62532
16.525 1.04213e-05 5.75357e-06 -1.20919e-06 4.61832
16.55 1.01397e-05 5.536e-06 -1.16051e-06 4.61134
16.575 9.87504e-06 5.33073e-06 -1.11471e-06 4.60439
16.6 9.628e-06 5.13858e-06 -1.07196e-06 4.59745
16.625 9.39909e-06 4.96034e-06 -1.03241e-06 4.59054
16.65 9.18884e-06 4.79679e-06 -9.96201e-07 4.58365
16.675 8.99778e-06 4.64865e-06 -9.6348e-07 4.57678
16.7 8.82636e-06 4.51663e-06 -9.34377e-07 4.56992
16.725 8.67501e-06 4.40124e-06 -9.08992e-07 4.56309
16.75 8.54411e-06 4.30317e-06 -8.87427e-07 4.55628
16.775 8.43397e-06 4.22288e-06 -8.6978e-07 4.54949
16.8 8.34486e-06 4.16082e-06 -8.5612e-07 4.54272
16.825 8.27698e-06 4.11735e-06 -8.46505e-07 4.53597
16.85 8.23043e-06 4.09279e-06 -8.40989e-07 4.52924
16.875 8.20536e-06 4.08737e-06 -8.39564e-07 4.52253
16.9 8.20174e-06 4.10122e-06 -8.42275e-07 4.51584
16.925 8.21951e-06 4.13441e-06 -8.49104e-07 4.50917
16.95 8.25853e-06 4.18696e-06 -8.60027e-07 4.50252
16.975 8.3186e-06 4.25875e-06 -8.75006e-07 4.49589
17 8.3994e-06 4.34963e-06 -8.93984e-07 4.48928
17.025 8.50065e-06 4.45935e-06 -9.16888e-07 4.48269
17.05 8.6219e-06 4.58758e-06 -9.43628e-07 4.47611
17.075 8.76265e-06 4.73391e-06 -9.74105e-07 4.46956
17.1 8.92234e-06 4.89788e-06 -1.0082e-06 4.46303
17.125 9.10036e-06 5.07893e-06 -1.04577e-06 4.45651
17.15 9.29601e-06 5.27644e-06 -1.08668e-06 4.45001
17.175 9.50854e-06 5.48973e-06 -1.13076e-06 4.44354
17.2 9.73714e-06 5.71804e-06 -1.17785e-06 4.43708
17.225 9.98095e-06 5.96056e-06 -1.22775e-06 4.43064
17.25 1.02391e-05 6.21643e-06 -1.28027e-06 4.42422
17.275 1.05105e-05 6.48474e-06 -1.33522e-06 4.41781
17.3 1.07943e-05 6.76452e-06 -1.39237e-06 4.41143
17.325 1.10894e-05 7.05479e-06 -1.45152e-06 4.40506
17.35 1.13947e-05 7.35449e-06 -1.51243e-06 4.39872
17.375 1.17091e-05 7.66257e-06 -1.57487e-06 4.39239
17.4 1.20315e-05 7.97793e-06 -1.63861e-06 4.38608
17.425 1.23608e-05 8.29945e-06 -1.70341e-06 4.37978
17.45 1.26957e-05 8.62601e-06 -1.76903e-06 4.37351
17.475 1.30351e-05 8.95648e-06 -1.83524e-06 4.36725
17.5 1.33778e-05 9.2897e-06 -1.90179e-06 4.36101
17.525 1.37227e-05 9.62453e-06 -1.96844e-06 4.35479
17.55 1.40685e-05 9.95984e-06 -2.03496e-06 4.34859
17.575 1.44141e-05 1.02945e-05 -2.10112e-06 4.3424
17.6 1.47584e-05 1.06274e-05 -2.16668e-06 4.33624
17.625 1.51001e-05 1.09574e-05 -2.23144e-06 4.33008
17.65 1.54383e-05 1.12836e-05 -2.29516e-06 4.32395
17.675 1.57717e-05 1.16047e-05 -2.35764e-06 4.31784
17.7 1.60994e-05 1.19199e-05 -2.41867e-06 4.31174
17.725 1.64203e-05 1.22281e-05 -2.47808e-06 4.30566
17.75 1.67334e-05 1.25285e-05 -2.53566e-06 4.29959
17.775 1.70378e-05 1.282e-05 -2.59124e-06 4.29354
17.8 1.73326e-05 1.3102e-05 -2.64467e-06 4.28751
17.825 1.76168e-05 1.33734e-05 -2.69578e-06 4.2815
17.85 1.78898e-05 1.36338e-05 -2.74448e-06 4.2755
17.875 1.81506e-05 1.38822e-05 -2.7905e-06 4.26952
17.9 1.83986e-05 1.41181e-05 -2.83386e-06 4.26356
17.925 1.86332e-05 1.43408e-05 -2.8744e-06 4.25761
17.95 1.88537e-05 1.45501e-05 -2.91202e-06 4.25168
17.975 1.90596e-05 1.4745e-05 -2.94664e-06 4.24577
18 1.92503e-05 1.49251e-05 -2.97819e-06 4.23987
18.025 1.94254e-05 1.50905e-05 -3.0066e-06 4.23399
18.05 1.95846e-05 1.52405e-05 -3.03182e-06 4.22813
18.075 1.97275e-05 1.5375e-05 -3.05382e-06 4.22228
18.1 1.98537e-05 1.54938e-05 -3.07258e-06 4.21645
18.125 1.99632e-05 1.55966e-05 -3.08807e-06 4.21063
18.15 2.00559e-05 1.56834e-05 -3.10029e-06 4.20483
18.175 2.01313e-05 1.57542e-05 -3.10925e-06 4.19905
18.2 2.01896e-05 1.5809e-05 -3.11497e-06 4.19328
18.225 2.02308e-05 1.58478e-05 -3.11747e-06 4.18753
18.25 2.02548e-05 1.58707e-05 -3.11679e-06 4.18179
18.275 2.02618e-05 1.58778e-05 -3.11298e-06 4.17607
18.3 2.0252e-05 1.58694e-05 -3.10607e-06 4.17037
18.325 2.02254e-05 1.58457e-05 -3.09615e-06 4.16468
18.35 2.01823e-05 1.58069e-05 -3.08327e-06 4.15901
18.375 2.0123e-05 1.57534e-05 -3.06752e-06 4.15335
18.4 2.00478e-05 1.56855e-05 -3.04897e-06 4.1477
18.425 1.9957e-05 1.56036e-05 -3.02772e-06 4.14208
18.45 1.98509e-05 1.55081e-05 -3.00385e-06 4.13646
18.475 1.973e-05 1.53993e-05 -2.97747e-06 4.13087
18.5 1.95947e-05 1.52779e-05 -2.94868e-06 4.12528
18.525 1.94454e-05 1.51441e-05 -2.91756e-06 4.11972
18.55 1.92827e-05 1.49987e-05 -2.88427e-06 4.11416
18.575 1.9107e-05 1.4842e-05 -2.8489e-06 4.10863
18.6 1.89189e-05 1.46746e-05 -2.81156e-06 4.1031
18.625 1.87188e-05 1.44971e-05 -2.77238e-06 4.0976
18.65 1.85073e-05 1.431e-05 -2.73145e-06 4.0921
18.675 1.8285e-05 1.41138e-05 -2.68892e-06 4.08663
18.7 1.80525e-05 1.39091e-05 -2.64489e-06 4.08116
18.725 1.78104e-05 1.36965e-05 -2.59948e-06 4.07571
18.75 1.75591e-05 1.34766e-05 -2.55281e-06 4.07028
18.775 1.72994e-05 1.32499e-05 -2.505e-06 4.06486
18.8 1.70317e-05 1.3017e-05 -2.45617e-06 4.05945
18.825 1.67567e-05 1.27784e-05 -2.40642e-06 4.05406
18.85 1.6475e-05 1.25347e-05 -2.35588e-06 4.04869
18.875 1.61871e-05 1.22865e-05 -2.30464e-06 4.04332
18.9 1.58936e-05 1.20343e-05 -2.25282e-06 4.03798
18.925 1.5595e-05 1.17786e-05 -2.20052e-06 4.03264
18.95 1.5292e-05 1.15199e-05 -2.14785e-06 4.02732
18.975 1.49851e-05 1.12587e-05 -2.09489e-06 4.02202
19 1.46748e-05 1.09956e-05 -2.04175e-06 4.01672
19.025 1.43616e-05 1.07309e-05 -1.98854e-06 4.01145
19.05 1.4046e-05 1.04652e-05 -1.93529e-06 4.00618
19.075 1.37286e-05 1.01989e-05 -1.88213e-06 4.00093
19.1 1.34097e-05 9.93229e-06 -1.82912e-06 3.99569
19.125 1.30899e-05 9.6659e-06 -1.77634e-06 3.99047
19.15 1.27696e-05 9.40007e-06 -1.72387e-06 3.98526
19.175 1.24492e-05 9.13516e-06 -1.67176e-06 3.98006
19.2 1.21291e-05 8.87147e-06 -1.62008e-06 3.97488
19.225 1.18097e-05 8.60949e-06 -1.56889e-06 3.96971
19.25 1.14914e-05 8.34927e-06 -1.51824e-06 3.96456
19.275 1.11744e-05 8.09114e-06 -1.46817e-06 3.95942
19.3 1.08592e-05 7.83544e-06 -1.41874e-06 3.95429
19.325 1.0546e-05 7.58235e-06 -1.36998e-06 3.94917
19.35 1.02351e-05 7.33207e-06 -1.32192e-06 3.94407
19.375 9.92679e-06 7.08478e-06 -1.2746e-06 3.93898
19.4 9.62126e-06 6.84065e-06 -1.22805e-06 3.9339
19.425 9.31875e-06 6.59981e-06 -1.18228e-06 3.92884
19.45 9.01945e-06 6.36235e-06 -1.13732e-06 3.92379
19.475 8.72354e-06 6.12839e-06 -1.09316e-06 3.91875
19.5 8.43118e-06 5.89796e-06 -1.04984e-06 3.91373
19.525 8.14249e-06 5.67112e-06 -1.00734e-06 3.90872
19.55 7.85759e-06 5.44788e-06 -9.65671e-07 3.90372
19.575 7.57658e-06 5.22822e-06 -9.24824e-07 3.89874
19.6 7.29953e-06 5.01211e-06 -8.84793e-07 3.89376
19.625 7.02649e-06 4.79948e-06 -8.45562e-07 3.8888
19.65 6.7575e-06 4.59027e-06 -8.07115e-07 3.88385
19.675 6.49257e-06 4.38431e-06 -7.69428e-07 3.87892
19.7 6.23171e-06 4.18149e-06 -7.32475e-07 3.874
19.725 5.97488e-06 3.98161e-06 -6.96224e-07 3.86909
19.75 5.72205e-06 3.78449e-06 -6.60637e-07 3.86419
19.775 5.47316e-06 3.58987e-06 -6.25673e-07 3.8593
19.8 5.22813e-06 3.39749e-06 -5.91285e-07 3.85443
19.825 4.98687e-06 3.20703e-06 -5.5742e-07 3.84957
19.85 4.74927e-06 3.01816e-06 -5.2402e-07 3.84472
19.875 4.5152e-06 2.83048e-06 -4.91022e-07 3.83989
19.9 4.28451e-06 2.64357e-06 -4.58353e-07 3.83506
19.925 4.05704e-06 2.45696e-06 -4.25938e-07 3.83025
19.95 3.83259e-06 2.27009e-06 -3.93688e-07 3.82545
19.975 3.61104e-06 2.08253e-06 -3.61532e-07 3.82066
20 3.39197e-06 1.89323e-06 -3.29304e-07 3.81589
