0 412.895 337.698 -9.77447 25.6753
0.025 412.895 337.698 -9.77447 25.6753
0.05 412.682 337.299 -9.77856 25.6748
0.075 412.643 337.25 -9.79783 25.6741
0.1 412.593 337.194 -9.82496 25.6732
0.125 412.542 337.145 -9.86019 25.672
0.15 412.482 337.091 -9.90319 25.6705
0.175 412.415 337.032 -9.95384 25.6687
0.2 412.338 336.966 -10.012 25.6667
0.225 412.248 336.893 -10.0774 25.6644
0.25 412.153 336.812 -10.15 25.6619
0.275 412.049 336.724 -10.2296 25.6591
0.3 411.935 336.628 -10.3159 25.656
0.325 411.812 336.524 -10.4087 25.6526
0.35 411.679 336.409 -10.5079 25.649
0.375 411.536 336.289 -10.6131 25.6452
0.4 411.385 336.162 -10.7241 25.641
0.425 411.224 336.026 -10.8406 25.6367
0.45 411.054 335.883 -10.9623 25.632
0.475 410.874 335.732 -11.0889 25.6271
0.5 410.686 335.573 -11.2201 25.622
0.525 410.489 335.407 -11.3555 25.6165
0.55 410.283 335.233 -11.4949 25.6109
0.575 410.069 335.051 -11.6379 25.6049
0.6 409.846 334.863 -11.7841 25.5988
0.625 409.615 334.667 -11.9332 25.5923
0.65 409.376 334.463 -12.0848 25.5857
0.675 409.129 334.253 -12.2385 25.5787
0.7 408.874 334.037 -12.3941 25.5716
0.725 408.612 333.813 -12.5511 25.5642
0.75 408.343 333.584 -12.7091 25.5565
0.775 408.067 333.348 -12.8678 25.5486
0.8 407.784 333.102 -13.0269 25.5405
0.825 407.495 332.856 -13.1858 25.5321
0.85 407.2 332.603 -13.3444 25.5235
0.875 406.899 332.345 -13.5022 25.5146
0.9 406.593 332.082 -13.6589 25.5056
0.925 406.281 331.814 -13.8142 25.4963
0.95 405.965 331.541 -13.9676 25.4867
0.975 405.645 331.265 -14.1189 25.4769
1 405.32 330.985 -14.2678 25.4669
1.025 404.992 330.702 -14.414 25.4567
1.05 404.661 330.415 -14.557 25.4463
1.075 404.327 330.126 -14.6968 25.4356
1.1 403.99 329.834 -14.8329 25.4247
1.125 403.652 329.54 -14.9652 25.4136
1.15 403.312 329.245 -15.0933 25.4022
1.175 402.971 328.949 -15.2171 25.3907
1.2 402.63 328.651 -15.3364 25.3789
1.225 402.288 328.354 -15.4509 25.3669
1.25 401.947 328.056 -15.5604 25.3547
1.275 401.606 327.759 -15.6648 25.3423
1.3 401.267 327.462 -15.7639 25.3297
1.325 400.93 327.167 -15.8574 25.3168
1.35 400.595 326.874 -15.9456 25.3038
1.375 400.263 326.582 -16.0281 25.2905
1.4 399.934 326.294 -16.1049 25.2771
1.425 399.609 326.008 -16.176 25.2634
1.45 399.288 325.725 -16.2411 25.2495
1.475 398.972 325.447 -16.3004 25.2354
1.5 398.66 325.172 -16.3538 25.2211
1.525 398.354 324.904 -16.4014 25.2066
1.55 398.054 324.64 -16.4431 25.1919
1.575 397.761 324.38 -16.4789 25.177
1.6 397.474 324.126 -16.5088 25.1619
1.625 397.195 323.879 -16.5331 25.1465
1.65 396.923 323.637 -16.5516 25.131
1.675 396.659 323.403 -16.5647 25.1153
1.7 396.404 323.178 -16.5723 25.0993
1.725 396.157 322.957 -16.5745 25.0832
1.75 395.92 322.745 -16.5716 25.0668
1.775 395.691 322.542 -16.5637 25.0503
1.8 395.473 322.346 -16.5509 25.0335
1.825 395.264 322.159 -16.5334 25.0166
1.85 395.065 321.981 -16.5114 24.9994
1.875 394.877 321.812 -16.4851 24.982
1.9 394.699 321.652 -16.4548 24.9645
1.925 394.532 321.501 -16.4205 24.9467
1.95 394.376 321.358 -16.3825 24.9287
1.975 394.231 321.226 -16.3411 24.9105
2 394.097 321.104 -16.2965 24.8921
2.025 393.973 320.991 -16.249 24.8735
2.05 393.862 320.889 -16.1987 24.8546
2.075 393.762 320.796 -16.1459 24.8356
2.1 393.669 320.712 -16.091 24.8164
2.125 393.594 320.639 -16.034 24.7969
2.15 393.527 320.575 -15.9754 24.7772
2.175 393.471 320.52 -15.9153 24.7574
2.2 393.426 320.475 -15.854 24.7373
2.225 393.391 320.44 -15.7917 24.7169
2.25 393.367 320.413 -15.7288 24.6964
2.275 393.353 320.396 -15.6654 24.6757
2.3 393.35 320.387 -15.6019 24.6547
2.325 393.356 320.387 -15.5383 24.6335
2.35 393.372 320.396 -15.4751 24.6121
2.375 393.398 320.412 -15.4124 24.5905
2.4 393.433 320.437 -15.3503 24.5686
2.425 393.476 320.469 -15.2893 24.5466
2.45 393.528 320.508 -15.2294 24.5243
2.475 393.589 320.554 -15.1708 24.5018
2.5 393.657 320.607 -15.1138 24.479
2.525 393.732 320.667 -15.0585 24.4561
2.55 393.814 320.732 -15.0051 24.4329
2.575 393.903 320.803 -14.9538 24.4094
2.6 393.999 320.879 -14.9047 24.3858
2.625 394.1 320.96 -14.8579 24.3619
2.65 394.207 321.046 -14.8137 24.3378
2.675 394.319 321.135 -14.772 24.3134
2.7 394.435 321.229 -14.7329 24.2888
2.725 394.556 321.326 -14.6966 24.264
2.75 394.681 321.425 -14.6632 24.239
2.775 394.808 321.528 -14.6326 24.2137
2.8 394.939 321.633 -14.6049 24.1882
2.825 395.073 321.739 -14.5802 24.1624
2.85 395.209 321.847 -14.5587 24.1364
2.875 395.346 321.957 -14.5401 24.1102
2.9 395.485 322.067 -14.5245 24.0837
2.925 395.625 322.178 -14.512 24.057
2.95 395.766 322.289 -14.5024 24.0301
2.975 395.908 322.4 -14.4959 24.0029
3 396.049 322.512 -14.4921 23.9755
3.025 396.19 322.622 -14.4912 23.9478
3.05 396.331 322.731 -14.4931 23.9199
3.075 396.472 322.839 -14.4976 23.8918
3.1 396.611 322.946 -14.5047 23.8634
3.125 396.749 323.051 -14.5142 23.8348
3.15 396.886 323.154 -14.5261 23.8059
3.175 397.021 323.256 -14.5402 23.7768
3.2 397.151 323.356 -14.5565 23.7475
3.225 397.287 323.453 -14.5746 23.7179
3.25 397.417 323.548 -14.5946 23.6881
3.275 397.545 323.641 -14.6163 23.658
3.3 397.671 323.732 -14.6395 23.6277
3.325 397.795 323.821 -14.664 23.5972
3.35 397.917 323.907 -14.6897 23.5664
3.375 398.037 323.991 -14.7164 23.5354
3.4 398.154 324.072 -14.7439 23.5042
3.425 398.27 324.152 -14.7721 23.4727
3.45 398.384 324.229 -14.8008 23.4409
3.475 398.496 324.303 -14.8297 23.409
3.5 398.606 324.377 -14.8588 23.3768
3.525 398.714 324.448 -14.8879 23.3443
3.55 398.821 324.518 -14.9168 23.3117
3.575 398.926 324.586 -14.9453 23.2787
3.6 399.031 324.653 -14.9733 23.2456
3.625 399.133 324.719 -15.0005 23.2122
3.65 399.235 324.784 -15.0269 23.1786
3.675 399.336 324.848 -15.0523 23.1447
3.7 399.437 324.911 -15.0764 23.1106
3.725 399.537 324.974 -15.0993 23.0763
3.75 399.636 325.037 -15.1207 23.0417
3.775 399.735 325.099 -15.1405 23.0069
3.8 399.834 325.161 -15.1587 22.9719
3.825 399.933 325.224 -15.175 22.9366
3.85 400.032 325.287 -15.1894 22.9011
3.875 400.131 325.35 -15.2018 22.8654
3.9 400.23 325.414 -15.2121 22.8294
3.925 400.33 325.479 -15.2202 22.7932
3.95 400.429 325.544 -15.2261 22.7568
3.975 400.529 325.61 -15.2297 22.7201
4 400.63 325.677 -15.2309 22.6832
4.025 400.73 325.745 -15.2297 22.646
4.05 400.83 325.814 -15.2262 22.6086
4.075 400.93 325.883 -15.2202 22.571
4.1 401.029 325.954 -15.2117 22.5332
4.125 401.128 326.024 -15.2009 22.4951
4.15 401.226 326.096 -15.1876 22.4568
4.175 401.323 326.167 -15.1719 22.4182
4.2 401.418 326.238 -15.1539 22.3795
4.225 401.511 326.309 -15.1335 22.3404
4.25 401.602 326.38 -15.1108 22.3012
4.275 401.689 326.449 -15.086 22.2617
4.3 401.769 326.517 -15.0589 22.2219
4.325 401.849 326.583 -15.0298 22.182
4.35 401.928 326.647 -14.9988 22.1418
4.375 401.997 326.707 -14.9658 22.1013
4.4 402.06 326.765 -14.931 22.0606
4.425 402.114 326.817 -14.8945 22.0197
4.45 402.161 326.865 -14.8564 21.9785
4.475 402.198 326.908 -14.8168 21.9371
4.5 402.227 326.943 -14.7759 21.8954
4.525 402.243 326.972 -14.7337 21.8535
4.55 402.246 326.992 -14.6905 21.8114
4.575 402.236 327.003 -14.6462 21.769
4.6 402.211 327.004 -14.6011 21.7264
4.625 402.17 326.993 -14.5554 21.6835
4.65 402.111 326.971 -14.509 21.6404
4.675 402.033 326.935 -14.4622 21.597
4.7 401.936 326.884 -14.4151 21.5534
4.725 401.816 326.818 -14.3679 21.5095
4.75 401.673 326.734 -14.3206 21.4654
4.775 401.506 326.633 -14.2735 21.421
4.8 401.312 326.512 -14.2266 21.3764
4.825 401.091 326.37 -14.1801 21.3315
4.85 400.84 326.206 -14.1342 21.2864
4.875 400.558 326.019 -14.0889 21.2411
4.9 400.243 325.806 -14.0443 21.1954
4.925 399.894 325.567 -14.0007 21.1496
4.95 399.509 325.301 -13.958 21.1035
4.975 399.086 325.005 -13.9165 21.0571
5 398.624 324.679 -13.8762 21.0105
5.025 398.121 324.32 -13.8372 20.9636
5.05 397.576 323.928 -13.7996 20.9165
5.075 396.986 323.501 -13.7636 20.8692
5.1 396.35 323.038 -13.7291 20.8216
5.125 395.666 322.536 -13.6962 20.7737
5.15 394.934 321.995 -13.6651 20.7256
5.175 394.151 321.414 -13.6357 20.6773
5.2 393.315 320.79 -13.6082 20.6287
5.225 392.426 320.123 -13.5825 20.5798
5.25 391.48 319.41 -13.5588 20.5308
5.275 390.479 318.652 -13.5369 20.4815
5.3 389.42 317.846 -13.517 20.4319
5.325 388.302 316.991 -13.4991 20.3821
5.35 387.122 316.086 -13.4831 20.3321
5.375 385.882 315.13 -13.469 20.2818
5.4 384.578 314.121 -13.4569 20.2314
5.425 383.21 313.059 -13.4466 20.1807
5.45 381.778 311.943 -13.4382 20.1297
5.475 380.279 310.771 -13.4317 20.0786
5.5 378.714 309.542 -13.4269 20.0272
5.525 377.081 308.256 -13.4238 19.9756
5.55 375.38 306.912 -13.4223 19.9238
5.575 373.61 305.508 -13.4224 19.8718
5.6 371.77 304.046 -13.424 19.8196
5.625 369.861 302.522 -13.427 19.7672
5.65 367.882 300.938 -13.4313 19.7146
5.675 365.832 299.293 -13.4367 19.6618
5.7 363.711 297.586 -13.4433 19.6088
5.725 361.52 295.818 -13.4508 19.5556
5.75 359.259 293.986 -13.4591 19.5022
5.775 356.926 292.093 -13.4681 19.4487
5.8 354.524 290.137 -13.4776 19.395
5.825 352.052 288.12 -13.4876 19.3412
5.85 349.509 286.04 -13.4979 19.2872
5.875 346.898 283.897 -13.5083 19.233
5.9 344.219 281.693 -13.5186 19.1787
5.925 341.472 279.427 -13.5289 19.1242
5.95 338.658 277.1 -13.5387 19.0696
5.975 335.78 274.714 -13.548 19.0149
6 332.835 272.267 -13.5566 18.96
6.025 329.827 269.762 -13.5644 18.9051
6.05 326.756 267.198 -13.5712 18.85
6.075 323.62 264.578 -13.5768 18.7948
6.1 320.428 261.902 -13.581 18.7396
6.125 317.177 259.171 -13.5838 18.6842
6.15 313.872 256.386 -13.5849 18.6287
6.175 310.509 253.548 -13.5841 18.5732
6.2 307.093 250.66 -13.5813 18.5176
6.225 303.624 247.722 -13.5764 18.462
6.25 300.106 244.737 -13.5692 18.4063
6.275 296.54 241.706 -13.5594 18.3505
6.3 292.928 238.63 -13.5471 18.2947
6.325 289.272 235.511 -13.532 18.2389
6.35 285.574 232.352 -13.514 18.183
6.375 281.837 229.155 -13.493 18.1271
6.4 278.062 225.921 -13.4689 18.0712
6.425 274.253 222.652 -13.4414 18.0153
6.45 270.411 219.351 -13.4106 17.9594
6.475 266.538 216.02 -13.3762 17.9035
6.5 262.638 212.661 -13.3383 17.8477
6.525 258.713 209.277 -13.2967 17.7918
6.55 254.765 205.869 -13.2513 17.736
6.575 250.796 202.441 -13.2021 17.6802
6.6 246.809 198.995 -13.149 17.6245
6.625 242.807 195.533 -13.0919 17.5688
6.65 238.793 192.058 -13.0308 17.5132
6.675 234.768 188.572 -12.9656 17.4577
6.7 230.735 185.078 -12.8964 17.4022
6.725 226.697 181.578 -12.8231 17.3468
6.75 222.657 178.075 -12.7457 17.2915
6.775 218.617 174.572 -12.6641 17.2363
6.8 214.579 171.07 -12.5785 17.1812
6.825 210.546 167.574 -12.4888 17.1262
6.85 206.521 164.084 -12.395 17.0713
6.875 202.506 160.603 -12.2972 17.0165
6.9 198.502 157.135 -12.1955 16.9618
6.925 194.514 153.68 -12.0898 16.9073
6.95 190.542 150.242 -11.9803 16.8529
6.975 186.59 146.824 -11.867 16.7987
7 182.659 143.426 -11.7501 16.7446
7.025 178.751 140.052 -11.6295 16.6907
7.05 174.87 136.703 -11.5054 16.6369
7.075 171.016 133.382 -11.378 16.5833
7.1 167.192 130.091 -11.2472 16.5298
7.125 163.4 126.831 -11.1133 16.4766
7.15 159.641 123.604 -10.9763 16.4235
7.175 155.918 120.413 -10.8364 16.3706
7.2 152.232 117.259 -10.6938 16.3178
7.225 148.585 114.143 -10.5485 16.2653
7.25 144.978 111.068 -10.4007 16.213
7.275 141.414 108.034 -10.2506 16.1608
7.3 137.892 105.043 -10.0983 16.1089
7.325 134.415 102.096 -9.94395 16.0571
7.35 130.984 99.1941 -9.78775 16.0056
7.375 127.601 96.3391 -9.62984 15.9543
7.4 124.265 93.5316 -9.4704 15.9032
7.425 120.979 90.7726 -9.30958 15.8523
7.45 117.744 88.0628 -9.14754 15.8017
7.475 114.558 85.4031 -8.98446 15.7512
7.5 111.426 82.794 -8.82051 15.701
7.525 108.346 80.2361 -8.65583 15.651
7.55 105.32 77.7299 -8.49061 15.6012
7.575 102.347 75.2758 -8.325 15.5517
7.6 99.4286 72.8742 -8.15917 15.5024
7.625 96.565 70.5252 -7.99327 15.4533
7.65 93.7565 68.2289 -7.82746 15.4045
7.675 91.0034 65.985 -7.6619 15.3559
7.7 88.3058 63.795 -7.49673 15.3076
7.725 85.664 61.6573 -7.3321 15.2595
7.75 83.078 59.5722 -7.16815 15.2116
7.775 80.5476 57.5396 -7.00502 15.1639
7.8 78.073 55.5591 -6.84285 15.1166
7.825 75.654 53.6305 -6.68177 15.0694
7.85 73.2903 51.7533 -6.52185 15.0225
7.875 70.9817 49.9271 -6.3633 14.9758
7.9 68.7279 48.1514 -6.2062 14.9294
7.925 66.5287 46.4257 -6.05065 14.8832
7.95 64.3834 44.7493 -5.89676 14.8373
7.975 62.2918 43.1217 -5.74462 14.7916
8 60.2534 41.5421 -5.59432 14.7461
8.025 58.2675 40.0099 -5.44596 14.7009
8.05 56.3337 38.5243 -5.29962 14.656
8.075 54.4512 37.0845 -5.15536 14.6112
8.1 52.6196 35.6898 -5.01331 14.5668
8.125 50.838 34.3392 -4.87344 14.5225
8.15 49.1058 33.0321 -4.73584 14.4785
8.175 47.4222 31.7674 -4.60058 14.4348
8.2 45.7865 30.5444 -4.4677 14.3912
8.225 44.1979 29.3621 -4.33725 14.348
8.25 42.6556 28.2196 -4.20925 14.3049
8.275 41.1587 27.116 -4.08374 14.2621
8.3 39.7066 26.0504 -3.96076 14.2195
8.325 38.2982 25.0219 -3.8403 14.1772
8.35 36.9327 24.0295 -3.72241 14.1351
8.375 35.6093 23.0722 -3.60708 14.0932
8.4 34.3271 22.1493 -3.49433 14.0516
8.425 33.0851 21.2596 -3.38415 14.0102
8.45 31.8825 20.4024 -3.27656 13.969
8.475 30.7184 19.5767 -3.17153 13.928
8.5 29.5919 18.7816 -3.06907 13.8873
8.525 28.5021 18.0161 -2.96916 13.8468
8.55 27.4481 17.2794 -2.87179 13.8065
8.575 26.4291 16.5707 -2.77694 13.7665
8.6 25.444 15.889 -2.68459 13.7266
8.625 24.4921 15.2335 -2.59471 13.687
8.65 23.5725 14.6033 -2.50727 13.6476
8.675 22.6842 13.9977 -2.42226 13.6085
8.7 21.8265 13.4157 -2.33963 13.5695
8.725 20.9985 12.8567 -2.25936 13.5308
8.75 20.1994 12.3198 -2.18141 13.4922
8.775 19.4283 11.8043 -2.10573 13.4539
8.8 18.6844 11.3094 -2.0323 13.4158
8.825 17.9669 10.8344 -1.96108 13.3779
8.85 17.275 10.3786 -1.89202 13.3402
8.875 16.608 9.94126 -1.82508 13.3028
8.9 15.9651 9.52176 -1.76022 13.2655
8.925 15.3455 9.11942 -1.6974 13.2284
8.95 14.7485 8.73361 -1.63657 13.1915
8.975 14.1734 8.36369 -1.57768 13.1549
9 13.6194 8.00908 -1.5207 13.1184
9.025 13.086 7.66919 -1.46558 13.0821
9.05 12.5724 7.34344 -1.41227 13.0461
9.075 12.078 7.0313 -1.36073 13.0102
9.1 11.602 6.73222 -1.3109 12.9745
9.125 11.144 6.4457 -1.26276 12.939
9.15 10.7033 6.17123 -1.21624 12.9037
9.175 10.2793 5.90834 -1.17132 12.8686
9.2 9.87146 5.65657 -1.12794 12.8337
9.225 9.47917 5.41545 -1.08605 12.7989
9.25 9.1019 5.18457 -1.04563 12.7644
9.275 8.73912 4.9635 -1.00662 12.73
9.3 8.39033 4.75184 -0.968978 12.6958
9.325 8.05501 4.5492 -0.932669 12.6618
9.35 7.7327 4.35522 -0.897651 12.628
9.375 7.42291 4.16952 -0.863882 12.5943
9.4 7.1252 3.99177 -0.831325 12.5609
9.425 6.83912 3.82164 -0.79994 12.5276
9.45 6.56424 3.65879 -0.76969 12.4945
9.475 6.30015 3.50294 -0.740539 12.4615
9.5 6.04645 3.35377 -0.712449 12.4287
9.525 5.80275 3.21102 -0.685387 12.3961
9.55 5.56869 3.07439 -0.659318 12.3637
9.575 5.34388 2.94365 -0.634208 12.3314
9.6 5.128 2.81852 -0.610026 12.2994
9.625 4.92069 2.69879 -0.586738 12.2674
9.65 4.72163 2.5842 -0.564316 12.2357
9.675 4.53051 2.47455 -0.542728 12.2041
9.7 4.34702 2.36961 -0.521946 12.1726
9.725 4.17088 2.2692 -0.501941 12.1413
9.75 4.00178 2.1731 -0.482686 12.1102
9.775 3.83947 2.08114 -0.464155 12.0793
9.8 3.68368 1.99314 -0.446321 12.0484
9.825 3.53416 1.90893 -0.42916 12.0178
9.85 3.39066 1.82834 -0.412647 11.9873
9.875 3.25294 1.75121 -0.39676 11.957
9.9 3.12078 1.67741 -0.381475 11.9268
9.925 2.99397 1.60677 -0.36677 11.8967
9.95 2.87228 1.53917 -0.352625 11.8669
9.975 2.75552 1.47447 -0.339019 11.8371
10 2.6435 1.41256 -0.325932 11.8075
10.025 2.53602 1.3533 -0.313345 11.7781
10.05 2.4329 1.29658 -0.30124 11.7488
10.075 2.33398 1.24229 -0.289598 11.7197
10.1 2.23908 1.19033 -0.278402 11.6907
10.125 2.14804 1.1406 -0.267635 11.6618
10.15 2.06071 1.093 -0.257284 11.6331
10.175 1.97694 1.04743 -0.24733 11.6045
10.2 1.89659 1.00381 -0.237761 11.5761
10.225 1.81952 0.962062 -0.22856 11.5478
10.25 1.74559 0.922094 -0.219714 11.5196
10.275 1.67469 0.883832 -0.211211 11.4916
10.3 1.60668 0.847204 -0.203036 11.4637
10.325 1.54146 0.812137 -0.195177 11.4359
10.35 1.47891 0.778565 -0.187624 11.4083
10.375 1.41891 0.746423 -0.180363 11.3808
10.4 1.36138 0.715649 -0.173384 11.3535
10.425 1.3062 0.686184 -0.166676 11.3262
10.45 1.25328 0.657971 -0.160229 11.2991
10.475 1.20253 0.630956 -0.154032 11.2722
10.5 1.15386 0.605088 -0.148077 11.2453
10.525 1.10719 0.580317 -0.142354 11.2186
10.55 1.06243 0.556595 -0.136854 11.1921
10.575 1.01951 0.533877 -0.131569 11.1656
10.6 0.978353 0.51212 -0.12649 11.1393
10.625 0.938881 0.491283 -0.121609 11.1131
10.65 0.901029 0.471325 -0.116919 11.087
10.675 0.864729 0.452209 -0.112413 11.061
10.7 0.829919 0.433898 -0.108082 11.0352
10.725 0.796536 0.416358 -0.103921 11.0094
10.75 0.764523 0.399555 -0.0999231 10.9838
10.775 0.733822 0.383458 -0.0960814 10.9584
10.8 0.70438 0.368035 -0.0923902 10.933
10.825 0.676144 0.353259 -0.0888435 10.9077
10.85 0.649065 0.339101 -0.0854357 10.8826
10.875 0.623096 0.325534 -0.0821613 10.8576
10.9 0.598189 0.312533 -0.0790152 10.8327
10.925 0.574301 0.300074 -0.0759923 10.8079
10.95 0.551391 0.288133 -0.0730878 10.7832
10.975 0.529417 0.276688 -0.070297 10.7587
11 0.50834 0.265717 -0.0676154 10.7342
11.025 0.488125 0.255201 -0.0650387 10.7099
11.05 0.468734 0.245119 -0.0625628 10.6856
11.075 0.450133 0.235453 -0.0601836 10.6615
11.1 0.432291 0.226185 -0.0578975 10.6375
11.125 0.415174 0.217298 -0.0557007 10.6136
11.15 0.398754 0.208776 -0.0535895 10.5898
11.175 0.383002 0.200602 -0.0515607 10.5661
11.2 0.367889 0.192763 -0.0496108 10.5425
11.225 0.353389 0.185244 -0.0477369 10.5191
11.25 0.339476 0.17803 -0.0459358 10.4957
11.275 0.326127 0.171109 -0.0442045 10.4724
11.3 0.313317 0.164469 -0.0425405 10.4492
11.325 0.301025 0.158098 -0.0409411 10.4262
11.35 0.289229 0.151983 -0.0394036 10.4032
11.375 0.277909 0.146115 -0.0379255 10.3803
11.4 0.267044 0.140483 -0.0365046 10.3576
11.425 0.256616 0.135076 -0.0351384 10.3349
11.45 0.246607 0.129885 -0.0338248 10.3124
11.475 0.236999 0.124902 -0.0325618 10.2899
11.5 0.227776 0.120117 -0.0313472 10.2675
11.525 0.218922 0.115522 -0.0301792 10.2452
11.55 0.210422 0.111109 -0.029056 10.2231
11.575 0.202261 0.106871 -0.0279756 10.201
11.6 0.194425 0.1028 -0.0269365 10.179
11.625 0.186901 0.0988885 -0.025937 10.1571
11.65 0.179675 0.0951311 -0.0249755 10.1353
11.675 0.172737 0.0915214 -0.0240505 10.1136
11.7 0.166074 0.0880524 -0.0231605 10.092
11.725 0.159674 0.0847187 -0.0223042 10.0705
11.75 0.153527 0.0815147 -0.0214803 10.0491
11.775 0.147623 0.0784353 -0.0206875 10.0277
11.8 0.141952 0.0754752 -0.0199245 10.0065
11.825 0.136503 0.0726297 -0.0191904 9.98533
11.85 0.131269 0.0698941 -0.0184836 9.96426
11.875 0.126241 0.0672639 -0.0178034 9.94328
11.9 0.121409 0.064735 -0.0171486 9.92239
11.925 0.116767 0.0623032 -0.0165183 9.90159
11.95 0.112307 0.0599647 -0.0159115 9.88088
11.975 0.10802 0.0577157 -0.0153273 9.86025
12 0.103901 0.0555527 -0.0147649 9.83971
12.025 0.0999425 0.0534723 -0.0142233 9.81925
12.05 0.096138 0.0514712 -0.0137019 9.79888
12.075 0.0924814 0.0495463 -0.0131998 9.77859
12.1 0.0889669 0.0476945 -0.0127163 9.75839
12.125 0.0855887 0.0459132 -0.0122507 9.73827
12.15 0.0823415 0.0441994 -0.0118022 9.71823
12.175 0.0792199 0.0425506 -0.0113704 9.69827
12.2 0.0762191 0.0409643 -0.0109545 9.6784
12.225 0.0733343 0.0394379 -0.0105539 9.65861
12.25 0.0705609 0.0379694 -0.0101681 9.6389
12.275 0.0678944 0.0365563 -0.00979653 9.61927
12.3 0.0653307 0.0351965 -0.00943862 9.59972
12.325 0.0628658 0.0338882 -0.00909387 9.58024
12.35 0.0604958 0.0326291 -0.00876181 9.56085
12.375 0.0582168 0.0314176 -0.00844197 9.54154
12.4 0.0560255 0.0302518 -0.00813388 9.5223
12.425 0.0539183 0.0291299 -0.00783713 9.50314
12.45 0.051892 0.0280502 -0.00755128 9.48406
12.475 0.0499434 0.0270113 -0.00727594 9.46505
12.5 0.0480696 0.0260115 -0.00701073 9.44612
12.525 0.0462675 0.0250494 -0.00675527 9.42727
12.55 0.0445344 0.0241235 -0.0065092 9.40849
12.575 0.0428676 0.0232325 -0.00627219 9.38978
12.6 0.0412646 0.0223751 -0.0060439 9.37115
12.625 0.0397229 0.0215499 -0.00582401 9.35259
12.65 0.0382401 0.0207559 -0.00561221 9.33411
12.675 0.0368139 0.0199918 -0.00540822 9.3157
12.7 0.0354422 0.0192564 -0.00521175 9.29736
12.725 0.0341229 0.0185488 -0.00502251 9.2791
12.75 0.0328538 0.0178679 -0.00484026 9.2609
12.775 0.0316332 0.0172126 -0.00466473 9.24278
12.8 0.030459 0.016582 -0.00449567 9.22473
12.825 0.0293296 0.0159752 -0.00433286 9.20674
12.85 0.0282432 0.0153913 -0.00417606 9.18883
12.875 0.0271982 0.0148293 -0.00402506 9.17099
12.9 0.0261929 0.0142886 -0.00387963 9.15322
12.925 0.0252258 0.0137682 -0.00373958 9.13551
12.95 0.0242955 0.0132674 -0.00360471 9.11788
12.975 0.0234005 0.0127855 -0.00347483 9.10031
13 0.0225394 0.0123217 -0.00334976 9.08281
13.025 0.0217111 0.0118754 -0.00322931 9.06537
13.05 0.0209141 0.0114459 -0.00311332 9.04801
13.075 0.0201473 0.0110325 -0.00300162 9.03071
13.1 0.0194096 0.0106346 -0.00289405 9.01347
13.125 0.0186997 0.0102517 -0.00279046 8.9963
13.15 0.0180167 0.00988319 -0.00269071 8.9792
13.175 0.0173595 0.00952847 -0.00259464 8.96216
13.2 0.0167271 0.00918703 -0.00250212 8.94519
13.225 0.0161185 0.00885836 -0.00241302 8.92828
13.25 0.0155328 0.00854198 -0.00232721 8.91143
13.275 0.0149692 0.0082374 -0.00224456 8.89465
13.3 0.0144268 0.00794417 -0.00216497 8.87793
13.325 0.0139047 0.00766191 -0.00208831 8.86128
13.35 0.0134022 0.00739008 -0.00201447 8.84468
13.375 0.0129185 0.00712834 -0.00194334 8.82815
13.4 0.0124529 0.00687629 -0.00187483 8.81168
13.425 0.0120047 0.00663356 -0.00180882 8.79527
13.45 0.0115732 0.00639978 -0.00174524 8.77892
13.475 0.0111578 0.00617461 -0.00168396 8.76263
13.5 0.0107578 0.00595771 -0.00162494 8.74641
13.525 0.0103727 0.00574877 -0.00156807 8.73024
13.55 0.0100019 0.00554746 -0.00151327 8.71413
13.575 0.00964481 0.0053535 -0.00146047 8.69808
13.6 0.00930091 0.0051666 -0.00140958 8.6821
13.625 0.0089697 0.00498649 -0.00136053 8.66617
13.65 0.00865069 0.00481285 -0.00131327 8.65029
13.675 0.0083434 0.00464553 -0.00126769 8.63448
13.7 0.00804739 0.00448424 -0.00122376 8.61872
13.725 0.00776222 0.00432875 -0.00118141 8.60302
13.75 0.00748748 0.00417883 -0.00114057 8.58738
13.775 0.00722277 0.00403427 -0.00110119 8.5718
13.8 0.0069677 0.00389486 -0.00106321 8.55627
13.825 0.0067219 0.0037604 -0.00102659 8.5408
13.85 0.00648501 0.00363068 -0.000991253 8.52538
13.875 0.00625671 0.00350558 -0.000957176 8.51002
13.9 0.00603665 0.00338488 -0.000924302 8.49471
13.925 0.00582453 0.00326843 -0.000892585 8.47946
13.95 0.00562005 0.00315606 -0.000861981 8.46427
13.975 0.00542291 0.00304762 -0.000832448 8.44912
14 0.00523284 0.00294296 -0.000803947 8.43404
14.025 0.00504958 0.00284194 -0.000776438 8.419
14.05 0.00487285 0.00274442 -0.000749885 8.40402
14.075 0.00470243 0.00265028 -0.000724252 8.38909
14.1 0.00453807 0.00255942 -0.000699504 8.37422
14.125 0.00437955 0.00247166 -0.00067561 8.3594
14.15 0.00422665 0.00238692 -0.000652538 8.34463
14.175 0.00407916 0.00230508 -0.000630257 8.32991
14.2 0.00393687 0.00222604 -0.000608739 8.31525
14.225 0.0037996 0.0021497 -0.000587956 8.30063
14.25 0.00366717 0.00207597 -0.000567881 8.28607
14.275 0.00353939 0.00200474 -0.000548489 8.27156
14.3 0.0034161 0.00193594 -0.000529755 8.2571
14.325 0.00329713 0.00186947 -0.000511655 8.24269
14.35 0.00318233 0.00180525 -0.000494163 8.22833
14.375 0.00307153 0.0017432 -0.000477266 8.21402
14.4 0.0029646 0.00168326 -0.00046094 8.19976
14.425 0.00286141 0.00162533 -0.000445163 8.18555
14.45 0.0027618 0.00156937 -0.000429917 8.17138
14.475 0.00266566 0.00151529 -0.000415183 8.15727
14.5 0.00257287 0.00146303 -0.000400944 8.14321
14.525 0.00248329 0.00141254 -0.000387187 8.12919
14.55 0.00239683 0.00136374 -0.000373887 8.11522
14.575 0.00231336 0.0013166 -0.000361033 8.1013
14.6 0.00223278 0.00127104 -0.00034861 8.08743
14.625 0.002155 0.00122701 -0.000336603 8.07361
14.65 0.00207991 0.00118447 -0.000324998 8.05983
14.675 0.00200743 0.00114337 -0.000313783 8.0461
14.7 0.00193745 0.00110366 -0.000302944 8.03242
14.725 0.00186989 0.00106528 -0.000292469 8.01878
14.75 0.00180467 0.00102821 -0.000282347 8.00519
14.775 0.00174171 0.000992394 -0.000272564 7.99164
14.8 0.00168093 0.000957793 -0.000263112 7.97814
14.825 0.00162225 0.000924369 -0.000253978 7.96469
14.85 0.00156561 0.000892083 -0.000245154 7.95128
14.875 0.00151093 0.000860899 -0.000236628 7.93792
14.9 0.00145815 0.00083078 -0.000228391 7.9246
14.925 0.0014072 0.000801694 -0.000220434 7.91132
14.95 0.00135803 0.000773606 -0.000212748 7.89809
14.975 0.00131056 0.000746486 -0.000205325 7.88491
15 0.00126474 0.000720302 -0.000198156 7.87177
15.025 0.00122052 0.000695023 -0.000191233 7.85867
15.05 0.00117785 0.000670622 -0.000184548 7.84561
15.075 0.00113666 0.00064707 -0.000178094 7.8326
15.1 0.00109692 0.00062434 -0.000171863 7.81964
15.125 0.00105856 0.000602405 -0.000165849 7.80671
15.15 0.00102155 0.000581241 -0.000160043 7.79383
15.175 0.000985844 0.000560821 -0.00015444 7.78099
15.2 0.00095139 0.000541123 -0.000149034 7.76819
15.225 0.00091815 0.000522123 -0.000143817 7.75544
15.25 0.000886082 0.000503797 -0.000138783 7.74272
15.275 0.000855146 0.000486125 -0.000133928 7.73005
15.3 0.000825305 0.000469088 -0.000129244 7.71742
15.325 0.000796521 0.000452658 -0.000124726 7.70483
15.35 0.000768758 0.000436819 -0.00012037 7.69228
15.375 0.000741982 0.000421551 -0.000116168 7.67977
15.4 0.000716158 0.000406835 -0.000112117 7.66731
15.425 0.000691255 0.000392653 -0.000108212 7.65488
15.45 0.00066724 0.000378985 -0.000104447 7.64249
15.475 0.000644083 0.000365816 -0.000100817 7.63015
15.5 0.000621754 0.000353127 -9.73181e-05 7.61784
15.525 0.000600225 0.000340902 -9.39458e-05 7.60557
15.55 0.000579467 0.000329124 -9.06956e-05 7.59334
15.575 0.000559455 0.000317779 -8.75632e-05 7.58116
15.6 0.00054016 0.00030685 -8.45446e-05 7.56901
15.625 0.00052156 0.000296323 -8.16356e-05 7.5569
15.65 0.000503628 0.000286183 -7.88323e-05 7.54482
15.675 0.000486341 0.000276417 -7.61311e-05 7.53279
15.7 0.000469676 0.00026701 -7.35282e-05 7.5208
15.725 0.000453612 0.000257949 -7.10201e-05 7.50884
15.75 0.000438125 0.000249223 -6.86033e-05 7.49692
15.775 0.000423196 0.000240817 -6.62744e-05 7.48504
15.8 0.000408805 0.00023272 -6.40302e-05 7.4732
15.825 0.000394931 0.00022492 -6.18675e-05 7.46139
15.85 0.000381556 0.000217406 -5.97834e-05 7.44962
15.875 0.000368662 0.000210165 -5.77748e-05 7.43789
15.9 0.000356231 0.00020319 -5.58389e-05 7.4262
15.925 0.000344246 0.00019647 -5.3973e-05 7.41454
15.95 0.00033269 0.000189993 -5.21744e-05 7.40292
15.975 0.000321548 0.000183751 -5.04406e-05 7.39133
16 0.000310804 0.000177734 -4.8769e-05 7.37978
16.025 0.000300444 0.000171933 -4.71573e-05 7.36827
16.05 0.000290453 0.000166341 -4.56033e-05 7.35679
16.075 0.000280817 0.000160948 -4.41046e-05 7.34535
16.1 0.000271523 0.000155746 -4.26592e-05 7.33394
16.125 0.000262559 0.000150729 -4.1265e-05 7.32257
16.15 0.000253911 0.000145888 -3.992e-05 7.31124
16.175 0.000245569 0.000141217 -3.86224e-05 7.29994
16.2 0.000237521 0.00013671 -3.73704e-05 7.28867
16.225 0.000229755 0.000132359 -3.61622e-05 7.27744
16.25 0.000222262 0.000128158 -3.49961e-05 7.26625
16.275 0.000215031 0.000124102 -3.38706e-05 7.25508
16.3 0.000208053 0.000120185 -3.2784e-05 7.24396
16.325 0.000201318 0.000116402 -3.1735e-05 7.23286
16.35 0.000194817 0.000112747 -3.07222e-05 7.2218
16.375 0.000188542 0.000109216 -2.97441e-05 7.21078
16.4 0.000182484 0.000105804 -2.87994e-05 7.19979
16.425 0.000176635 0.000102507 -2.78871e-05 7.18883
16.45 0.00017099 9.93207e-05 -2.70057e-05 7.1779
16.475 0.000165538 9.62406e-05 -2.61542e-05 7.16701
16.5 0.000160274 9.32631e-05 -2.53316e-05 7.15615
16.525 0.000155192 9.03848e-05 -2.45369e-05 7.14533
16.55 0.000150284 8.76022e-05 -2.3769e-05 7.13453
16.575 0.000145545 8.4912e-05 -2.3027e-05 7.12377
16.6 0.000140968 8.23111e-05 -2.23099e-05 7.11304
16.625 0.000136549 7.97967e-05 -2.1617e-05 7.10235
16.65 0.000132281 7.73663e-05 -2.09474e-05 7.09168
16.675 0.000128161 7.50163e-05 -2.03001e-05 7.08105
16.7 0.000124182 7.27448e-05 -1.96746e-05 7.07045
16.725 0.00012034 7.05493e-05 -1.907e-05 7.05988
16.75 0.00011663 6.84275e-05 -1.84857e-05 7.04934
16.775 0.000113049 6.63771e-05 -1.79209e-05 7.03884
16.8 0.000109591 6.43962e-05 -1.73752e-05 7.02836
16.825 0.000106254 6.24827e-05 -1.68477e-05 7.01792
16.85 0.000103032 6.06346e-05 -1.6338e-05 7.00751
16.875 9.9923e-05 5.88502e-05 -1.58455e-05 6.99713
16.9 9.69226e-05 5.71277e-05 -1.53695e-05 6.98678
16.925 9.40274e-05 5.54653e-05 -1.49096e-05 6.97646
16.95 9.12343e-05 5.3861e-05 -1.44652e-05 6.96617
16.975 8.85399e-05 5.2314e-05 -1.40359e-05 6.95591
17 8.59412e-05 5.08226e-05 -1.3621e-05 6.94568
17.025 8.34352e-05 4.93849e-05 -1.32204e-05 6.93548
17.05 8.1019e-05 4.79996e-05 -1.28335e-05 6.92531
17.075 7.86897e-05 4.66653e-05 -1.24598e-05 6.91517
17.1 7.64447e-05 4.53805e-05 -1.2099e-05 6.90506
17.125 7.42812e-05 4.4144e-05 -1.17506e-05 6.89498
17.15 7.21968e-05 4.29545e-05 -1.14142e-05 6.88493
17.175 7.01888e-05 4.18105e-05 -1.10895e-05 6.87491
17.2 6.82551e-05 4.07108e-05 -1.0776e-05 6.86491
17.225 6.6393e-05 3.96541e-05 -1.04735e-05 6.85495
17.25 6.46003e-05 3.86393e-05 -1.01816e-05 6.84501
17.275 6.28748e-05 3.76649e-05 -9.89985e-06 6.83511
17.3 6.12143e-05 3.67299e-05 -9.62809e-06 6.82523
17.325 5.96165e-05 3.5833e-05 -9.36588e-06 6.81538
17.35 5.80795e-05 3.49729e-05 -9.11295e-06 6.80556
17.375 5.6601e-05 3.41486e-05 -8.869e-06 6.79577
17.4 5.51792e-05 3.33588e-05 -8.63371e-06 6.78601
17.425 5.3812e-05 3.26024e-05 -8.40682e-06 6.77627
17.45 5.24975e-05 3.18781e-05 -8.18803e-06 6.76656
17.475 5.12338e-05 3.11849e-05 -7.97707e-06 6.75688
17.5 5.00191e-05 3.05216e-05 -7.77367e-06 6.74723
17.525 4.88515e-05 2.9887e-05 -7.57757e-06 6.7376
17.55 4.77292e-05 2.92801e-05 -7.38852e-06 6.72801
17.575 4.66506e-05 2.86997e-05 -7.20626e-06 6.71844
17.6 4.56138e-05 2.81447e-05 -7.03056e-06 6.70889
17.625 4.46172e-05 2.7614e-05 -6.86116e-06 6.69938
17.65 4.36592e-05 2.71066e-05 -6.69785e-06 6.68989
17.675 4.27382e-05 2.66214e-05 -6.54039e-06 6.68042
17.7 4.18525e-05 2.61576e-05 -6.38856e-06 6.67099
17.725 4.10006e-05 2.57136e-05 -6.24215e-06 6.66158
17.75 4.01811e-05 2.52887e-05 -6.10095e-06 6.6522
17.775 3.93924e-05 2.48818e-05 -5.96474e-06 6.64284
17.8 3.86332e-05 2.44921e-05 -5.83333e-06 6.63351
17.825 3.79019e-05 2.41185e-05 -5.70652e-06 6.62421
17.85 3.71974e-05 2.37601e-05 -5.58413e-06 6.61493
17.875 3.65181e-05 2.34159e-05 -5.46596e-06 6.60568
17.9 3.58628e-05 2.3085e-05 -5.35183e-06 6.59645
17.925 3.52303e-05 2.27667e-05 -5.24157e-06 6.58725
17.95 3.46193e-05 2.24599e-05 -5.135e-06 6.57808
17.975 3.40286e-05 2.21639e-05 -5.03196e-06 6.56893
18 3.34571e-05 2.18778e-05 -4.93232e-06 6.55981
18.025 3.29037e-05 2.1601e-05 -4.83585e-06 6.55071
18.05 3.23673e-05 2.13325e-05 -4.74243e-06 6.54163
18.075 3.18469e-05 2.10717e-05 -4.65191e-06 6.53259
18.1 3.13413e-05 2.08179e-05 -4.56415e-06 6.52356
18.125 3.08498e-05 2.05702e-05 -4.47901e-06 6.51457
18.15 3.03713e-05 2.03283e-05 -4.39635e-06 6.50559
18.175 2.99049e-05 2.00914e-05 -4.31605e-06 6.49664
18.2 2.94499e-05 1.9859e-05 -4.23797e-06 6.48772
18.225 2.90053e-05 1.96304e-05 -4.16197e-06 6.47882
18.25 2.85704e-05 1.94052e-05 -4.08797e-06 6.46995
18.275 2.81445e-05 1.91828e-05 -4.01585e-06 6.46109
18.3 2.77268e-05 1.89628e-05 -3.94551e-06 6.45227
18.325 2.73166e-05 1.87446e-05 -3.87681e-06 6.44347
18.35 2.69134e-05 1.8528e-05 -3.80967e-06 6.43469
18.375 2.65166e-05 1.83124e-05 -3.74399e-06 6.42593
18.4 2.61255e-05 1.80976e-05 -3.67968e-06 6.4172
18.425 2.57396e-05 1.78831e-05 -3.61665e-06 6.40849
18.45 2.53585e-05 1.76688e-05 -3.55482e-06 6.39981
18.475 2.49816e-05 1.74542e-05 -3.49411e-06 6.39115
18.5 2.46085e-05 1.72393e-05 -3.43443e-06 6.38251
18.525 2.4239e-05 1.70235e-05 -3.37573e-06 6.3739
18.55 2.38724e-05 1.68072e-05 -3.31795e-06 6.36531
18.575 2.35086e-05 1.65897e-05 -3.26101e-06 6.35674
18.6 2.31472e-05 1.6371e-05 -3.20485e-06 6.3482
18.625 2.2788e-05 1.61509e-05 -3.14942e-06 6.33968
18.65 2.24306e-05 1.59295e-05 -3.09467e-06 6.33118
18.675 2.20749e-05 1.57066e-05 -3.04054e-06 6.3227
18.7 2.17206e-05 1.54821e-05 -2.987e-06 6.31425
18.725 2.13675e-05 1.5256e-05 -2.934e-06 6.30582
18.75 2.10156e-05 1.50282e-05 -2.88151e-06 6.29741
18.775 2.06647e-05 1.47988e-05 -2.8295e-06 6.28903
18.8 2.03146e-05 1.45678e-05 -2.77791e-06 6.28067
18.825 1.99653e-05 1.43352e-05 -2.72673e-06 6.27232
18.85 1.96166e-05 1.4101e-05 -2.67594e-06 6.26401
18.875 1.92686e-05 1.38653e-05 -2.62551e-06 6.25571
18.9 1.89212e-05 1.36281e-05 -2.57542e-06 6.24743
18.925 1.85744e-05 1.33896e-05 -2.52565e-06 6.23918
18.95 1.82281e-05 1.31498e-05 -2.47618e-06 6.23095
18.975 1.78824e-05 1.29088e-05 -2.42701e-06 6.22274
19 1.75373e-05 1.26667e-05 -2.37813e-06 6.21455
19.025 1.71928e-05 1.24236e-05 -2.3295e-06 6.20639
19.05 1.68489e-05 1.21797e-05 -2.28115e-06 6.19824
19.075 1.65057e-05 1.1935e-05 -2.23305e-06 6.19012
19.1 1.61632e-05 1.16897e-05 -2.1852e-06 6.18202
19.125 1.58215e-05 1.14437e-05 -2.1376e-06 6.17394
19.15 1.54807e-05 1.11977e-05 -2.09025e-06 6.16588
19.175 1.51408e-05 1.09513e-05 -2.04313e-06 6.15784
19.2 1.48019e-05 1.07047e-05 -1.99626e-06 6.14982
19.225 1.44641e-05 1.04581e-05 -1.94962e-06 6.14182
19.25 1.41274e-05 1.02116e-05 -1.90322e-06 6.13384
19.275 1.37919e-05 9.96526e-06 -1.85705e-06 6.12589
19.3 1.34576e-05 9.71926e-06 -1.81111e-06 6.11795
19.325 1.31248e-05 9.47366e-06 -1.7654e-06 6.11004
19.35 1.27933e-05 9.22855e-06 -1.71992e-06 6.10215
19.375 1.24633e-05 8.98398e-06 -1.67466e-06 6.09427
19.4 1.21349e-05 8.74003e-06 -1.62961e-06 6.08642
19.425 1.18081e-05 8.49674e-06 -1.58477e-06 6.07858
19.45 1.14828e-05 8.25414e-06 -1.54012e-06 6.07077
19.475 1.11593e-05 8.01224e-06 -1.49567e-06 6.06298
19.5 1.08375e-05 7.77104e-06 -1.45138e-06 6.05521
19.525 1.05174e-05 7.53052e-06 -1.40725e-06 6.04745
19.55 1.0199e-05 7.29061e-06 -1.36325e-06 6.03972
19.575 9.88237e-06 7.05126e-06 -1.31936e-06 6.03201
19.6 9.56746e-06 6.81236e-06 -1.27556e-06 6.02431
19.625 9.25426e-06 6.57378e-06 -1.2318e-06 6.01664
19.65 8.94273e-06 6.33537e-06 -1.18805e-06 6.00898
19.675 8.63282e-06 6.09692e-06 -1.14428e-06 6.00135
19.7 8.32446e-06 5.85826e-06 -1.10042e-06 5.99373
19.725 8.01757e-06 5.61901e-06 -1.05642e-06 5.98613
19.75 7.71206e-06 5.37891e-06 -1.01221e-06 5.97856
19.775 7.40781e-06 5.1376e-06 -9.67739e-07 5.971
19.8 7.1047e-06 4.89465e-06 -9.22911e-07 5.96346
19.825 6.80257e-06 4.64959e-06 -8.77639e-07 5.95594
19.85 6.50126e-06 4.4019e-06 -8.31824e-07 5.94844
19.875 6.20058e-06 4.15096e-06 -7.85353e-07 5.94096
19.9 5.90031e-06 3.89609e-06 -7.38101e-07 5.93349
19.925 5.60023e-06 3.63656e-06 -6.89931e-07 5.92605
19.95 5.30007e-06 3.37147e-06 -6.40683e-07 5.91862
19.975 4.99963e-06 3.10009e-06 -5.90221e-07 5.91121
20 4.69834e-06 2.82077e-06 -5.3825e-07 5.90383
