0 379.4 306.806 -6.66157 25.5966
0.025 379.4 306.806 -6.66157 25.5966
0.05 379.217 306.451 -6.6667 25.5961
0.075 379.193 306.417 -6.68299 25.5955
0.1 379.164 306.38 -6.70579 25.5945
0.125 379.138 306.353 -6.73527 25.5933
0.15 379.109 306.325 -6.77121 25.5918
0.175 379.077 306.296 -6.8135 25.5901
0.2 379.037 306.265 -6.86201 25.5881
0.225 378.997 306.23 -6.91663 25.5858
0.25 378.953 306.192 -6.97715 25.5832
0.275 378.903 306.15 -7.04354 25.5804
0.3 378.849 306.104 -7.1155 25.5774
0.325 378.79 306.054 -7.19294 25.574
0.35 378.726 305.997 -7.27562 25.5704
0.375 378.657 305.939 -7.36334 25.5666
0.4 378.583 305.876 -7.45586 25.5624
0.425 378.503 305.809 -7.55297 25.5581
0.45 378.417 305.737 -7.65441 25.5534
0.475 378.327 305.66 -7.75997 25.5485
0.5 378.23 305.578 -7.8693 25.5434
0.525 378.128 305.49 -7.98221 25.538
0.55 378.02 305.398 -8.09839 25.5323
0.575 377.906 305.301 -8.21753 25.5264
0.6 377.786 305.198 -8.33938 25.5202
0.625 377.66 305.09 -8.46366 25.5138
0.65 377.528 304.976 -8.59003 25.5071
0.675 377.39 304.858 -8.71822 25.5002
0.7 377.246 304.733 -8.84785 25.4931
0.725 377.096 304.604 -8.97873 25.4857
0.75 376.94 304.468 -9.11048 25.478
0.775 376.778 304.328 -9.24278 25.4701
0.8 376.61 304.178 -9.37538 25.462
0.825 376.435 304.028 -9.50794 25.4537
0.85 376.255 303.871 -9.64018 25.4451
0.875 376.069 303.709 -9.77178 25.4362
0.9 375.877 303.542 -9.90247 25.4272
0.925 375.68 303.369 -10.032 25.4179
0.95 375.477 303.192 -10.16 25.4084
0.975 375.269 303.01 -10.2862 25.3986
1 375.056 302.823 -10.4104 25.3886
1.025 374.838 302.632 -10.5324 25.3784
1.05 374.615 302.437 -10.6518 25.368
1.075 374.388 302.237 -10.7684 25.3573
1.1 374.157 302.034 -10.8821 25.3465
1.125 373.921 301.827 -10.9926 25.3354
1.15 373.682 301.617 -11.0996 25.3241
1.175 373.44 301.404 -11.203 25.3125
1.2 373.194 301.187 -11.3025 25.3008
1.225 372.946 300.969 -11.3982 25.2888
1.25 372.695 300.748 -11.4897 25.2767
1.275 372.442 300.525 -11.5769 25.2643
1.3 372.188 300.301 -11.6597 25.2517
1.325 371.933 300.076 -11.738 25.2389
1.35 371.676 299.849 -11.8117 25.2259
1.375 371.42 299.623 -11.8807 25.2127
1.4 371.163 299.396 -11.9451 25.1992
1.425 370.907 299.17 -12.0044 25.1856
1.45 370.651 298.944 -12.0587 25.1717
1.475 370.397 298.719 -12.1084 25.1577
1.5 370.144 298.496 -12.1531 25.1434
1.525 369.893 298.276 -12.1928 25.129
1.55 369.645 298.057 -12.2276 25.1143
1.575 369.4 297.841 -12.2575 25.0994
1.6 369.158 297.627 -12.2826 25.0844
1.625 368.92 297.417 -12.3028 25.0691
1.65 368.686 297.21 -12.3184 25.0536
1.675 368.457 297.008 -12.3293 25.0379
1.7 368.233 296.812 -12.3356 25.022
1.725 368.014 296.617 -12.3371 25.006
1.75 367.801 296.429 -12.335 24.9897
1.775 367.595 296.246 -12.3283 24.9732
1.8 367.394 296.069 -12.3177 24.9565
1.825 367.201 295.898 -12.3031 24.9396
1.85 367.014 295.734 -12.2847 24.9225
1.875 366.835 295.576 -12.2628 24.9051
1.9 366.664 295.424 -12.2375 24.8876
1.925 366.5 295.28 -12.209 24.8699
1.95 366.344 295.142 -12.1774 24.852
1.975 366.197 295.01 -12.143 24.8338
2 366.058 294.887 -12.106 24.8155
2.025 365.928 294.772 -12.0665 24.797
2.05 365.807 294.664 -12.0249 24.7782
2.075 365.694 294.564 -11.9812 24.7592
2.1 365.59 294.472 -11.9358 24.74
2.125 365.495 294.387 -11.8888 24.7207
2.15 365.406 294.31 -11.8404 24.7011
2.175 365.332 294.241 -11.7909 24.6812
2.2 365.263 294.18 -11.7405 24.6612
2.225 365.203 294.126 -11.6894 24.641
2.25 365.152 294.08 -11.6379 24.6205
2.275 365.109 294.04 -11.586 24.5998
2.3 365.074 294.009 -11.5341 24.5789
2.325 365.048 293.984 -11.4824 24.5578
2.35 365.029 293.965 -11.4309 24.5365
2.375 365.018 293.954 -11.38 24.515
2.4 365.014 293.948 -11.3298 24.4932
2.425 365.017 293.949 -11.2805 24.4712
2.45 365.027 293.955 -11.2323 24.449
2.475 365.044 293.967 -11.1853 24.4265
2.5 365.067 293.984 -11.1396 24.4039
2.525 365.095 294.006 -11.0955 24.381
2.55 365.128 294.033 -11.053 24.3578
2.575 365.167 294.063 -11.0124 24.3345
2.6 365.21 294.097 -10.9736 24.3109
2.625 365.258 294.135 -10.9369 24.2871
2.65 365.309 294.175 -10.9022 24.2631
2.675 365.363 294.218 -10.8697 24.2388
2.7 365.42 294.264 -10.8394 24.2143
2.725 365.48 294.311 -10.8115 24.1896
2.75 365.541 294.359 -10.7859 24.1646
2.775 365.604 294.409 -10.7627 24.1394
2.8 365.668 294.459 -10.7418 24.114
2.825 365.733 294.509 -10.7235 24.0883
2.85 365.798 294.559 -10.7077 24.0624
2.875 365.863 294.608 -10.6943 24.0363
2.9 365.927 294.657 -10.6833 24.0099
2.925 365.99 294.704 -10.6747 23.9833
2.95 366.052 294.75 -10.6685 23.9565
2.975 366.113 294.794 -10.6647 23.9294
3 366.171 294.837 -10.663 23.9021
3.025 366.227 294.876 -10.6636 23.8746
3.05 366.28 294.913 -10.6663 23.8468
3.075 366.331 294.946 -10.671 23.8187
3.1 366.378 294.976 -10.6777 23.7905
3.125 366.422 295.003 -10.6863 23.762
3.15 366.462 295.026 -10.6966 23.7333
3.175 366.499 295.045 -10.7085 23.7043
3.2 366.532 295.06 -10.7219 23.6751
3.225 366.561 295.072 -10.7368 23.6457
3.25 366.586 295.079 -10.7529 23.616
3.275 366.606 295.082 -10.7701 23.5861
3.3 366.623 295.081 -10.7883 23.5559
3.325 366.635 295.077 -10.8074 23.5255
3.35 366.644 295.068 -10.8272 23.4949
3.375 366.648 295.055 -10.8476 23.4641
3.4 366.649 295.038 -10.8684 23.433
3.425 366.646 295.018 -10.8894 23.4017
3.45 366.64 294.994 -10.9106 23.3702
3.475 366.63 294.966 -10.9318 23.3384
3.5 366.617 294.936 -10.9528 23.3064
3.525 366.601 294.903 -10.9736 23.2741
3.55 366.582 294.868 -10.9939 23.2417
3.575 366.561 294.83 -11.0136 23.209
3.6 366.538 294.79 -11.0326 23.1761
3.625 366.514 294.748 -11.0508 23.1429
3.65 366.488 294.705 -11.0681 23.1095
3.675 366.461 294.661 -11.0842 23.0759
3.7 366.434 294.616 -11.0992 23.0421
3.725 366.406 294.571 -11.1128 23.0081
3.75 366.379 294.526 -11.1251 22.9738
3.775 366.352 294.482 -11.1358 22.9393
3.8 366.326 294.439 -11.145 22.9045
3.825 366.302 294.396 -11.1525 22.8696
3.85 366.279 294.356 -11.1583 22.8344
3.875 366.258 294.317 -11.1623 22.799
3.9 366.24 294.281 -11.1644 22.7634
3.925 366.224 294.248 -11.1646 22.7275
3.95 366.212 294.218 -11.1629 22.6915
3.975 366.203 294.191 -11.1592 22.6552
4 366.199 294.168 -11.1535 22.6187
4.025 366.198 294.149 -11.1458 22.5819
4.05 366.2 294.134 -11.1362 22.545
4.075 366.208 294.124 -11.1245 22.5078
4.1 366.22 294.118 -11.1108 22.4704
4.125 366.237 294.117 -11.0952 22.4327
4.15 366.259 294.121 -11.0777 22.3949
4.175 366.285 294.131 -11.0583 22.3568
4.2 366.316 294.145 -11.037 22.3185
4.225 366.351 294.164 -11.0139 22.28
4.25 366.391 294.189 -10.9892 22.2412
4.275 366.436 294.218 -10.9628 22.2022
4.3 366.485 294.252 -10.9348 22.163
4.325 366.538 294.29 -10.9054 22.1236
4.35 366.592 294.333 -10.8745 22.084
4.375 366.65 294.38 -10.8424 22.0441
4.4 366.711 294.43 -10.809 22.004
4.425 366.77 294.484 -10.7746 21.9636
4.45 366.838 294.54 -10.7391 21.923
4.475 366.905 294.598 -10.7028 21.8822
4.5 366.969 294.658 -10.6658 21.8412
4.525 367.029 294.719 -10.6281 21.7999
4.55 367.088 294.78 -10.5898 21.7584
4.575 367.146 294.84 -10.5512 21.7167
4.6 367.2 294.898 -10.5123 21.6747
4.625 367.251 294.954 -10.4733 21.6325
4.65 367.293 295.007 -10.4342 21.5901
4.675 367.325 295.056 -10.3953 21.5474
4.7 367.35 295.099 -10.3565 21.5045
4.725 367.364 295.135 -10.3181 21.4613
4.75 367.367 295.164 -10.2801 21.4179
4.775 367.358 295.184 -10.2427 21.3742
4.8 367.333 295.193 -10.206 21.3303
4.825 367.292 295.192 -10.1701 21.2862
4.85 367.233 295.177 -10.1351 21.2418
4.875 367.155 295.148 -10.1011 21.1972
4.9 367.055 295.104 -10.0682 21.1523
4.925 366.933 295.043 -10.0365 21.1072
4.95 366.786 294.963 -10.0062 21.0619
4.975 366.612 294.863 -9.97717 21.0163
5 366.41 294.742 -9.94965 20.9704
5.025 366.178 294.598 -9.92366 20.9243
5.05 365.914 294.429 -9.8993 20.8779
5.075 365.616 294.234 -9.87662 20.8313
5.1 365.282 294.011 -9.85568 20.7845
5.125 364.911 293.759 -9.83655 20.7374
5.15 364.501 293.477 -9.81926 20.69
5.175 364.049 293.161 -9.80388 20.6425
5.2 363.554 292.812 -9.79044 20.5946
5.225 363.015 292.427 -9.77897 20.5465
5.25 362.428 292.005 -9.7695 20.4982
5.275 361.794 291.544 -9.76206 20.4496
5.3 361.109 291.043 -9.75667 20.4008
5.325 360.372 290.501 -9.75334 20.3518
5.35 359.582 289.915 -9.75207 20.3025
5.375 358.737 289.285 -9.75287 20.253
5.4 357.834 288.608 -9.75574 20.2032
5.425 356.874 287.885 -9.76067 20.1532
5.45 355.854 287.112 -9.76764 20.103
5.475 354.773 286.29 -9.77665 20.0525
5.5 353.63 285.417 -9.78767 20.0018
5.525 352.424 284.491 -9.80067 19.9509
5.55 351.152 283.511 -9.8156 19.8998
5.575 349.814 282.478 -9.83245 19.8485
5.6 348.41 281.388 -9.85119 19.7969
5.625 346.937 280.242 -9.87175 19.7452
5.65 345.396 279.039 -9.89407 19.6932
5.675 343.786 277.777 -9.91812 19.641
5.7 342.105 276.456 -9.94384 19.5886
5.725 340.353 275.076 -9.97114 19.5361
5.75 338.53 273.635 -9.99997 19.4833
5.775 336.635 272.134 -10.0303 19.4304
5.8 334.669 270.571 -10.0619 19.3772
5.825 332.63 268.947 -10.0949 19.3239
5.85 330.519 267.261 -10.129 19.2705
5.875 328.336 265.513 -10.1643 19.2168
5.9 326.081 263.702 -10.2006 19.1631
5.925 323.754 261.829 -10.2378 19.1091
5.95 321.355 259.894 -10.2758 19.055
5.975 318.886 257.897 -10.3145 19.0008
6 316.348 255.838 -10.3538 18.9464
6.025 313.738 253.717 -10.3935 18.8919
6.05 311.06 251.536 -10.4336 18.8373
6.075 308.313 249.294 -10.4739 18.7826
6.1 305.499 246.993 -10.5142 18.7277
6.125 302.62 244.632 -10.5544 18.6728
6.15 299.676 242.213 -10.5944 18.6178
6.175 296.668 239.737 -10.634 18.5626
6.2 293.598 237.204 -10.6731 18.5074
6.225 290.468 234.617 -10.7115 18.4521
6.25 287.28 231.976 -10.7491 18.3968
6.275 284.034 229.282 -10.7856 18.3414
6.3 280.73 226.537 -10.8209 18.2859
6.325 277.378 223.742 -10.8549 18.2304
6.35 273.973 220.9 -10.8873 18.1749
6.375 270.518 218.011 -10.918 18.1193
6.4 267.016 215.078 -10.9468 18.0637
6.425 263.469 212.102 -10.9735 18.0081
6.45 259.88 209.086 -10.998 17.9525
6.475 256.25 206.031 -11.02 17.8968
6.5 252.583 202.94 -11.0394 17.8412
6.525 248.881 199.815 -11.0559 17.7856
6.55 245.146 196.658 -11.0695 17.7301
6.575 241.382 193.472 -11.0799 17.6745
6.6 237.59 190.258 -11.087 17.619
6.625 233.773 187.02 -11.0906 17.5636
6.65 229.935 183.759 -11.0906 17.5081
6.675 226.078 180.48 -11.0867 17.4528
6.7 222.204 177.183 -11.0789 17.3975
6.725 218.317 173.872 -11.0669 17.3423
6.75 214.419 170.549 -11.0508 17.2872
6.775 210.513 167.217 -11.0303 17.2321
6.8 206.602 163.879 -11.0054 17.1772
6.825 202.688 160.538 -10.9758 17.1223
6.85 198.776 157.196 -10.9417 17.0676
6.875 194.866 153.855 -10.9028 17.013
6.9 190.963 150.519 -10.8591 16.9585
6.925 187.068 147.191 -10.8107 16.9041
6.95 183.185 143.872 -10.7573 16.8498
6.975 179.316 140.566 -10.6991 16.7957
7 175.463 137.275 -10.6359 16.7418
7.025 171.629 134.002 -10.5679 16.6879
7.05 167.818 130.748 -10.495 16.6343
7.075 164.03 127.517 -10.4173 16.5808
7.1 160.269 124.311 -10.3348 16.5274
7.125 156.536 121.133 -10.2477 16.4742
7.15 152.834 117.983 -10.1556 16.4212
7.175 149.166 114.865 -10.0595 16.3684
7.2 145.532 111.781 -9.95877 16.3158
7.225 141.936 108.732 -9.85371 16.2633
7.25 138.378 105.72 -9.74448 16.2111
7.275 134.862 102.748 -9.63123 16.159
7.3 131.388 99.8164 -9.5141 16.1071
7.325 127.958 96.9272 -9.39327 16.0555
7.35 124.573 94.0819 -9.26892 16.004
7.375 121.236 91.2819 -9.1412 15.9527
7.4 117.947 88.529 -9.01033 15.9017
7.425 114.707 85.8231 -8.8765 15.8509
7.45 111.519 83.1659 -8.73991 15.8003
7.475 108.382 80.5584 -8.60076 15.7499
7.5 105.298 78.0013 -8.45926 15.6997
7.525 102.266 75.4956 -8.31563 15.6498
7.55 99.2912 73.0417 -8.17008 15.6001
7.575 96.3701 70.6402 -8.02283 15.5506
7.6 93.5046 68.2915 -7.87409 15.5013
7.625 90.6953 65.9961 -7.72408 15.4523
7.65 87.9424 63.7535 -7.57309 15.4035
7.675 85.2463 61.565 -7.42117 15.355
7.7 82.6073 59.4302 -7.2686 15.3067
7.725 80.0255 57.3489 -7.1156 15.2586
7.75 77.5008 55.3212 -6.96236 15.2107
7.775 75.0335 53.3467 -6.80901 15.1631
7.8 72.6233 51.4252 -6.65587 15.1158
7.825 70.27 49.5565 -6.50307 15.0686
7.85 67.9735 47.74 -6.35072 15.0218
7.875 65.7336 45.9754 -6.1991 14.9751
7.9 63.5497 44.262 -6.04832 14.9287
7.925 61.4216 42.5994 -5.89853 14.8826
7.95 59.3487 40.9868 -5.74989 14.8367
7.975 57.3306 39.4235 -5.60254 14.791
8 55.3666 37.909 -5.4566 14.7456
8.025 53.4562 36.4422 -5.31221 14.7004
8.05 51.5987 35.0226 -5.16948 14.6554
8.075 49.7935 33.6492 -5.02852 14.6107
8.1 48.0396 32.3211 -4.88943 14.5663
8.125 46.3365 31.0375 -4.75231 14.5221
8.15 44.6833 29.7974 -4.61728 14.4781
8.175 43.0792 28.5999 -4.48434 14.4343
8.2 41.5233 27.444 -4.3536 14.3908
8.225 40.0148 26.3288 -4.22512 14.3476
8.25 38.5528 25.2532 -4.09897 14.3045
8.275 37.1363 24.2164 -3.97519 14.2617
8.3 35.7645 23.2172 -3.85382 14.2192
8.325 34.4364 22.2548 -3.7349 14.1769
8.35 33.151 21.328 -3.61846 14.1348
8.375 31.9075 20.436 -3.50453 14.0929
8.4 30.7048 19.5777 -3.39312 14.0513
8.425 29.542 18.7521 -3.28424 14.0099
8.45 28.4181 17.9583 -3.17791 13.9687
8.475 27.3322 17.1953 -3.07412 13.9278
8.5 26.2832 16.4621 -2.97288 13.8871
8.525 25.2703 15.7578 -2.87418 13.8466
8.55 24.2925 15.0814 -2.778 13.8063
8.575 23.3489 14.4321 -2.68434 13.7663
8.6 22.4384 13.8089 -2.59317 13.7264
8.625 21.5602 13.2109 -2.50448 13.6868
8.65 20.7134 12.6374 -2.41824 13.6475
8.675 19.897 12.0873 -2.33442 13.6083
8.7 19.1102 11.56 -2.25299 13.5693
8.725 18.3521 11.0545 -2.17393 13.5306
8.75 17.6217 10.5701 -2.09719 13.4921
8.775 16.9183 10.106 -2.02274 13.4538
8.8 16.241 9.66145 -1.95055 13.4157
8.825 15.589 9.23573 -1.88057 13.3778
8.85 14.9615 8.82811 -1.81276 13.3401
8.875 14.3576 8.4379 -1.74708 13.3026
8.9 13.7766 8.06442 -1.68349 13.2654
8.925 13.2178 7.70702 -1.62194 13.2283
8.95 12.6804 7.36505 -1.56238 13.1914
8.975 12.1637 7.03791 -1.50478 13.1548
9 11.667 6.725 -1.44909 13.1183
9.025 11.1895 6.42575 -1.39525 13.082
9.05 10.7307 6.13959 -1.34324 13.046
9.075 10.2898 5.86599 -1.29299 13.0101
9.1 9.86631 5.60443 -1.24445 12.9744
9.125 9.45949 5.35441 -1.1976 12.9389
9.15 9.06878 5.11545 -1.15238 12.9036
9.175 8.6936 4.88708 -1.10874 12.8685
9.2 8.33338 4.66884 -1.06664 12.8336
9.225 7.98757 4.46032 -1.02604 12.7989
9.25 7.65564 4.26109 -0.986886 12.7643
9.275 7.33707 4.07075 -0.94914 12.7299
9.3 7.03136 3.88893 -0.912759 12.6958
9.325 6.73803 3.71524 -0.877699 12.6618
9.35 6.45661 3.54934 -0.84392 12.6279
9.375 6.18664 3.39089 -0.811381 12.5943
9.4 5.92768 3.23955 -0.780042 12.5608
9.425 5.67932 3.09502 -0.749863 12.5275
9.45 5.44113 2.95699 -0.720807 12.4944
9.475 5.21273 2.82517 -0.692836 12.4615
9.5 4.99373 2.6993 -0.665913 12.4287
9.525 4.78377 2.5791 -0.640002 12.3961
9.55 4.58248 2.46432 -0.61507 12.3637
9.575 4.38953 2.35472 -0.591082 12.3314
9.6 4.20458 2.25007 -0.568004 12.2993
9.625 4.02732 2.15014 -0.545806 12.2674
9.65 3.85743 2.05471 -0.524455 12.2356
9.675 3.69463 1.9636 -0.503921 12.204
9.7 3.53862 1.8766 -0.484176 12.1726
9.725 3.38913 1.79352 -0.465189 12.1413
9.75 3.2459 1.7142 -0.446935 12.1102
9.775 3.10867 1.63845 -0.429385 12.0792
9.8 2.9772 1.56611 -0.412514 12.0484
9.825 2.85126 1.49704 -0.396298 12.0178
9.85 2.73061 1.43108 -0.38071 11.9873
9.875 2.61504 1.36809 -0.365729 11.9569
9.9 2.50435 1.30794 -0.351331 11.9268
9.925 2.39832 1.25049 -0.337494 11.8967
9.95 2.29677 1.19563 -0.324197 11.8668
9.975 2.19951 1.14323 -0.311419 11.8371
10 2.10636 1.09318 -0.299142 11.8075
10.025 2.01716 1.04538 -0.287345 11.7781
10.05 1.93173 0.999726 -0.27601 11.7488
10.075 1.84993 0.956115 -0.265122 11.7196
10.1 1.77159 0.914456 -0.254659 11.6906
10.125 1.69658 0.874662 -0.244607 11.6618
10.15 1.62475 0.836645 -0.234951 11.6331
10.175 1.55598 0.800327 -0.225675 11.6045
10.2 1.49013 0.765629 -0.216763 11.576
10.225 1.42708 0.732478 -0.208203 11.5477
10.25 1.36671 0.700803 -0.19998 11.5196
10.275 1.30891 0.670538 -0.192081 11.4916
10.3 1.25356 0.641617 -0.184494 11.4637
10.325 1.20058 0.613982 -0.177206 11.4359
10.35 1.14985 0.587572 -0.170207 11.4083
10.375 1.10129 0.562332 -0.163483 11.3808
10.4 1.05479 0.53821 -0.157026 11.3535
10.425 1.01027 0.515155 -0.150823 11.3262
10.45 0.967656 0.493118 -0.144867 11.2991
10.475 0.926855 0.472054 -0.139145 11.2722
10.5 0.887793 0.451919 -0.133651 11.2453
10.525 0.850397 0.43267 -0.128374 11.2186
10.55 0.814595 0.414267 -0.123306 11.192
10.575 0.78032 0.396674 -0.118438 11.1656
10.6 0.747506 0.379852 -0.113764 11.1393
10.625 0.716091 0.363768 -0.109276 11.1131
10.65 0.686015 0.348388 -0.104965 11.087
10.675 0.657221 0.333681 -0.100825 11.061
10.7 0.629655 0.319616 -0.0968494 11.0352
10.725 0.603263 0.306164 -0.093032 11.0094
10.75 0.577995 0.293299 -0.0893664 10.9838
10.775 0.553804 0.280994 -0.0858464 10.9584
10.8 0.530643 0.269223 -0.0824663 10.933
10.825 0.508468 0.257963 -0.0792206 10.9077
10.85 0.487237 0.247192 -0.0761041 10.8826
10.875 0.466909 0.236887 -0.0731115 10.8576
10.9 0.447445 0.227027 -0.070238 10.8327
10.925 0.428809 0.217593 -0.0674789 10.8079
10.95 0.410965 0.208566 -0.0648296 10.7832
10.975 0.393879 0.199928 -0.0622858 10.7587
11 0.377519 0.191661 -0.0598434 10.7342
11.025 0.361852 0.183749 -0.0574982 10.7099
11.05 0.34685 0.176176 -0.0552464 10.6856
11.075 0.332484 0.168927 -0.0530843 10.6615
11.1 0.318727 0.161989 -0.0510084 10.6375
11.125 0.305552 0.155346 -0.0490151 10.6136
11.15 0.292934 0.148987 -0.0471013 10.5898
11.175 0.28085 0.142898 -0.0452637 10.5661
11.2 0.269276 0.137067 -0.0434992 10.5425
11.225 0.258192 0.131484 -0.0418051 10.5191
11.25 0.247574 0.126138 -0.0401783 10.4957
11.275 0.237405 0.121017 -0.0386164 10.4724
11.3 0.227664 0.116113 -0.0371166 10.4492
11.325 0.218332 0.111415 -0.0356764 10.4262
11.35 0.209394 0.106914 -0.0342935 10.4032
11.375 0.20083 0.102603 -0.0329656 10.3803
11.4 0.192627 0.0984724 -0.0316904 10.3576
11.425 0.184767 0.0945146 -0.0304658 10.3349
11.45 0.177236 0.090722 -0.0292899 10.3124
11.475 0.170021 0.0870876 -0.0281605 10.2899
11.5 0.163107 0.0836044 -0.0270759 10.2675
11.525 0.156483 0.0802659 -0.0260343 10.2452
11.55 0.150134 0.0770657 -0.0250338 10.2231
11.575 0.144051 0.073998 -0.0240729 10.201
11.6 0.13822 0.071057 -0.0231499 10.179
11.625 0.132632 0.0682372 -0.0222634 10.1571
11.65 0.127276 0.0655335 -0.0214117 10.1353
11.675 0.122143 0.0629407 -0.0205936 10.1136
11.7 0.117222 0.0604543 -0.0198077 10.092
11.725 0.112505 0.0580695 -0.0190526 10.0705
11.75 0.107983 0.0557822 -0.0183271 10.0491
11.775 0.103647 0.053588 -0.01763 10.0277
11.8 0.099491 0.0514831 -0.0169602 10.0065
11.825 0.0955058 0.0494636 -0.0163166 9.98533
11.85 0.0916845 0.047526 -0.015698 9.96426
11.875 0.0880202 0.0456667 -0.0151035 9.94328
11.9 0.0845064 0.0438825 -0.0145322 9.92239
11.925 0.0811365 0.0421704 -0.013983 9.90159
11.95 0.0779046 0.0405269 -0.0134551 9.88088
11.975 0.0748049 0.0389493 -0.0129477 9.86025
12 0.0718317 0.037435 -0.0124598 9.83971
12.025 0.0689798 0.0359812 -0.0119908 9.81925
12.05 0.066244 0.0345855 -0.0115398 9.79888
12.075 0.0636194 0.0332453 -0.0111062 9.77859
12.1 0.0611015 0.0319585 -0.0106892 9.75839
12.125 0.0586858 0.0307228 -0.0102881 9.73827
12.15 0.0563679 0.029536 -0.00990245 9.71823
12.175 0.0541438 0.0283963 -0.0095315 9.69827
12.2 0.0520096 0.0273015 -0.00917469 9.6784
12.225 0.0499615 0.0262499 -0.00883146 9.65861
12.25 0.047996 0.0252398 -0.00850128 9.6389
12.275 0.0461097 0.0242694 -0.00818362 9.61927
12.3 0.0442992 0.0233371 -0.007878 9.59971
12.325 0.0425614 0.0224413 -0.00758395 9.58024
12.35 0.0408933 0.0215806 -0.007301 9.56085
12.375 0.0392921 0.0207536 -0.00702878 9.54153
12.4 0.0377549 0.0199588 -0.00676676 9.5223
12.425 0.0362792 0.0191951 -0.0065146 9.50314
12.45 0.0348625 0.0184611 -0.00627192 9.48406
12.475 0.0335022 0.0177557 -0.00603835 9.46505
12.5 0.0321961 0.0170776 -0.00581353 9.44612
12.525 0.030942 0.0164259 -0.00559713 9.42727
12.55 0.0297378 0.0157995 -0.00538884 9.40849
12.575 0.0285814 0.0151973 -0.00518833 9.38978
12.6 0.0274709 0.0146185 -0.0049953 9.37115
12.625 0.0264044 0.014062 -0.00480949 9.35259
12.65 0.0253801 0.0135271 -0.0046306 9.33411
12.675 0.0243963 0.0130127 -0.00445838 9.3157
12.7 0.0234514 0.0125183 -0.00429258 9.29736
12.725 0.0225439 0.0120428 -0.00413295 9.2791
12.75 0.0216721 0.0115857 -0.00397927 9.2609
12.775 0.0208347 0.0111462 -0.0038313 9.24278
12.8 0.0200303 0.0107236 -0.00368883 9.22473
12.825 0.0192575 0.0103173 -0.00355167 9.20674
12.85 0.0185151 0.00992656 -0.0034196 9.18883
12.875 0.0178019 0.00955084 -0.00329245 9.17099
12.9 0.0171167 0.00918955 -0.00317002 9.15322
12.925 0.0164584 0.00884212 -0.00305215 9.13551
12.95 0.0158259 0.00850802 -0.00293866 9.11788
12.975 0.0152181 0.00818673 -0.00282939 9.10031
13 0.0146341 0.00787776 -0.00272419 9.08281
13.025 0.014073 0.00758062 -0.00262291 9.06537
13.05 0.0135339 0.00729488 -0.00252539 9.04801
13.075 0.0130157 0.00702007 -0.0024315 9.03071
13.1 0.0125178 0.00675579 -0.00234112 9.01347
13.125 0.0120394 0.00650163 -0.0022541 8.9963
13.15 0.0115796 0.00625719 -0.00217033 8.9792
13.175 0.0111377 0.00602211 -0.00208968 8.96216
13.2 0.010713 0.00579602 -0.00201204 8.94519
13.225 0.0103049 0.00557857 -0.0019373 8.92828
13.25 0.00991258 0.00536944 -0.00186536 8.91143
13.275 0.00953556 0.00516831 -0.00179611 8.89465
13.3 0.0091732 0.00497486 -0.00172944 8.87793
13.325 0.0088249 0.00478881 -0.00166529 8.86128
13.35 0.00849013 0.00460989 -0.00160352 8.84468
13.375 0.00816833 0.00443778 -0.00154408 8.82815
13.4 0.00785901 0.00427224 -0.00148686 8.81168
13.425 0.00756168 0.00411302 -0.00143179 8.79527
13.45 0.00727586 0.00395987 -0.00137879 8.77892
13.475 0.00700111 0.00381257 -0.00132778 8.76263
13.5 0.00673698 0.00367089 -0.00127869 8.74641
13.525 0.00648306 0.00353461 -0.00123145 8.73024
13.55 0.00623895 0.00340353 -0.00118599 8.71413
13.575 0.00600427 0.00327745 -0.00114224 8.69808
13.6 0.00577865 0.00315616 -0.00110013 8.6821
13.625 0.00556173 0.0030395 -0.00105962 8.66617
13.65 0.00535317 0.00292728 -0.00102063 8.65029
13.675 0.00515264 0.00281932 -0.000983121 8.63448
13.7 0.00495983 0.00271548 -0.000947025 8.61872
13.725 0.00477444 0.00261558 -0.000912292 8.60302
13.75 0.00459618 0.00251948 -0.000878871 8.58738
13.775 0.00442476 0.00242702 -0.000846714 8.5718
13.8 0.00425992 0.00233808 -0.000815772 8.55627
13.825 0.00410141 0.00225249 -0.000785999 8.5408
13.85 0.00394898 0.00217016 -0.000757347 8.52538
13.875 0.00380238 0.00209095 -0.000729783 8.51002
13.9 0.00366139 0.00201474 -0.000703262 8.49471
13.925 0.00352579 0.00194141 -0.000677742 8.47946
13.95 0.00339538 0.00187086 -0.000653186 8.46427
13.975 0.00326994 0.00180296 -0.000629557 8.44912
14 0.00314928 0.00173763 -0.00060682 8.43404
14.025 0.00303322 0.00167475 -0.00058494 8.419
14.05 0.00292158 0.00161424 -0.000563885 8.40402
14.075 0.00281418 0.00155601 -0.000543622 8.38909
14.1 0.00271086 0.00149996 -0.00052412 8.37422
14.125 0.00261146 0.00144601 -0.000505351 8.3594
14.15 0.00251582 0.00139408 -0.000487286 8.34463
14.175 0.0024238 0.00134408 -0.000469898 8.32991
14.2 0.00233525 0.00129596 -0.000453159 8.31525
14.225 0.00225005 0.00124962 -0.000437045 8.30063
14.25 0.00216806 0.00120501 -0.000421532 8.28607
14.275 0.00208916 0.00116205 -0.000406595 8.27156
14.3 0.00201321 0.00112068 -0.000392212 8.2571
14.325 0.00194012 0.00108084 -0.000378361 8.24269
14.35 0.00186977 0.00104247 -0.000365021 8.22833
14.375 0.00180204 0.00100551 -0.000352173 8.21402
14.4 0.00173685 0.000969904 -0.000339796 8.19976
14.425 0.00167408 0.000935602 -0.000327872 8.18555
14.45 0.00161365 0.000902552 -0.000316384 8.17138
14.475 0.00155546 0.000870705 -0.000305314 8.15727
14.5 0.00149943 0.000840015 -0.000294641 8.14321
14.525 0.00144547 0.000810436 -0.000284358 8.12919
14.55 0.00139351 0.000781926 -0.000274449 8.11522
14.575 0.00134346 0.000754442 -0.000264892 8.1013
14.6 0.00129525 0.000727946 -0.000255678 8.08743
14.625 0.00124881 0.000702398 -0.000246792 8.07361
14.65 0.00120407 0.000677763 -0.000238222 8.05983
14.675 0.00116097 0.000654006 -0.000229956 8.0461
14.7 0.00111944 0.000631085 -0.000221982 8.03242
14.725 0.00107943 0.000608991 -0.000214288 8.01878
14.75 0.00104087 0.000587671 -0.000206864 8.00519
14.775 0.00100372 0.000567102 -0.0001997 7.99164
14.8 0.000967903 0.000547256 -0.000192786 7.97814
14.825 0.000933387 0.000528107 -0.000186112 7.96469
14.85 0.000900118 0.000509628 -0.000179669 7.95128
14.875 0.000868048 0.000491795 -0.000173449 7.93792
14.9 0.000837133 0.000474583 -0.000167443 7.9246
14.925 0.000807329 0.000457971 -0.000161644 7.91132
14.95 0.000778595 0.000441937 -0.000156044 7.89809
14.975 0.00075089 0.000426459 -0.000150637 7.88491
15 0.000724178 0.000411517 -0.000145414 7.87177
15.025 0.00069842 0.000397093 -0.000140369 7.85867
15.05 0.000673584 0.000383169 -0.000135497 7.84561
15.075 0.000649633 0.000369726 -0.000130791 7.8326
15.1 0.000626537 0.000356749 -0.000126245 7.81964
15.125 0.000604263 0.00034422 -0.000121853 7.80671
15.15 0.000582782 0.000332124 -0.000117612 7.79383
15.175 0.000562065 0.000320448 -0.000113515 7.78099
15.2 0.000542085 0.000309171 -0.000109556 7.76819
15.225 0.000522816 0.000298293 -0.000105731 7.75544
15.25 0.000504231 0.000287788 -0.00010204 7.74272
15.275 0.000486306 0.000277648 -9.84724e-05 7.73005
15.3 0.000469018 0.000267859 -9.50266e-05 7.71742
15.325 0.000452344 0.000258411 -9.16983e-05 7.70483
15.35 0.000436262 0.000249292 -8.84837e-05 7.69228
15.375 0.000420752 0.000240491 -8.5379e-05 7.67977
15.4 0.000405792 0.000231997 -8.23805e-05 7.66731
15.425 0.000391364 0.000223801 -7.94847e-05 7.65488
15.45 0.000377448 0.000215891 -7.66883e-05 7.64249
15.475 0.000364027 0.000208259 -7.39878e-05 7.63015
15.5 0.000351082 0.000200894 -7.13801e-05 7.61784
15.525 0.000338598 0.000193789 -6.88621e-05 7.60557
15.55 0.000326558 0.000186934 -6.64308e-05 7.59334
15.575 0.000314945 0.00018032 -6.40833e-05 7.58116
15.6 0.000303746 0.000173939 -6.18167e-05 7.56901
15.625 0.000292945 0.000167784 -5.96283e-05 7.5569
15.65 0.000282528 0.000161846 -5.75154e-05 7.54482
15.675 0.000272481 0.000156118 -5.54755e-05 7.53279
15.7 0.000262792 0.000150592 -5.3506e-05 7.5208
15.725 0.000253448 0.000145262 -5.16045e-05 7.50884
15.75 0.000244435 0.000140119 -4.97686e-05 7.49692
15.775 0.000235743 0.000135158 -4.79961e-05 7.48504
15.8 0.00022736 0.000130372 -4.62846e-05 7.4732
15.825 0.000219275 0.000125755 -4.46322e-05 7.46139
15.85 0.000211478 0.0001213 -4.30366e-05 7.44962
15.875 0.000203957 0.000117001 -4.14959e-05 7.43789
15.9 0.000196703 0.000112853 -4.00081e-05 7.4262
15.925 0.000189707 0.00010885 -3.85713e-05 7.41454
15.95 0.000182959 0.000104987 -3.71838e-05 7.40292
15.975 0.00017645 0.000101258 -3.58438e-05 7.39133
16 0.000170173 9.7659e-05 -3.45497e-05 7.37978
16.025 0.000164118 9.41848e-05 -3.32998e-05 7.36827
16.05 0.000158278 9.08311e-05 -3.20925e-05 7.35679
16.075 0.000152645 8.75932e-05 -3.09264e-05 7.34535
16.1 0.000147212 8.44671e-05 -2.98002e-05 7.33394
16.125 0.000141972 8.14487e-05 -2.87123e-05 7.32257
16.15 0.000136918 7.85343e-05 -2.76616e-05 7.31124
16.175 0.000132045 7.57202e-05 -2.66467e-05 7.29994
16.2 0.000127345 7.3003e-05 -2.56666e-05 7.28867
16.225 0.000122813 7.03794e-05 -2.47202e-05 7.27744
16.25 0.000118443 6.78463e-05 -2.38062e-05 7.26625
16.275 0.00011423 6.54009e-05 -2.29238e-05 7.25508
16.3 0.00011017 6.30404e-05 -2.20721e-05 7.24396
16.325 0.000106256 6.07623e-05 -2.125e-05 7.23286
16.35 0.000102484 5.8564e-05 -2.04568e-05 7.2218
16.375 9.88504e-05 5.64433e-05 -1.96916e-05 7.21078
16.4 9.53502e-05 5.43982e-05 -1.89538e-05 7.19979
16.425 9.19796e-05 5.24266e-05 -1.82425e-05 7.18883
16.45 8.87347e-05 5.05267e-05 -1.75571e-05 7.1779
16.475 8.56119e-05 4.86967e-05 -1.6897e-05 7.16701
16.5 8.26075e-05 4.6935e-05 -1.62615e-05 7.15615
16.525 7.97183e-05 4.52401e-05 -1.56501e-05 7.14533
16.55 7.69411e-05 4.36106e-05 -1.50623e-05 7.13453
16.575 7.42727e-05 4.20451e-05 -1.44975e-05 7.12377
16.6 7.17103e-05 4.05424e-05 -1.39553e-05 7.11304
16.625 6.9251e-05 3.91014e-05 -1.34351e-05 7.10235
16.65 6.68922e-05 3.77209e-05 -1.29365e-05 7.09168
16.675 6.46312e-05 3.64002e-05 -1.24592e-05 7.08105
16.7 6.24656e-05 3.51376e-05 -1.20026e-05 7.07045
16.725 6.03929e-05 3.39326e-05 -1.15664e-05 7.05988
16.75 5.84109e-05 3.27842e-05 -1.11501e-05 7.04934
16.775 5.65171e-05 3.16914e-05 -1.07534e-05 7.03884
16.8 5.47095e-05 3.06531e-05 -1.03759e-05 7.02836
16.825 5.29858e-05 2.9669e-05 -1.00172e-05 7.01792
16.85 5.1344e-05 2.87378e-05 -9.67698e-06 7.00751
16.875 4.97819e-05 2.78588e-05 -9.35478e-06 6.99713
16.9 4.82976e-05 2.7031e-05 -9.05018e-06 6.98678
16.925 4.68889e-05 2.62535e-05 -8.76289e-06 6.97646
16.95 4.5554e-05 2.55251e-05 -8.49256e-06 6.96617
16.975 4.42909e-05 2.48452e-05 -8.23874e-06 6.95591
17 4.30974e-05 2.42128e-05 -8.0011e-06 6.94568
17.025 4.19718e-05 2.36268e-05 -7.77907e-06 6.93548
17.05 4.09121e-05 2.3086e-05 -7.57226e-06 6.92531
17.075 3.99162e-05 2.25894e-05 -7.38036e-06 6.91517
17.1 3.89823e-05 2.21359e-05 -7.20287e-06 6.90506
17.125 3.81082e-05 2.17242e-05 -7.03935e-06 6.89498
17.15 3.72922e-05 2.13532e-05 -6.88934e-06 6.88493
17.175 3.65322e-05 2.10218e-05 -6.75239e-06 6.87491
17.2 3.58261e-05 2.0728e-05 -6.62801e-06 6.86491
17.225 3.51721e-05 2.04711e-05 -6.51572e-06 6.85495
17.25 3.4568e-05 2.02494e-05 -6.41505e-06 6.84501
17.275 3.40118e-05 2.00617e-05 -6.32548e-06 6.83511
17.3 3.35016e-05 1.99063e-05 -6.24653e-06 6.82523
17.325 3.30353e-05 1.97818e-05 -6.17766e-06 6.81538
17.35 3.26108e-05 1.96867e-05 -6.11838e-06 6.80556
17.375 3.22261e-05 1.96193e-05 -6.06816e-06 6.79577
17.4 3.18791e-05 1.95781e-05 -6.02648e-06 6.78601
17.425 3.15676e-05 1.95615e-05 -5.9928e-06 6.77627
17.45 3.129e-05 1.95677e-05 -5.96662e-06 6.76656
17.475 3.10441e-05 1.95953e-05 -5.9474e-06 6.75688
17.5 3.08277e-05 1.96424e-05 -5.93461e-06 6.74723
17.525 3.06388e-05 1.97076e-05 -5.92773e-06 6.7376
17.55 3.04755e-05 1.9789e-05 -5.92625e-06 6.72801
17.575 3.03358e-05 1.98851e-05 -5.92965e-06 6.71844
17.6 3.02177e-05 1.99941e-05 -5.93742e-06 6.70889
17.625 3.01193e-05 2.01145e-05 -5.94907e-06 6.69938
17.65 3.00386e-05 2.02447e-05 -5.9641e-06 6.68989
17.675 2.99739e-05 2.0383e-05 -5.98203e-06 6.68042
17.7 2.99233e-05 2.05278e-05 -6.00239e-06 6.67099
17.725 2.9885e-05 2.06777e-05 -6.02472e-06 6.66158
17.75 2.98572e-05 2.08312e-05 -6.04858e-06 6.6522
17.775 2.98382e-05 2.09867e-05 -6.07353e-06 6.64284
17.8 2.98264e-05 2.11429e-05 -6.09916e-06 6.63351
17.825 2.98202e-05 2.12984e-05 -6.12506e-06 6.62421
17.85 2.98181e-05 2.14518e-05 -6.15086e-06 6.61493
17.875 2.98185e-05 2.16019e-05 -6.17618e-06 6.60568
17.9 2.982e-05 2.17475e-05 -6.20067e-06 6.59645
17.925 2.98213e-05 2.18875e-05 -6.22401e-06 6.58725
17.95 2.98211e-05 2.20207e-05 -6.24588e-06 6.57808
17.975 2.98179e-05 2.21461e-05 -6.26604e-06 6.56893
18 2.98109e-05 2.22627e-05 -6.28411e-06 6.55981
18.025 2.97988e-05 2.23697e-05 -6.29987e-06 6.55071
18.05 2.97809e-05 2.24661e-05 -6.31305e-06 6.54163
18.075 2.97557e-05 2.25513e-05 -6.32355e-06 6.53259
18.1 2.97226e-05 2.26245e-05 -6.33112e-06 6.52356
18.125 2.96807e-05 2.26852e-05 -6.33557e-06 6.51457
18.15 2.96292e-05 2.27329e-05 -6.33675e-06 6.50559
18.175 2.95676e-05 2.27667e-05 -6.33453e-06 6.49664
18.2 2.94952e-05 2.27864e-05 -6.32879e-06 6.48772
18.225 2.94114e-05 2.27916e-05 -6.31944e-06 6.47882
18.25 2.93158e-05 2.27822e-05 -6.30638e-06 6.46995
18.275 2.92079e-05 2.27578e-05 -6.28957e-06 6.46109
18.3 2.90875e-05 2.27183e-05 -6.26895e-06 6.45227
18.325 2.89542e-05 2.26636e-05 -6.24449e-06 6.44347
18.35 2.88079e-05 2.25935e-05 -6.2162e-06 6.43469
18.375 2.86483e-05 2.25083e-05 -6.18407e-06 6.42593
18.4 2.84755e-05 2.24078e-05 -6.14811e-06 6.4172
18.425 2.82892e-05 2.22922e-05 -6.10838e-06 6.40849
18.45 2.80896e-05 2.21617e-05 -6.0649e-06 6.39981
18.475 2.78767e-05 2.20166e-05 -6.01774e-06 6.39115
18.5 2.76507e-05 2.1857e-05 -5.96698e-06 6.38251
18.525 2.74117e-05 2.16831e-05 -5.91266e-06 6.3739
18.55 2.71599e-05 2.14956e-05 -5.85494e-06 6.36531
18.575 2.68955e-05 2.12947e-05 -5.7939e-06 6.35674
18.6 2.66189e-05 2.10808e-05 -5.72964e-06 6.3482
18.625 2.63303e-05 2.08544e-05 -5.66228e-06 6.33968
18.65 2.60302e-05 2.06159e-05 -5.59196e-06 6.33118
18.675 2.57189e-05 2.03659e-05 -5.5188e-06 6.3227
18.7 2.53968e-05 2.01048e-05 -5.44294e-06 6.31425
18.725 2.50644e-05 1.98332e-05 -5.36452e-06 6.30582
18.75 2.47222e-05 1.95517e-05 -5.2837e-06 6.29741
18.775 2.43705e-05 1.92608e-05 -5.20062e-06 6.28903
18.8 2.401e-05 1.89611e-05 -5.11544e-06 6.28067
18.825 2.36411e-05 1.86532e-05 -5.02831e-06 6.27232
18.85 2.32644e-05 1.83377e-05 -4.93938e-06 6.26401
18.875 2.28804e-05 1.80152e-05 -4.84882e-06 6.25571
18.9 2.24896e-05 1.76863e-05 -4.75678e-06 6.24743
18.925 2.20925e-05 1.73515e-05 -4.66342e-06 6.23918
18.95 2.16899e-05 1.70116e-05 -4.56888e-06 6.23095
18.975 2.12821e-05 1.66671e-05 -4.47332e-06 6.22274
19 2.08697e-05 1.63185e-05 -4.3769e-06 6.21455
19.025 2.04534e-05 1.59664e-05 -4.27976e-06 6.20639
19.05 2.00335e-05 1.56114e-05 -4.18203e-06 6.19824
19.075 1.96107e-05 1.5254e-05 -4.08387e-06 6.19012
19.1 1.91854e-05 1.48948e-05 -3.98541e-06 6.18202
19.125 1.87582e-05 1.45343e-05 -3.88677e-06 6.17394
19.15 1.83295e-05 1.41729e-05 -3.78809e-06 6.16588
19.175 1.78999e-05 1.38112e-05 -3.68948e-06 6.15784
19.2 1.74698e-05 1.34496e-05 -3.59106e-06 6.14982
19.225 1.70397e-05 1.30885e-05 -3.49292e-06 6.14182
19.25 1.661e-05 1.27283e-05 -3.39523e-06 6.13384
19.275 1.61811e-05 1.23694e-05 -3.298e-06 6.12589
19.3 1.57534e-05 1.20122e-05 -3.20135e-06 6.11795
19.325 1.53273e-05 1.1657e-05 -3.10536e-06 6.11004
19.35 1.49031e-05 1.13041e-05 -3.01011e-06 6.10215
19.375 1.44811e-05 1.09539e-05 -2.91568e-06 6.09427
19.4 1.40618e-05 1.06064e-05 -2.82211e-06 6.08642
19.425 1.36453e-05 1.02619e-05 -2.72946e-06 6.07858
19.45 1.32319e-05 9.92057e-06 -2.63776e-06 6.07077
19.475 1.28219e-05 9.58258e-06 -2.54707e-06 6.06298
19.5 1.24155e-05 9.24811e-06 -2.45739e-06 6.05521
19.525 1.20128e-05 8.91719e-06 -2.36876e-06 6.04745
19.55 1.16141e-05 8.58985e-06 -2.28117e-06 6.03972
19.575 1.12194e-05 8.2661e-06 -2.19463e-06 6.03201
19.6 1.08289e-05 7.94591e-06 -2.10912e-06 6.02431
19.625 1.04427e-05 7.6292e-06 -2.02462e-06 6.01664
19.65 1.00609e-05 7.31587e-06 -1.9411e-06 6.00898
19.675 9.68346e-06 7.00573e-06 -1.85852e-06 6.00135
19.7 9.31042e-06 6.6986e-06 -1.77683e-06 5.99373
19.725 8.94178e-06 6.39421e-06 -1.69595e-06 5.98613
19.75 8.57749e-06 6.09225e-06 -1.61582e-06 5.97856
19.775 8.21751e-06 5.79238e-06 -1.53633e-06 5.971
19.8 7.86174e-06 5.49417e-06 -1.45738e-06 5.96346
19.825 7.51007e-06 5.19714e-06 -1.37885e-06 5.95594
19.85 7.16237e-06 4.90075e-06 -1.3006e-06 5.94844
19.875 6.81847e-06 4.60441e-06 -1.22249e-06 5.94096
19.9 6.47819e-06 4.30738e-06 -1.14434e-06 5.93349
19.925 6.14131e-06 4.00894e-06 -1.06596e-06 5.92605
19.95 5.80758e-06 3.70817e-06 -9.87125e-07 5.91862
19.975 5.47683e-06 3.40436e-06 -9.07664e-07 5.91121
20 5.14846e-06 3.09579e-06 -8.27152e-07 5.90383
