0 507 418.927 -3.76129 9.91549
0.025 507 418.927 -3.76129 9.91549
0.05 506.623 418.334 -3.75693 9.91478
0.075 506.419 418.141 -3.75625 9.91382
0.1 506.143 417.887 -3.75545 9.91247
0.125 505.805 417.591 -3.75468 9.91076
0.15 505.398 417.239 -3.75385 9.90866
0.175 504.923 416.83 -3.75296 9.90619
0.2 504.38 416.364 -3.75202 9.90334
0.225 503.77 415.841 -3.75105 9.90011
0.25 503.094 415.263 -3.75007 9.89651
0.275 502.356 414.63 -3.74911 9.89254
0.3 501.552 413.944 -3.74821 9.8882
0.325 500.692 413.206 -3.74739 9.88348
0.35 499.774 412.415 -3.74667 9.8784
0.375 498.801 411.58 -3.74615 9.87296
0.4 497.776 410.7 -3.74585 9.86715
0.425 496.7 409.777 -3.74579 9.86098
0.45 495.577 408.811 -3.74604 9.85445
0.475 494.41 407.807 -3.74664 9.84757
0.5 493.202 406.766 -3.74764 9.84033
0.525 491.955 405.691 -3.74908 9.83274
0.55 490.673 404.584 -3.75103 9.8248
0.575 489.358 403.45 -3.75353 9.81652
0.6 488.015 402.289 -3.75663 9.80789
0.625 486.647 401.104 -3.76039 9.79893
0.65 485.256 399.9 -3.76486 9.78962
0.675 483.846 398.677 -3.77009 9.77999
0.7 482.421 397.44 -3.77613 9.77002
0.725 480.983 396.191 -3.78303 9.75973
0.75 479.536 394.929 -3.79084 9.74911
0.775 478.083 393.665 -3.7996 9.73816
0.8 476.627 392.396 -3.80937 9.7269
0.825 475.171 391.126 -3.82018 9.71533
0.85 473.719 389.858 -3.83208 9.70344
0.875 472.273 388.595 -3.8451 9.69124
0.9 470.836 387.338 -3.85925 9.67873
0.925 469.411 386.09 -3.87464 9.66592
0.95 468 384.854 -3.89125 9.65281
0.975 466.606 383.631 -3.90911 9.6394
1 465.231 382.425 -3.92825 9.62569
1.025 463.877 381.236 -3.94869 9.61169
1.05 462.546 380.067 -3.97045 9.5974
1.075 461.241 378.92 -3.99353 9.58282
1.1 459.963 377.796 -4.01795 9.56795
1.125 458.713 376.696 -4.04371 9.5528
1.15 457.493 375.623 -4.07082 9.53736
1.175 456.304 374.576 -4.09927 9.52164
1.2 455.146 373.558 -4.12906 9.50565
1.225 454.021 372.569 -4.16017 9.48938
1.25 452.929 371.609 -4.19258 9.47283
1.275 451.87 370.679 -4.22629 9.45602
1.3 450.845 369.78 -4.26127 9.43892
1.325 449.854 368.912 -4.29749 9.42156
1.35 448.896 368.074 -4.33492 9.40393
1.375 447.971 367.266 -4.37352 9.38603
1.4 447.079 366.489 -4.41326 9.36787
1.425 446.217 365.741 -4.45411 9.34943
1.45 445.386 365.021 -4.49599 9.33074
1.475 444.583 364.33 -4.53886 9.31177
1.5 443.809 363.665 -4.58269 9.29255
1.525 443.06 363.028 -4.62742 9.27306
1.55 442.336 362.416 -4.67302 9.2533
1.575 441.633 361.823 -4.71936 9.23329
1.6 440.951 361.252 -4.76642 9.21301
1.625 440.286 360.7 -4.81413 9.19247
1.65 439.637 360.163 -4.86242 9.17167
1.675 439.001 359.643 -4.91123 9.15061
1.7 438.374 359.136 -4.96047 9.12929
1.725 437.755 358.638 -5.01011 9.1077
1.75 437.141 358.15 -5.06006 9.08585
1.775 436.527 357.668 -5.11025 9.06375
1.8 435.912 357.189 -5.1606 9.04138
1.825 435.292 356.71 -5.21104 9.01875
1.85 434.664 356.228 -5.2615 8.99586
1.875 434.024 355.742 -5.3119 8.97271
1.9 433.368 355.247 -5.36219 8.94929
1.925 432.695 354.742 -5.41227 8.92562
1.95 431.999 354.222 -5.46208 8.90169
1.975 431.279 353.686 -5.51156 8.87749
2 430.529 353.129 -5.56063 8.85304
2.025 429.748 352.55 -5.60922 8.82832
2.05 428.931 351.944 -5.65727 8.80335
2.075 428.075 351.31 -5.70472 8.77811
2.1 427.176 350.643 -5.75149 8.75262
2.125 426.232 349.942 -5.79753 8.72687
2.15 425.238 349.203 -5.84277 8.70086
2.175 424.192 348.423 -5.88717 8.6746
2.2 423.091 347.599 -5.93065 8.64808
2.225 421.931 346.729 -5.97316 8.62131
2.25 420.71 345.81 -6.01466 8.59428
2.275 419.425 344.839 -6.05508 8.567
2.3 418.072 343.813 -6.09438 8.53947
2.325 416.651 342.731 -6.13252 8.51169
2.35 415.157 341.59 -6.16943 8.48367
2.375 413.589 340.388 -6.20508 8.4554
2.4 411.944 339.121 -6.23947 8.42689
2.425 410.221 337.79 -6.27247 8.39814
2.45 408.418 336.39 -6.30408 8.36915
2.475 406.533 334.921 -6.33426 8.33993
2.5 404.563 333.381 -6.36298 8.31047
2.525 402.509 331.768 -6.39019 8.28079
2.55 400.368 330.082 -6.41587 8.25088
2.575 398.14 328.319 -6.43998 8.22075
2.6 395.824 326.48 -6.46248 8.1904
2.625 393.419 324.564 -6.48335 8.15984
2.65 390.924 322.569 -6.50255 8.12907
2.675 388.339 320.495 -6.52005 8.09809
2.7 385.665 318.341 -6.53583 8.06691
2.725 382.9 316.107 -6.54986 8.03553
2.75 380.046 313.793 -6.5621 8.00396
2.775 377.102 311.398 -6.57254 7.97221
2.8 374.069 308.923 -6.58114 7.94027
2.825 370.948 306.368 -6.58788 7.90816
2.85 367.74 303.733 -6.59274 7.87588
2.875 364.446 301.019 -6.5957 7.84343
2.9 361.067 298.227 -6.59673 7.81082
2.925 357.604 295.358 -6.59581 7.77806
2.95 354.059 292.411 -6.59285 7.74515
2.975 350.434 289.389 -6.588 7.71211
3 346.73 286.293 -6.58111 7.67893
3.025 342.951 283.125 -6.57219 7.64562
3.05 339.097 279.885 -6.56123 7.61219
3.075 335.171 276.577 -6.54822 7.57865
3.1 331.176 273.201 -6.53313 7.545
3.125 327.114 269.76 -6.51596 7.51125
3.15 322.985 266.257 -6.49669 7.47741
3.175 318.797 262.692 -6.47532 7.44348
3.2 314.551 259.07 -6.45185 7.40948
3.225 310.248 255.393 -6.42626 7.3754
3.25 305.894 251.662 -6.39855 7.34126
3.275 301.49 247.882 -6.36873 7.30707
3.3 297.039 244.055 -6.33679 7.27283
3.325 292.546 240.183 -6.30274 7.23854
3.35 288.013 236.271 -6.26658 7.20423
3.375 283.444 232.321 -6.22833 7.16989
3.4 278.843 228.337 -6.188 7.13553
3.425 274.212 224.321 -6.14559 7.10116
3.45 269.555 220.278 -6.10114 7.06678
3.475 264.877 216.211 -6.05466 7.03241
3.5 260.18 212.122 -6.00617 6.99806
3.525 255.467 208.017 -5.95571 6.96372
3.55 250.743 203.897 -5.90329 6.92941
3.575 246.012 199.767 -5.84896 6.89513
3.6 241.275 195.631 -5.79275 6.8609
3.625 236.538 191.491 -5.7347 6.82671
3.65 231.804 187.352 -5.67486 6.79257
3.675 227.075 183.216 -5.61327 6.7585
3.7 222.356 179.088 -5.54998 6.7245
3.725 217.65 174.97 -5.48504 6.69057
3.75 212.96 170.867 -5.4185 6.65673
3.775 208.289 166.782 -5.35043 6.62297
3.8 203.641 162.717 -5.28089 6.58931
3.825 199.018 158.676 -5.20993 6.55574
3.85 194.424 154.662 -5.13763 6.52229
3.875 189.861 150.679 -5.06405 6.48894
3.9 185.333 146.729 -4.98927 6.45572
3.925 180.842 142.814 -4.91335 6.42262
3.95 176.391 138.939 -4.83637 6.38964
3.975 171.982 135.105 -4.75841 6.3568
4 167.618 131.315 -4.67955 6.3241
4.025 163.301 127.571 -4.59986 6.29154
4.05 159.034 123.876 -4.51942 6.25914
4.075 154.818 120.231 -4.43832 6.22688
4.1 150.656 116.64 -4.35664 6.19478
4.125 146.55 113.103 -4.27446 6.16284
4.15 142.501 109.623 -4.19186 6.13107
4.175 138.51 106.201 -4.10893 6.09947
4.2 134.581 102.839 -4.02575 6.06804
4.225 130.714 99.5383 -3.9424 6.03678
4.25 126.91 96.2997 -3.85897 6.00571
4.275 123.17 93.1246 -3.77553 5.97481
4.3 119.497 90.0148 -3.69216 5.9441
4.325 115.89 86.9695 -3.60895 5.91358
4.35 112.351 83.9903 -3.52596 5.88325
4.375 108.88 81.0777 -3.44329 5.85311
4.4 105.478 78.2323 -3.36099 5.82317
4.425 102.146 75.4543 -3.27915 5.79342
4.45 98.8835 72.7441 -3.19783 5.76387
4.475 95.6916 70.1017 -3.1171 5.73452
4.5 92.5702 67.5271 -3.03703 5.70537
4.525 89.5196 65.0203 -2.95768 5.67643
4.55 86.5397 62.5811 -2.8791 5.64768
4.575 83.6304 60.2092 -2.80137 5.61915
4.6 80.7918 57.9041 -2.72452 5.59082
4.625 78.0234 55.6654 -2.64863 5.56269
4.65 75.325 53.4925 -2.57372 5.53478
4.675 72.6962 51.3848 -2.49986 5.50707
4.7 70.1365 49.3416 -2.42707 5.47957
4.725 67.6454 47.362 -2.35541 5.45227
4.75 65.2222 45.4453 -2.28491 5.42519
4.775 62.8664 43.5905 -2.21561 5.39832
4.8 60.577 41.7966 -2.14753 5.37165
4.825 58.3534 40.0626 -2.0807 5.34519
4.85 56.1947 38.3875 -2.01515 5.31894
4.875 54.1 36.77 -1.95089 5.2929
4.9 52.0684 35.2092 -1.88796 5.26706
4.925 50.0987 33.7038 -1.82636 5.24144
4.95 48.1902 32.2526 -1.7661 5.21601
4.975 46.3415 30.8544 -1.7072 5.1908
5 44.5518 29.5079 -1.64969 5.16578
5.025 42.8198 28.2118 -1.59353 5.14097
5.05 41.1444 26.9649 -1.53874 5.11637
5.075 39.5244 25.7659 -1.48533 5.09196
5.1 37.9587 24.6135 -1.43328 5.06775
5.125 36.4461 23.5063 -1.38261 5.04375
5.15 34.9853 22.4431 -1.33329 5.01994
5.175 33.575 21.4227 -1.28533 4.99633
5.2 32.2142 20.4436 -1.23871 4.97291
5.225 30.9015 19.5046 -1.19342 4.94969
5.25 29.6358 18.6045 -1.14944 4.92667
5.275 28.4157 17.7419 -1.10677 4.90383
5.3 27.2401 16.9157 -1.06539 4.88118
5.325 26.1077 16.1247 -1.02527 4.85873
5.35 25.0174 15.3675 -0.986393 4.83646
5.375 23.9678 14.643 -0.948749 4.81437
5.4 22.9579 13.9501 -0.912312 4.79247
5.425 21.9864 13.2876 -0.87706 4.77075
5.45 21.0521 12.6544 -0.842969 4.74921
5.475 20.1539 12.0493 -0.810017 4.72786
5.5 19.2908 11.4714 -0.778179 4.70668
5.525 18.4614 10.9195 -0.74743 4.68567
5.55 17.6648 10.3927 -0.717746 4.66484
5.575 16.8999 9.88996 -0.689101 4.64419
5.6 16.1656 9.41028 -0.66147 4.6237
5.625 15.4608 8.95274 -0.634827 4.60339
5.65 14.7846 8.51644 -0.609145 4.58324
5.675 14.1359 8.10048 -0.584399 4.56326
5.7 13.5138 7.70402 -0.560563 4.54345
5.725 12.9173 7.32623 -0.537611 4.52379
5.75 12.3456 6.9663 -0.515517 4.5043
5.775 11.7976 6.62346 -0.494256 4.48497
5.8 11.2726 6.29696 -0.473803 4.4658
5.825 10.7696 5.98609 -0.454132 4.44678
5.85 10.2879 5.69014 -0.435219 4.42792
5.875 9.82661 5.40844 -0.417039 4.40921
5.9 9.38497 5.14037 -0.399568 4.39066
5.925 8.96222 4.88528 -0.382784 4.37225
5.95 8.55762 4.64259 -0.366662 4.35399
5.975 8.17046 4.41173 -0.35118 4.33588
6 7.80005 4.19215 -0.336316 4.31792
6.025 7.44573 3.98332 -0.322048 4.3001
6.05 7.10684 3.78474 -0.308355 4.28242
6.075 6.78277 3.59593 -0.295217 4.26488
6.1 6.47292 3.41641 -0.282613 4.24749
6.125 6.17669 3.24575 -0.270523 4.23023
6.15 5.89353 3.08353 -0.258929 4.2131
6.175 5.62291 2.92934 -0.247812 4.19612
6.2 5.36429 2.78279 -0.237154 4.17926
6.225 5.11718 2.64352 -0.226937 4.16254
6.25 4.88109 2.51117 -0.217146 4.14595
6.275 4.65557 2.3854 -0.207762 4.12948
6.3 4.44015 2.26589 -0.198771 4.11315
6.325 4.23441 2.15235 -0.190157 4.09694
6.35 4.03794 2.04446 -0.181905 4.08086
6.375 3.85033 1.94196 -0.174001 4.0649
6.4 3.67121 1.84459 -0.166431 4.04906
6.425 3.50021 1.75208 -0.159182 4.03335
6.45 3.33698 1.6642 -0.152241 4.01775
6.475 3.18118 1.58072 -0.145595 4.00228
6.5 3.03248 1.50142 -0.139233 3.98692
6.525 2.89057 1.42609 -0.133142 3.97167
6.55 2.75516 1.35454 -0.127313 3.95654
6.575 2.62596 1.28658 -0.121734 3.94153
6.6 2.50269 1.22203 -0.116395 3.92663
6.625 2.38509 1.16072 -0.111285 3.91183
6.65 2.27292 1.10249 -0.106397 3.89715
6.675 2.16592 1.04718 -0.10172 3.88258
6.7 2.06387 0.994658 -0.0972456 3.86811
6.725 1.96654 0.944775 -0.0929651 3.85375
6.75 1.87373 0.897403 -0.0888708 3.8395
6.775 1.78523 0.852421 -0.0849548 3.82535
6.8 1.70085 0.809699 -0.0812096 3.8113
6.825 1.6204 0.769129 -0.077628 3.79736
6.85 1.54371 0.730604 -0.0742032 3.78352
6.875 1.4706 0.694021 -0.0709285 3.76977
6.9 1.40091 0.659285 -0.0677975 3.75613
6.925 1.33449 0.626302 -0.0648043 3.74258
6.95 1.27118 0.594984 -0.0619428 3.72913
6.975 1.21085 0.565249 -0.0592075 3.71578
7 1.15336 0.537016 -0.0565929 3.70252
7.025 1.09857 0.510212 -0.0540941 3.68935
7.05 1.04637 0.484763 -0.0517058 3.67628
7.075 0.996635 0.460602 -0.0494235 3.6633
7.1 0.949252 0.437665 -0.0472424 3.65041
7.125 0.904111 0.415889 -0.0451583 3.63761
7.15 0.86111 0.395217 -0.043167 3.6249
7.175 0.820149 0.375592 -0.0412643 3.61228
7.2 0.781133 0.356963 -0.0394465 3.59974
7.225 0.743972 0.339277 -0.0377098 3.58729
7.25 0.708579 0.322489 -0.0360507 3.57493
7.275 0.674871 0.306552 -0.0344657 3.56265
7.3 0.642771 0.291424 -0.0329516 3.55046
7.325 0.612201 0.277062 -0.0315054 3.53835
7.35 0.583092 0.263429 -0.0301238 3.52632
7.375 0.555372 0.250488 -0.0288042 3.51437
7.4 0.528978 0.238202 -0.0275437 3.5025
7.425 0.503847 0.226539 -0.0263397 3.49071
7.45 0.479918 0.215466 -0.0251897 3.479
7.475 0.457135 0.204954 -0.0240912 3.46737
7.5 0.435443 0.194974 -0.0230419 3.45582
7.525 0.414791 0.185497 -0.0220397 3.44434
7.55 0.395129 0.176498 -0.0210824 3.43294
7.575 0.376409 0.167955 -0.0201679 3.42161
7.6 0.358586 0.159842 -0.0192943 3.41036
7.625 0.341618 0.152137 -0.0184596 3.39918
7.65 0.325464 0.144819 -0.0176624 3.38807
7.675 0.310084 0.137869 -0.0169007 3.37704
7.7 0.295442 0.131266 -0.016173 3.36608
7.725 0.281501 0.124994 -0.0154777 3.35519
7.75 0.268228 0.119034 -0.0148132 3.34437
7.775 0.255591 0.113372 -0.0141783 3.33362
7.8 0.243558 0.10799 -0.0135715 3.32293
7.825 0.232102 0.102876 -0.0129916 3.31232
7.85 0.221193 0.0980141 -0.0124372 3.30177
7.875 0.210805 0.0933922 -0.0119073 3.29129
7.9 0.200914 0.0889976 -0.0114007 3.28088
7.925 0.191495 0.0848186 -0.0109164 3.27053
7.95 0.182524 0.080844 -0.0104532 3.26025
7.975 0.173982 0.0770632 -0.0100103 3.25003
8 0.165845 0.0734662 -0.00958676 3.23987
8.025 0.158096 0.0700436 -0.0091816 3.22978
8.05 0.150714 0.0667863 -0.00879404 3.21975
8.075 0.143683 0.0636859 -0.00842326 3.20979
8.1 0.136985 0.0607342 -0.0080685 3.19988
8.125 0.130604 0.0579238 -0.00772903 3.19004
8.15 0.124525 0.0552474 -0.00740416 3.18025
8.175 0.118734 0.0526982 -0.00709323 3.17053
8.2 0.113215 0.0502697 -0.00679561 3.16086
8.225 0.107956 0.047956 -0.0065107 3.15126
8.25 0.102945 0.0457512 -0.00623793 3.14171
8.275 0.09817 0.0436498 -0.00597676 3.13222
8.3 0.0936188 0.0416468 -0.00572668 3.12278
8.325 0.0892811 0.0397373 -0.00548719 3.11341
8.35 0.0851467 0.0379165 -0.00525784 3.10409
8.375 0.0812057 0.0361803 -0.00503816 3.09482
8.4 0.077449 0.0345245 -0.00482774 3.08561
8.425 0.0738678 0.0329451 -0.00462619 3.07645
8.45 0.0704536 0.0314386 -0.0044331 3.06735
8.475 0.0671986 0.0300013 -0.00424813 3.05831
8.5 0.0640953 0.0286301 -0.00407091 3.04931
8.525 0.0611363 0.0273217 -0.00390112 3.04037
8.55 0.058315 0.0260732 -0.00373845 3.03148
8.575 0.0556247 0.0248818 -0.00358258 3.02264
8.6 0.0530595 0.0237449 -0.00343325 3.01386
8.625 0.0506133 0.0226599 -0.00329016 3.00512
8.65 0.0482806 0.0216244 -0.00315306 2.99643
8.675 0.0460561 0.0206362 -0.00302169 2.9878
8.7 0.0439348 0.0196931 -0.00289583 2.97921
8.725 0.0419118 0.018793 -0.00277524 2.97068
8.75 0.0399825 0.017934 -0.0026597 2.96219
8.775 0.0381427 0.0171143 -0.00254901 2.95375
8.8 0.0363882 0.0163321 -0.00244296 2.94536
8.825 0.034715 0.0155857 -0.00234137 2.93702
8.85 0.0331193 0.0148735 -0.00224404 2.92872
8.875 0.0315977 0.014194 -0.00215082 2.92047
8.9 0.0301466 0.0135457 -0.00206152 2.91227
8.925 0.0287628 0.0129273 -0.001976 2.90411
8.95 0.0274433 0.0123374 -0.00189408 2.896
8.975 0.026185 0.0117748 -0.00181563 2.88793
9 0.0249852 0.0112382 -0.0017405 2.87991
9.025 0.0238411 0.0107265 -0.00166855 2.87193
9.05 0.0227503 0.0102385 -0.00159966 2.864
9.075 0.0217102 0.00977331 -0.0015337 2.85611
9.1 0.0207185 0.00932979 -0.00147054 2.84826
9.125 0.019773 0.00890701 -0.00141008 2.84046
9.15 0.0188715 0.00850402 -0.00135219 2.8327
9.175 0.0180121 0.00811994 -0.00129677 2.82498
9.2 0.0171927 0.00775391 -0.00124372 2.81731
9.225 0.0164116 0.00740511 -0.00119294 2.80967
9.25 0.0156669 0.00707275 -0.00114433 2.80208
9.275 0.014957 0.00675609 -0.0010978 2.79452
9.3 0.0142803 0.00645439 -0.00105326 2.78701
9.325 0.0136352 0.00616697 -0.00101063 2.77954
9.35 0.0130202 0.00589315 -0.000969824 2.77211
9.375 0.012434 0.00563231 -0.000930762 2.76472
9.4 0.0118752 0.00538384 -0.000893371 2.75736
9.425 0.0113425 0.00514714 -0.000857578 2.75005
9.45 0.0108346 0.00492166 -0.000823312 2.74277
9.475 0.0103505 0.00470686 -0.000790508 2.73554
9.5 0.00988898 0.00450223 -0.000759097 2.72834
9.525 0.00944898 0.00430728 -0.000729024 2.72118
9.55 0.00902949 0.00412153 -0.000700227 2.71405
9.575 0.00862953 0.00394454 -0.000672649 2.70697
9.6 0.00824818 0.00377586 -0.000646235 2.69992
9.625 0.00788454 0.00361511 -0.000620934 2.69291
9.65 0.00753778 0.00346189 -0.000596694 2.68593
9.675 0.00720709 0.00331581 -0.000573472 2.67899
9.7 0.00689169 0.00317653 -0.000551215 2.67208
9.725 0.00659085 0.00304368 -0.000529882 2.66522
9.75 0.00630387 0.00291696 -0.000509431 2.65838
9.775 0.00603008 0.00279604 -0.000489823 2.65158
9.8 0.00576885 0.00268064 -0.000471018 2.64482
9.825 0.00551956 0.00257048 -0.000452981 2.63809
9.85 0.00528165 0.00246525 -0.000435676 2.63139
9.875 0.00505455 0.00236476 -0.00041907 2.62473
9.9 0.00483775 0.00226874 -0.00040313 2.6181
9.925 0.00463075 0.00217696 -0.000387828 2.61151
9.95 0.00443307 0.00208919 -0.000373133 2.60495
9.975 0.00424426 0.00200525 -0.000359018 2.59842
10 0.00406389 0.00192492 -0.000345457 2.59192
10.025 0.00389155 0.00184802 -0.000332426 2.58546
10.05 0.00372686 0.00177438 -0.0003199 2.57903
10.075 0.00356944 0.00170384 -0.000307857 2.57263
10.1 0.00341894 0.00163623 -0.000296277 2.56626
10.125 0.00327504 0.00157141 -0.000285137 2.55992
10.15 0.00313742 0.00150923 -0.00027442 2.55362
10.175 0.00300576 0.00144957 -0.000264108 2.54734
10.2 0.00287981 0.00139232 -0.000254182 2.5411
10.225 0.00275927 0.00133733 -0.000244627 2.53489
10.25 0.0026439 0.0012845 -0.000235427 2.52871
10.275 0.00253346 0.00123375 -0.000226568 2.52255
10.3 0.00242771 0.00118496 -0.000218035 2.51643
10.325 0.00232643 0.00113804 -0.000209816 2.51034
10.35 0.00222943 0.00109293 -0.000201898 2.50427
10.375 0.0021365 0.00104954 -0.00019427 2.49824
10.4 0.00204746 0.00100777 -0.000186919 2.49223
10.425 0.00196214 0.000967584 -0.000179837 2.48626
10.45 0.00188037 0.000928899 -0.000173012 2.48031
10.475 0.00180198 0.000891657 -0.000166435 2.47439
10.5 0.00172684 0.000855802 -0.000160097 2.4685
10.525 0.00165481 0.00082128 -0.00015399 2.46263
10.55 0.00158574 0.00078804 -0.000148105 2.4568
10.575 0.00151951 0.000756035 -0.000142435 2.45099
10.6 0.001456 0.000725221 -0.000136972 2.44521
10.625 0.0013951 0.000695555 -0.00013171 2.43946
10.65 0.00133669 0.000666998 -0.000126641 2.43373
10.675 0.00128068 0.000639512 -0.000121758 2.42803
10.7 0.00122697 0.000613061 -0.000117057 2.42236
10.725 0.00117546 0.000587612 -0.00011253 2.41671
10.75 0.00112607 0.000563133 -0.000108172 2.41109
10.775 0.00107871 0.000539592 -0.000103977 2.4055
10.8 0.0010333 0.000516961 -9.99405e-05 2.39993
10.825 0.00098976 0.00049521 -9.6056e-05 2.39439
10.85 0.000948022 0.000474312 -9.23203e-05 2.38887
10.875 0.000908013 0.000454241 -8.87275e-05 2.38338
10.9 0.000869665 0.00043497 -8.5273e-05 2.37791
10.925 0.000832915 0.000416473 -8.19522e-05 2.37247
10.95 0.000797701 0.00039873 -7.87605e-05 2.36705
10.975 0.000763962 0.000381715 -7.56937e-05 2.36166
11 0.000731643 0.000365404 -7.27475e-05 2.35629
11.025 0.000700686 0.000349774 -6.99178e-05 2.35095
11.05 0.000671041 0.000334804 -6.72005e-05 2.34563
11.075 0.000642656 0.000320471 -6.45917e-05 2.34034
11.1 0.000615481 0.000306753 -6.20876e-05 2.33507
11.125 0.000589469 0.000293629 -5.96844e-05 2.32982
11.15 0.000564574 0.000281079 -5.73788e-05 2.32459
11.175 0.000540753 0.000269082 -5.51666e-05 2.31939
11.2 0.000517963 0.000257617 -5.30447e-05 2.31422
11.225 0.000496162 0.000246665 -5.10097e-05 2.30906
11.25 0.000475311 0.000236207 -4.90583e-05 2.30393
11.275 0.000455371 0.000226224 -4.71874e-05 2.29882
11.3 0.000436306 0.000216697 -4.53937e-05 2.29374
11.325 0.000418078 0.000207608 -4.36744e-05 2.28867
11.35 0.000400655 0.000198938 -4.20264e-05 2.28363
11.375 0.000384002 0.000190672 -4.0447e-05 2.27861
11.4 0.000368087 0.000182791 -3.89335e-05 2.27362
11.425 0.000352879 0.000175279 -3.7483e-05 2.26864
11.45 0.000338348 0.000168122 -3.60929e-05 2.26369
11.475 0.000324465 0.000161302 -3.47609e-05 2.25876
11.5 0.000311202 0.000154806 -3.34845e-05 2.25385
11.525 0.000298532 0.000148618 -3.22613e-05 2.24896
11.55 0.00028643 0.000142724 -3.10891e-05 2.24409
11.575 0.000274869 0.000137111 -2.99657e-05 2.23924
11.6 0.000263827 0.000131766 -2.88891e-05 2.23442
11.625 0.00025328 0.000126676 -2.78571e-05 2.22961
11.65 0.000243206 0.000121829 -2.68678e-05 2.22483
11.675 0.000233583 0.000117213 -2.59194e-05 2.22006
11.7 0.000224391 0.000112817 -2.50099e-05 2.21532
11.725 0.000215611 0.00010863 -2.41376e-05 2.2106
11.75 0.000207223 0.000104641 -2.33009e-05 2.20589
11.775 0.000199208 0.000100842 -2.24981e-05 2.20121
11.8 0.00019155 9.72205e-05 -2.17276e-05 2.19655
11.825 0.000184231 9.37689e-05 -2.09878e-05 2.1919
11.85 0.000177236 9.04779e-05 -2.02775e-05 2.18728
11.875 0.000170548 8.73389e-05 -1.9595e-05 2.18267
11.9 0.000164154 8.43436e-05 -1.8939e-05 2.17809
11.925 0.000158039 8.14845e-05 -1.83085e-05 2.17352
11.95 0.000152188 7.87531e-05 -1.77019e-05 2.16897
11.975 0.00014659 7.61426e-05 -1.71182e-05 2.16445
12 0.000141231 7.36458e-05 -1.65561e-05 2.15994
12.025 0.0001361 7.12561e-05 -1.60147e-05 2.15545
12.05 0.000131184 6.89666e-05 -1.54928e-05 2.15097
12.075 0.000126474 6.67721e-05 -1.49894e-05 2.14652
12.1 0.000121958 6.4666e-05 -1.45036e-05 2.14209
12.125 0.000117626 6.2643e-05 -1.40344e-05 2.13767
12.15 0.00011347 6.06974e-05 -1.35811e-05 2.13327
12.175 0.000109479 5.88244e-05 -1.31427e-05 2.12889
12.2 0.000105645 5.7019e-05 -1.27186e-05 2.12453
12.225 0.00010196 5.52766e-05 -1.2308e-05 2.12018
12.25 9.8416e-05 5.3593e-05 -1.19101e-05 2.11586
12.275 9.50055e-05 5.19641e-05 -1.15245e-05 2.11155
12.3 9.17216e-05 5.03862e-05 -1.11504e-05 2.10725
12.325 8.85577e-05 4.88556e-05 -1.07874e-05 2.10298
12.35 8.55075e-05 4.73692e-05 -1.04349e-05 2.09872
12.375 8.25651e-05 4.59239e-05 -1.00924e-05 2.09448
12.4 7.97251e-05 4.4517e-05 -9.7596e-06 2.09026
12.425 7.69822e-05 4.3146e-05 -9.43601e-06 2.08605
12.45 7.43316e-05 4.18087e-05 -9.1213e-06 2.08187
12.475 7.17688e-05 4.05029e-05 -8.81515e-06 2.07769
12.5 6.92898e-05 3.92271e-05 -8.51727e-06 2.07354
12.525 6.68905e-05 3.79795e-05 -8.22741e-06 2.0694
12.55 6.45674e-05 3.67589e-05 -7.94533e-06 2.06528
12.575 6.23173e-05 3.55641e-05 -7.67084e-06 2.06117
12.6 6.01371e-05 3.43943e-05 -7.40379e-06 2.05708
12.625 5.8024e-05 3.32486e-05 -7.14396e-06 2.05301
12.65 5.59754e-05 3.21266e-05 -6.89121e-06 2.04895
12.675 5.39892e-05 3.10277e-05 -6.6455e-06 2.04491
12.7 5.2063e-05 2.99517e-05 -6.4067e-06 2.04088
12.725 5.01951e-05 2.88988e-05 -6.17469e-06 2.03687
12.75 4.83836e-05 2.78682e-05 -5.94942e-06 2.03288
12.775 4.6627e-05 2.68607e-05 -5.73079e-06 2.0289
12.8 4.49238e-05 2.58761e-05 -5.51875e-06 2.02494
12.825 4.32727e-05 2.49146e-05 -5.31338e-06 2.02099
12.85 4.16725e-05 2.39766e-05 -5.11417e-06 2.01706
12.875 4.0122e-05 2.30623e-05 -4.9215e-06 2.01314
12.9 3.86203e-05 2.2172e-05 -4.73517e-06 2.00924
12.925 3.71664e-05 2.1306e-05 -4.55509e-06 2.00536
12.95 3.57593e-05 2.04647e-05 -4.3812e-06 2.00149
12.975 3.43983e-05 1.96482e-05 -4.21342e-06 1.99763
13 3.30824e-05 1.88568e-05 -4.05167e-06 1.99379
13.025 3.18109e-05 1.80908e-05 -3.89584e-06 1.98996
13.05 3.05829e-05 1.73503e-05 -3.74585e-06 1.98615
13.075 2.93978e-05 1.66353e-05 -3.60157e-06 1.98235
13.1 2.82546e-05 1.59459e-05 -3.46289e-06 1.97857
13.125 2.71526e-05 1.52821e-05 -3.32977e-06 1.9748
13.15 2.6091e-05 1.46437e-05 -3.20191e-06 1.97104
13.175 2.50689e-05 1.40305e-05 -3.07915e-06 1.9673
13.2 2.40857e-05 1.34423e-05 -2.96154e-06 1.96358
13.225 2.31399e-05 1.28787e-05 -2.84879e-06 1.95987
13.25 2.22311e-05 1.23394e-05 -2.7408e-06 1.95617
13.275 2.13584e-05 1.18238e-05 -2.63736e-06 1.95248
13.3 2.05206e-05 1.13314e-05 -2.53833e-06 1.94881
13.325 1.97169e-05 1.08616e-05 -2.44353e-06 1.94516
13.35 1.89463e-05 1.04137e-05 -2.35278e-06 1.94152
13.375 1.82078e-05 9.98722e-06 -2.2659e-06 1.93789
13.4 1.75002e-05 9.58114e-06 -2.18274e-06 1.93427
13.425 1.68227e-05 9.1948e-06 -2.10311e-06 1.93067
13.45 1.61742e-05 8.82742e-06 -2.02686e-06 1.92708
13.475 1.55536e-05 8.47818e-06 -1.95382e-06 1.92351
13.5 1.49599e-05 8.14627e-06 -1.88383e-06 1.91994
13.525 1.43922e-05 7.83086e-06 -1.81675e-06 1.91639
13.55 1.38493e-05 7.53115e-06 -1.75242e-06 1.91286
13.575 1.33303e-05 7.24634e-06 -1.69071e-06 1.90934
13.6 1.28343e-05 6.97565e-06 -1.63149e-06 1.90583
13.625 1.23602e-05 6.71831e-06 -1.57464e-06 1.90233
13.65 1.19072e-05 6.47361e-06 -1.52005e-06 1.89884
13.675 1.14743e-05 6.24086e-06 -1.4676e-06 1.89537
13.7 1.10608e-05 6.0194e-06 -1.41722e-06 1.89191
13.725 1.06657e-05 5.80861e-06 -1.36879e-06 1.88847
13.75 1.02884e-05 5.60794e-06 -1.32226e-06 1.88504
13.775 9.92794e-06 5.41686e-06 -1.27754e-06 1.88161
13.8 9.58374e-06 5.23489e-06 -1.23458e-06 1.87821
13.825 9.2551e-06 5.06158e-06 -1.19331e-06 1.87481
13.85 8.94136e-06 4.89656e-06 -1.15369e-06 1.87142
13.875 8.64192e-06 4.73943e-06 -1.11567e-06 1.86805
13.9 8.35621e-06 4.58995e-06 -1.07922e-06 1.86469
13.925 8.0837e-06 4.44781e-06 -1.04429e-06 1.86135
13.95 7.82388e-06 4.31277e-06 -1.01087e-06 1.85801
13.975 7.57626e-06 4.18461e-06 -9.78916e-07 1.85469
14 7.34039e-06 4.06316e-06 -9.48404e-07 1.85137
14.025 7.11584e-06 3.94824e-06 -9.19311e-07 1.84807
14.05 6.90221e-06 3.8397e-06 -8.9161e-07 1.84479
14.075 6.6991e-06 3.73741e-06 -8.65277e-07 1.84151
14.1 6.50613e-06 3.64123e-06 -8.40285e-07 1.83824
14.125 6.32294e-06 3.55105e-06 -8.16606e-07 1.83499
14.15 6.14916e-06 3.46673e-06 -7.9421e-07 1.83175
14.175 5.98445e-06 3.38814e-06 -7.73064e-07 1.82852
14.2 5.82848e-06 3.31516e-06 -7.53132e-07 1.8253
14.225 5.68085e-06 3.24761e-06 -7.34374e-07 1.82209
14.25 5.54126e-06 3.18535e-06 -7.16748e-07 1.81889
14.275 5.40936e-06 3.1282e-06 -7.00206e-07 1.81571
14.3 5.28478e-06 3.07602e-06 -6.84713e-07 1.81253
14.325 5.16718e-06 3.02838e-06 -6.70184e-07 1.80937
14.35 5.05619e-06 2.98528e-06 -6.56562e-07 1.80622
14.375 4.95145e-06 2.94637e-06 -6.43816e-07 1.80308
14.4 4.8526e-06 2.91138e-06 -6.31865e-07 1.79995
14.425 4.75924e-06 2.88002e-06 -6.20643e-07 1.79683
14.45 4.67102e-06 2.85198e-06 -6.1008e-07 1.79372
14.475 4.58754e-06 2.82693e-06 -6.00106e-07 1.79062
14.5 4.50842e-06 2.80452e-06 -5.90648e-07 1.78753
14.525 4.43328e-06 2.78441e-06 -5.81634e-07 1.78446
14.55 4.36173e-06 2.76623e-06 -5.72989e-07 1.78139
14.575 4.29339e-06 2.74961e-06 -5.64642e-07 1.77834
14.6 4.2279e-06 2.73419e-06 -5.56522e-07 1.77529
14.625 4.16487e-06 2.7196e-06 -5.48559e-07 1.77226
14.65 4.10397e-06 2.70548e-06 -5.40697e-07 1.76923
14.675 4.04483e-06 2.69147e-06 -5.32853e-07 1.76622
14.7 3.98713e-06 2.67723e-06 -5.24977e-07 1.76321
14.725 3.93055e-06 2.66244e-06 -5.17014e-07 1.76022
14.75 3.87479e-06 2.64683e-06 -5.08904e-07 1.75724
14.775 3.81958e-06 2.63002e-06 -5.00619e-07 1.75426
14.8 3.76465e-06 2.61181e-06 -4.92111e-07 1.7513
14.825 3.70978e-06 2.59191e-06 -4.83347e-07 1.74835
14.85 3.65478e-06 2.5702e-06 -4.74298e-07 1.7454
14.875 3.59944e-06 2.54647e-06 -4.64943e-07 1.74247
14.9 3.5436e-06 2.52058e-06 -4.55267e-07 1.73955
14.925 3.48715e-06 2.49241e-06 -4.45263e-07 1.73663
14.95 3.42999e-06 2.4619e-06 -4.34929e-07 1.73373
14.975 3.37204e-06 2.429e-06 -4.24268e-07 1.73083
15 3.31325e-06 2.39372e-06 -4.13292e-07 1.72795
15.025 3.25363e-06 2.35608e-06 -4.02017e-07 1.72507
15.05 3.19316e-06 2.31615e-06 -3.90466e-07 1.72221
15.075 3.13188e-06 2.27402e-06 -3.78666e-07 1.71935
15.1 3.06985e-06 2.22981e-06 -3.66648e-07 1.71651
15.125 3.00715e-06 2.18368e-06 -3.54451e-07 1.71367
15.15 2.94388e-06 2.1358e-06 -3.42114e-07 1.71084
15.175 2.88016e-06 2.08637e-06 -3.2968e-07 1.70802
15.2 2.81609e-06 2.03561e-06 -3.17195e-07 1.70521
15.225 2.75187e-06 1.98375e-06 -3.04708e-07 1.70241
15.25 2.68764e-06 1.93105e-06 -2.92267e-07 1.69962
15.275 2.62357e-06 1.87776e-06 -2.79924e-07 1.69684
15.3 2.55982e-06 1.82415e-06 -2.67727e-07 1.69407
15.325 2.49659e-06 1.77049e-06 -2.55728e-07 1.6913
15.35 2.43404e-06 1.71704e-06 -2.43974e-07 1.68855
15.375 2.37236e-06 1.66407e-06 -2.32513e-07 1.6858
15.4 2.31173e-06 1.61184e-06 -2.21389e-07 1.68307
15.425 2.25231e-06 1.56059e-06 -2.10645e-07 1.68034
15.45 2.19427e-06 1.51055e-06 -2.00319e-07 1.67762
15.475 2.13777e-06 1.46196e-06 -1.90446e-07 1.67491
15.5 2.08295e-06 1.41501e-06 -1.81058e-07 1.67221
15.525 2.02994e-06 1.36988e-06 -1.72182e-07 1.66952
15.55 1.97885e-06 1.32673e-06 -1.63841e-07 1.66683
15.575 1.92978e-06 1.28571e-06 -1.56051e-07 1.66416
15.6 1.88283e-06 1.24692e-06 -1.48826e-07 1.66149
15.625 1.83806e-06 1.21046e-06 -1.42174e-07 1.65883
15.65 1.79551e-06 1.17639e-06 -1.36097e-07 1.65618
15.675 1.75523e-06 1.14475e-06 -1.30595e-07 1.65354
15.7 1.71723e-06 1.11555e-06 -1.25659e-07 1.65091
15.725 1.68151e-06 1.08878e-06 -1.21279e-07 1.64828
15.75 1.64806e-06 1.06439e-06 -1.17438e-07 1.64567
15.775 1.61683e-06 1.04234e-06 -1.14116e-07 1.64306
15.8 1.58779e-06 1.02255e-06 -1.11289e-07 1.64046
15.825 1.56087e-06 1.00491e-06 -1.08928e-07 1.63787
15.85 1.53601e-06 9.89306e-07 -1.07004e-07 1.63528
15.875 1.51313e-06 9.75607e-07 -1.05482e-07 1.63271
15.9 1.49211e-06 9.63666e-07 -1.04325e-07 1.63014
15.925 1.47288e-06 9.53325e-07 -1.03496e-07 1.62758
15.95 1.45533e-06 9.4442e-07 -1.02956e-07 1.62503
15.975 1.43935e-06 9.36778e-07 -1.02662e-07 1.62249
16 1.42481e-06 9.30224e-07 -1.02574e-07 1.61995
16.025 1.41163e-06 9.24585e-07 -1.0265e-07 1.61742
16.05 1.39969e-06 9.19685e-07 -1.0285e-07 1.61491
16.075 1.38888e-06 9.15358e-07 -1.03134e-07 1.61239
16.1 1.3791e-06 9.1144e-07 -1.03463e-07 1.60989
16.125 1.37027e-06 9.07781e-07 -1.03799e-07 1.60739
16.15 1.36229e-06 9.0424e-07 -1.04109e-07 1.60491
16.175 1.35511e-06 9.0069e-07 -1.04358e-07 1.60243
16.2 1.34865e-06 8.9702e-07 -1.04519e-07 1.59995
16.225 1.34287e-06 8.93137e-07 -1.04564e-07 1.59749
16.25 1.33773e-06 8.88966e-07 -1.0447e-07 1.59503
16.275 1.33322e-06 8.84452e-07 -1.04219e-07 1.59258
16.3 1.32933e-06 8.79562e-07 -1.03793e-07 1.59014
16.325 1.32606e-06 8.74282e-07 -1.03182e-07 1.5877
16.35 1.32346e-06 8.68623e-07 -1.02377e-07 1.58527
16.375 1.32155e-06 8.62615e-07 -1.01376e-07 1.58285
16.4 1.3204e-06 8.56317e-07 -1.00177e-07 1.58044
16.425 1.32008e-06 8.49809e-07 -9.87871e-08 1.57804
16.45 1.32069e-06 8.43178e-07 -9.72134e-08 1.57564
16.475 1.32232e-06 8.36548e-07 -9.54686e-08 1.57325
16.5 1.32511e-06 8.30058e-07 -9.35689e-08 1.57086
16.525 1.32917e-06 8.23865e-07 -9.15348e-08 1.56849
16.55 1.33465e-06 8.18143e-07 -8.9388e-08 1.56612
16.575 1.3417e-06 8.13081e-07 -8.7155e-08 1.56375
16.6 1.35049e-06 8.08883e-07 -8.48654e-08 1.5614
16.625 1.36119e-06 8.05767e-07 -8.25504e-08 1.55905
16.65 1.37397e-06 8.03949e-07 -8.02438e-08 1.55671
16.675 1.38901e-06 8.0366e-07 -7.79814e-08 1.55438
16.7 1.40649e-06 8.0515e-07 -7.58003e-08 1.55205
16.725 1.42659e-06 8.0865e-07 -7.37397e-08 1.54973
16.75 1.4495e-06 8.14403e-07 -7.18375e-08 1.54742
16.775 1.47539e-06 8.22649e-07 -7.0134e-08 1.54511
16.8 1.50445e-06 8.33624e-07 -6.86691e-08 1.54281
16.825 1.53683e-06 8.47557e-07 -6.74825e-08 1.54052
16.85 1.5727e-06 8.64671e-07 -6.66122e-08 1.53823
16.875 1.6122e-06 8.85176e-07 -6.60969e-08 1.53595
16.9 1.65547e-06 9.09271e-07 -6.59741e-08 1.53368
16.925 1.70263e-06 9.3714e-07 -6.62777e-08 1.53142
16.95 1.75379e-06 9.68951e-07 -6.70412e-08 1.52916
16.975 1.80906e-06 1.00485e-06 -6.82955e-08 1.52691
17 1.8685e-06 1.04498e-06 -7.0069e-08 1.52466
17.025 1.93217e-06 1.08944e-06 -7.23873e-08 1.52242
17.05 2.00011e-06 1.13832e-06 -7.52738e-08 1.52019
17.075 2.07235e-06 1.19168e-06 -7.87472e-08 1.51796
17.1 2.14887e-06 1.24957e-06 -8.28244e-08 1.51574
17.125 2.22966e-06 1.312e-06 -8.75184e-08 1.51353
17.15 2.31467e-06 1.37897e-06 -9.28383e-08 1.51133
17.175 2.40384e-06 1.45044e-06 -9.8791e-08 1.50913
17.2 2.49708e-06 1.52634e-06 -1.05378e-07 1.50693
17.225 2.59428e-06 1.60661e-06 -1.12599e-07 1.50475
17.25 2.69531e-06 1.69112e-06 -1.20447e-07 1.50256
17.275 2.80002e-06 1.77975e-06 -1.28915e-07 1.50039
17.3 2.90824e-06 1.87233e-06 -1.37989e-07 1.49822
17.325 3.01978e-06 1.96869e-06 -1.47655e-07 1.49606
17.35 3.13442e-06 2.06862e-06 -1.57893e-07 1.4939
17.375 3.25195e-06 2.1719e-06 -1.68682e-07 1.49175
17.4 3.37211e-06 2.27828e-06 -1.79995e-07 1.48961
17.425 3.49465e-06 2.38751e-06 -1.91803e-07 1.48747
17.45 3.61928e-06 2.4993e-06 -2.04077e-07 1.48534
17.475 3.74573e-06 2.61337e-06 -2.16782e-07 1.48322
17.5 3.87369e-06 2.7294e-06 -2.29882e-07 1.4811
17.525 4.00284e-06 2.84707e-06 -2.4334e-07 1.47899
17.55 4.13288e-06 2.96605e-06 -2.57113e-07 1.47688
17.575 4.26348e-06 3.086e-06 -2.71161e-07 1.47478
17.6 4.39429e-06 3.20659e-06 -2.85441e-07 1.47268
17.625 4.52499e-06 3.32744e-06 -2.99908e-07 1.47059
17.65 4.65523e-06 3.44822e-06 -3.14517e-07 1.46851
17.675 4.78468e-06 3.56857e-06 -3.29222e-07 1.46643
17.7 4.91299e-06 3.68812e-06 -3.43976e-07 1.46436
17.725 5.03982e-06 3.80653e-06 -3.58734e-07 1.4623
17.75 5.16484e-06 3.92345e-06 -3.73448e-07 1.46024
17.775 5.28772e-06 4.03854e-06 -3.88073e-07 1.45818
17.8 5.40814e-06 4.15145e-06 -4.02562e-07 1.45614
17.825 5.52578e-06 4.26186e-06 -4.16872e-07 1.45409
17.85 5.64033e-06 4.36946e-06 -4.30957e-07 1.45206
17.875 5.75149e-06 4.47393e-06 -4.44775e-07 1.45003
17.9 5.85899e-06 4.57498e-06 -4.58286e-07 1.448
17.925 5.96254e-06 4.67234e-06 -4.71448e-07 1.44598
17.95 6.0619e-06 4.76573e-06 -4.84223e-07 1.44397
17.975 6.1568e-06 4.85492e-06 -4.96576e-07 1.44196
18 6.24703e-06 4.93966e-06 -5.08471e-07 1.43996
18.025 6.33237e-06 5.01974e-06 -5.19877e-07 1.43796
18.05 6.41262e-06 5.09496e-06 -5.3077e-07 1.43597
18.075 6.4876e-06 5.16515e-06 -5.41101e-07 1.43398
18.1 6.55715e-06 5.23015e-06 -5.50865e-07 1.432
18.125 6.62112e-06 5.28988e-06 -5.60033e-07 1.43003
18.15 6.67939e-06 5.34408e-06 -5.68583e-07 1.42806
18.175 6.73184e-06 5.39267e-06 -5.76498e-07 1.42609
18.2 6.77837e-06 5.43569e-06 -5.83761e-07 1.42413
18.225 6.81894e-06 5.473e-06 -5.9036e-07 1.42218
18.25 6.85353e-06 5.50457e-06 -5.96282e-07 1.42023
18.275 6.882e-06 5.53037e-06 -6.01521e-07 1.41829
18.3 6.90438e-06 5.5504e-06 -6.0607e-07 1.41635
18.325 6.92067e-06 5.56467e-06 -6.09926e-07 1.41442
18.35 6.93088e-06 5.5732e-06 -6.13087e-07 1.41249
18.375 6.93506e-06 5.57605e-06 -6.15554e-07 1.41057
18.4 6.93323e-06 5.57328e-06 -6.17331e-07 1.40865
18.425 6.92548e-06 5.56496e-06 -6.18423e-07 1.40674
18.45 6.91187e-06 5.5512e-06 -6.18838e-07 1.40484
18.475 6.89251e-06 5.53209e-06 -6.18585e-07 1.40294
18.5 6.86748e-06 5.50776e-06 -6.17675e-07 1.40104
18.525 6.83691e-06 5.47831e-06 -6.16121e-07 1.39915
18.55 6.80094e-06 5.44394e-06 -6.13935e-07 1.39726
18.575 6.7597e-06 5.40479e-06 -6.11138e-07 1.39538
18.6 6.71333e-06 5.36101e-06 -6.07745e-07 1.39351
18.625 6.66202e-06 5.31278e-06 -6.03775e-07 1.39164
18.65 6.60591e-06 5.26027e-06 -5.99248e-07 1.38977
18.675 6.54519e-06 5.20369e-06 -5.94184e-07 1.38791
18.7 6.48003e-06 5.14321e-06 -5.88605e-07 1.38606
18.725 6.41064e-06 5.07904e-06 -5.82535e-07 1.3842
18.75 6.33721e-06 5.01138e-06 -5.75995e-07 1.38236
18.775 6.25992e-06 4.94043e-06 -5.69011e-07 1.38052
18.8 6.17899e-06 4.86641e-06 -5.61606e-07 1.37868
18.825 6.09462e-06 4.78952e-06 -5.53805e-07 1.37685
18.85 6.00702e-06 4.70996e-06 -5.45633e-07 1.37503
18.875 5.91639e-06 4.62796e-06 -5.37115e-07 1.3732
18.9 5.82294e-06 4.54372e-06 -5.28275e-07 1.37139
18.925 5.72687e-06 4.45744e-06 -5.1914e-07 1.36958
18.95 5.62841e-06 4.36933e-06 -5.09734e-07 1.36777
18.975 5.52775e-06 4.27959e-06 -5.0008e-07 1.36597
19 5.42509e-06 4.18842e-06 -4.90205e-07 1.36417
19.025 5.32064e-06 4.09601e-06 -4.80131e-07 1.36238
19.05 5.21459e-06 4.00254e-06 -4.69882e-07 1.36059
19.075 5.10712e-06 3.90821e-06 -4.5948e-07 1.35881
19.1 4.99845e-06 3.81319e-06 -4.48949e-07 1.35703
19.125 4.88873e-06 3.71765e-06 -4.38309e-07 1.35525
19.15 4.77816e-06 3.62175e-06 -4.27581e-07 1.35348
19.175 4.6669e-06 3.52565e-06 -4.16785e-07 1.35172
19.2 4.55513e-06 3.42951e-06 -4.05939e-07 1.34996
19.225 4.443e-06 3.33346e-06 -3.95067e-07 1.3482
19.25 4.33066e-06 3.23762e-06 -3.84179e-07 1.34645
19.275 4.21826e-06 3.14219e-06 -3.73294e-07 1.34471
19.3 4.10595e-06 3.0472e-06 -3.62429e-07 1.34297
19.325 3.99384e-06 2.95276e-06 -3.51597e-07 1.34123
19.35 3.88208e-06 2.85903e-06 -3.40811e-07 1.3395
19.375 3.77077e-06 2.76607e-06 -3.30086e-07 1.33777
19.4 3.66002e-06 2.67396e-06 -3.1943e-07 1.33604
19.425 3.54994e-06 2.58278e-06 -3.08853e-07 1.33432
19.45 3.44061e-06 2.49259e-06 -2.98366e-07 1.33261
19.475 3.33213e-06 2.40345e-06 -2.87975e-07 1.3309
19.5 3.22457e-06 2.31539e-06 -2.77688e-07 1.32919
19.525 3.118e-06 2.22846e-06 -2.67509e-07 1.32749
19.55 3.01249e-06 2.14266e-06 -2.57443e-07 1.32579
19.575 2.90808e-06 2.05802e-06 -2.47493e-07 1.3241
19.6 2.80482e-06 1.97454e-06 -2.37661e-07 1.32241
19.625 2.70275e-06 1.8922e-06 -2.27945e-07 1.32073
19.65 2.6019e-06 1.811e-06 -2.18347e-07 1.31905
19.675 2.50229e-06 1.73089e-06 -2.08862e-07 1.31737
19.7 2.40394e-06 1.65184e-06 -1.99488e-07 1.3157
19.725 2.30686e-06 1.57378e-06 -1.90218e-07 1.31403
19.75 2.21103e-06 1.49666e-06 -1.81046e-07 1.31237
19.775 2.11645e-06 1.42038e-06 -1.71964e-07 1.31071
19.8 2.02312e-06 1.34485e-06 -1.62962e-07 1.30905
19.825 1.931e-06 1.26996e-06 -1.54027e-07 1.3074
19.85 1.84005e-06 1.19559e-06 -1.45146e-07 1.30575
19.875 1.75026e-06 1.12159e-06 -1.36303e-07 1.30411
19.9 1.66156e-06 1.0478e-06 -1.27482e-07 1.30247
19.925 1.57391e-06 9.74037e-07 -1.18661e-07 1.30084
19.95 1.48724e-06 9.00097e-07 -1.09819e-07 1.29921
19.975 1.40151e-06 8.25812e-07 -1.00936e-07 1.29758
20 1.31656e-06 7.50772e-07 -9.19689e-08 1.29596
