0 476.598 392.568 -2.74031 9.9244
0.025 476.598 392.568 -2.74031 9.9244
0.05 476.228 392 -2.7371 9.92368
0.075 476.02 391.802 -2.73656 9.9227
0.1 475.738 391.541 -2.7359 9.92133
0.125 475.392 391.232 -2.73523 9.91959
0.15 474.975 390.865 -2.73448 9.91746
0.175 474.489 390.439 -2.73366 9.91495
0.2 473.933 389.953 -2.73278 9.91205
0.225 473.307 389.408 -2.73186 9.90878
0.25 472.615 388.804 -2.73091 9.90512
0.275 471.854 388.143 -2.72995 9.90109
0.3 471.034 387.427 -2.72902 9.89668
0.325 470.152 386.657 -2.72814 9.8919
0.35 469.211 385.831 -2.72731 9.88674
0.375 468.212 384.959 -2.72663 9.88122
0.4 467.16 384.04 -2.7261 9.87532
0.425 466.056 383.075 -2.72576 9.86906
0.45 464.904 382.066 -2.72564 9.86244
0.475 463.705 381.017 -2.72578 9.85546
0.5 462.464 379.929 -2.72623 9.84812
0.525 461.183 378.806 -2.72702 9.84043
0.55 459.866 377.65 -2.72821 9.83238
0.575 458.515 376.463 -2.72985 9.82399
0.6 457.134 375.25 -2.73195 9.81525
0.625 455.727 374.011 -2.73458 9.80617
0.65 454.296 372.752 -2.73779 9.79675
0.675 452.845 371.473 -2.74161 9.78699
0.7 451.378 370.179 -2.74609 9.7769
0.725 449.897 368.872 -2.75127 9.76648
0.75 448.406 367.553 -2.75721 9.75574
0.775 446.909 366.229 -2.76394 9.74467
0.8 445.409 364.901 -2.7715 9.73329
0.825 443.908 363.572 -2.7799 9.72159
0.85 442.409 362.245 -2.78925 9.70957
0.875 440.917 360.921 -2.79957 9.69725
0.9 439.434 359.605 -2.81084 9.68462
0.925 437.962 358.298 -2.82314 9.67168
0.95 436.505 357.003 -2.83645 9.65845
0.975 435.064 355.722 -2.85087 9.64492
1 433.643 354.458 -2.86638 9.63109
1.025 432.244 353.212 -2.883 9.61697
1.05 430.868 351.987 -2.9008 9.60256
1.075 429.519 350.785 -2.91972 9.58787
1.1 428.197 349.607 -2.93978 9.57289
1.125 426.904 348.455 -2.96103 9.55763
1.15 425.642 347.331 -2.98348 9.54209
1.175 424.412 346.235 -3.0071 9.52627
1.2 423.215 345.17 -3.0319 9.51018
1.225 422.052 344.135 -3.05787 9.49381
1.25 420.924 343.131 -3.085 9.47718
1.275 419.832 342.16 -3.11328 9.46027
1.3 418.775 341.222 -3.1427 9.4431
1.325 417.754 340.317 -3.17321 9.42566
1.35 416.769 339.444 -3.20482 9.40796
1.375 415.82 338.605 -3.23749 9.38999
1.4 414.905 337.799 -3.27122 9.37176
1.425 414.025 337.025 -3.3059 9.35327
1.45 413.177 336.283 -3.34156 9.33452
1.475 412.362 335.571 -3.37812 9.31551
1.5 411.579 334.89 -3.41552 9.29624
1.525 410.824 334.24 -3.45379 9.27672
1.55 410.098 333.616 -3.49286 9.25693
1.575 409.398 333.019 -3.53263 9.23689
1.6 408.722 332.446 -3.57309 9.21659
1.625 408.068 331.895 -3.61416 9.19604
1.65 407.434 331.363 -3.65583 9.17523
1.675 406.817 330.852 -3.69798 9.15416
1.7 406.215 330.358 -3.74057 9.13284
1.725 405.625 329.877 -3.78361 9.11126
1.75 405.045 329.41 -3.82697 9.08942
1.775 404.471 328.953 -3.87061 9.06733
1.8 403.9 328.503 -3.91447 9.04498
1.825 403.329 328.058 -3.9585 9.02238
1.85 402.755 327.615 -4.00263 8.99952
1.875 402.176 327.17 -4.0468 8.97641
1.9 401.586 326.722 -4.09097 8.95303
1.925 400.984 326.267 -4.13507 8.92941
1.95 400.366 325.802 -4.17905 8.90552
1.975 399.728 325.325 -4.22285 8.88138
2 399.067 324.831 -4.26642 8.85698
2.025 398.38 324.319 -4.30971 8.83233
2.05 397.662 323.785 -4.35266 8.80741
2.075 396.911 323.226 -4.39524 8.78225
2.1 396.123 322.639 -4.43738 8.75682
2.125 395.295 322.021 -4.47905 8.73115
2.15 394.423 321.369 -4.5202 8.70521
2.175 393.505 320.68 -4.56079 8.67903
2.2 392.537 319.952 -4.60078 8.65258
2.225 391.515 319.18 -4.64012 8.62589
2.25 390.437 318.363 -4.67878 8.59895
2.275 389.3 317.498 -4.71673 8.57175
2.3 388.102 316.582 -4.75392 8.5443
2.325 386.838 315.612 -4.79032 8.51661
2.35 385.508 314.586 -4.82591 8.48867
2.375 384.108 313.503 -4.86068 8.46048
2.4 382.636 312.358 -4.89453 8.43206
2.425 381.09 311.151 -4.92747 8.40339
2.45 379.468 309.879 -4.95946 8.37448
2.475 377.767 308.54 -4.99046 8.34534
2.5 375.984 307.133 -5.02048 8.31596
2.525 374.126 305.656 -5.04948 8.28636
2.55 372.182 304.107 -5.07742 8.25652
2.575 370.154 302.485 -5.10428 8.22646
2.6 368.041 300.789 -5.13002 8.19619
2.625 365.842 299.018 -5.15463 8.16569
2.65 363.556 297.17 -5.17806 8.13498
2.675 361.184 295.246 -5.2003 8.10406
2.7 358.724 293.244 -5.22132 8.07294
2.725 356.177 291.164 -5.24107 8.04162
2.75 353.542 289.005 -5.25954 8.0101
2.775 350.82 286.768 -5.27669 7.97839
2.8 348.011 284.453 -5.29249 7.94649
2.825 345.116 282.059 -5.30691 7.91442
2.85 342.135 279.588 -5.31992 7.88216
2.875 339.07 277.04 -5.33148 7.84974
2.9 335.921 274.415 -5.34155 7.81716
2.925 332.691 271.716 -5.35011 7.78441
2.95 329.379 268.941 -5.35717 7.75152
2.975 325.989 266.093 -5.36259 7.71848
3 322.521 263.173 -5.36642 7.6853
3.025 318.978 260.183 -5.36857 7.65199
3.05 315.361 257.124 -5.36897 7.61855
3.075 311.674 253.998 -5.36769 7.58499
3.1 307.917 250.807 -5.36466 7.55133
3.125 304.093 247.553 -5.35983 7.51755
3.15 300.207 244.239 -5.35317 7.48368
3.175 296.26 240.867 -5.34466 7.44972
3.2 292.256 237.44 -5.33426 7.41568
3.225 288.196 233.959 -5.32194 7.38156
3.25 284.084 230.429 -5.30768 7.34738
3.275 279.923 226.851 -5.29146 7.31313
3.3 275.716 223.229 -5.27324 7.27883
3.325 271.467 219.566 -5.25302 7.24448
3.35 267.179 215.865 -5.23077 7.2101
3.375 262.855 212.129 -5.20649 7.17569
3.4 258.499 208.362 -5.18016 7.14126
3.425 254.114 204.566 -5.15177 7.10681
3.45 249.704 200.746 -5.12133 7.07236
3.475 245.272 196.904 -5.08884 7.0379
3.5 240.822 193.045 -5.05429 7.00346
3.525 236.357 189.171 -5.01771 6.96903
3.55 231.881 185.287 -4.9791 6.93463
3.575 227.398 181.395 -4.93848 6.90025
3.6 222.911 177.5 -4.89588 6.86592
3.625 218.423 173.604 -4.85132 6.83163
3.65 213.938 169.711 -4.80484 6.79739
3.675 209.46 165.825 -4.75647 6.76322
3.7 204.991 161.95 -4.70626 6.72911
3.725 200.536 158.087 -4.65424 6.69507
3.75 196.097 154.241 -4.60048 6.66112
3.775 191.678 150.416 -4.54502 6.62725
3.8 187.281 146.613 -4.48792 6.59348
3.825 182.911 142.837 -4.42924 6.55981
3.85 178.569 139.089 -4.36905 6.52624
3.875 174.26 135.374 -4.30743 6.49279
3.9 169.985 131.694 -4.24443 6.45945
3.925 165.747 128.051 -4.18015 6.42624
3.95 161.549 124.449 -4.11465 6.39316
3.975 157.393 120.889 -4.04803 6.36021
4 153.283 117.374 -3.98035 6.3274
4.025 149.219 113.906 -3.91171 6.29474
4.05 145.205 110.487 -3.8422 6.26222
4.075 141.242 107.12 -3.7719 6.22986
4.1 137.333 103.806 -3.70091 6.19766
4.125 133.478 100.546 -3.62931 6.16562
4.15 129.681 97.3429 -3.55719 6.13375
4.175 125.942 94.1975 -3.48464 6.10204
4.2 122.263 91.1111 -3.41176 6.07052
4.225 118.645 88.0858 -3.33863 6.03917
4.25 115.09 85.1209 -3.26534 6.008
4.275 111.598 82.2183 -3.19198 5.97701
4.3 108.171 79.3785 -3.11863 5.94621
4.325 104.809 76.6024 -3.04539 5.91561
4.35 101.514 73.8903 -2.97232 5.88519
4.375 98.2855 71.2428 -2.89952 5.85497
4.4 95.1245 68.6601 -2.82706 5.82494
4.425 92.0314 66.1423 -2.75501 5.79512
4.45 89.0065 63.6896 -2.68345 5.76549
4.475 86.05 61.3018 -2.61245 5.73607
4.5 83.162 58.9788 -2.54208 5.70685
4.525 80.3425 56.7203 -2.47239 5.67783
4.55 77.5916 54.5261 -2.40345 5.64903
4.575 74.9089 52.3955 -2.33532 5.62042
4.6 72.2943 50.3282 -2.26804 5.59203
4.625 69.7475 48.3236 -2.20168 5.56385
4.65 67.2679 46.3808 -2.13627 5.53587
4.675 64.8551 44.4993 -2.07186 5.50811
4.7 62.5086 42.678 -2.00849 5.48056
4.725 60.2276 40.9163 -1.94621 5.45321
4.75 58.0116 39.2131 -1.88505 5.42608
4.775 55.8598 37.5675 -1.82501 5.39916
4.8 53.7712 35.9783 -1.76614 5.37245
4.825 51.7452 34.4447 -1.70846 5.34595
4.85 49.7807 32.9653 -1.65199 5.31966
4.875 47.8767 31.5391 -1.59674 5.29357
4.9 46.0324 30.165 -1.54274 5.2677
4.925 44.2467 28.8416 -1.48998 5.24204
4.95 42.5184 27.5679 -1.43849 5.21658
4.975 40.8465 26.3425 -1.38826 5.19133
5 39.2299 25.1642 -1.3393 5.16629
5.025 37.6673 24.0318 -1.2916 5.14145
5.05 36.1578 22.944 -1.24517 5.11681
5.075 34.7 21.8995 -1.2 5.09238
5.1 33.2927 20.897 -1.15609 5.06815
5.125 31.9348 19.9354 -1.11342 5.04412
5.15 30.6251 19.0133 -1.07199 5.02029
5.175 29.3623 18.1296 -1.03178 4.99666
5.2 28.1452 17.2828 -0.992784 4.97322
5.225 26.9726 16.472 -0.954981 4.94998
5.25 25.8433 15.6958 -0.918357 4.92694
5.275 24.7561 14.953 -0.882894 4.90408
5.3 23.7097 14.2425 -0.848572 4.88142
5.325 22.703 13.5631 -0.815373 4.85895
5.35 21.7348 12.9137 -0.783275 4.83666
5.375 20.804 12.2932 -0.752257 4.81457
5.4 19.9093 11.7005 -0.722296 4.79265
5.425 19.0496 11.1346 -0.69337 4.77092
5.45 18.2239 10.5943 -0.665454 4.74937
5.475 17.431 10.0788 -0.638526 4.72801
5.5 16.6698 9.58695 -0.612561 4.70682
5.525 15.9392 9.11786 -0.587535 4.6858
5.55 15.2383 8.67059 -0.563423 4.66497
5.575 14.566 8.24424 -0.540201 4.6443
5.6 13.9213 7.83795 -0.517844 4.62381
5.625 13.3032 7.45085 -0.496327 4.60349
5.65 12.7108 7.08212 -0.475625 4.58333
5.675 12.1431 6.73098 -0.455715 4.56335
5.7 11.5992 6.39666 -0.436573 4.54352
5.725 11.0782 6.0784 -0.418173 4.52387
5.75 10.5794 5.77551 -0.400493 4.50437
5.775 10.1018 5.48729 -0.383509 4.48503
5.8 9.6446 5.21308 -0.367198 4.46586
5.825 9.20707 4.95224 -0.351538 4.44684
5.85 8.78842 4.70416 -0.336506 4.42797
5.875 8.3879 4.46825 -0.32208 4.40926
5.9 8.00482 4.24394 -0.30824 4.3907
5.925 7.63845 4.03069 -0.294964 4.37229
5.95 7.28815 3.82798 -0.282233 4.35403
5.975 6.95325 3.63531 -0.270025 4.33592
6 6.63313 3.45221 -0.258322 4.31795
6.025 6.32718 3.27821 -0.247105 4.30013
6.05 6.03482 3.11288 -0.236356 4.28245
6.075 5.75548 2.9558 -0.226057 4.26491
6.1 5.48862 2.80658 -0.21619 4.24751
6.125 5.23372 2.66482 -0.20674 4.23025
6.15 4.99027 2.53016 -0.197689 4.21312
6.175 4.75779 2.40227 -0.189022 4.19613
6.2 4.53581 2.28079 -0.180723 4.17928
6.225 4.32388 2.16543 -0.172779 4.16255
6.25 4.12156 2.05587 -0.165174 4.14596
6.275 3.92844 1.95183 -0.157896 4.1295
6.3 3.74414 1.85303 -0.15093 4.11316
6.325 3.56825 1.75922 -0.144265 4.09695
6.35 3.40041 1.67014 -0.137888 4.08087
6.375 3.24027 1.58557 -0.131786 4.06491
6.4 3.08749 1.50526 -0.125949 4.04907
6.425 2.94175 1.42902 -0.120366 4.03336
6.45 2.80273 1.35664 -0.115026 4.01776
6.475 2.67014 1.28792 -0.109919 4.00228
6.5 2.54369 1.22268 -0.105035 3.98692
6.525 2.4231 1.16075 -0.100365 3.97168
6.55 2.30812 1.10195 -0.0958994 3.95655
6.575 2.19849 1.04614 -0.0916301 3.94153
6.6 2.09397 0.993154 -0.0875486 3.92663
6.625 1.99434 0.94286 -0.083647 3.91184
6.65 1.89936 0.895119 -0.0799175 3.89715
6.675 1.80883 0.849803 -0.0763528 3.88258
6.7 1.72255 0.806789 -0.0729464 3.86811
6.725 1.64032 0.765962 -0.0696905 3.85376
6.75 1.56196 0.727211 -0.0665792 3.8395
6.775 1.4873 0.690436 -0.0636061 3.82535
6.8 1.41616 0.655528 -0.0607653 3.81131
6.825 1.34838 0.622397 -0.0580512 3.79736
6.85 1.28381 0.590953 -0.0554582 3.78352
6.875 1.22229 0.561113 -0.052981 3.76977
6.9 1.1637 0.532793 -0.0506147 3.75613
6.925 1.10789 0.505918 -0.0483544 3.74258
6.95 1.05473 0.480414 -0.0461954 3.72913
6.975 1.00411 0.456212 -0.0441334 3.71578
7 0.955902 0.433246 -0.0421641 3.70252
7.025 0.909994 0.411453 -0.0402833 3.68935
7.05 0.866281 0.390774 -0.0384873 3.67628
7.075 0.82466 0.371153 -0.0367723 3.6633
7.1 0.785032 0.352534 -0.0351346 3.65041
7.125 0.747305 0.334868 -0.033571 3.63761
7.15 0.711388 0.318106 -0.0320779 3.6249
7.175 0.677198 0.302202 -0.0306524 3.61228
7.2 0.644651 0.287112 -0.0292915 3.59974
7.225 0.613672 0.272794 -0.0279921 3.58729
7.25 0.584184 0.259209 -0.0267516 3.57493
7.275 0.556118 0.246319 -0.0255673 3.56265
7.3 0.529407 0.234089 -0.0244367 3.55046
7.325 0.503985 0.222484 -0.0233573 3.53834
7.35 0.479791 0.211473 -0.0223269 3.52631
7.375 0.456767 0.201026 -0.0213431 3.51437
7.4 0.434856 0.191112 -0.020404 3.5025
7.425 0.414005 0.181704 -0.0195074 3.49071
7.45 0.394163 0.172776 -0.0186515 3.479
7.475 0.375282 0.164304 -0.0178342 3.46737
7.5 0.357315 0.156263 -0.017054 3.45582
7.525 0.340219 0.148632 -0.0163091 3.44434
7.55 0.323951 0.141387 -0.0155978 3.43294
7.575 0.30847 0.134511 -0.0149186 3.42161
7.6 0.29374 0.127984 -0.01427 3.41036
7.625 0.279723 0.121787 -0.0136505 3.39918
7.65 0.266385 0.115904 -0.013059 3.38807
7.675 0.253693 0.110317 -0.012494 3.37704
7.7 0.241615 0.105011 -0.0119544 3.36608
7.725 0.230122 0.0999719 -0.0114389 3.35519
7.75 0.219184 0.0951853 -0.0109465 3.34437
7.775 0.208775 0.0906382 -0.010476 3.33362
7.8 0.198869 0.0863178 -0.0100264 3.32293
7.825 0.189441 0.0822125 -0.00959687 3.31232
7.85 0.180468 0.0783109 -0.00918635 3.30177
7.875 0.171927 0.0746024 -0.00879398 3.29129
7.9 0.163798 0.0710769 -0.00841893 3.28088
7.925 0.15606 0.0677249 -0.0080604 3.27053
7.95 0.148694 0.0645374 -0.00771762 3.26025
7.975 0.141682 0.0615057 -0.00738986 3.25003
8 0.135006 0.0586218 -0.00707644 3.23987
8.025 0.128651 0.055878 -0.0067767 3.22978
8.05 0.122599 0.0532671 -0.00648999 3.21975
8.075 0.116837 0.0507823 -0.00621573 3.20979
8.1 0.11135 0.0484171 -0.00595335 3.19988
8.125 0.106125 0.0461653 -0.0057023 3.19004
8.15 0.101149 0.0440212 -0.00546209 3.18025
8.175 0.0964098 0.0419793 -0.0052322 3.17053
8.2 0.0918958 0.0400343 -0.00501219 3.16086
8.225 0.0875962 0.0381815 -0.0048016 3.15126
8.25 0.0835005 0.0364162 -0.00460001 3.14171
8.275 0.0795988 0.034734 -0.00440702 3.13222
8.3 0.0758816 0.0331308 -0.00422226 3.12278
8.325 0.0723401 0.0316026 -0.00404535 3.11341
8.35 0.0689658 0.0301458 -0.00387596 3.10408
8.375 0.0657506 0.0287569 -0.00371375 3.09482
8.4 0.0626868 0.0274326 -0.0035584 3.08561
8.425 0.0597672 0.0261698 -0.00340963 3.07645
8.45 0.0569849 0.0249654 -0.00326715 3.06735
8.475 0.0543332 0.0238167 -0.00313068 3.0583
8.5 0.051806 0.022721 -0.00299997 3.04931
8.525 0.0493972 0.0216759 -0.00287477 3.04037
8.55 0.0471014 0.0206789 -0.00275485 3.03148
8.575 0.0449131 0.0197278 -0.00263998 3.02264
8.6 0.0428272 0.0188204 -0.00252995 3.01386
8.625 0.0408389 0.0179548 -0.00242456 3.00512
8.65 0.0389435 0.017129 -0.00232361 2.99643
8.675 0.0371368 0.0163411 -0.00222691 2.9878
8.7 0.0354145 0.0155895 -0.0021343 2.97921
8.725 0.0337727 0.0148724 -0.00204559 2.97068
8.75 0.0322076 0.0141884 -0.00196062 2.96219
8.775 0.0307157 0.0135359 -0.00187925 2.95375
8.8 0.0292934 0.0129135 -0.00180131 2.94536
8.825 0.0279376 0.0123198 -0.00172667 2.93702
8.85 0.0266452 0.0117536 -0.00165519 2.92872
8.875 0.0254132 0.0112136 -0.00158674 2.92047
8.9 0.0242387 0.0106987 -0.00152119 2.91227
8.925 0.0231192 0.0102077 -0.00145843 2.90411
8.95 0.0220521 0.00973951 -0.00139833 2.896
8.975 0.021035 0.00929316 -0.00134078 2.88793
9 0.0200654 0.00886765 -0.00128569 2.87991
9.025 0.0191413 0.00846206 -0.00123294 2.87193
9.05 0.0182605 0.00807547 -0.00118243 2.864
9.075 0.017421 0.00770704 -0.00113409 2.85611
9.1 0.0166208 0.00735595 -0.0010878 2.84826
9.125 0.0158582 0.00702139 -0.00104348 2.84046
9.15 0.0151314 0.00670263 -0.00100106 2.8327
9.175 0.0144388 0.00639894 -0.000960449 2.82498
9.2 0.0137787 0.00610963 -0.00092157 2.81731
9.225 0.0131496 0.00583403 -0.000884348 2.80967
9.25 0.01255 0.00557151 -0.000848714 2.80208
9.275 0.0119787 0.00532146 -0.000814598 2.79452
9.3 0.0114342 0.0050833 -0.000781934 2.78701
9.325 0.0109154 0.00485647 -0.00075066 2.77954
9.35 0.0104209 0.00464043 -0.000720714 2.77211
9.375 0.00994966 0.00443467 -0.000692038 2.76472
9.4 0.00950059 0.00423871 -0.000664576 2.75736
9.425 0.00907261 0.00405206 -0.000638275 2.75005
9.45 0.00866474 0.00387429 -0.00061308 2.74277
9.475 0.00827602 0.00370496 -0.000588948 2.73554
9.5 0.00790553 0.00354366 -0.000565829 2.72834
9.525 0.0075524 0.00339 -0.000543678 2.72118
9.55 0.00721581 0.00324361 -0.000522451 2.71405
9.575 0.00689497 0.0031041 -0.000502109 2.70697
9.6 0.00658911 0.00297116 -0.000482608 2.69992
9.625 0.00629752 0.00284446 -0.000463912 2.69291
9.65 0.00601952 0.0027237 -0.000445986 2.68593
9.675 0.00575444 0.00260854 -0.000428795 2.67899
9.7 0.00550166 0.00249873 -0.000412305 2.67208
9.725 0.00526059 0.00239399 -0.000396485 2.66522
9.75 0.00503067 0.00229406 -0.000381305 2.65838
9.775 0.00481134 0.0021987 -0.000366736 2.65158
9.8 0.0046021 0.00210768 -0.000352751 2.64482
9.825 0.00440245 0.00202077 -0.000339324 2.63809
9.85 0.00421194 0.00193776 -0.00032643 2.63139
9.875 0.00403012 0.00185844 -0.000314045 2.62473
9.9 0.00385656 0.00178266 -0.000302147 2.6181
9.925 0.00369087 0.00171021 -0.000290714 2.61151
9.95 0.00353265 0.00164093 -0.000279726 2.60495
9.975 0.00338155 0.00157465 -0.000269164 2.59842
10 0.00323723 0.00151122 -0.000259008 2.59192
10.025 0.00309935 0.0014505 -0.000249242 2.58546
10.05 0.0029676 0.00139235 -0.000239849 2.57903
10.075 0.0028417 0.00133663 -0.000230813 2.57263
10.1 0.00272134 0.00128324 -0.000222119 2.56626
10.125 0.00260628 0.00123205 -0.000213752 2.55992
10.15 0.00249625 0.00118295 -0.0002057 2.55362
10.175 0.00239101 0.00113585 -0.000197949 2.54734
10.2 0.00229035 0.00109065 -0.000190487 2.5411
10.225 0.00219403 0.00104724 -0.000183303 2.53489
10.25 0.00210186 0.00100556 -0.000176385 2.52871
10.275 0.00201364 0.000965515 -0.000169724 2.52255
10.3 0.00192919 0.000927035 -0.000163308 2.51643
10.325 0.00184833 0.000890048 -0.000157129 2.51034
10.35 0.0017709 0.000854489 -0.000151178 2.50427
10.375 0.00169674 0.000820293 -0.000145447 2.49824
10.4 0.0016257 0.000787409 -0.000139926 2.49223
10.425 0.00155765 0.00075577 -0.000134609 2.48626
10.45 0.00149244 0.00072533 -0.000129488 2.48031
10.475 0.00142995 0.000696041 -0.000124556 2.47439
10.5 0.00137007 0.000667857 -0.000119806 2.4685
10.525 0.00131267 0.000640735 -0.000115233 2.46263
10.55 0.00125765 0.000614635 -0.000110829 2.4568
10.575 0.00120492 0.00058952 -0.00010659 2.45099
10.6 0.00115436 0.000565353 -0.000102508 2.44521
10.625 0.0011059 0.0005421 -9.85802e-05 2.43946
10.65 0.00105944 0.00051973 -9.47998e-05 2.43373
10.675 0.0010149 0.000498213 -9.11622e-05 2.42803
10.7 0.000972199 0.000477519 -8.76626e-05 2.42236
10.725 0.000931264 0.000457621 -8.42964e-05 2.41671
10.75 0.000892024 0.000438493 -8.1059e-05 2.41109
10.775 0.00085441 0.00042011 -7.7946e-05 2.4055
10.8 0.000818357 0.000402448 -7.49534e-05 2.39993
10.825 0.000783803 0.000385483 -7.20762e-05 2.39439
10.85 0.000750688 0.000369194 -6.93119e-05 2.38887
10.875 0.000718955 0.000353559 -6.66558e-05 2.38338
10.9 0.000688551 0.000338556 -6.41043e-05 2.37791
10.925 0.000659422 0.000324166 -6.16536e-05 2.37247
10.95 0.000631519 0.000310365 -5.93004e-05 2.36705
10.975 0.000604793 0.000297141 -5.70407e-05 2.36166
11 0.000579199 0.00028447 -5.48715e-05 2.35629
11.025 0.000554692 0.000272335 -5.27892e-05 2.35095
11.05 0.000531229 0.000260717 -5.07907e-05 2.34563
11.075 0.000508768 0.000249599 -4.88731e-05 2.34034
11.1 0.000487271 0.000238963 -4.7033e-05 2.33507
11.125 0.000466698 0.000228791 -4.52675e-05 2.32982
11.15 0.000447013 0.000219067 -4.35736e-05 2.32459
11.175 0.00042818 0.000209774 -4.19487e-05 2.31939
11.2 0.000410165 0.000200896 -4.03898e-05 2.31422
11.225 0.000392934 0.000192417 -3.88944e-05 2.30906
11.25 0.000376455 0.000184321 -3.74598e-05 2.30393
11.275 0.000360698 0.000176593 -3.60836e-05 2.29882
11.3 0.000345631 0.000169217 -3.47632e-05 2.29374
11.325 0.000331227 0.00016218 -3.34963e-05 2.28867
11.35 0.000317458 0.000155467 -3.22807e-05 2.28363
11.375 0.000304296 0.000149064 -3.11141e-05 2.27861
11.4 0.000291716 0.000142957 -2.99944e-05 2.27362
11.425 0.000279693 0.000137134 -2.89196e-05 2.26864
11.45 0.000268202 0.000131581 -2.78877e-05 2.26369
11.475 0.00025722 0.000126287 -2.68968e-05 2.25876
11.5 0.000246726 0.000121239 -2.59453e-05 2.25385
11.525 0.000236697 0.000116426 -2.5031e-05 2.24896
11.55 0.000227113 0.000111838 -2.41525e-05 2.24409
11.575 0.000217954 0.000107463 -2.33082e-05 2.23924
11.6 0.000209201 0.00010329 -2.24965e-05 2.23442
11.625 0.000200836 9.9311e-05 -2.17161e-05 2.22961
11.65 0.000192841 9.55156e-05 -2.09654e-05 2.22483
11.675 0.000185199 9.18951e-05 -2.02431e-05 2.22006
11.7 0.000177895 8.84408e-05 -1.95481e-05 2.21532
11.725 0.000170912 8.51444e-05 -1.8879e-05 2.2106
11.75 0.000164236 8.19977e-05 -1.82347e-05 2.20589
11.775 0.000157853 7.8994e-05 -1.76141e-05 2.20121
11.8 0.000151749 7.61256e-05 -1.70161e-05 2.19655
11.825 0.000145911 7.33857e-05 -1.64398e-05 2.1919
11.85 0.000140327 7.07678e-05 -1.58842e-05 2.18728
11.875 0.000134984 6.82655e-05 -1.53483e-05 2.18267
11.9 0.000129872 6.5873e-05 -1.48314e-05 2.17809
11.925 0.000124979 6.35844e-05 -1.43325e-05 2.17352
11.95 0.000120295 6.13944e-05 -1.38509e-05 2.16897
11.975 0.000115811 5.92978e-05 -1.33858e-05 2.16445
12 0.000111515 5.72899e-05 -1.29366e-05 2.15994
12.025 0.000107401 5.53654e-05 -1.25026e-05 2.15545
12.05 0.000103458 5.35199e-05 -1.2083e-05 2.15097
12.075 9.96779e-05 5.17491e-05 -1.16774e-05 2.14652
12.1 9.60536e-05 5.0049e-05 -1.1285e-05 2.14209
12.125 9.25771e-05 4.84152e-05 -1.09054e-05 2.13767
12.15 8.92411e-05 4.68446e-05 -1.05381e-05 2.13327
12.175 8.60388e-05 4.53333e-05 -1.01825e-05 2.12889
12.2 8.29635e-05 4.38777e-05 -9.8381e-06 2.12453
12.225 8.00088e-05 4.24748e-05 -9.50455e-06 2.12018
12.25 7.71689e-05 4.11212e-05 -9.18139e-06 2.11586
12.275 7.4438e-05 3.98142e-05 -8.86822e-06 2.11155
12.3 7.18107e-05 3.85509e-05 -8.56461e-06 2.10725
12.325 6.92816e-05 3.73287e-05 -8.2704e-06 2.10298
12.35 6.68462e-05 3.61451e-05 -7.98506e-06 2.09872
12.375 6.44997e-05 3.49978e-05 -7.70835e-06 2.09448
12.4 6.22377e-05 3.38846e-05 -7.43999e-06 2.09026
12.425 6.00562e-05 3.28036e-05 -7.1797e-06 2.08606
12.45 5.79511e-05 3.17529e-05 -6.92724e-06 2.08187
12.475 5.59189e-05 3.07308e-05 -6.68237e-06 2.07769
12.5 5.39562e-05 2.97358e-05 -6.44488e-06 2.07354
12.525 5.20597e-05 2.87664e-05 -6.21455e-06 2.0694
12.55 5.02264e-05 2.78214e-05 -5.99123e-06 2.06528
12.575 4.84536e-05 2.68997e-05 -5.77474e-06 2.06117
12.6 4.67386e-05 2.60003e-05 -5.56491e-06 2.05708
12.625 4.50791e-05 2.51224e-05 -5.36159e-06 2.05301
12.65 4.34727e-05 2.42651e-05 -5.16469e-06 2.04895
12.675 4.19175e-05 2.34281e-05 -4.97401e-06 2.04491
12.7 4.04116e-05 2.26106e-05 -4.78947e-06 2.04088
12.725 3.89532e-05 2.18123e-05 -4.61092e-06 2.03688
12.75 3.75407e-05 2.10329e-05 -4.43831e-06 2.03288
12.775 3.61726e-05 2.02723e-05 -4.27152e-06 2.0289
12.8 3.48475e-05 1.95303e-05 -4.11044e-06 2.02494
12.825 3.35644e-05 1.88066e-05 -3.95497e-06 2.02099
12.85 3.23219e-05 1.81014e-05 -3.80502e-06 2.01706
12.875 3.11191e-05 1.74147e-05 -3.6605e-06 2.01314
12.9 2.9955e-05 1.67465e-05 -3.5213e-06 2.00924
12.925 2.88287e-05 1.6097e-05 -3.38733e-06 2.00536
12.95 2.77394e-05 1.54661e-05 -3.25849e-06 2.00149
12.975 2.66862e-05 1.48541e-05 -3.13467e-06 1.99763
13 2.56685e-05 1.42609e-05 -3.01578e-06 1.99379
13.025 2.46855e-05 1.36868e-05 -2.90169e-06 1.98996
13.05 2.37366e-05 1.31318e-05 -2.79229e-06 1.98615
13.075 2.28211e-05 1.25959e-05 -2.68747e-06 1.98235
13.1 2.19383e-05 1.20791e-05 -2.58709e-06 1.97857
13.125 2.10876e-05 1.15815e-05 -2.49104e-06 1.9748
13.15 2.02683e-05 1.1103e-05 -2.39919e-06 1.97104
13.175 1.94798e-05 1.06434e-05 -2.31138e-06 1.9673
13.2 1.87215e-05 1.02027e-05 -2.2275e-06 1.96358
13.225 1.79926e-05 9.78053e-06 -2.14738e-06 1.95987
13.25 1.72925e-05 9.37678e-06 -2.07091e-06 1.95617
13.275 1.66204e-05 8.9911e-06 -1.9979e-06 1.95248
13.3 1.59756e-05 8.62315e-06 -1.92824e-06 1.94881
13.325 1.53576e-05 8.2725e-06 -1.86175e-06 1.94516
13.35 1.47651e-05 7.93873e-06 -1.79829e-06 1.94152
13.375 1.41979e-05 7.62157e-06 -1.73771e-06 1.93789
13.4 1.36548e-05 7.31987e-06 -1.67986e-06 1.93427
13.425 1.31352e-05 7.03367e-06 -1.6246e-06 1.93067
13.45 1.26383e-05 6.7621e-06 -1.57179e-06 1.92708
13.475 1.21631e-05 6.50465e-06 -1.52127e-06 1.92351
13.5 1.17089e-05 6.26064e-06 -1.47291e-06 1.91994
13.525 1.12748e-05 6.02943e-06 -1.42659e-06 1.91639
13.55 1.086e-05 5.81034e-06 -1.38217e-06 1.91286
13.575 1.04636e-05 5.6027e-06 -1.33953e-06 1.90934
13.6 1.00849e-05 5.40586e-06 -1.29856e-06 1.90583
13.625 9.72297e-06 5.21915e-06 -1.25915e-06 1.90233
13.65 9.37704e-06 5.04191e-06 -1.22119e-06 1.89884
13.675 9.04635e-06 4.87353e-06 -1.18459e-06 1.89537
13.7 8.73013e-06 4.71338e-06 -1.14926e-06 1.89191
13.725 8.42763e-06 4.56088e-06 -1.11512e-06 1.88847
13.75 8.13816e-06 4.41547e-06 -1.0821e-06 1.88504
13.775 7.86102e-06 4.27663e-06 -1.05012e-06 1.88161
13.8 7.59556e-06 4.14385e-06 -1.01914e-06 1.87821
13.825 7.34118e-06 4.01668e-06 -9.89094e-07 1.87481
13.85 7.09727e-06 3.89469e-06 -9.59938e-07 1.87142
13.875 6.86329e-06 3.77751e-06 -9.31632e-07 1.86805
13.9 6.63872e-06 3.66476e-06 -9.04135e-07 1.86469
13.925 6.42308e-06 3.55618e-06 -8.77429e-07 1.86135
13.95 6.21592e-06 3.45149e-06 -8.51484e-07 1.85801
13.975 6.01683e-06 3.35044e-06 -8.26283e-07 1.85469
14 5.82542e-06 3.25283e-06 -8.01796e-07 1.85137
14.025 5.64135e-06 3.15851e-06 -7.78023e-07 1.84807
14.05 5.46432e-06 3.06732e-06 -7.54948e-07 1.84479
14.075 5.29397e-06 2.97917e-06 -7.32562e-07 1.84151
14.1 5.1301e-06 2.89397e-06 -7.10858e-07 1.83824
14.125 4.97245e-06 2.81168e-06 -6.89829e-07 1.83499
14.15 4.8208e-06 2.7322e-06 -6.69469e-07 1.83175
14.175 4.67496e-06 2.65556e-06 -6.49773e-07 1.82852
14.2 4.53473e-06 2.58172e-06 -6.30734e-07 1.8253
14.225 4.39995e-06 2.51068e-06 -6.12344e-07 1.82209
14.25 4.27047e-06 2.44244e-06 -5.94596e-07 1.81889
14.275 4.14614e-06 2.377e-06 -5.77481e-07 1.81571
14.3 4.02682e-06 2.31436e-06 -5.60986e-07 1.81253
14.325 3.91238e-06 2.25454e-06 -5.451e-07 1.80937
14.35 3.80269e-06 2.19751e-06 -5.29807e-07 1.80622
14.375 3.69762e-06 2.14328e-06 -5.1509e-07 1.80308
14.4 3.59704e-06 2.09182e-06 -5.00931e-07 1.79995
14.425 3.50084e-06 2.0431e-06 -4.87308e-07 1.79683
14.45 3.40886e-06 1.99707e-06 -4.74199e-07 1.79372
14.475 3.32098e-06 1.95369e-06 -4.61579e-07 1.79062
14.5 3.23706e-06 1.91288e-06 -4.49421e-07 1.78753
14.525 3.15695e-06 1.87461e-06 -4.37698e-07 1.78446
14.55 3.08049e-06 1.83869e-06 -4.26381e-07 1.78139
14.575 3.00754e-06 1.80505e-06 -4.15441e-07 1.77834
14.6 2.93793e-06 1.77353e-06 -4.04845e-07 1.77529
14.625 2.8715e-06 1.74408e-06 -3.94564e-07 1.77226
14.65 2.80807e-06 1.71652e-06 -3.84571e-07 1.76923
14.675 2.74746e-06 1.69068e-06 -3.74822e-07 1.76622
14.7 2.6895e-06 1.66642e-06 -3.65301e-07 1.76321
14.725 2.63401e-06 1.64355e-06 -3.55973e-07 1.76022
14.75 2.5808e-06 1.62191e-06 -3.46812e-07 1.75724
14.775 2.52969e-06 1.60135e-06 -3.3779e-07 1.75426
14.8 2.48049e-06 1.58164e-06 -3.28883e-07 1.7513
14.825 2.43304e-06 1.56262e-06 -3.2007e-07 1.74835
14.85 2.38716e-06 1.54413e-06 -3.11329e-07 1.7454
14.875 2.34267e-06 1.526e-06 -3.02644e-07 1.74247
14.9 2.29941e-06 1.50807e-06 -2.93999e-07 1.73955
14.925 2.25722e-06 1.49015e-06 -2.85383e-07 1.73663
14.95 2.21596e-06 1.47216e-06 -2.76785e-07 1.73373
14.975 2.17548e-06 1.45395e-06 -2.682e-07 1.73083
15 2.13566e-06 1.43538e-06 -2.59624e-07 1.72795
15.025 2.09638e-06 1.41637e-06 -2.51057e-07 1.72507
15.05 2.05752e-06 1.39681e-06 -2.42501e-07 1.72221
15.075 2.019e-06 1.37662e-06 -2.33961e-07 1.71935
15.1 1.98074e-06 1.35576e-06 -2.25446e-07 1.71651
15.125 1.94266e-06 1.33418e-06 -2.16965e-07 1.71367
15.15 1.90471e-06 1.31184e-06 -2.08532e-07 1.71084
15.175 1.86685e-06 1.28874e-06 -2.0016e-07 1.70802
15.2 1.82905e-06 1.26488e-06 -1.91867e-07 1.70521
15.225 1.79129e-06 1.24028e-06 -1.83669e-07 1.70241
15.25 1.75356e-06 1.21497e-06 -1.75588e-07 1.69962
15.275 1.71586e-06 1.18899e-06 -1.67642e-07 1.69684
15.3 1.67823e-06 1.16242e-06 -1.59852e-07 1.69407
15.325 1.64068e-06 1.13532e-06 -1.52241e-07 1.6913
15.35 1.60326e-06 1.10776e-06 -1.44829e-07 1.68855
15.375 1.566e-06 1.07984e-06 -1.37637e-07 1.6858
15.4 1.52896e-06 1.05165e-06 -1.30687e-07 1.68307
15.425 1.4922e-06 1.0233e-06 -1.23997e-07 1.68034
15.45 1.45578e-06 9.949e-07 -1.17586e-07 1.67762
15.475 1.41977e-06 9.66551e-07 -1.11472e-07 1.67491
15.5 1.38423e-06 9.38369e-07 -1.0567e-07 1.67221
15.525 1.34924e-06 9.10466e-07 -1.00194e-07 1.66952
15.55 1.31488e-06 8.82951e-07 -9.50556e-08 1.66683
15.575 1.28121e-06 8.5593e-07 -9.02647e-08 1.66416
15.6 1.24831e-06 8.2951e-07 -8.58284e-08 1.66149
15.625 1.21624e-06 8.03786e-07 -8.17517e-08 1.65883
15.65 1.18508e-06 7.78852e-07 -7.80364e-08 1.65618
15.675 1.15489e-06 7.54792e-07 -7.46832e-08 1.65354
15.7 1.12571e-06 7.31682e-07 -7.16892e-08 1.65091
15.725 1.09762e-06 7.09586e-07 -6.90488e-08 1.64828
15.75 1.07064e-06 6.88571e-07 -6.67545e-08 1.64567
15.775 1.04484e-06 6.68682e-07 -6.47959e-08 1.64306
15.8 1.02023e-06 6.49957e-07 -6.31606e-08 1.64046
15.825 9.96848e-07 6.32427e-07 -6.1834e-08 1.63787
15.85 9.74719e-07 6.1611e-07 -6.07992e-08 1.63528
15.875 9.53854e-07 6.01012e-07 -6.00377e-08 1.63271
15.9 9.34264e-07 5.87136e-07 -5.95291e-08 1.63014
15.925 9.15948e-07 5.74469e-07 -5.92516e-08 1.62758
15.95 8.98905e-07 5.62995e-07 -5.91826e-08 1.62503
15.975 8.83123e-07 5.52684e-07 -5.92974e-08 1.62249
16 8.68587e-07 5.43504e-07 -5.95715e-08 1.61995
16.025 8.55277e-07 5.35412e-07 -5.99796e-08 1.61742
16.05 8.43169e-07 5.28362e-07 -6.04962e-08 1.61491
16.075 8.32233e-07 5.22303e-07 -6.10955e-08 1.61239
16.1 8.22438e-07 5.17177e-07 -6.17522e-08 1.60989
16.125 8.13751e-07 5.12926e-07 -6.24413e-08 1.60739
16.15 8.06129e-07 5.09489e-07 -6.31388e-08 1.60491
16.175 7.99545e-07 5.06804e-07 -6.38213e-08 1.60243
16.2 7.93957e-07 5.04808e-07 -6.44667e-08 1.59995
16.225 7.89323e-07 5.0344e-07 -6.50544e-08 1.59749
16.25 7.85613e-07 5.02641e-07 -6.5565e-08 1.59503
16.275 7.82781e-07 5.02354e-07 -6.59812e-08 1.59258
16.3 7.80797e-07 5.02524e-07 -6.62873e-08 1.59014
16.325 7.79629e-07 5.03102e-07 -6.64698e-08 1.5877
16.35 7.79249e-07 5.04044e-07 -6.65171e-08 1.58527
16.375 7.79629e-07 5.05311e-07 -6.64197e-08 1.58285
16.4 7.80748e-07 5.06868e-07 -6.61708e-08 1.58044
16.425 7.82587e-07 5.08691e-07 -6.57656e-08 1.57804
16.45 7.85133e-07 5.10757e-07 -6.52013e-08 1.57564
16.475 7.88376e-07 5.13055e-07 -6.44785e-08 1.57325
16.5 7.9231e-07 5.15579e-07 -6.35984e-08 1.57086
16.525 7.96936e-07 5.18328e-07 -6.25654e-08 1.56849
16.55 8.02256e-07 5.21312e-07 -6.13866e-08 1.56612
16.575 8.08281e-07 5.24546e-07 -6.00704e-08 1.56375
16.6 8.15021e-07 5.28052e-07 -5.86274e-08 1.5614
16.625 8.22495e-07 5.31859e-07 -5.70705e-08 1.55905
16.65 8.30723e-07 5.36e-07 -5.5413e-08 1.55671
16.675 8.3973e-07 5.40516e-07 -5.3671e-08 1.55438
16.7 8.49543e-07 5.45454e-07 -5.18624e-08 1.55205
16.725 8.60187e-07 5.50861e-07 -5.00047e-08 1.54973
16.75 8.71705e-07 5.56793e-07 -4.81178e-08 1.54742
16.775 8.84127e-07 5.63306e-07 -4.62222e-08 1.54511
16.8 8.97486e-07 5.7046e-07 -4.43389e-08 1.54281
16.825 9.11821e-07 5.78315e-07 -4.24898e-08 1.54052
16.85 9.27167e-07 5.86936e-07 -4.0696e-08 1.53823
16.875 9.4356e-07 5.96383e-07 -3.8981e-08 1.53595
16.9 9.61036e-07 6.0672e-07 -3.73661e-08 1.53368
16.925 9.79629e-07 6.18006e-07 -3.58731e-08 1.53142
16.95 9.99369e-07 6.30301e-07 -3.45233e-08 1.52916
16.975 1.02029e-06 6.4366e-07 -3.33375e-08 1.52691
17 1.04241e-06 6.58137e-07 -3.23357e-08 1.52466
17.025 1.06575e-06 6.73779e-07 -3.15364e-08 1.52242
17.05 1.09034e-06 6.9063e-07 -3.09584e-08 1.52019
17.075 1.11618e-06 7.08728e-07 -3.06178e-08 1.51796
17.1 1.14328e-06 7.28104e-07 -3.05298e-08 1.51574
17.125 1.17165e-06 7.48786e-07 -3.07086e-08 1.51353
17.15 1.20129e-06 7.70792e-07 -3.11665e-08 1.51133
17.175 1.23218e-06 7.94133e-07 -3.1914e-08 1.50913
17.2 1.2643e-06 8.18813e-07 -3.29601e-08 1.50693
17.225 1.29765e-06 8.4483e-07 -3.43121e-08 1.50475
17.25 1.33218e-06 8.72191e-07 -3.59753e-08 1.50256
17.275 1.36788e-06 9.00816e-07 -3.79531e-08 1.50039
17.3 1.40468e-06 9.30738e-07 -4.0247e-08 1.49822
17.325 1.44255e-06 9.61898e-07 -4.28573e-08 1.49606
17.35 1.48143e-06 9.94258e-07 -4.57816e-08 1.4939
17.375 1.52126e-06 1.02776e-06 -4.90161e-08 1.49175
17.4 1.56198e-06 1.06236e-06 -5.25551e-08 1.48961
17.425 1.6035e-06 1.09797e-06 -5.63908e-08 1.48747
17.45 1.64576e-06 1.13453e-06 -6.05147e-08 1.48534
17.475 1.68867e-06 1.17195e-06 -6.4916e-08 1.48322
17.5 1.73214e-06 1.21015e-06 -6.95824e-08 1.4811
17.525 1.77607e-06 1.24904e-06 -7.45002e-08 1.47899
17.55 1.82037e-06 1.28851e-06 -7.96546e-08 1.47688
17.575 1.86493e-06 1.32848e-06 -8.50292e-08 1.47478
17.6 1.90965e-06 1.36882e-06 -9.06067e-08 1.47268
17.625 1.95443e-06 1.40943e-06 -9.63689e-08 1.47059
17.65 1.99915e-06 1.45019e-06 -1.02296e-07 1.46851
17.675 2.04369e-06 1.49099e-06 -1.08369e-07 1.46643
17.7 2.08796e-06 1.53172e-06 -1.14567e-07 1.46436
17.725 2.13182e-06 1.57224e-06 -1.20868e-07 1.4623
17.75 2.17517e-06 1.61245e-06 -1.27251e-07 1.46024
17.775 2.21789e-06 1.65223e-06 -1.33693e-07 1.45818
17.8 2.25987e-06 1.69144e-06 -1.40174e-07 1.45614
17.825 2.301e-06 1.72999e-06 -1.4667e-07 1.45409
17.85 2.34116e-06 1.76774e-06 -1.5316e-07 1.45206
17.875 2.38025e-06 1.80459e-06 -1.59622e-07 1.45003
17.9 2.41816e-06 1.84043e-06 -1.66034e-07 1.448
17.925 2.45479e-06 1.87515e-06 -1.72375e-07 1.44598
17.95 2.49004e-06 1.90864e-06 -1.78625e-07 1.44397
17.975 2.52382e-06 1.94081e-06 -1.84763e-07 1.44196
18 2.55603e-06 1.97157e-06 -1.9077e-07 1.43996
18.025 2.5866e-06 2.00082e-06 -1.96628e-07 1.43796
18.05 2.61543e-06 2.02849e-06 -2.02318e-07 1.43597
18.075 2.64246e-06 2.05449e-06 -2.07823e-07 1.43398
18.1 2.66762e-06 2.07875e-06 -2.13128e-07 1.432
18.125 2.69083e-06 2.10122e-06 -2.18221e-07 1.43003
18.15 2.71207e-06 2.12182e-06 -2.23078e-07 1.42806
18.175 2.73123e-06 2.14051e-06 -2.27696e-07 1.42609
18.2 2.74832e-06 2.15724e-06 -2.3206e-07 1.42413
18.225 2.76327e-06 2.172e-06 -2.3616e-07 1.42218
18.25 2.77606e-06 2.18469e-06 -2.39985e-07 1.42023
18.275 2.78668e-06 2.19535e-06 -2.43528e-07 1.41829
18.3 2.79508e-06 2.20394e-06 -2.46781e-07 1.41635
18.325 2.80125e-06 2.21045e-06 -2.49739e-07 1.41442
18.35 2.8052e-06 2.21488e-06 -2.52396e-07 1.41249
18.375 2.80692e-06 2.21722e-06 -2.5475e-07 1.41057
18.4 2.80642e-06 2.2175e-06 -2.56796e-07 1.40865
18.425 2.8037e-06 2.21571e-06 -2.58535e-07 1.40674
18.45 2.79879e-06 2.21189e-06 -2.59966e-07 1.40484
18.475 2.79172e-06 2.20606e-06 -2.61089e-07 1.40294
18.5 2.7825e-06 2.19824e-06 -2.61905e-07 1.40104
18.525 2.77117e-06 2.18848e-06 -2.62419e-07 1.39915
18.55 2.75777e-06 2.17683e-06 -2.62632e-07 1.39726
18.575 2.74234e-06 2.16332e-06 -2.62549e-07 1.39538
18.6 2.72494e-06 2.14802e-06 -2.62177e-07 1.39351
18.625 2.7056e-06 2.13097e-06 -2.61521e-07 1.39164
18.65 2.6844e-06 2.11223e-06 -2.60587e-07 1.38977
18.675 2.66138e-06 2.09186e-06 -2.59383e-07 1.38791
18.7 2.6366e-06 2.06994e-06 -2.57917e-07 1.38606
18.725 2.61014e-06 2.04653e-06 -2.56197e-07 1.3842
18.75 2.58207e-06 2.02169e-06 -2.54233e-07 1.38236
18.775 2.55244e-06 1.9955e-06 -2.52033e-07 1.38052
18.8 2.52133e-06 1.96804e-06 -2.49608e-07 1.37868
18.825 2.48882e-06 1.93937e-06 -2.46969e-07 1.37685
18.85 2.45498e-06 1.90957e-06 -2.44124e-07 1.37503
18.875 2.41989e-06 1.87873e-06 -2.41086e-07 1.3732
18.9 2.38362e-06 1.84691e-06 -2.37865e-07 1.37139
18.925 2.34624e-06 1.8142e-06 -2.34471e-07 1.36958
18.95 2.30785e-06 1.78067e-06 -2.30917e-07 1.36777
18.975 2.2685e-06 1.74639e-06 -2.27213e-07 1.36597
19 2.22829e-06 1.71144e-06 -2.2337e-07 1.36417
19.025 2.18728e-06 1.6759e-06 -2.19399e-07 1.36238
19.05 2.14555e-06 1.63984e-06 -2.15312e-07 1.36059
19.075 2.10318e-06 1.60332e-06 -2.11118e-07 1.35881
19.1 2.06024e-06 1.56642e-06 -2.06829e-07 1.35703
19.125 2.0168e-06 1.52921e-06 -2.02454e-07 1.35525
19.15 1.97292e-06 1.49175e-06 -1.98004e-07 1.35348
19.175 1.92868e-06 1.4541e-06 -1.93489e-07 1.35172
19.2 1.88415e-06 1.41633e-06 -1.88918e-07 1.34996
19.225 1.83938e-06 1.37849e-06 -1.843e-07 1.3482
19.25 1.79445e-06 1.34063e-06 -1.79644e-07 1.34645
19.275 1.74939e-06 1.30281e-06 -1.74958e-07 1.34471
19.3 1.70429e-06 1.26508e-06 -1.70252e-07 1.34297
19.325 1.65918e-06 1.22749e-06 -1.65531e-07 1.34123
19.35 1.61412e-06 1.19007e-06 -1.60803e-07 1.3395
19.375 1.56915e-06 1.15286e-06 -1.56074e-07 1.33777
19.4 1.52433e-06 1.11589e-06 -1.51351e-07 1.33604
19.425 1.47969e-06 1.0792e-06 -1.4664e-07 1.33432
19.45 1.43527e-06 1.04283e-06 -1.41945e-07 1.33261
19.475 1.39112e-06 1.00679e-06 -1.3727e-07 1.3309
19.5 1.34725e-06 9.71092e-07 -1.3262e-07 1.32919
19.525 1.30371e-06 9.35767e-07 -1.27997e-07 1.32749
19.55 1.26051e-06 9.0082e-07 -1.23406e-07 1.32579
19.575 1.21769e-06 8.66259e-07 -1.18847e-07 1.3241
19.6 1.17526e-06 8.32091e-07 -1.14323e-07 1.32241
19.625 1.13324e-06 7.98306e-07 -1.09835e-07 1.32073
19.65 1.09164e-06 7.64902e-07 -1.05381e-07 1.31905
19.675 1.05048e-06 7.31867e-07 -1.00963e-07 1.31737
19.7 1.00975e-06 6.99186e-07 -9.65789e-08 1.3157
19.725 9.69471e-07 6.66836e-07 -9.22264e-08 1.31403
19.75 9.29637e-07 6.34791e-07 -8.79031e-08 1.31237
19.775 8.90246e-07 6.03017e-07 -8.36055e-08 1.31071
19.8 8.51292e-07 5.71475e-07 -7.93292e-08 1.30905
19.825 8.12766e-07 5.40121e-07 -7.50689e-08 1.3074
19.85 7.74657e-07 5.089e-07 -7.08185e-08 1.30575
19.875 7.36949e-07 4.77755e-07 -6.65709e-08 1.30411
19.9 6.99624e-07 4.46617e-07 -6.23177e-08 1.30247
19.925 6.6266e-07 4.15412e-07 -5.80499e-08 1.30084
19.95 6.2603e-07 3.8405e-07 -5.37562e-08 1.29921
19.975 5.89717e-07 3.5246e-07 -4.9428e-08 1.29758
20 5.53655e-07 3.20469e-07 -4.5043e-08 1.29596
