0 366.13 295.553 -17.5287 19.8439
0.025 366.13 295.553 -17.5287 19.8439
0.05 365.963 295.223 -17.4949 19.8435
0.075 365.96 295.207 -17.4738 19.843
0.1 365.96 295.195 -17.4447 19.8423
0.125 365.971 295.199 -17.4088 19.8414
0.15 365.987 295.21 -17.3654 19.8403
0.175 366.008 295.227 -17.3147 19.839
0.2 366.03 295.248 -17.2567 19.8376
0.225 366.06 295.273 -17.1915 19.8359
0.25 366.093 295.302 -17.1192 19.834
0.275 366.131 295.335 -17.0401 19.8319
0.3 366.172 295.371 -16.9542 19.8296
0.325 366.216 295.41 -16.862 19.8271
0.35 366.264 295.45 -16.7634 19.8244
0.375 366.316 295.496 -16.6588 19.8215
0.4 366.371 295.546 -16.5486 19.8184
0.425 366.43 295.598 -16.4329 19.8151
0.45 366.491 295.653 -16.3121 19.8116
0.475 366.556 295.71 -16.1865 19.8078
0.5 366.625 295.771 -16.0563 19.8039
0.525 366.697 295.835 -15.9218 19.7997
0.55 366.771 295.901 -15.7835 19.7953
0.575 366.848 295.97 -15.6417 19.7908
0.6 366.928 296.041 -15.4966 19.786
0.625 367.011 296.115 -15.3487 19.7809
0.65 367.097 296.191 -15.1984 19.7757
0.675 367.185 296.269 -15.0457 19.7702
0.7 367.276 296.35 -14.8915 19.7645
0.725 367.37 296.433 -14.7359 19.7586
0.75 367.465 296.518 -14.5792 19.7525
0.775 367.563 296.605 -14.422 19.7461
0.8 367.662 296.693 -14.2644 19.7395
0.825 367.764 296.78 -14.1069 19.7327
0.85 367.867 296.873 -13.9499 19.7257
0.875 367.972 296.966 -13.7937 19.7184
0.9 368.078 297.06 -13.6386 19.7109
0.925 368.186 297.156 -13.485 19.7031
0.95 368.294 297.252 -13.3332 19.6951
0.975 368.403 297.349 -13.1836 19.6869
1 368.513 297.447 -13.0364 19.6784
1.025 368.624 297.545 -12.8921 19.6697
1.05 368.734 297.643 -12.7508 19.6607
1.075 368.845 297.742 -12.6128 19.6515
1.1 368.955 297.84 -12.4785 19.6421
1.125 369.066 297.938 -12.3481 19.6324
1.15 369.175 298.035 -12.2217 19.6224
1.175 369.284 298.132 -12.0998 19.6122
1.2 369.391 298.228 -11.9824 19.6018
1.225 369.497 298.322 -11.8697 19.5911
1.25 369.602 298.416 -11.762 19.5801
1.275 369.705 298.507 -11.6594 19.5689
1.3 369.805 298.597 -11.5621 19.5575
1.325 369.904 298.685 -11.4701 19.5458
1.35 370 298.771 -11.3836 19.5338
1.375 370.093 298.854 -11.3027 19.5216
1.4 370.184 298.935 -11.2274 19.5091
1.425 370.272 299.012 -11.1579 19.4963
1.45 370.356 299.087 -11.0941 19.4834
1.475 370.437 299.159 -11.036 19.4701
1.5 370.513 299.227 -10.9838 19.4566
1.525 370.586 299.294 -10.9373 19.4428
1.55 370.655 299.355 -10.8964 19.4288
1.575 370.72 299.412 -10.8613 19.4145
1.6 370.781 299.467 -10.8317 19.4
1.625 370.837 299.516 -10.8076 19.3852
1.65 370.889 299.561 -10.7889 19.3702
1.675 370.936 299.602 -10.7756 19.3549
1.7 370.978 299.638 -10.7673 19.3393
1.725 371.016 299.669 -10.7639 19.3235
1.75 371.049 299.697 -10.7654 19.3074
1.775 371.078 299.72 -10.7716 19.2911
1.8 371.102 299.739 -10.7822 19.2745
1.825 371.121 299.752 -10.7971 19.2577
1.85 371.136 299.763 -10.8159 19.2406
1.875 371.147 299.769 -10.8386 19.2232
1.9 371.154 299.771 -10.8648 19.2056
1.925 371.157 299.769 -10.8943 19.1878
1.95 371.156 299.764 -10.9268 19.1697
1.975 371.152 299.755 -10.9621 19.1514
2 371.144 299.743 -10.9998 19.1328
2.025 371.134 299.728 -11.0398 19.114
2.05 371.122 299.71 -11.0818 19.0949
2.075 371.106 299.689 -11.1253 19.0756
2.1 371.09 299.667 -11.1702 19.0561
2.125 371.071 299.642 -11.2162 19.0363
2.15 371.052 299.617 -11.2629 19.0162
2.175 371.032 299.59 -11.3101 18.996
2.2 371.013 299.563 -11.3575 18.9754
2.225 370.994 299.536 -11.4047 18.9547
2.25 370.976 299.509 -11.4515 18.9337
2.275 370.959 299.483 -11.4976 18.9125
2.3 370.945 299.459 -11.5428 18.8911
2.325 370.934 299.436 -11.5866 18.8694
2.35 370.926 299.417 -11.629 18.8475
2.375 370.922 299.4 -11.6696 18.8253
2.4 370.923 299.387 -11.7081 18.803
2.425 370.929 299.378 -11.7443 18.7804
2.45 370.942 299.374 -11.7781 18.7575
2.475 370.961 299.376 -11.8091 18.7345
2.5 370.987 299.383 -11.8371 18.7112
2.525 371.021 299.398 -11.862 18.6877
2.55 371.064 299.419 -11.8836 18.664
2.575 371.116 299.449 -11.9016 18.64
2.6 371.178 299.486 -11.916 18.6158
2.625 371.25 299.533 -11.9265 18.5914
2.65 371.333 299.589 -11.9331 18.5668
2.675 371.428 299.655 -11.9357 18.542
2.7 371.535 299.732 -11.934 18.5169
2.725 371.654 299.819 -11.9282 18.4916
2.75 371.786 299.918 -11.918 18.4661
2.775 371.931 300.029 -11.9034 18.4403
2.8 372.091 300.151 -11.8844 18.4144
2.825 372.264 300.286 -11.861 18.3882
2.85 372.451 300.434 -11.8331 18.3617
2.875 372.653 300.594 -11.8009 18.3351
2.9 372.87 300.768 -11.7642 18.3082
2.925 373.101 300.955 -11.7231 18.2811
2.95 373.347 301.155 -11.6778 18.2538
2.975 373.608 301.368 -11.6282 18.2262
3 373.883 301.597 -11.5744 18.1984
3.025 374.172 301.837 -11.5166 18.1704
3.05 374.476 302.089 -11.4549 18.1422
3.075 374.794 302.355 -11.3893 18.1137
3.1 375.125 302.632 -11.3201 18.0849
3.125 375.469 302.922 -11.2473 18.056
3.15 375.825 303.223 -11.1712 18.0267
3.175 376.193 303.536 -11.0919 17.9973
3.2 376.572 303.858 -11.0096 17.9676
3.225 376.961 304.191 -10.9246 17.9376
3.25 377.359 304.532 -10.8368 17.9074
3.275 377.765 304.882 -10.7467 17.877
3.3 378.179 305.239 -10.6543 17.8463
3.325 378.599 305.603 -10.56 17.8153
3.35 379.023 305.972 -10.4639 17.7841
3.375 379.451 306.346 -10.3663 17.7526
3.4 379.881 306.722 -10.2674 17.7209
3.425 380.311 307.101 -10.1675 17.6888
3.45 380.741 307.48 -10.0667 17.6566
3.475 381.168 307.858 -9.9654 17.624
3.5 381.59 308.235 -9.86373 17.5912
3.525 382.007 308.608 -9.76196 17.5581
3.55 382.415 308.976 -9.66033 17.5247
3.575 382.814 309.338 -9.55907 17.491
3.6 383.201 309.691 -9.45841 17.4571
3.625 383.575 310.035 -9.35858 17.4229
3.65 383.932 310.367 -9.2598 17.3884
3.675 384.272 310.686 -9.16229 17.3535
3.7 384.591 310.989 -9.06627 17.3184
3.725 384.888 311.276 -8.97192 17.283
3.75 385.161 311.544 -8.87946 17.2474
3.775 385.406 311.791 -8.78893 17.2114
3.8 385.623 312.016 -8.7008 17.1751
3.825 385.808 312.217 -8.6151 17.1385
3.85 385.96 312.39 -8.53198 17.1016
3.875 386.075 312.536 -8.45161 17.0644
3.9 386.153 312.651 -8.37412 17.0269
3.925 386.189 312.734 -8.29966 16.9891
3.95 386.183 312.783 -8.22833 16.9509
3.975 386.13 312.796 -8.16026 16.9125
4 386.031 312.77 -8.09555 16.8738
4.025 385.881 312.705 -8.03427 16.8347
4.05 385.679 312.597 -7.97652 16.7953
4.075 385.423 312.446 -7.92234 16.7557
4.1 385.111 312.249 -7.8718 16.7157
4.125 384.739 312.004 -7.82494 16.6754
4.15 384.307 311.71 -7.78179 16.6347
4.175 383.812 311.365 -7.74235 16.5938
4.2 383.252 310.967 -7.70665 16.5526
4.225 382.626 310.514 -7.67466 16.5111
4.25 381.931 310.005 -7.64638 16.4692
4.275 381.166 309.438 -7.62177 16.4271
4.3 380.329 308.812 -7.60079 16.3846
4.325 379.42 308.125 -7.58339 16.3418
4.35 378.435 307.376 -7.56951 16.2988
4.375 377.37 306.563 -7.55907 16.2554
4.4 376.23 305.685 -7.55199 16.2118
4.425 375.013 304.741 -7.54817 16.1678
4.45 373.714 303.73 -7.54751 16.1236
4.475 372.333 302.65 -7.5499 16.0791
4.5 370.87 301.501 -7.55522 16.0343
4.525 369.325 300.282 -7.56333 15.9892
4.55 367.696 298.992 -7.57411 15.9439
4.575 365.983 297.629 -7.58739 15.8983
4.6 364.185 296.195 -7.60304 15.8524
4.625 362.302 294.688 -7.62089 15.8063
4.65 360.335 293.107 -7.64078 15.7599
4.675 358.282 291.452 -7.66254 15.7132
4.7 356.144 289.724 -7.68599 15.6664
4.725 353.921 287.921 -7.71095 15.6193
4.75 351.613 286.044 -7.73723 15.5719
4.775 349.221 284.094 -7.76466 15.5243
4.8 346.746 282.069 -7.79304 15.4765
4.825 344.183 279.971 -7.82218 15.4285
4.85 341.546 277.8 -7.85189 15.3803
4.875 338.823 275.556 -7.88197 15.3319
4.9 336.021 273.24 -7.91222 15.2833
4.925 333.139 270.853 -7.94245 15.2345
4.95 330.18 268.396 -7.97247 15.1856
4.975 327.144 265.869 -8.00207 15.1365
5 324.034 263.274 -8.03108 15.0872
5.025 320.85 260.612 -8.05929 15.0377
5.05 317.594 257.885 -8.08652 14.9881
5.075 314.27 255.093 -8.11259 14.9384
5.1 310.877 252.238 -8.13732 14.8886
5.125 307.419 249.323 -8.16053 14.8386
5.15 303.898 246.348 -8.18205 14.7885
5.175 300.315 243.316 -8.20171 14.7383
5.2 296.674 240.228 -8.21935 14.6881
5.225 292.976 237.087 -8.23482 14.6377
5.25 289.224 233.895 -8.24798 14.5873
5.275 285.422 230.654 -8.25867 14.5368
5.3 281.57 227.367 -8.26677 14.4862
5.325 277.673 224.035 -8.27214 14.4356
5.35 273.733 220.662 -8.27468 14.3849
5.375 269.752 217.25 -8.27427 14.3342
5.4 265.734 213.802 -8.27081 14.2835
5.425 261.682 210.32 -8.2642 14.2328
5.45 257.598 206.808 -8.25437 14.182
5.475 253.486 203.267 -8.24123 14.1313
5.5 249.349 199.702 -8.22472 14.0806
5.525 245.189 196.115 -8.20479 14.0299
5.55 241.01 192.509 -8.18138 13.9792
5.575 236.815 188.886 -8.15447 13.9286
5.6 232.606 185.251 -8.12401 13.878
5.625 228.388 181.605 -8.09 13.8274
5.65 224.163 177.953 -8.05242 13.777
5.675 219.934 174.297 -8.01128 13.7265
5.7 215.704 170.639 -7.96658 13.6762
5.725 211.477 166.984 -7.91834 13.626
5.75 207.254 163.334 -7.86658 13.5758
5.775 203.04 159.692 -7.81138 13.5257
5.8 198.837 156.061 -7.75272 13.4758
5.825 194.647 152.444 -7.69069 13.426
5.85 190.475 148.843 -7.62534 13.3763
5.875 186.322 145.263 -7.55674 13.3267
5.9 182.191 141.704 -7.48497 13.2772
5.925 178.085 138.17 -7.41011 13.2279
5.95 174.006 134.663 -7.33226 13.1788
5.975 169.957 131.186 -7.2515 13.1298
6 165.94 127.742 -7.16795 13.0809
6.025 161.957 124.332 -7.08171 13.0322
6.05 158.012 120.959 -6.99289 12.9837
6.075 154.105 117.625 -6.90162 12.9354
6.1 150.239 114.332 -6.808 12.8872
6.125 146.417 111.082 -6.71218 12.8393
6.15 142.639 107.877 -6.61428 12.7915
6.175 138.907 104.718 -6.51444 12.7439
6.2 135.224 101.607 -6.41278 12.6965
6.225 131.589 98.5458 -6.30945 12.6493
6.25 128.01 95.5354 -6.2046 12.6024
6.275 124.48 92.5771 -6.09834 12.5556
6.3 121.006 89.6721 -5.99082 12.5091
6.325 117.586 86.8215 -5.88219 12.4628
6.35 114.222 84.0261 -5.77258 12.4167
6.375 110.916 81.2868 -5.66215 12.3708
6.4 107.668 78.6042 -5.55102 12.3251
6.425 104.479 75.9791 -5.43933 12.2797
6.45 101.35 73.4118 -5.32723 12.2345
6.475 98.2811 70.9027 -5.21485 12.1896
6.5 95.2728 68.4521 -5.10231 12.1448
6.525 92.3258 66.0603 -4.98975 12.1004
6.55 89.4403 63.7272 -4.8773 12.0561
6.575 86.6165 61.4529 -4.76507 12.0121
6.6 83.8547 59.2372 -4.6532 11.9684
6.625 81.1548 57.0801 -4.54178 11.9248
6.65 78.5168 54.9812 -4.43094 11.8816
6.675 75.9407 52.9405 -4.32079 11.8386
6.7 73.4263 50.9568 -4.21142 11.7958
6.725 70.9733 49.0302 -4.10294 11.7533
6.75 68.5814 47.16 -3.99544 11.711
6.775 66.2503 45.3456 -3.88901 11.6689
6.8 63.9795 43.5864 -3.78374 11.6272
6.825 61.7685 41.8815 -3.6797 11.5856
6.85 59.6168 40.2302 -3.57697 11.5443
6.875 57.5237 38.6318 -3.47563 11.5033
6.9 55.4887 37.0852 -3.37574 11.4625
6.925 53.5108 35.5896 -3.27735 11.422
6.95 51.5896 34.1441 -3.18053 11.3817
6.975 49.724 32.7477 -3.08532 11.3416
7 47.9134 31.3993 -2.99177 11.3018
7.025 46.1568 30.0981 -2.89992 11.2623
7.05 44.4533 28.8428 -2.80981 11.2229
7.075 42.8021 27.6325 -2.72148 11.1839
7.1 41.2022 26.4661 -2.63494 11.1451
7.125 39.6526 25.3425 -2.55022 11.1065
7.15 38.1523 24.2605 -2.46734 11.0681
7.175 36.7003 23.2192 -2.38632 11.03
7.2 35.2956 22.2174 -2.30717 10.9922
7.225 33.9372 21.254 -2.22989 10.9546
7.25 32.624 20.3279 -2.15449 10.9172
7.275 31.3549 19.438 -2.08097 10.88
7.3 30.129 18.5832 -2.00932 10.8431
7.325 28.9452 17.7624 -1.93954 10.8064
7.35 27.8024 16.9747 -1.87163 10.77
7.375 26.6995 16.2188 -1.80556 10.7338
7.4 25.6356 15.4939 -1.74133 10.6978
7.425 24.6095 14.7988 -1.67891 10.662
7.45 23.6202 14.1325 -1.61829 10.6265
7.475 22.6668 13.4941 -1.55945 10.5912
7.5 21.7481 12.8826 -1.50237 10.5561
7.525 20.8632 12.2969 -1.44701 10.5212
7.55 20.011 11.7362 -1.39336 10.4865
7.575 19.1906 11.1997 -1.34139 10.4521
7.6 18.401 10.6863 -1.29105 10.4179
7.625 17.6413 10.1952 -1.24234 10.3839
7.65 16.9105 9.72558 -1.1952 10.3501
7.675 16.2077 9.27659 -1.14962 10.3165
7.7 15.532 8.84743 -1.10556 10.2832
7.725 14.8824 8.4373 -1.06298 10.25
7.75 14.2582 8.04545 -1.02185 10.2171
7.775 13.6585 7.67115 -0.982145 10.1843
7.8 13.0824 7.31367 -0.943817 10.1518
7.825 12.5291 6.97233 -0.906834 10.1195
7.85 11.9978 6.64646 -0.871162 10.0873
7.875 11.4878 6.33541 -0.836765 10.0554
7.9 10.9983 6.03856 -0.803608 10.0236
7.925 10.5286 5.7553 -0.771656 9.9921
7.95 10.0779 5.48506 -0.740874 9.96075
7.975 9.64555 5.22726 -0.711227 9.92959
8 9.23089 4.98136 -0.682682 9.89863
8.025 8.83325 4.74686 -0.655204 9.86785
8.05 8.45197 4.52324 -0.628761 9.83726
8.075 8.08648 4.31003 -0.603318 9.80686
8.1 7.73616 4.10676 -0.578845 9.77664
8.125 7.40042 3.91298 -0.555308 9.74661
8.15 7.07871 3.72828 -0.532677 9.71675
8.175 6.77048 3.55223 -0.510921 9.68708
8.2 6.47521 3.38445 -0.490011 9.65758
8.225 6.19238 3.22456 -0.469917 9.62827
8.25 5.9215 3.0722 -0.45061 9.59912
8.275 5.66211 2.92702 -0.432063 9.57016
8.3 5.41374 2.7887 -0.414249 9.54136
8.325 5.17596 2.6569 -0.39714 9.51274
8.35 4.94832 2.53134 -0.380712 9.48428
8.375 4.73044 2.41172 -0.364939 9.456
8.4 4.5219 2.29777 -0.349798 9.42788
8.425 4.32232 2.18921 -0.335264 9.39993
8.45 4.13135 2.0858 -0.321315 9.37214
8.475 3.94862 1.9873 -0.307929 9.34451
8.5 3.7738 1.89347 -0.295084 9.31705
8.525 3.60655 1.8041 -0.28276 9.28974
8.55 3.44656 1.71896 -0.270937 9.26259
8.575 3.29354 1.63787 -0.259595 9.2356
8.6 3.14718 1.56063 -0.248715 9.20877
8.625 3.0072 1.48707 -0.23828 9.18209
8.65 2.87335 1.41699 -0.228272 9.15557
8.675 2.74536 1.35025 -0.218675 9.1292
8.7 2.62298 1.28668 -0.209472 9.10297
8.725 2.50597 1.22612 -0.200648 9.0769
8.75 2.3941 1.16845 -0.192187 9.05098
8.775 2.28717 1.11351 -0.184075 9.0252
8.8 2.18494 1.06119 -0.176299 8.99957
8.825 2.08723 1.01135 -0.168845 8.97409
8.85 1.99384 0.963875 -0.161699 8.94874
8.875 1.90459 0.918657 -0.154851 8.92354
8.9 1.81928 0.875586 -0.148286 8.89848
8.925 1.73776 0.83456 -0.141996 8.87357
8.95 1.65987 0.795482 -0.135967 8.84879
8.975 1.58543 0.758258 -0.13019 8.82414
9 1.51431 0.722801 -0.124654 8.79964
9.025 1.44636 0.689026 -0.11935 8.77527
9.05 1.38143 0.656853 -0.114269 8.75103
9.075 1.31941 0.626207 -0.109401 8.72693
9.1 1.26015 0.597013 -0.104737 8.70296
9.125 1.20355 0.569204 -0.100269 8.67912
9.15 1.14948 0.542713 -0.0959902 8.65541
9.175 1.09784 0.517478 -0.0918916 8.63183
9.2 1.0485 0.493438 -0.0879662 8.60838
9.225 1.00139 0.470537 -0.084207 8.58505
9.25 0.956387 0.448721 -0.080607 8.56185
9.275 0.913409 0.427938 -0.0771599 8.53878
9.3 0.872364 0.408139 -0.0738592 8.51583
9.325 0.833167 0.389276 -0.0706991 8.493
9.35 0.795735 0.371306 -0.0676736 8.47029
9.375 0.75999 0.354186 -0.0647772 8.44771
9.4 0.725857 0.337875 -0.0620047 8.42524
9.425 0.693264 0.322335 -0.0593507 8.4029
9.45 0.662143 0.30753 -0.0568105 8.38067
9.475 0.632427 0.293423 -0.0543793 8.35856
9.5 0.604054 0.279982 -0.0520526 8.33656
9.525 0.576964 0.267175 -0.0498259 8.31468
9.55 0.551098 0.254972 -0.0476951 8.29292
9.575 0.526403 0.243344 -0.0456562 8.27127
9.6 0.502826 0.232263 -0.0437053 8.24973
9.625 0.480315 0.221703 -0.0418387 8.2283
9.65 0.458824 0.21164 -0.0400527 8.20699
9.675 0.438306 0.20205 -0.0383441 8.18578
9.7 0.418717 0.192909 -0.0367095 8.16469
9.725 0.400015 0.184198 -0.0351458 8.1437
9.75 0.38216 0.175894 -0.0336499 8.12282
9.775 0.365113 0.167978 -0.0322189 8.10204
9.8 0.348839 0.160433 -0.03085 8.08138
9.825 0.333301 0.153239 -0.0295406 8.06081
9.85 0.318467 0.146381 -0.0282881 8.04036
9.875 0.304304 0.139842 -0.0270901 8.02
9.9 0.290782 0.133607 -0.025944 7.99975
9.925 0.277871 0.127661 -0.0248478 7.9796
9.95 0.265544 0.121991 -0.0237992 7.95955
9.975 0.253774 0.116583 -0.0227961 7.9396
10 0.242536 0.111424 -0.0218366 7.91975
10.025 0.231805 0.106503 -0.0209187 7.90001
10.05 0.221559 0.101808 -0.0200406 7.88035
10.075 0.211774 0.0973293 -0.0192005 7.8608
10.1 0.20243 0.0930552 -0.0183968 7.84134
10.125 0.193506 0.0889764 -0.0176278 7.82198
10.15 0.184984 0.0850835 -0.016892 7.80272
10.175 0.176845 0.0813677 -0.016188 7.78355
10.2 0.169072 0.0778206 -0.0155142 7.76447
10.225 0.161647 0.074434 -0.0148695 7.74549
10.25 0.154555 0.0712004 -0.0142523 7.72659
10.275 0.147781 0.0681124 -0.0136617 7.7078
10.3 0.141309 0.0651631 -0.0130962 7.68909
10.325 0.135127 0.0623461 -0.0125549 7.67047
10.35 0.129221 0.0596549 -0.0120367 7.65194
10.375 0.123577 0.0570837 -0.0115404 7.6335
10.4 0.118185 0.0546268 -0.0110652 7.61515
10.425 0.113033 0.0522789 -0.0106101 7.59689
10.45 0.10811 0.0500348 -0.0101741 7.57872
10.475 0.103405 0.0478896 -0.00975654 7.56063
10.5 0.0989084 0.0458392 -0.00935647 7.54263
10.525 0.0946108 0.0438784 -0.00897314 7.52471
10.55 0.0905032 0.0420034 -0.00860587 7.50688
10.575 0.0865768 0.0402102 -0.00825384 7.48914
10.6 0.0828235 0.0384951 -0.00791642 7.47147
10.625 0.0792354 0.0368545 -0.00759298 7.45389
10.65 0.075805 0.035285 -0.0072829 7.4364
10.675 0.0725253 0.0337833 -0.0069856 7.41898
10.7 0.0693894 0.0323463 -0.00670052 7.40165
10.725 0.0663909 0.0309713 -0.00642713 7.38439
10.75 0.0635235 0.0296552 -0.00616492 7.36722
10.775 0.0607815 0.0283956 -0.00591341 7.35013
10.8 0.0581591 0.0271898 -0.00567214 7.33311
10.825 0.0556511 0.0260356 -0.00544068 7.31618
10.85 0.0532523 0.0249305 -0.0052186 7.29932
10.875 0.0509579 0.0238725 -0.00500552 7.28254
10.9 0.0487632 0.0228595 -0.00480106 7.26584
10.925 0.0466638 0.0218895 -0.00460484 7.24921
10.95 0.0446555 0.0209606 -0.00441654 7.23266
10.975 0.0427343 0.020071 -0.00423581 7.21619
11 0.0408963 0.0192191 -0.00406236 7.19979
11.025 0.0391379 0.0184033 -0.00389588 7.18346
11.05 0.0374555 0.0176219 -0.00373609 7.16721
11.075 0.0358459 0.0168736 -0.00358271 7.15103
11.1 0.0343058 0.0161569 -0.0034355 7.13492
11.125 0.0328322 0.0154704 -0.0032942 7.11889
11.15 0.0314222 0.014813 -0.00315857 7.10293
11.175 0.0300731 0.0141833 -0.00302839 7.08704
11.2 0.0287823 0.0135802 -0.00290345 7.07122
11.225 0.027547 0.0130027 -0.00278354 7.05547
11.25 0.0263651 0.0124496 -0.00266845 7.03979
11.275 0.0252342 0.0119199 -0.00255802 7.02418
11.3 0.024152 0.0114126 -0.00245204 7.00864
11.325 0.0231165 0.0109269 -0.00235035 6.99317
11.35 0.0221256 0.0104618 -0.00225279 6.97777
11.375 0.0211775 0.0100165 -0.00215919 6.96243
11.4 0.0202703 0.0095901 -0.0020694 6.94716
11.425 0.0194023 0.00918191 -0.00198327 6.93196
11.45 0.0185717 0.00879115 -0.00190067 6.91683
11.475 0.017777 0.0084171 -0.00182145 6.90176
11.5 0.0170167 0.00805907 -0.00174549 6.88675
11.525 0.0162891 0.0077164 -0.00167266 6.87181
11.55 0.0155931 0.00738845 -0.00160284 6.85694
11.575 0.0149272 0.00707462 -0.00153592 6.84213
11.6 0.0142901 0.00677432 -0.00147178 6.82738
11.625 0.0136805 0.00648699 -0.00141031 6.8127
11.65 0.0130974 0.00621208 -0.00135142 6.79808
11.675 0.0125396 0.0059491 -0.001295 6.78352
11.7 0.0120059 0.00569748 -0.00124095 6.76903
11.725 0.0114954 0.00545684 -0.00118918 6.7546
11.75 0.0110071 0.00522669 -0.0011396 6.74023
11.775 0.01054 0.00500656 -0.00109213 6.72592
11.8 0.0100931 0.00479605 -0.00104668 6.71167
11.825 0.0096657 0.00459475 -0.00100317 6.69748
11.85 0.00925687 0.00440225 -0.00096151 6.68335
11.875 0.00886582 0.00421818 -0.000921647 6.66928
11.9 0.00849177 0.00404218 -0.0008835 6.65526
11.925 0.008134 0.0038739 -0.000846995 6.64131
11.95 0.00779179 0.00371298 -0.000812067 6.62742
11.975 0.00746448 0.00355915 -0.000778649 6.61358
12 0.0071514 0.0034121 -0.00074668 6.5998
12.025 0.00685195 0.00327148 -0.000716098 6.58608
12.05 0.00656551 0.00313704 -0.000686844 6.57242
12.075 0.00629153 0.00300849 -0.000658863 6.55881
12.1 0.00602946 0.00288558 -0.0006321 6.54526
12.125 0.00577876 0.00276806 -0.000606503 6.53177
12.15 0.00553895 0.00265568 -0.000582022 6.51833
12.175 0.00530954 0.0025482 -0.000558605 6.50494
12.2 0.00509007 0.00244542 -0.000536208 6.49161
12.225 0.0048801 0.00234711 -0.000514786 6.47834
12.25 0.0046792 0.00225307 -0.000494294 6.46511
12.275 0.00448699 0.0021631 -0.000474692 6.45195
12.3 0.00430306 0.00207703 -0.00045594 6.43883
12.325 0.00412705 0.00199466 -0.000437998 6.42577
12.35 0.0039586 0.00191583 -0.000420831 6.41277
12.375 0.00379738 0.00184037 -0.000404402 6.39981
12.4 0.00364307 0.00176814 -0.000388678 6.38691
12.425 0.00349535 0.00169896 -0.000373626 6.37406
12.45 0.00335393 0.00163272 -0.000359215 6.36126
12.475 0.00321852 0.00156926 -0.000345415 6.34851
12.5 0.00308886 0.00150846 -0.000332198 6.33581
12.525 0.00296468 0.0014502 -0.000319535 6.32317
12.55 0.00284575 0.00139436 -0.000307401 6.31057
12.575 0.00273182 0.00134081 -0.000295771 6.29802
12.6 0.00262267 0.00128947 -0.000284621 6.28553
12.625 0.00251808 0.00124022 -0.000273928 6.27308
12.65 0.00241786 0.00119296 -0.00026367 6.26068
12.675 0.0023218 0.00114761 -0.000253827 6.24834
12.7 0.00222972 0.00110408 -0.000244379 6.23604
12.725 0.00214143 0.00106227 -0.000235306 6.22378
12.75 0.00205677 0.00102212 -0.000226592 6.21158
12.775 0.00197559 0.000983542 -0.000218219 6.19943
12.8 0.00189771 0.000946469 -0.00021017 6.18732
12.825 0.00182299 0.000910831 -0.000202431 6.17526
12.85 0.0017513 0.000876562 -0.000194987 6.16324
12.875 0.0016825 0.000843602 -0.000187824 6.15127
12.9 0.00161646 0.00081189 -0.000180928 6.13935
12.925 0.00155306 0.000781372 -0.000174289 6.12748
12.95 0.00149218 0.000751994 -0.000167892 6.11565
12.975 0.00143372 0.000723706 -0.000161729 6.10387
13 0.00137756 0.000696461 -0.000155787 6.09213
13.025 0.00132361 0.000670213 -0.000150058 6.08043
13.05 0.00127178 0.000644919 -0.000144531 6.06879
13.075 0.00122197 0.00062054 -0.000139199 6.05718
13.1 0.00117409 0.000597037 -0.000134051 6.04562
13.125 0.00112806 0.000574373 -0.000129082 6.03411
13.15 0.00108382 0.000552514 -0.000124283 6.02264
13.175 0.00104127 0.000531428 -0.000119647 6.01121
13.2 0.00100035 0.000511083 -0.000115168 5.99982
13.225 0.000960994 0.000491451 -0.00011084 5.98848
13.25 0.000923137 0.000472504 -0.000106656 5.97718
13.275 0.000886718 0.000454216 -0.000102613 5.96593
13.3 0.00085168 0.000436564 -9.87034e-05 5.95471
13.325 0.000817965 0.000419522 -9.49242e-05 5.94354
13.35 0.000785524 0.000403074 -9.12696e-05 5.93241
13.375 0.000754304 0.000387191 -8.77359e-05 5.92132
13.4 0.000724261 0.000371858 -8.43191e-05 5.91027
13.425 0.000695347 0.000357055 -8.10155e-05 5.89927
13.45 0.00066752 0.000342767 -7.78216e-05 5.8883
13.475 0.00064074 0.000328975 -7.47341e-05 5.87738
13.5 0.000614967 0.000315664 -7.17502e-05 5.86649
13.525 0.000590164 0.000302819 -6.88662e-05 5.85565
13.55 0.000566296 0.000290427 -6.60797e-05 5.84485
13.575 0.000543329 0.000278474 -6.33881e-05 5.83408
13.6 0.000521231 0.000266946 -6.07887e-05 5.82336
13.625 0.00049997 0.000255833 -5.82793e-05 5.81267
13.65 0.000479519 0.000245122 -5.58574e-05 5.80203
13.675 0.000459848 0.000234803 -5.35209e-05 5.79142
13.7 0.00044093 0.000224863 -5.12677e-05 5.78085
13.725 0.00042274 0.000215294 -4.90955e-05 5.77032
13.75 0.000405253 0.000206084 -4.70025e-05 5.75983
13.775 0.000388444 0.000197223 -4.49868e-05 5.74938
13.8 0.000372291 0.000188705 -4.30459e-05 5.73896
13.825 0.000356771 0.000180519 -4.11787e-05 5.72858
13.85 0.000341864 0.000172656 -3.93832e-05 5.71824
13.875 0.000327549 0.000165107 -3.76575e-05 5.70794
13.9 0.000313805 0.000157863 -3.59998e-05 5.69767
13.925 0.000300614 0.000150917 -3.44082e-05 5.68744
13.95 0.000287956 0.000144259 -3.28811e-05 5.67725
13.975 0.000275814 0.000137882 -3.14168e-05 5.6671
14 0.00026417 0.000131777 -3.00133e-05 5.65698
14.025 0.000253005 0.000125935 -2.86691e-05 5.64689
14.05 0.000242306 0.00012035 -2.73824e-05 5.63684
14.075 0.000232054 0.000115012 -2.61515e-05 5.62683
14.1 0.000222234 0.000109914 -2.49747e-05 5.61686
14.125 0.00021283 0.000105048 -2.38502e-05 5.60691
14.15 0.000203829 0.000100405 -2.27764e-05 5.59701
14.175 0.000195213 9.59789e-05 -2.17515e-05 5.58714
14.2 0.000186971 9.17606e-05 -2.07739e-05 5.5773
14.225 0.000179087 8.77428e-05 -1.98419e-05 5.5675
14.25 0.000171548 8.39176e-05 -1.89538e-05 5.55773
14.275 0.00016434 8.02775e-05 -1.8108e-05 5.548
14.3 0.000157452 7.6815e-05 -1.73029e-05 5.5383
14.325 0.000150869 7.35228e-05 -1.65368e-05 5.52863
14.35 0.000144581 7.03932e-05 -1.58082e-05 5.519
14.375 0.000138574 6.74191e-05 -1.51155e-05 5.5094
14.4 0.000132838 6.45934e-05 -1.44573e-05 5.49984
14.425 0.00012736 6.19095e-05 -1.38319e-05 5.49031
14.45 0.000122131 5.93606e-05 -1.32379e-05 5.48081
14.475 0.00011714 5.69401e-05 -1.26739e-05 5.47134
14.5 0.000112375 5.46416e-05 -1.21386e-05 5.46191
14.525 0.000107828 5.2459e-05 -1.16305e-05 5.45251
14.55 0.000103489 5.03862e-05 -1.11484e-05 5.44314
14.575 9.93474e-05 4.84176e-05 -1.0691e-05 5.4338
14.6 9.53959e-05 4.65476e-05 -1.02571e-05 5.4245
14.625 9.16252e-05 4.47709e-05 -9.84553e-06 5.41522
14.65 8.80272e-05 4.30825e-05 -9.45513e-06 5.40598
14.675 8.45939e-05 4.14776e-05 -9.08485e-06 5.39677
14.7 8.13177e-05 3.99515e-05 -8.73363e-06 5.3876
14.725 7.81914e-05 3.85001e-05 -8.40054e-06 5.37845
14.75 7.5208e-05 3.71191e-05 -8.08463e-06 5.36933
14.775 7.23608e-05 3.58047e-05 -7.785e-06 5.36025
14.8 6.96435e-05 3.45533e-05 -7.50082e-06 5.35119
14.825 6.705e-05 3.33615e-05 -7.23129e-06 5.34217
14.85 6.45747e-05 3.22262e-05 -6.97564e-06 5.33318
14.875 6.22119e-05 3.11443e-05 -6.73318e-06 5.32421
14.9 5.99566e-05 3.01131e-05 -6.50322e-06 5.31528
14.925 5.78038e-05 2.91302e-05 -6.28514e-06 5.30638
14.95 5.57487e-05 2.81929e-05 -6.07833e-06 5.2975
14.975 5.37869e-05 2.72993e-05 -5.88223e-06 5.28866
15 5.19142e-05 2.64472e-05 -5.69631e-06 5.27984
15.025 5.01264e-05 2.56347e-05 -5.52005e-06 5.27106
15.05 4.84199e-05 2.48601e-05 -5.35299e-06 5.2623
15.075 4.67909e-05 2.41217e-05 -5.19471e-06 5.25358
15.1 4.52359e-05 2.34179e-05 -5.04465e-06 5.24488
15.125 4.37517e-05 2.27474e-05 -4.90253e-06 5.23621
15.15 4.2335e-05 2.2109e-05 -4.76791e-06 5.22757
15.175 4.09829e-05 2.15006e-05 -4.64043e-06 5.21896
15.2 3.96924e-05 2.09218e-05 -4.5197e-06 5.21037
15.225 3.84608e-05 2.03711e-05 -4.4054e-06 5.20182
15.25 3.72854e-05 1.98474e-05 -4.29716e-06 5.19329
15.275 3.61635e-05 1.93496e-05 -4.19466e-06 5.18479
15.3 3.50927e-05 1.88764e-05 -4.09759e-06 5.17632
15.325 3.40707e-05 1.84269e-05 -4.00561e-06 5.16787
15.35 3.30949e-05 1.79999e-05 -3.91841e-06 5.15946
15.375 3.21632e-05 1.75943e-05 -3.83568e-06 5.15107
15.4 3.12734e-05 1.7209e-05 -3.75713e-06 5.1427
15.425 3.04232e-05 1.68429e-05 -3.68244e-06 5.13437
15.45 2.96107e-05 1.64949e-05 -3.61133e-06 5.12606
15.475 2.88337e-05 1.61638e-05 -3.54349e-06 5.11778
15.5 2.80902e-05 1.58484e-05 -3.47863e-06 5.10953
15.525 2.73783e-05 1.55476e-05 -3.41647e-06 5.1013
15.55 2.66961e-05 1.52603e-05 -3.35673e-06 5.0931
15.575 2.60417e-05 1.49852e-05 -3.29911e-06 5.08492
15.6 2.54133e-05 1.47211e-05 -3.24336e-06 5.07677
15.625 2.48092e-05 1.4467e-05 -3.1892e-06 5.06865
15.65 2.42276e-05 1.42215e-05 -3.13638e-06 5.06055
15.675 2.3667e-05 1.39835e-05 -3.08465e-06 5.05248
15.7 2.31258e-05 1.3752e-05 -3.03376e-06 5.04444
15.725 2.26023e-05 1.35257e-05 -2.98349e-06 5.03642
15.75 2.20952e-05 1.33036e-05 -2.93361e-06 5.02842
15.775 2.16032e-05 1.30847e-05 -2.88394e-06 5.02045
15.8 2.11249e-05 1.2868e-05 -2.83427e-06 5.01251
15.825 2.0659e-05 1.26525e-05 -2.78443e-06 5.00459
15.85 2.02045e-05 1.24373e-05 -2.73427e-06 4.9967
15.875 1.97604e-05 1.22217e-05 -2.68366e-06 4.98883
15.9 1.93256e-05 1.20049e-05 -2.63246e-06 4.98098
15.925 1.88992e-05 1.17863e-05 -2.58057e-06 4.97317
15.95 1.84806e-05 1.15653e-05 -2.52793e-06 4.96537
15.975 1.80691e-05 1.13414e-05 -2.47447e-06 4.9576
16 1.76641e-05 1.11143e-05 -2.42016e-06 4.94985
16.025 1.72652e-05 1.08837e-05 -2.36497e-06 4.94213
16.05 1.68719e-05 1.06494e-05 -2.30894e-06 4.93443
16.075 1.64841e-05 1.04114e-05 -2.25205e-06 4.92676
16.1 1.61017e-05 1.01697e-05 -2.19438e-06 4.91911
16.125 1.57245e-05 9.92452e-06 -2.13601e-06 4.91148
16.15 1.53527e-05 9.67597e-06 -2.07701e-06 4.90388
16.175 1.49864e-05 9.42449e-06 -2.01751e-06 4.8963
16.2 1.46258e-05 9.17053e-06 -1.95765e-06 4.88874
16.225 1.42714e-05 8.91466e-06 -1.89757e-06 4.88121
16.25 1.39236e-05 8.65753e-06 -1.83744e-06 4.8737
16.275 1.35829e-05 8.39989e-06 -1.77746e-06 4.86622
16.3 1.32498e-05 8.14258e-06 -1.71783e-06 4.85875
16.325 1.29252e-05 7.88649e-06 -1.65876e-06 4.85131
16.35 1.26096e-05 7.63261e-06 -1.60048e-06 4.84389
16.375 1.2304e-05 7.38199e-06 -1.54323e-06 4.8365
16.4 1.20092e-05 7.13573e-06 -1.48725e-06 4.82913
16.425 1.17261e-05 6.89499e-06 -1.43281e-06 4.82178
16.45 1.14555e-05 6.66094e-06 -1.38016e-06 4.81445
16.475 1.11985e-05 6.43481e-06 -1.32956e-06 4.80714
16.5 1.09561e-05 6.21785e-06 -1.28128e-06 4.79986
16.525 1.07292e-05 6.01129e-06 -1.23558e-06 4.7926
16.55 1.05188e-05 5.8164e-06 -1.19272e-06 4.78536
16.575 1.03259e-05 5.63442e-06 -1.15295e-06 4.77814
16.6 1.01515e-05 5.46657e-06 -1.11653e-06 4.77094
16.625 9.99641e-06 5.31406e-06 -1.08369e-06 4.76377
16.65 9.86167e-06 5.17805e-06 -1.05466e-06 4.75662
16.675 9.74809e-06 5.05965e-06 -1.02966e-06 4.74948
16.7 9.6565e-06 4.95992e-06 -1.00889e-06 4.74237
16.725 9.58766e-06 4.87988e-06 -9.92552e-07 4.73529
16.75 9.54226e-06 4.82043e-06 -9.80803e-07 4.72822
16.775 9.52094e-06 4.78243e-06 -9.73803e-07 4.72117
16.8 9.52417e-06 4.76667e-06 -9.71688e-07 4.71415
16.825 9.55258e-06 4.77381e-06 -9.74573e-07 4.70714
16.85 9.60645e-06 4.80444e-06 -9.82552e-07 4.70016
16.875 9.6861e-06 4.85905e-06 -9.95699e-07 4.69319
16.9 9.7918e-06 4.93801e-06 -1.01406e-06 4.68625
16.925 9.92344e-06 5.0416e-06 -1.03767e-06 4.67933
16.95 1.00812e-05 5.16998e-06 -1.06653e-06 4.67243
16.975 1.0265e-05 5.3232e-06 -1.10062e-06 4.66555
17 1.04746e-05 5.50121e-06 -1.1399e-06 4.65869
17.025 1.07097e-05 5.70382e-06 -1.1843e-06 4.65184
17.05 1.09699e-05 5.93073e-06 -1.23373e-06 4.64502
17.075 1.12547e-05 6.1816e-06 -1.28809e-06 4.63822
17.1 1.15635e-05 6.45587e-06 -1.34724e-06 4.63144
17.125 1.18956e-05 6.75295e-06 -1.41103e-06 4.62468
17.15 1.22501e-05 7.07211e-06 -1.47929e-06 4.61794
17.175 1.26263e-05 7.41253e-06 -1.55181e-06 4.61122
17.2 1.3023e-05 7.77331e-06 -1.62838e-06 4.60451
17.225 1.34394e-05 8.15342e-06 -1.70879e-06 4.59783
17.25 1.38741e-05 8.55179e-06 -1.79277e-06 4.59117
17.275 1.43261e-05 8.96724e-06 -1.88007e-06 4.58452
17.3 1.4794e-05 9.39853e-06 -1.97042e-06 4.5779
17.325 1.52764e-05 9.84433e-06 -2.06352e-06 4.57129
17.35 1.5772e-05 1.03033e-05 -2.15908e-06 4.56471
17.375 1.62793e-05 1.0774e-05 -2.2568e-06 4.55814
17.4 1.67968e-05 1.12549e-05 -2.35635e-06 4.55159
17.425 1.73229e-05 1.17445e-05 -2.45741e-06 4.54506
17.45 1.78562e-05 1.22414e-05 -2.55967e-06 4.53855
17.475 1.83949e-05 1.27438e-05 -2.66279e-06 4.53205
17.5 1.89375e-05 1.32503e-05 -2.76644e-06 4.52558
17.525 1.94824e-05 1.37592e-05 -2.87028e-06 4.51912
17.55 2.00279e-05 1.4269e-05 -2.974e-06 4.51269
17.575 2.05724e-05 1.4778e-05 -3.07725e-06 4.50627
17.6 2.11143e-05 1.52847e-05 -3.17973e-06 4.49987
17.625 2.1652e-05 1.57874e-05 -3.28111e-06 4.49348
17.65 2.2184e-05 1.62847e-05 -3.38108e-06 4.48712
17.675 2.27086e-05 1.67751e-05 -3.47935e-06 4.48077
17.7 2.32244e-05 1.72571e-05 -3.57561e-06 4.47444
17.725 2.37299e-05 1.77292e-05 -3.66958e-06 4.46813
17.75 2.42236e-05 1.81902e-05 -3.76099e-06 4.46184
17.775 2.47043e-05 1.86386e-05 -3.84959e-06 4.45556
17.8 2.51705e-05 1.90732e-05 -3.93512e-06 4.44931
17.825 2.56212e-05 1.94928e-05 -4.01736e-06 4.44307
17.85 2.60548e-05 1.98963e-05 -4.09608e-06 4.43684
17.875 2.64704e-05 2.02827e-05 -4.17109e-06 4.43064
17.9 2.6867e-05 2.06508e-05 -4.24224e-06 4.42445
17.925 2.72435e-05 2.09999e-05 -4.3092e-06 4.41828
17.95 2.75991e-05 2.1329e-05 -4.37201e-06 4.41213
17.975 2.79328e-05 2.16375e-05 -4.43042e-06 4.40599
18 2.82439e-05 2.19248e-05 -4.48434e-06 4.39987
18.025 2.85318e-05 2.21898e-05 -4.53366e-06 4.39377
18.05 2.87958e-05 2.24321e-05 -4.5783e-06 4.38768
18.075 2.90354e-05 2.26518e-05 -4.61817e-06 4.38161
18.1 2.92501e-05 2.28481e-05 -4.65322e-06 4.37556
18.125 2.94396e-05 2.30209e-05 -4.68342e-06 4.36953
18.15 2.96037e-05 2.31699e-05 -4.70874e-06 4.36351
18.175 2.97423e-05 2.3295e-05 -4.72917e-06 4.35751
18.2 2.98549e-05 2.33962e-05 -4.74473e-06 4.35152
18.225 2.99415e-05 2.34734e-05 -4.75542e-06 4.34555
18.25 3.00024e-05 2.35269e-05 -4.76129e-06 4.3396
18.275 3.00375e-05 2.35567e-05 -4.76238e-06 4.33366
18.3 3.00469e-05 2.35631e-05 -4.75877e-06 4.32774
18.325 3.0031e-05 2.35464e-05 -4.75052e-06 4.32184
18.35 2.99901e-05 2.3507e-05 -4.73758e-06 4.31595
18.375 2.99244e-05 2.34452e-05 -4.72046e-06 4.31008
18.4 2.98344e-05 2.33616e-05 -4.69886e-06 4.30422
18.425 2.97205e-05 2.32566e-05 -4.67304e-06 4.29838
18.45 2.95833e-05 2.31308e-05 -4.64311e-06 4.29256
18.475 2.94234e-05 2.29849e-05 -4.60922e-06 4.28675
18.5 2.92413e-05 2.28194e-05 -4.5715e-06 4.28095
18.525 2.90377e-05 2.2635e-05 -4.53008e-06 4.27518
18.55 2.88133e-05 2.24326e-05 -4.48516e-06 4.26942
18.575 2.85688e-05 2.22129e-05 -4.43688e-06 4.26367
18.6 2.8305e-05 2.19765e-05 -4.3854e-06 4.25794
18.625 2.80227e-05 2.17244e-05 -4.33088e-06 4.25222
18.65 2.77226e-05 2.14573e-05 -4.2735e-06 4.24652
18.675 2.74055e-05 2.1176e-05 -4.21342e-06 4.24084
18.7 2.70725e-05 2.08813e-05 -4.15082e-06 4.23517
18.725 2.67242e-05 2.05742e-05 -4.08588e-06 4.22951
18.75 2.63616e-05 2.02555e-05 -4.01876e-06 4.22388
18.775 2.59854e-05 1.99259e-05 -3.94965e-06 4.21825
18.8 2.55967e-05 1.95864e-05 -3.8787e-06 4.21264
18.825 2.51964e-05 1.92378e-05 -3.8061e-06 4.20705
18.85 2.47851e-05 1.8881e-05 -3.73202e-06 4.20147
18.875 2.43639e-05 1.85167e-05 -3.65661e-06 4.1959
18.9 2.39336e-05 1.81457e-05 -3.58004e-06 4.19035
18.925 2.3495e-05 1.7769e-05 -3.50248e-06 4.18482
18.95 2.3049e-05 1.73871e-05 -3.42407e-06 4.1793
18.975 2.25965e-05 1.7001e-05 -3.34497e-06 4.17379
19 2.21382e-05 1.66114e-05 -3.26533e-06 4.1683
19.025 2.16749e-05 1.62189e-05 -3.18529e-06 4.16282
19.05 2.12074e-05 1.58242e-05 -3.10498e-06 4.15736
19.075 2.07365e-05 1.54281e-05 -3.02452e-06 4.15191
19.1 2.02628e-05 1.50312e-05 -2.9441e-06 4.14647
19.125 1.97872e-05 1.4634e-05 -2.86374e-06 4.14105
19.15 1.93102e-05 1.42373e-05 -2.78363e-06 4.13565
19.175 1.88325e-05 1.38414e-05 -2.70384e-06 4.13026
19.2 1.83548e-05 1.3447e-05 -2.62449e-06 4.12488
19.225 1.78776e-05 1.30546e-05 -2.54566e-06 4.11951
19.25 1.74015e-05 1.26647e-05 -2.46745e-06 4.11416
19.275 1.6927e-05 1.22775e-05 -2.38994e-06 4.10883
19.3 1.64547e-05 1.18934e-05 -2.3132e-06 4.10351
19.325 1.5985e-05 1.1513e-05 -2.23729e-06 4.0982
19.35 1.55183e-05 1.11366e-05 -2.16229e-06 4.0929
19.375 1.50551e-05 1.07643e-05 -2.08825e-06 4.08762
19.4 1.45958e-05 1.03965e-05 -2.0152e-06 4.08235
19.425 1.41406e-05 1.00333e-05 -1.94319e-06 4.0771
19.45 1.369e-05 9.67505e-06 -1.87225e-06 4.07186
19.475 1.32441e-05 9.32177e-06 -1.80242e-06 4.06663
19.5 1.28033e-05 8.97361e-06 -1.7337e-06 4.06142
19.525 1.23677e-05 8.63063e-06 -1.66612e-06 4.05622
19.55 1.19376e-05 8.29288e-06 -1.59967e-06 4.05103
19.575 1.1513e-05 7.96034e-06 -1.53436e-06 4.04586
19.6 1.10942e-05 7.63298e-06 -1.47017e-06 4.0407
19.625 1.06813e-05 7.31074e-06 -1.40709e-06 4.03555
19.65 1.02742e-05 6.99344e-06 -1.34509e-06 4.03042
19.675 9.87312e-06 6.68093e-06 -1.28414e-06 4.02529
19.7 9.47795e-06 6.37301e-06 -1.2242e-06 4.02019
19.725 9.0887e-06 6.06941e-06 -1.16522e-06 4.01509
19.75 8.70533e-06 5.76985e-06 -1.10714e-06 4.01001
19.775 8.32775e-06 5.47395e-06 -1.0499e-06 4.00494
19.8 7.95588e-06 5.18132e-06 -9.93431e-07 3.99988
19.825 7.58957e-06 4.89149e-06 -9.37636e-07 3.99484
19.85 7.22866e-06 4.60395e-06 -8.82426e-07 3.98981
19.875 6.87297e-06 4.31811e-06 -8.27696e-07 3.98479
19.9 6.52228e-06 4.03333e-06 -7.73328e-07 3.97978
19.925 6.17636e-06 3.74889e-06 -7.19197e-07 3.97479
19.95 5.83492e-06 3.46396e-06 -6.65153e-07 3.96981
19.975 5.49778e-06 3.17788e-06 -6.11078e-07 3.96484
20 5.16429e-06 2.88905e-06 -5.56692e-07 3.95988
