# col1: r[fm],  col2: chargedensity, col3: weak density [fm^-3](normailized to Q=1)
2.101448349307773875e-07 9.397560114098021944e-02 -9.281252606715489906e-02
2.500000000000000139e-02 9.396822960062597985e-02 -9.280579282234036054e-02
5.000000000000000278e-02 9.394613258530978839e-02 -9.278561135329219112e-02
7.499999999999999722e-02 9.390936280126417623e-02 -9.275203634758637239e-02
1.000000000000000056e-01 9.385800772678602744e-02 -9.270515859318098628e-02
1.250000000000000000e-01 9.379218907986620890e-02 -9.264510445523636839e-02
1.499999999999999944e-01 9.371206210300464523e-02 -9.257203517010084703e-02
1.749999999999999889e-01 9.361781469222958674e-02 -9.248614598019705424e-02
2.000000000000000111e-01 9.350966640094339477e-02 -9.238766513675925052e-02
2.250000000000000056e-01 9.338786735028545283e-02 -9.227685279838436505e-02
2.500000000000000000e-01 9.325269707621551551e-02 -9.215399985215357026e-02
2.750000000000000222e-01 9.310446333969005228e-02 -9.201942668083940013e-02
2.999999999999999889e-01 9.294350092056186119e-02 -9.187348189480372407e-02
3.250000000000000111e-01 9.277017040876726905e-02 -9.171654104112868244e-02
3.499999999999999778e-01 9.258485699867839702e-02 -9.154900529590581648e-02
3.750000000000000000e-01 9.238796928492100380e-02 -9.137130013908023596e-02
4.000000000000000222e-01 9.217993805119203965e-02 -9.118387400540384213e-02
4.249999999999999889e-01 9.196121503824754295e-02 -9.098719690042234021e-02
4.500000000000000111e-01 9.173227167371206248e-02 -9.078175896737797346e-02
4.749999999999999778e-01 9.149359774493076580e-02 -9.056806898967900699e-02
5.000000000000000000e-01 9.124569999677857590e-02 -9.034665281420006799e-02
5.250000000000000222e-01 9.098910063899526279e-02 -9.011805168299483193e-02
5.500000000000000444e-01 9.072433575187893728e-02 -8.988282046473121401e-02
5.749999999999999556e-01 9.045195358456770141e-02 -8.964152578188402942e-02
5.999999999999999778e-01 9.017251274610367517e-02 -8.939474403495795141e-02
6.250000000000000000e-01 8.988658029542632988e-02 -8.914305933025966355e-02
6.500000000000000222e-01 8.959472974183269045e-02 -8.888706132251943115e-02
6.750000000000000444e-01 8.929753897182621247e-02 -8.862734298758416507e-02
6.999999999999999556e-01 8.899558812131959373e-02 -8.836449834318106655e-02
7.249999999999999778e-01 8.868945741370712343e-02 -8.809912013723353308e-02
7.500000000000000000e-01 8.837972498436505453e-02 -8.783179752339226321e-02
7.750000000000000222e-01 8.806696471083015620e-02 -8.756311374243985757e-02
8.000000000000000444e-01 8.775174406551793094e-02 -8.729364382627269325e-02
8.249999999999999556e-01 8.743462200473994805e-02 -8.702395233856667633e-02
8.499999999999999778e-01 8.711614690436660091e-02 -8.675459116333722465e-02
8.750000000000000000e-01 8.679685454916429010e-02 -8.648609734975752639e-02
9.000000000000000222e-01 8.647726617996387422e-02 -8.621899101910743268e-02
9.250000000000001554e-01 8.615788660066998894e-02 -8.595377333782143470e-02
9.499999999999999556e-01 8.583920234585552811e-02 -8.569092455944206377e-02
9.749999999999999778e-01 8.552167990935566344e-02 -8.543090213789822363e-02
1.000000000000000000e+00 8.520576403481552874e-02 -8.517413891487762845e-02
1.024999999999999911e+00 8.489187607038380101e-02 -8.492104138499945165e-02
1.050000000000000044e+00 8.458041239145434875e-02 -8.467198804382797261e-02
1.074999999999999956e+00 8.427174289725432310e-02 -8.442732782526042590e-02
1.100000000000000089e+00 8.396620958888532937e-02 -8.418737863623498852e-02
1.125000000000000000e+00 8.366412523788786804e-02 -8.395242599782214155e-02
1.149999999999999911e+00 8.336577215532492424e-02 -8.372272180241616124e-02
1.175000000000000044e+00 8.307140107164380505e-02 -8.349848319682474929e-02
1.199999999999999956e+00 8.278123013714466794e-02 -8.327989160053769768e-02
1.225000000000000089e+00 8.249544405180037066e-02 -8.306709186737003259e-02
1.250000000000000000e+00 8.221419333155917386e-02 -8.286019159712761095e-02
1.274999999999999911e+00 8.193759371628858701e-02 -8.265926060207789972e-02
1.300000000000000044e+00 8.166572572238640915e-02 -8.246433053099554156e-02
1.324999999999999956e+00 8.139863434099706141e-02 -8.227539465156989695e-02
1.350000000000000089e+00 8.113632888091132367e-02 -8.209240779016438450e-02
1.375000000000000000e+00 8.087878295373393533e-02 -8.191528642642940949e-02
1.399999999999999911e+00 8.062593459785971639e-02 -8.174390893916801126e-02
1.425000000000000044e+00 8.037768653723004197e-02 -8.157811599915502920e-02
1.449999999999999956e+00 8.013390657070379453e-02 -8.141771110429188441e-02
1.475000000000000089e+00 7.989442808808687457e-02 -8.126246125246308627e-02
1.500000000000000000e+00 7.965905070929006626e-02 -8.111209774764749358e-02
1.524999999999999911e+00 7.942754104358810963e-02 -8.096631713510124562e-02
1.550000000000000044e+00 7.919963356638864971e-02 -8.082478226165855373e-02
1.574999999999999956e+00 7.897503161116915804e-02 -8.068712345728305813e-02
1.600000000000000089e+00 7.875340847421538615e-02 -8.055293983387525059e-02
1.625000000000000000e+00 7.853440862945582079e-02 -8.042180069696643063e-02
1.649999999999999911e+00 7.831764905003732458e-02 -8.029324706530621691e-02
1.675000000000000044e+00 7.810272063237659601e-02 -8.016679329252497654e-02
1.699999999999999956e+00 7.788918971733775620e-02 -8.004192878409188694e-02
1.725000000000000311e+00 7.767659970203454056e-02 -7.991811980178976926e-02
1.750000000000000000e+00 7.746447273465231764e-02 -7.979481134698247768e-02
1.774999999999999911e+00 7.725231148374168966e-02 -7.967142911315718001e-02
1.800000000000000044e+00 7.703960097273807039e-02 -7.954738149765321065e-02
1.824999999999999956e+00 7.682581047006609154e-02 -7.942206166219153984e-02
1.850000000000000311e+00 7.661039542511897948e-02 -7.929484963181125667e-02
1.875000000000000000e+00 7.639279944063689931e-02 -7.916511442208615246e-02
1.899999999999999911e+00 7.617245627249756568e-02 -7.903221618499275958e-02
1.925000000000000044e+00 7.594879184860084398e-02 -7.889550836446219961e-02
1.949999999999999956e+00 7.572122629927997839e-02 -7.875433985339830301e-02
1.975000000000000089e+00 7.548917599241862508e-02 -7.860805714469673577e-02
2.000000000000000000e+00 7.525205556710594379e-02 -7.845600646948731882e-02
2.024999999999999911e+00 7.500927996016056032e-02 -7.829753591638294319e-02
2.049999999999999822e+00 7.476026642016037060e-02 -7.813199752592561720e-02
2.075000000000000178e+00 7.450443650372269577e-02 -7.795874935465842148e-02
2.100000000000000089e+00 7.424121804871039454e-02 -7.777715750334646128e-02
2.125000000000000000e+00 7.397004711884203054e-02 -7.758659810385065692e-02
2.149999999999999911e+00 7.369036991392208247e-02 -7.738645925908452239e-02
2.174999999999999822e+00 7.340164463965133390e-02 -7.717614293040994666e-02
2.200000000000000178e+00 7.310334333079894498e-02 -7.695506676681487801e-02
2.225000000000000089e+00 7.279495362147031523e-02 -7.672266587030759921e-02
2.250000000000000000e+00 7.247598045633057984e-02 -7.647839449219448471e-02
2.274999999999999911e+00 7.214594773695201524e-02 -7.622172765528707761e-02
2.299999999999999822e+00 7.180439989793825639e-02 -7.595216269760633743e-02
2.325000000000000178e+00 7.145090340810486551e-02 -7.566922073378561098e-02
2.350000000000000089e+00 7.108504819271152519e-02 -7.537244803107573388e-02
2.375000000000000000e+00 7.070644897349039060e-02 -7.506141729757748182e-02
2.399999999999999911e+00 7.031474652393075730e-02 -7.473572888101151501e-02
2.424999999999999822e+00 6.990960883790839353e-02 -7.439501187693886575e-02
2.450000000000000178e+00 6.949073221024634761e-02 -7.403892514582667561e-02
2.475000000000000089e+00 6.905784222813636519e-02 -7.366715823869768309e-02
2.500000000000000000e+00 6.861069467253626264e-02 -7.327943223129883277e-02
2.524999999999999911e+00 6.814907632870151333e-02 -7.287550046679554250e-02
2.549999999999999822e+00 6.767280570494846326e-02 -7.245514920696682903e-02
2.575000000000000178e+00 6.718173365862449564e-02 -7.201819819178709170e-02
2.600000000000000089e+00 6.667574392813219175e-02 -7.156450110717493818e-02
2.625000000000000000e+00 6.615475356976908972e-02 -7.109394596061215099e-02
2.649999999999999911e+00 6.561871329814636389e-02 -7.060645536432486047e-02
2.674999999999999822e+00 6.506760772906455825e-02 -7.010198672579680268e-02
2.700000000000000178e+00 6.450145552396928383e-02 -6.958053234556602074e-02
2.725000000000000089e+00 6.392030943547329092e-02 -6.904211942253503376e-02
2.750000000000000000e+00 6.332425625389763446e-02 -6.848680996738337745e-02
2.774999999999999911e+00 6.271341665531494913e-02 -6.791470062508553340e-02
2.799999999999999822e+00 6.208794495213216386e-02 -6.732592240796474170e-02
2.825000000000000178e+00 6.144802874778482193e-02 -6.672064034112676345e-02
2.850000000000000089e+00 6.079388849758961266e-02 -6.609905302247606751e-02
2.875000000000000000e+00 6.012577697818762695e-02 -6.546139209980003648e-02
2.899999999999999911e+00 5.944397866828902977e-02 -6.480792166760024342e-02
2.924999999999999822e+00 5.874880904359983808e-02 -6.413893758644770293e-02
2.950000000000000178e+00 5.804061378888401151e-02 -6.345476672765829051e-02
2.975000000000000089e+00 5.731976793011464566e-02 -6.275576614604000403e-02
3.000000000000000000e+00 5.658667488962858955e-02 -6.204232218338696925e-02
3.024999999999999911e+00 5.584176546715673845e-02 -6.131484950531775752e-02
3.049999999999999822e+00 5.508549674959175441e-02 -6.057379007400388177e-02
3.075000000000000178e+00 5.431835095240498956e-02 -5.981961205933777198e-02
3.100000000000000089e+00 5.354083419575384611e-02 -5.905280869116099479e-02
3.125000000000000000e+00 5.275347521853514937e-02 -5.827389705531963587e-02
3.149999999999999911e+00 5.195682403393343807e-02 -5.748341683652988948e-02
3.174999999999999822e+00 5.115145053036602302e-02 -5.668192901130772454e-02
3.200000000000000178e+00 5.033794302211309218e-02 -5.587001449451799856e-02
3.225000000000000089e+00 4.951690675430719252e-02 -5.504827274340538118e-02
3.250000000000000000e+00 4.868896236730996252e-02 -5.421732032325272954e-02
3.274999999999999911e+00 4.785474432579651244e-02 -5.337778943904828571e-02
3.299999999999999822e+00 4.701489931807500966e-02 -5.253032643771184812e-02
3.325000000000000178e+00 4.617008463128292189e-02 -5.167559028552420192e-02
3.350000000000000089e+00 4.532096650811873878e-02 -5.081425102542064254e-02
3.375000000000000444e+00 4.446821849070196203e-02 -4.994698821876022293e-02
3.399999999999999911e+00 4.361251975702284955e-02 -4.907448937608198392e-02
3.424999999999999822e+00 4.275455345527345158e-02 -4.819744838123009995e-02
3.450000000000000622e+00 4.189500504117268237e-02 -4.731656391309825571e-02
3.475000000000000533e+00 4.103456062323327519e-02 -4.643253786912574649e-02
3.500000000000000000e+00 4.017390532079214566e-02 -4.554607379459879590e-02
3.524999999999999911e+00 3.931372163955078325e-02 -4.465787532177695890e-02
3.549999999999999822e+00 3.845468786934866379e-02 -4.376864462287921587e-02
3.575000000000000622e+00 3.759747650891780146e-02 -4.287908088102304616e-02
3.600000000000000089e+00 3.674275272242311791e-02 -4.198987878329893397e-02
3.625000000000000000e+00 3.589117283265692848e-02 -4.110172704026054946e-02
3.649999999999999911e+00 3.504338285580731877e-02 -4.021530693620064406e-02
3.674999999999999822e+00 3.420001708272402130e-02 -3.933129091463484495e-02
3.700000000000000622e+00 3.336169671155057165e-02 -3.845034120341884326e-02
3.725000000000000089e+00 3.252902853645436854e-02 -3.757310848385893298e-02
3.750000000000000000e+00 3.170260369696231012e-02 -3.670023060803750958e-02
3.774999999999999911e+00 3.088299649210423173e-02 -3.583233136836610350e-02
3.799999999999999822e+00 3.007076326318255596e-02 -3.497001932310278560e-02
3.825000000000000178e+00 2.926644134855174023e-02 -3.411388668124907403e-02
3.850000000000000089e+00 2.847054811332012242e-02 -3.326450824988645694e-02
3.875000000000000000e+00 2.768358005640809624e-02 -3.242244044664795849e-02
3.899999999999999911e+00 2.690601199693237050e-02 -3.158822037966378671e-02
3.924999999999999822e+00 2.613829634145280537e-02 -3.076236499698509555e-02
3.950000000000000178e+00 2.538086243323076779e-02 -2.994537030718921397e-02
3.975000000000000089e+00 2.463411598430741839e-02 -2.913771067260368178e-02
4.000000000000000000e+00 2.389843859091481462e-02 -2.833983817635255323e-02
4.025000000000000355e+00 2.317418733247163243e-02 -2.755218206421859717e-02
4.049999999999999822e+00 2.246169445417212085e-02 -2.677514826211449192e-02
4.075000000000000178e+00 2.176126713293470918e-02 -2.600911896974968107e-02
4.099999999999999645e+00 2.107318732621907623e-02 -2.525445233085491306e-02
4.125000000000000000e+00 2.039771170293024419e-02 -2.451148218006700408e-02
4.150000000000000355e+00 1.973507165530098348e-02 -2.378051786628019443e-02
4.174999999999999822e+00 1.908547339027269127e-02 -2.306184415192958151e-02
4.200000000000000178e+00 1.844909809848896409e-02 -2.235572118729719712e-02
4.224999999999999645e+00 1.782610219858508233e-02 -2.166238455852762326e-02
4.250000000000000000e+00 1.721661765401723623e-02 -2.098204540762414749e-02
4.275000000000000355e+00 1.662075235925009747e-02 -2.031489062228741121e-02
4.299999999999999822e+00 1.603859059172736690e-02 -1.966108309307023488e-02
4.325000000000000178e+00 1.547019352570945180e-02 -1.902076203497505072e-02
4.349999999999999645e+00 1.491559980378745660e-02 -1.839404337032565437e-02
4.375000000000000000e+00 1.437482616168164577e-02 -1.778102016950781905e-02
4.400000000000000355e+00 1.384786810180956007e-02 -1.718176314600197013e-02
4.424999999999999822e+00 1.333470061105495805e-02 -1.659632120201472855e-02
4.450000000000000178e+00 1.283527891817704165e-02 -1.602472202095243589e-02
4.474999999999999645e+00 1.234953928635179263e-02 -1.546697270295317381e-02
4.500000000000000000e+00 1.187739983641823531e-02 -1.492306043969100424e-02
4.525000000000000355e+00 1.141876139649608025e-02 -1.439295322467681534e-02
4.549999999999999822e+00 1.097350837373129925e-02 -1.387660059528753390e-02
4.575000000000000178e+00 1.054150964400602832e-02 -1.337393440275821792e-02
4.599999999999999645e+00 1.012261945551213259e-02 -1.288486960636142827e-02
4.625000000000000000e+00 9.716678342136178190e-03 -1.240930508797965549e-02
4.650000000000000355e+00 9.323514042645180550e-03 -1.194712448325585714e-02
4.674999999999999822e+00 8.942942421705572104e-03 -1.149819702549081425e-02
4.700000000000000178e+00 8.574768388827983673e-03 -1.106237839845957381e-02
4.724999999999999645e+00 8.218786811418665392e-03 -1.063951159435001445e-02
4.750000000000000000e+00 7.874783418245968891e-03 -1.022942777309613152e-02
4.775000000000000355e+00 7.542535689806248965e-03 -9.831947119494031592e-03
4.799999999999999822e+00 7.221813732297504423e-03 -9.446879694649723200e-03
4.825000000000000178e+00 6.912381132181041714e-03 -9.074026278515130023e-03
4.849999999999999645e+00 6.613995788621148536e-03 -8.713179200513385125e-03
4.875000000000000000e+00 6.326410721428490057e-03 -8.364123155526424422e-03
4.900000000000000355e+00 6.049374852480370740e-03 -8.026636002805346420e-03
4.924999999999999822e+00 5.782633758932070531e-03 -7.700489545651276364e-03
4.950000000000000178e+00 5.525930396855503399e-03 -7.385450289990360719e-03
4.974999999999999645e+00 5.279005794230506692e-03 -7.081280180219709508e-03
5.000000000000000000e+00 5.041599712462735416e-03 -6.787737310924106190e-03
5.025000000000000355e+00 4.813451275808290977e-03 -6.504576613254538925e-03
5.049999999999999822e+00 4.594299568249310059e-03 -6.231550514918988287e-03
5.075000000000000178e+00 4.383884197495481992e-03 -5.968409572870033569e-03
5.099999999999999645e+00 4.181945825892477084e-03 -5.714903077890280507e-03
5.125000000000000000e+00 3.988226668112037146e-03 -5.470779630384676150e-03
5.150000000000000355e+00 3.802470955592390876e-03 -5.235787686799595053e-03
5.174999999999999822e+00 3.624425367800910083e-03 -5.009676076208543181e-03
5.200000000000000178e+00 3.453839430511723273e-03 -4.792194486740956189e-03
5.224999999999999645e+00 3.290465881431734255e-03 -4.583093921685031137e-03
5.250000000000000000e+00 3.134061003667560231e-03 -4.382127125266378417e-03
5.275000000000000355e+00 2.984384927698487122e-03 -4.189048978287167324e-03
5.299999999999999822e+00 2.841201902696397462e-03 -4.003616863996408044e-03
5.325000000000000178e+00 2.704280538202946064e-03 -3.825591004742486933e-03
5.349999999999999645e+00 2.573394017324821814e-03 -3.654734770123432668e-03
5.375000000000000000e+00 2.448320282729424865e-03 -3.490814957489631921e-03
5.400000000000000355e+00 2.328842196808729274e-03 -3.333602045761798176e-03
5.424999999999999822e+00 2.214747677423428533e-03 -3.182870423599084165e-03
5.450000000000000178e+00 2.105829810643884085e-03 -3.038398592989450392e-03
5.474999999999999645e+00 2.001886941872767743e-03 -2.899969349339648426e-03
5.500000000000000000e+00 1.902722746674534405e-03 -2.767369939121842350e-03
5.525000000000000355e+00 1.808146282560207062e-03 -2.640392196097696761e-03
5.549999999999999822e+00 1.717972022892996645e-03 -2.518832657097138782e-03
5.575000000000000178e+00 1.632019874003217633e-03 -2.402492658288628898e-03
5.599999999999999645e+00 1.550115176538473857e-03 -2.291178412847722206e-03
5.625000000000000000e+00 1.472088692033704299e-03 -2.184701070916529424e-03
5.650000000000000355e+00 1.397776575668264456e-03 -2.082876762751061962e-03
5.674999999999999822e+00 1.327020336181735163e-03 -1.985526625974457643e-03
5.700000000000000178e+00 1.259666783942378892e-03 -1.892476817888405147e-03
5.724999999999999645e+00 1.195567968193743955e-03 -1.803558513835627937e-03
5.750000000000000000e+00 1.134581104536667258e-03 -1.718607892645379089e-03
5.775000000000000355e+00 1.076568493726499107e-03 -1.637466110223707947e-03
5.799999999999999822e+00 1.021397432869817741e-03 -1.559979262363181060e-03
5.825000000000000178e+00 9.689401200858444290e-04 -1.485998337838325334e-03
5.849999999999999645e+00 9.190735536517483225e-04 -1.415379162820481736e-03
5.875000000000000000e+00 8.716794265793398723e-04 -1.347982337589860536e-03
5.900000000000000355e+00 8.266440174771965245e-04 -1.283673166447184743e-03
5.924999999999999822e+00 7.838580784443626749e-04 -1.222321581638106773e-03
5.950000000000000178e+00 7.432167206283729404e-04 -1.163802062008690522e-03
5.974999999999999645e+00 7.046192979712469304e-04 -1.107993547017727598e-03
6.000000000000000000e+00 6.679692895710640952e-04 -1.054779346649178376e-03
6.025000000000000355e+00 6.331741810113951287e-04 -1.004047047702149404e-03
6.049999999999999822e+00 6.001453449600135243e-04 -9.556884168898059900e-04
6.075000000000000178e+00 5.687979213136393208e-04 -9.095993011541392542e-04
6.099999999999999645e+00 5.390506971641280875e-04 -8.656795255982537799e-04
6.125000000000000000e+00 5.108259868785024367e-04 -8.238327894475776583e-04
6.150000000000000355e+00 4.840495126128619482e-04 -7.839665604699328156e-04
6.174999999999999822e+00 4.586502856098032314e-04 -7.459919683043147618e-04
6.200000000000000178e+00 4.345604886520676078e-04 -7.098236971623808275e-04
6.224999999999999645e+00 4.117153600541933805e-04 -6.753798783689778529e-04
6.250000000000000000e+00 3.900530795641643533e-04 -6.425819831939649698e-04
6.275000000000000355e+00 3.695146565160179679e-04 -6.113547163957966770e-04
6.299999999999999822e+00 3.500438205233549586e-04 -5.816259108481374764e-04
6.325000000000000178e+00 3.315869149364752489e-04 -5.533264235579885221e-04
6.349999999999999645e+00 3.140927932089293399e-04 -5.263900333125250000e-04
6.375000000000000000e+00 2.975127182403615477e-04 -5.007533401188738690e-04
6.400000000000000355e+00 2.818002646898546890e-04 -4.763556665332119538e-04
6.424999999999999822e+00 2.669112241948699642e-04 -4.531389609192227838e-04
6.450000000000000178e+00 2.528035133909092239e-04 -4.310477026358482621e-04
6.474999999999999645e+00 2.394370846093689408e-04 -4.100288091330371544e-04
6.500000000000000000e+00 2.267738391355840358e-04 -3.900315449321404746e-04
6.525000000000000355e+00 2.147775429332521020e-04 -3.710074324821276593e-04
6.549999999999999822e+00 2.034137447798188710e-04 -3.529101649099149955e-04
6.575000000000000178e+00 1.926496968030260099e-04 -3.356955207165288188e-04
6.599999999999999645e+00 1.824542774540805694e-04 -3.193212805042581820e-04
6.625000000000000000e+00 1.727979169900730730e-04 -3.037471458470482962e-04
6.650000000000000355e+00 1.636525255615421193e-04 -2.889346604319127936e-04
6.674999999999999822e+00 1.549914240064037931e-04 -2.748471335997602081e-04
6.700000000000000178e+00 1.467892774373859245e-04 -2.614495663986026851e-04
6.724999999999999645e+00 1.390220316784137287e-04 -2.487085802317664336e-04
6.750000000000000888e+00 1.316668525597887267e-04 -2.365923481418628460e-04
6.775000000000001243e+00 1.247020680286177322e-04 -2.250705287228517806e-04
6.799999999999999822e+00 1.181071129767163332e-04 -2.141142026034250072e-04
6.825000000000001066e+00 1.118624766402734816e-04 -2.036958114012702499e-04
6.849999999999999645e+00 1.059496523901100584e-04 -1.937890990146269934e-04
6.875000000000000000e+00 1.003510897128786074e-04 -1.843690550989057265e-04
6.900000000000001243e+00 9.505014818414307676e-05 -1.754118605737810103e-04
6.924999999999999822e+00 9.003105325345732738e-05 -1.668948350196238991e-04
6.950000000000001066e+00 8.527885369637738951e-05 -1.587963858491361999e-04
6.974999999999999645e+00 8.077938063366020441e-05 -1.510959591761592234e-04
7.000000000000000000e+00 7.651920806738370649e-05 -1.437739923435050375e-04
7.025000000000001243e+00 7.248561493047707091e-05 -1.368118681096443115e-04
7.049999999999999822e+00 6.866654868384036963e-05 -1.301918705245206742e-04
7.075000000000001066e+00 6.505059051881378852e-05 -1.238971425436957154e-04
7.099999999999999645e+00 6.162692222933944034e-05 -1.179116454346732944e-04
7.125000000000000000e+00 5.838529480710086825e-05 -1.122201200191796190e-04
7.150000000000001243e+00 5.531599878621931368e-05 -1.068080497719435632e-04
7.174999999999999822e+00 5.240983632561746882e-05 -1.016616257634247349e-04
7.200000000000000178e+00 4.965809497274333809e-05 -9.676771339571445425e-05
7.224999999999999645e+00 4.705252300820050556e-05 -9.211382084290620979e-05
7.250000000000000000e+00 4.458530623328520436e-05 -8.768806907471706099e-05
7.275000000000001243e+00 4.224904603678828147e-05 -8.347916331973587330e-05
7.299999999999999822e+00 4.003673856724113898e-05 -7.947636581526662438e-05
7.325000000000000178e+00 3.794175484345982754e-05 -7.566946969557644253e-05
7.349999999999999645e+00 3.595782165896000879e-05 -7.204877388885996261e-05
7.375000000000000000e+00 3.407900317133178526e-05 -6.860505892257458109e-05
7.400000000000001243e+00 3.229968311126331918e-05 -6.532956357321353903e-05
7.424999999999999822e+00 3.061454759167400621e-05 -6.221396233486463693e-05
7.450000000000000178e+00 2.901856853926931560e-05 -5.925034371616653495e-05
7.474999999999999645e+00 2.750698780326509520e-05 -5.643118940268272178e-05
7.500000000000000000e+00 2.607530201502279306e-05 -5.374935433791114801e-05
7.525000000000000355e+00 2.471924827553227921e-05 -5.119804777914343472e-05
7.549999999999999822e+00 2.343479073518949104e-05 -4.877081537420468712e-05
7.575000000000000178e+00 2.221810810427834318e-05 -4.646152228341667777e-05
7.599999999999999645e+00 2.106558209675448763e-05 -4.426433734132688495e-05
7.625000000000000000e+00 1.997378676995359293e-05 -4.217371821917051541e-05
7.650000000000000355e+00 1.893947868402867700e-05 -4.018439751651444299e-05
7.674999999999999822e+00 1.795958777315765864e-05 -3.829136968379249259e-05
7.700000000000000178e+00 1.703120880002976329e-05 -3.648987866012296156e-05
7.724999999999999645e+00 1.615159325885046383e-05 -3.477540610544257343e-05
7.750000000000000000e+00 1.531814160078832007e-05 -3.314366011323449136e-05
7.775000000000000355e+00 1.452839567833336029e-05 -3.159056430904394534e-05
7.799999999999999822e+00 1.378003133820921561e-05 -3.011224726790323096e-05
7.825000000000000178e+00 1.307085113174919169e-05 -2.870503221690216421e-05
7.849999999999999645e+00 1.239877715170203658e-05 -2.736542702300534484e-05
7.875000000000000000e+00 1.176184403983673214e-05 -2.609011449623608962e-05
7.900000000000000355e+00 1.115819223579929253e-05 -2.487594306060202703e-05
7.924999999999999822e+00 1.058606155112824855e-05 -2.371991785675178248e-05
7.950000000000000178e+00 1.004378515156370583e-05 -2.261919234010528699e-05
7.974999999999999645e+00 9.529784016167476462e-06 -2.157106042619870656e-05
8.000000000000000000e+00 9.042561915716428573e-06 -2.057294921338780102e-05
8.025000000000000355e+00 8.580700919059115606e-06 -1.962241228489178978e-05
8.050000000000000711e+00 8.142857399628814966e-06 -1.871712356163628536e-05
8.074999999999999289e+00 7.727758480098866631e-06 -1.785487164873427211e-05
8.099999999999999645e+00 7.334198826239723657e-06 -1.703355459583931605e-05
8.125000000000000000e+00 6.961037684839269723e-06 -1.625117497805579831e-05
8.150000000000000355e+00 6.607196057550962342e-06 -1.550583520158879203e-05
8.175000000000000711e+00 6.271653912832242187e-06 -1.479573294700869717e-05
8.199999999999999289e+00 5.953447360371387838e-06 -1.411915668178135756e-05
8.224999999999999645e+00 5.651665743366426837e-06 -1.347448119987966786e-05
8.250000000000000000e+00 5.365448639430761416e-06 -1.286016317620141296e-05
8.275000000000000355e+00 5.093982795909869463e-06 -1.227473675319184047e-05
8.300000000000000711e+00 4.836499055163791446e-06 -1.171680920234986137e-05
8.324999999999999289e+00 4.592269346053802299e-06 -1.118505672094449381e-05
8.349999999999999645e+00 4.360603826630550304e-06 -1.067822043194748914e-05
8.375000000000000000e+00 4.140848259000526069e-06 -1.019510265202024229e-05
8.400000000000000355e+00 3.932381681174523272e-06 -9.734563479097002337e-06
8.425000000000000711e+00 3.734614414928862874e-06 -9.295517729542393762e-06
8.449999999999999289e+00 3.546986416935743921e-06 -8.876932228345898711e-06
8.474999999999999645e+00 3.368965947267994540e-06 -8.477823427982927445e-06
8.500000000000000000e+00 3.200048499381130229e-06 -8.097255306378610003e-06
8.525000000000000355e+00 3.039755913025319668e-06 -7.734337475401977587e-06
8.550000000000000711e+00 2.887635579326818443e-06 -7.388223420976227161e-06
8.574999999999999289e+00 2.743259647039392437e-06 -7.058108795738067300e-06
8.599999999999999645e+00 2.606224150716492749e-06 -6.743229695012314923e-06
8.625000000000000000e+00 2.476148003454642456e-06 -6.442860865364086515e-06
8.650000000000000355e+00 2.352671825956705197e-06 -6.156313819507881039e-06
8.675000000000000711e+00 2.235456615658839045e-06 -5.882934858402628705e-06
8.699999999999999289e+00 2.124182290436339548e-06 -5.622103027384585992e-06
8.724999999999999645e+00 2.018546166432910276e-06 -5.373228054426982514e-06
8.750000000000000000e+00 1.918261445725938285e-06 -5.135748332431558420e-06
8.775000000000000355e+00 1.823055794639959130e-06 -4.909129011908001987e-06
8.800000000000000711e+00 1.732670086933522063e-06 -4.692860265076247111e-06
8.824999999999999289e+00 1.646857369074220735e-06 -4.486455768219313567e-06
8.849999999999999645e+00 1.565382079640220724e-06 -4.289451428092671080e-06
8.875000000000000000e+00 1.488019525261701818e-06 -4.101404353278196365e-06
8.900000000000000355e+00 1.414555585647881215e-06 -3.921892046308097897e-06
8.925000000000000711e+00 1.344786594084686029e-06 -3.750511770318006715e-06
8.949999999999999289e+00 1.278519321144425909e-06 -3.586880028293315112e-06
8.974999999999999645e+00 1.215570980583383599e-06 -3.430632085485334263e-06
9.000000000000000000e+00 1.155769178642358462e-06 -3.281421467488545826e-06
9.025000000000000355e+00 1.098951740876479031e-06 -3.138919377226364489e-06
9.050000000000000711e+00 1.044966372230534351e-06 -3.002813992288742741e-06
9.074999999999999289e+00 9.936701333321735881e-07 -2.872809627053590640e-06
9.099999999999999645e+00 9.449287450974319023e-07 -2.748625768572286075e-06
9.125000000000000000e+00 8.986157606608706242e-07 -2.629996017974018085e-06
9.150000000000000355e+00 8.546116646978343423e-07 -2.516666987000359325e-06
9.175000000000000711e+00 8.128029725695187554e-07 -2.408397209809485280e-06
9.199999999999999289e+00 7.730814037796918612e-07 -2.304956132090877807e-06
9.224999999999999645e+00 7.353431958261485707e-07 -2.206123232564117943e-06
9.250000000000000000e+00 6.994886069511727872e-07 -2.111687317224219878e-06
9.275000000000000355e+00 6.654216320579744583e-07 -2.021446006404854276e-06
9.300000000000000711e+00 6.330499286323095369e-07 -1.935205411606450555e-06
9.324999999999999289e+00 6.022849226444114211e-07 -1.852779976451022880e-06
9.349999999999999645e+00 5.730420419378158146e-07 -1.773992437144905809e-06
9.375000000000000000e+00 5.452410094250308475e-07 -1.698673844981004467e-06
9.400000000000000355e+00 5.188061227433017848e-07 -1.626663588574479636e-06
9.425000000000000711e+00 4.936664513501090942e-07 -1.557809357082508521e-06
9.449999999999999289e+00 4.697558958245759109e-07 -1.491966997239513916e-06
9.474999999999999645e+00 4.470130753092328442e-07 -1.429000234807525848e-06
9.500000000000000000e+00 4.253810345524361125e-07 -1.368780252576286349e-06
9.525000000000000355e+00 4.048067884367639945e-07 -1.311185139329964675e-06
9.550000000000000711e+00 3.852407454222306543e-07 -1.256099244085521888e-06
9.574999999999999289e+00 3.666360688574802881e-07 -1.203412484800096481e-06
9.599999999999999645e+00 3.489480442637690341e-07 -1.153019668522873436e-06
9.625000000000000000e+00 3.321335202130066118e-07 -1.104819879708597059e-06
9.650000000000000355e+00 3.161504806560136003e-07 -1.058715985255437172e-06
9.675000000000000711e+00 3.009577887047851318e-07 -1.014614289884542158e-06
9.699999999999999289e+00 2.865151187512645166e-07 -9.724243560435385991e-07
9.724999999999999645e+00 2.727830684795289063e-07 -9.320589811862664682e-07
9.750000000000000000e+00 2.597234183568631962e-07 -8.934343050757031722e-07
9.775000000000000355e+00 2.472994869945878196e-07 -8.564700035199042734e-07
9.800000000000000711e+00 2.354765187517118928e-07 -8.210895147604577491e-07
9.824999999999999289e+00 2.242220368831081393e-07 -7.872202420564026620e-07
9.849999999999999645e+00 2.135061016449387495e-07 -7.547936811072588389e-07
9.875000000000000000e+00 2.033014271599629817e-07 -7.237454329694457306e-07
9.900000000000000355e+00 1.935833314286448644e-07 -6.940150804772961937e-07
9.925000000000000711e+00 1.843295177769550578e-07 -6.655459262959020322e-07
9.949999999999999289e+00 1.755197098512582413e-07 -6.382846108372974309e-07
9.974999999999999645e+00 1.671351828612736018e-07 -6.121806456613916250e-07
1.000000000000000000e+01 1.591582480732279053e-07 -5.871859101742942795e-07
1.002500000000000036e+01 1.515717540054658870e-07 -5.632541648792503037e-07
1.005000000000000071e+01 1.443586651752277224e-07 -5.403406324302164474e-07
1.007499999999999929e+01 1.375017683944754608e-07 -5.184016885978901357e-07
1.009999999999999964e+01 1.309835388369512916e-07 -4.973946904080479597e-07
1.012500000000000000e+01 1.247861760852891434e-07 -4.772779501455078969e-07
1.015000000000000036e+01 1.188917970980086553e-07 -4.580108443342452369e-07
1.017500000000000071e+01 1.132827518262050086e-07 -4.395540288899781418e-07
1.019999999999999929e+01 1.079420108931479467e-07 -4.218697178375282160e-07
1.022499999999999964e+01 1.028535655941277021e-07 -4.049219751808929052e-07
1.025000000000000000e+01 9.800277962841975206e-08 -3.886769687325635614e-07
1.027500000000000036e+01 9.337663951360353990e-08 -3.731031409816166168e-07
1.030000000000000071e+01 8.896386541383667547e-08 -3.581712644607903335e-07
1.032499999999999929e+01 8.475486399563333661e-08 -3.438543658225944093e-07
1.034999999999999964e+01 8.074152721538881929e-08 -3.301275215945846367e-07
1.037500000000000000e+01 7.691690236371408309e-08 -3.169675466678685422e-07
1.040000000000000036e+01 7.327477649291865492e-08 -3.043526116530859512e-07
1.042500000000000071e+01 6.980922993792046608e-08 -2.922618350393513876e-07
1.044999999999999929e+01 6.651421757496418012e-08 -2.806748995412413689e-07
1.047499999999999964e+01 6.338323226161179064e-08 -2.695717385326066436e-07
1.050000000000000000e+01 6.040909313796737510e-08 -2.589323286321616302e-07
1.052500000000000036e+01 5.758388399544757254e-08 -2.487366098492533087e-07
1.055000000000000071e+01 5.489904605519856519e-08 -2.389645371076420163e-07
1.057499999999999929e+01 5.234560824912525257e-08 -2.295962490701942457e-07
1.059999999999999964e+01 4.991451939685336817e-08 -2.206123243728635339e-07
1.062500000000000000e+01 4.759703302541389338e-08 -2.119940838222732699e-07
1.065000000000000036e+01 4.538508888929015774e-08 -2.037238913842269364e-07
1.067500000000000071e+01 4.327163635236750110e-08 -1.957854076473843400e-07
1.069999999999999929e+01 4.125085345195056835e-08 -1.881637566621065221e-07
1.072499999999999964e+01 3.931823041211431393e-08 -1.808455796028023376e-07
1.075000000000000000e+01 3.747050552902631498e-08 -1.738189648214604449e-07
1.077500000000000036e+01 3.570546194566491709e-08 -1.670732611959750719e-07
1.080000000000000071e+01 3.402161308114623700e-08 -1.605987979718753855e-07
1.082499999999999929e+01 3.241781971498583589e-08 -1.543865471499344559e-07
1.084999999999999964e+01 3.089289083864643642e-08 -1.484277722671992737e-07
1.087500000000000000e+01 2.944522224266630487e-08 -1.427137090452747513e-07
1.090000000000000036e+01 2.807252113180070109e-08 -1.372353186820744850e-07
1.092500000000000071e+01 2.677165282320624597e-08 -1.319831443283773799e-07
1.094999999999999929e+01 2.553862840886196500e-08 -1.269472868249907250e-07
1.097499999999999964e+01 2.436873264959093571e-08 -1.221174993135010993e-07
1.100000000000000000e+01 2.325677207573712790e-08 -1.174833839904187973e-07
1.102500000000000036e+01 2.219740682888248759e-08 -1.130346604304503285e-07
1.105000000000000071e+01 2.118551862630660730e-08 -1.087614653992672269e-07
1.107499999999999929e+01 2.021656269797067735e-08 -1.046546401870759060e-07
1.109999999999999964e+01 1.928685426925458416e-08 -1.007059637140004805e-07
1.112500000000000000e+01 1.839374972828775426e-08 -9.690829765857526531e-08
1.115000000000000036e+01 1.753569757126565321e-08 -9.325562236782030196e-08
1.117500000000000071e+01 1.671215248563736689e-08 -8.974295775943217897e-08
1.119999999999999929e+01 1.592336497639250711e-08 -8.636617940072526024e-08
1.122499999999999964e+01 1.517007605846841184e-08 -8.312175448354848036e-08
1.125000000000000000e+01 1.445315946358631168e-08 -8.000643332616883411e-08
1.127500000000000036e+01 1.377326068945119465e-08 -7.701693792406936675e-08
1.130000000000000071e+01 1.313048228147099943e-08 -7.414968921285490199e-08
1.132499999999999929e+01 1.252415790929631652e-08 -7.140060902564786947e-08
1.134999999999999964e+01 1.195274518250399952e-08 -6.876502213462116421e-08
1.137500000000000000e+01 1.141385048377871273e-08 -6.623766979287517366e-08
1.140000000000000036e+01 1.090438073655712491e-08 -6.381283067986817191e-08
1.142500000000000071e+01 1.042079954308546419e-08 -6.148453043927050564e-08
1.144999999999999929e+01 9.959450919291607007e-09 -5.924680891969383502e-08
1.147499999999999964e+01 9.516904812595862550e-09 -5.709400659398504735e-08
1.150000000000000000e+01 9.090276054248333603e-09 -5.502102936556049361e-08
1.152500000000000036e+01 8.677472438764127575e-09 -5.302355432813304864e-08
1.155000000000000071e+01 8.277337899025978730e-09 -5.109814762629180947e-08
1.157499999999999929e+01 7.889671536936856251e-09 -4.924227798213610932e-08
1.159999999999999964e+01 7.515120611274571199e-09 -4.745422407161500901e-08
1.162500000000000000e+01 7.154963111129092304e-09 -4.573288868463215473e-08
1.165000000000000036e+01 6.810810619062848463e-09 -4.407754540197889069e-08
1.167500000000000071e+01 6.484273018809219117e-09 -4.248755267816683677e-08
1.169999999999999929e+01 6.176631491028781712e-09 -4.096207446147070003e-08
1.172499999999999964e+01 5.888564724607318791e-09 -3.949984527173771503e-08
1.175000000000000000e+01 5.619965544882099350e-09 -3.809901121507753668e-08
1.177500000000000036e+01 5.369872324217744914e-09 -3.675706765723070544e-08
1.180000000000000071e+01 5.136523482277400853e-09 -3.547090077824071812e-08
1.182499999999999929e+01 4.917526288631470510e-09 -3.423692580737797159e-08
1.184999999999999964e+01 4.710115435557329789e-09 -3.305130145266929886e-08
1.187500000000000000e+01 4.511464675844364765e-09 -3.191018971126835238e-08
1.190000000000000036e+01 4.319007757937360114e-09 -3.081002422069486154e-08
1.192500000000000071e+01 4.130724016846875289e-09 -2.974774949711015253e-08
1.194999999999999929e+01 3.945349233039157432e-09 -2.872099774007549165e-08
1.197499999999999964e+01 3.762483048705978666e-09 -2.772817884527300043e-08
1.200000000000000000e+01 3.582578809020317601e-09 -2.676847147853434377e-08
1.202500000000000036e+01 3.406818070154796422e-09 -2.584171687911291676e-08
1.205000000000000071e+01 3.236887968342319124e-09 -2.494823051793584505e-08
1.207499999999999929e+01 3.074692956889770096e-09 -2.408855799568477367e-08
1.209999999999999964e+01 2.922041209881815108e-09 -2.326320906634242461e-08
1.212500000000000000e+01 2.780349216224475603e-09 -2.247240644773389803e-08
1.215000000000000036e+01 2.650405166882395089e-09 -2.171588372913931149e-08
1.217500000000000071e+01 2.532223306740338283e-09 -2.099275962972099736e-08
1.219999999999999929e+01 2.425008567658709244e-09 -2.030150509639562481e-08
1.222499999999999964e+01 2.327235370831044965e-09 -1.964000674433145419e-08
1.225000000000000000e+01 2.236828677101241012e-09 -1.900571681038273860e-08
1.227500000000000036e+01 2.151421302562359039e-09 -1.839586790892467066e-08
1.230000000000000071e+01 2.068651185923900455e-09 -1.780772209350938386e-08
1.232499999999999929e+01 1.986457058311579528e-09 -1.723881925547515397e-08
1.234999999999999964e+01 1.903331536848466803e-09 -1.668719026183357080e-08
1.237500000000000000e+01 1.818496881586479718e-09 -1.615150541951536363e-08
1.240000000000000036e+01 1.731979651816798344e-09 -1.563113803009195433e-08
1.242500000000000071e+01 1.644574676363690868e-09 -1.512613474055341380e-08
1.244999999999999929e+01 1.557704162894199322e-09 -1.463709734792188679e-08
1.247499999999999964e+01 1.473192233101908855e-09 -1.416499296229604810e-08
1.250000000000000000e+01 1.392986716459650469e-09 -1.371091917585389337e-08
1.252500000000000036e+01 1.318867086449192472e-09 -1.327585696348457009e-08
1.255000000000000071e+01 1.252179028323640458e-09 -1.286044542526415762e-08
1.257499999999999929e+01 1.193632129714706150e-09 -1.246480922112297330e-08
1.259999999999999964e+01 1.143188145153979223e-09 -1.208846203006400888e-08
1.262500000000000000e+01 1.100054550490905579e-09 -1.173029862526011965e-08
1.265000000000000036e+01 1.062783395784009075e-09 -1.138867584405583579e-08
1.267500000000000071e+01 1.029460910294792281e-09 -1.106157040099934876e-08
1.269999999999999929e+01 9.979608453093685224e-10 -1.074679098200345800e-08
1.272499999999999964e+01 9.662259613779388434e-10 -1.044221471487321604e-08
1.275000000000000000e+01 9.325384174546607827e-10 -1.014601498731054497e-08
1.277500000000000036e+01 8.957416938329045622e-10 -9.856849043604506727e-09
1.280000000000000071e+01 8.553836718278705360e-10 -9.573979606266126752e-09
1.282499999999999929e+01 8.117616382285036541e-10 -9.297314110458381650e-09
1.284999999999999964e+01 7.658637372696489479e-10 -9.027356673692293123e-09
1.287500000000000000e+01 7.192157409459879132e-10 -8.765080028706070753e-09
1.290000000000000036e+01 6.736550701285553322e-10 -8.511735689989526907e-09
1.292500000000000071e+01 6.310639003777161994e-10 -8.268629019343597434e-09
1.294999999999999929e+01 5.930985932097858323e-10 -8.036890507514710148e-09
1.297499999999999964e+01 5.609529296926208578e-10 -7.817274893873104371e-09
1.300000000000000000e+01 5.351876513841480629e-10 -7.610015617922653020e-09
1.302500000000000036e+01 5.156493811541469125e-10 -7.414754264244686221e-09
1.305000000000000071e+01 5.014894460007856617e-10 -7.230554104764958699e-09
1.307499999999999929e+01 4.912792164412775360e-10 -7.055995159005144482e-09
1.309999999999999964e+01 4.832052345990765174e-10 -6.889336922445129392e-09
1.312500000000000000e+01 4.753164812772822609e-10 -6.728725652298441734e-09
1.315000000000000036e+01 4.657891352783377714e-10 -6.572417129802978990e-09
1.317500000000000071e+01 4.531720028456103545e-10 -6.418983881363478626e-09
1.319999999999999929e+01 4.365787621059625626e-10 -6.267478238895950011e-09
1.322499999999999964e+01 4.158007932653249414e-10 -6.117528965527235729e-09
1.325000000000000000e+01 3.913255454839150705e-10 -5.969358499664768192e-09
1.327500000000000036e+01 3.642586013723326613e-10 -5.823719014147314186e-09
1.330000000000000071e+01 3.361609452891407522e-10 -5.681756677145280312e-09
1.332499999999999929e+01 3.088246015762383515e-10 -5.544823417377598219e-09
1.334999999999999964e+01 2.840181699229145561e-10 -5.414262591961601782e-09
1.337500000000000000e+01 2.632377183486025526e-10 -5.291198375986535290e-09
1.340000000000000036e+01 2.474974942323261208e-10 -5.176357949767884298e-09
1.342500000000000071e+01 2.371891426898269289e-10 -5.069950816406694110e-09
1.344999999999999929e+01 2.320284069642872690e-10 -4.971621464073484564e-09
1.347499999999999964e+01 2.310960541713790974e-10 -4.880481360826268174e-09
1.350000000000000178e+01 2.329666385907740566e-10 -4.795215185639904716e-09
1.352500000000000213e+01 2.359066268873860941e-10 -4.714246029336227497e-09
1.355000000000000249e+01 2.381138832250573023e-10 -4.635936174484041998e-09
1.357499999999999929e+01 2.379650889175196582e-10 -4.558795414874258167e-09
1.359999999999999964e+01 2.342366763334865275e-10 -4.481667917796441029e-09
1.362500000000000000e+01 2.262689091817569336e-10 -4.403871930046192379e-09
1.365000000000000213e+01 2.140507614956469526e-10 -4.325273275216197410e-09
1.367500000000000249e+01 1.982144041872999172e-10 -4.246282922827044553e-09
1.369999999999999929e+01 1.799407300271299691e-10 -4.167779494858977885e-09
1.372499999999999964e+01 1.607896345868333627e-10 -4.090967933393065994e-09
1.375000000000000000e+01 1.424791233849945689e-10 -4.017194334852200027e-09
1.377500000000000213e+01 1.266442347723586905e-10 -3.947742865354241442e-09
1.380000000000000249e+01 1.146093087131632843e-10 -3.883642937025449323e-09
1.382499999999999929e+01 1.072051107932497464e-10 -3.825513249604383665e-09
1.384999999999999964e+01 1.046557914667833807e-10 -3.773463933831152610e-09
1.387500000000000000e+01 1.065508840385848635e-10 -3.727069889197022857e-09
1.390000000000000213e+01 1.119056026654920953e-10 -3.685418437176466083e-09
1.392500000000000249e+01 1.193004479488422826e-10 -3.647224086447312174e-09
1.394999999999999929e+01 1.270802039772888034e-10 -3.610993995527857314e-09
1.397499999999999964e+01 1.335843117361951716e-10 -3.575220800985341922e-09
1.400000000000000000e+01 1.373764306949516966e-10 -3.538575857640368206e-09
1.402500000000000213e+01 1.374413798113336612e-10 -3.500076110552849901e-09
1.405000000000000249e+01 1.333223342269105068e-10 -3.459201618406489476e-09
1.407499999999999929e+01 1.251796828605445661e-10 -3.415947784357300861e-09
1.409999999999999964e+01 1.137638967387793197e-10 -3.370805484288366917e-09
1.412500000000000000e+01 1.003067705499370945e-10 -3.324672319008989084e-09
1.415000000000000213e+01 8.634667543807472732e-11 -3.278707741205789043e-09
1.417500000000000249e+01 7.351251027536813001e-11 -3.234152455602042234e-09
1.419999999999999929e+01 6.329660870703020892e-11 -3.192137321470291365e-09
1.422499999999999964e+01 5.684817700085633600e-11 -3.153508232726270227e-09
1.425000000000000000e+01 5.481577033652122176e-11 -3.118691048266220787e-09
1.427500000000000036e+01 5.726033751982836152e-11 -3.087614953259267986e-09
1.430000000000000249e+01 6.365038489414758776e-11 -3.059704381824493419e-09
1.432499999999999929e+01 7.293934462636901736e-11 -3.033940092684406391e-09
1.434999999999999964e+01 8.371381353630800278e-11 -3.008980435124274435e-09
1.437500000000000000e+01 9.439150133408398418e-11 -2.983325565807029943e-09
1.440000000000000036e+01 1.034410078277604145e-10 -2.955501626155107764e-09
1.442500000000000249e+01 1.095926121814813861e-10 -2.924239300446815267e-09
1.444999999999999929e+01 1.120107256666879229e-10 -2.888622198138072045e-09
1.447499999999999964e+01 1.104041495174372476e-10 -2.848184931631437384e-09
1.450000000000000000e+01 1.050590485921223943e-10 -2.802947906560877613e-09
1.452500000000000036e+01 9.679043054001578854e-11 -2.753384820431300062e-09
1.455000000000000249e+01 8.681926118098743826e-11 -2.700328233770577603e-09
1.457499999999999929e+01 7.659270702911451773e-11 -2.644827228026374068e-09
1.459999999999999964e+01 6.757285823102089611e-11 -2.587977762812086044e-09
1.462500000000000000e+01 6.102357590390382642e-11 -2.530750001856054921e-09
1.465000000000000036e+01 5.782532944426347582e-11 -2.473837208767627022e-09
1.467500000000000249e+01 5.834388901230475583e-11 -2.417547624747128259e-09
1.469999999999999929e+01 6.237122799997084011e-11 -2.361754654060140630e-09
1.472499999999999964e+01 6.914694767609173441e-11 -2.305912432791747617e-09
1.475000000000000000e+01 7.745733025905338037e-11 -2.249134702453880004e-09
1.477500000000000036e+01 8.579844218609551006e-11 -2.190326032476334032e-09
1.480000000000000249e+01 9.258084605890990549e-11 -2.128347148427124666e-09
1.482499999999999929e+01 9.634778050790774682e-11 -2.062191361421577038e-09
1.484999999999999964e+01 9.597687424421176933e-11 -1.991147555090047772e-09
1.487500000000000000e+01 9.083775369743155135e-11 -1.914927024149931307e-09
1.490000000000000036e+01 8.088401956798387410e-11 -1.833736460802633890e-09
1.492500000000000071e+01 6.666709883107692343e-11 -1.748286767535183395e-09
1.494999999999999929e+01 4.927018337325484431e-11 -1.659736189903918923e-09
1.497499999999999964e+01 3.017138644598000069e-11 -1.569575231542878084e-09
