# raxis[fm], SN, VN, SP, VP
2.101448349307773875e-07 7.711338006233171838e-02 8.072493750061274231e-02 3.110047759681128232e-02 3.517890543351862020e-02
2.500000000000000139e-02 7.711765603773544642e-02 8.073114232497274889e-02 3.111291156058095669e-02 3.519267200489238634e-02
5.000000000000000278e-02 7.710362088424918547e-02 8.072174255430847323e-02 3.114134891168392205e-02 3.522351743180336670e-02
7.499999999999999722e-02 7.707964028049214822e-02 8.070548879296929323e-02 3.118870623268064912e-02 3.527487138276741430e-02
1.000000000000000056e-01 7.704606508415758059e-02 8.068271026059582740e-02 3.125500865088981506e-02 3.534675062638047149e-02
1.250000000000000000e-01 7.700311469929133068e-02 8.065359777667398256e-02 3.134027631626521565e-02 3.543915156046735515e-02
1.499999999999999944e-01 7.695104525271090345e-02 8.061837270619359730e-02 3.144453550914067669e-02 3.555207524158992410e-02
1.749999999999999889e-01 7.689015863482835667e-02 8.057729535059741932e-02 3.156782223025698941e-02 3.568552394755751533e-02
2.000000000000000111e-01 7.682079459324142601e-02 8.053065647304202823e-02 3.171017241183963359e-02 3.583949529218320024e-02
2.250000000000000056e-01 7.674334616521787111e-02 8.047879294107748716e-02 3.187162774312039815e-02 3.601398774695878380e-02
2.500000000000000000e-01 7.665825522831462568e-02 8.042208326922072048e-02 3.205223335309115990e-02 3.620899723417807248e-02
2.750000000000000222e-01 7.656600561649690162e-02 8.036094068818007419e-02 3.225203446628550213e-02 3.642451441674492141e-02
2.999999999999999889e-01 7.646712568581015557e-02 8.029581585758410744e-02 3.247107666708615170e-02 3.666052570219853479e-02
3.250000000000000111e-01 7.636218548888097646e-02 8.022719411907851261e-02 3.270940522280228746e-02 3.691701203048600166e-02
3.499999999999999778e-01 7.625179520990575666e-02 8.015559405590758080e-02 3.296706272685151484e-02 3.719394750814879885e-02
3.750000000000000000e-01 7.613660546374947935e-02 8.008156796740918681e-02 3.324408962183821731e-02 3.749130003451616594e-02
4.000000000000000222e-01 7.601730189264481463e-02 8.000569650718587777e-02 3.354052210148007057e-02 3.780902796561028123e-02
4.249999999999999889e-01 7.589459955529548330e-02 7.992858319582743509e-02 3.385638771888927617e-02 3.814707723156580271e-02
4.500000000000000111e-01 7.576924400505943846e-02 7.985085575119652002e-02 3.419170613691612653e-02 3.850538284432965946e-02
4.749999999999999778e-01 7.564200773792231769e-02 7.977316266158163138e-02 3.454648754877514411e-02 3.888386644108023094e-02
5.000000000000000000e-01 7.551368716729420227e-02 7.969617039111116796e-02 3.492073082233580761e-02 3.928243553234748997e-02
5.250000000000000222e-01 7.538509938879314753e-02 7.962056029119038425e-02 3.531442213187855478e-02 3.970098170550485916e-02
5.500000000000000444e-01 7.525707748172742739e-02 7.954702415653563952e-02 3.572753138046681071e-02 4.013937770049375020e-02
5.749999999999999556e-01 7.513047001414470405e-02 7.947626411286523584e-02 3.616001270818981761e-02 4.059747913703327937e-02
5.999999999999999778e-01 7.500613771089123527e-02 7.940898941504050124e-02 3.661180307783471616e-02 4.107512198913110951e-02
6.250000000000000000e-01 7.488494769426208564e-02 7.934591093830142827e-02 3.708281856681978905e-02 4.157211915050799955e-02
6.500000000000000222e-01 7.476777035844248132e-02 7.928773845797863762e-02 3.757295422483426794e-02 4.208826162679067673e-02
6.750000000000000444e-01 7.465547524044384431e-02 7.923517665252381714e-02 3.808208188081937950e-02 4.262331525651034958e-02
6.999999999999999556e-01 7.454892642257103519e-02 7.918892116951516125e-02 3.861004626740029838e-02 4.317701904676767011e-02
7.249999999999999778e-01 7.444898216560523474e-02 7.914965838880133608e-02 3.915666799109691204e-02 4.374908678329608031e-02
7.500000000000000000e-01 7.435648626675095407e-02 7.911805700957798282e-02 3.972173895404323973e-02 4.433920261097645116e-02
7.750000000000000222e-01 7.427226673781150978e-02 7.909476765954991107e-02 4.030501960282353163e-02 4.494702062514660534e-02
8.000000000000000444e-01 7.419713133117947224e-02 7.908041809010417367e-02 4.090624051968463210e-02 4.557216326771819370e-02
8.249999999999999556e-01 7.413186219600124971e-02 7.907560915499245446e-02 4.152509814772890884e-02 4.621422174714873154e-02
8.499999999999999778e-01 7.407721701931217761e-02 7.908091617810997231e-02 4.216125635729904564e-02 4.687275577997872950e-02
8.750000000000000000e-01 7.403392106972414566e-02 7.909688063411901560e-02 4.281434517623566860e-02 4.754728987812198437e-02
9.000000000000000222e-01 7.400266102743958962e-02 7.912400505715032339e-02 4.348395690992139240e-02 4.823731251921491853e-02
9.250000000000001554e-01 7.398408266862130378e-02 7.916275190629623593e-02 4.416964389520648682e-02 4.894227570434552671e-02
9.499999999999999556e-01 7.397879194649518986e-02 7.921354469453441294e-02 4.487092343551865592e-02 4.966159861214904797e-02
9.749999999999999778e-01 7.398734793311149971e-02 7.927676108794876053e-02 4.558727434352317920e-02 5.039466312958074123e-02
1.000000000000000000e+00 7.401025965285507047e-02 7.935273091284640590e-02 4.631813379047889506e-02 5.114081263848908182e-02
1.024999999999999911e+00 7.404797982752739371e-02 7.944172740456856285e-02 4.706290406818687544e-02 5.189935033621950050e-02
1.050000000000000044e+00 7.410089584563667175e-02 7.954396662780247040e-02 4.782092904851547449e-02 5.266953980049814132e-02
1.074999999999999956e+00 7.416935654111564413e-02 7.965963002450709984e-02 4.859152577138698553e-02 5.345062016793804271e-02
1.100000000000000089e+00 7.425364712373183629e-02 7.978883514309191571e-02 4.937398032014288923e-02 5.424179002938420147e-02
1.125000000000000000e+00 7.435398158394475321e-02 7.993163545184828189e-02 5.016752606683341775e-02 5.504220571232640302e-02
1.149999999999999911e+00 7.447050606862551381e-02 8.008802188834296398e-02 5.097135584128473923e-02 5.585098664551410574e-02
1.175000000000000044e+00 7.460329954550060094e-02 8.025792530267290836e-02 5.178462216281847635e-02 5.666721899940440482e-02
1.199999999999999956e+00 7.475237196587619648e-02 8.044121458325283192e-02 5.260643818948231021e-02 5.748995435432391332e-02
1.225000000000000089e+00 7.491766276202531383e-02 8.063769380411406340e-02 5.343587957350069001e-02 5.831820725457445564e-02
1.250000000000000000e+00 7.509903298902097235e-02 8.084709789308579253e-02 5.427197706382719256e-02 5.915095607593156418e-02
1.274999999999999911e+00 7.529627544816726303e-02 8.106910433875623434e-02 5.511372577234612685e-02 5.998715363043695403e-02
1.300000000000000044e+00 7.550911194833186124e-02 8.130332745967476515e-02 5.596008572428112088e-02 6.082572041706497262e-02
1.324999999999999956e+00 7.573719154011698818e-02 8.154931777924599723e-02 5.680998398398191124e-02 6.166554867412520069e-02
1.350000000000000089e+00 7.598008797008917736e-02 8.180656187927555500e-02 5.766231358263616130e-02 6.250550506326209288e-02
1.375000000000000000e+00 7.623730311673183879e-02 8.207448485171044139e-02 5.851593491041132133e-02 6.334442888084024226e-02
1.399999999999999911e+00 7.650826441465757854e-02 8.235244862634522045e-02 5.936967644848403780e-02 6.418113471777486811e-02
1.425000000000000044e+00 7.679233038872730621e-02 8.263975893951658325e-02 6.022233898774645433e-02 6.501441859921874844e-02
1.449999999999999956e+00 7.708878878253401512e-02 8.293566123992020256e-02 6.107269604771489030e-02 6.584305353120387116e-02
1.475000000000000089e+00 7.739685873937990346e-02 8.323934568166223291e-02 6.191949629698682150e-02 6.666579722183692269e-02
1.500000000000000000e+00 7.771569309285994431e-02 8.354994845290375505e-02 6.276146650589956022e-02 6.748139220543285244e-02
1.524999999999999911e+00 7.804438074152159066e-02 8.386655542436544097e-02 6.359731256580482273e-02 6.828856945785759247e-02
1.550000000000000044e+00 7.838195077238023500e-02 8.418820471971343034e-02 6.442572537497685825e-02 6.908605086468906642e-02
1.574999999999999956e+00 7.872737270059997072e-02 8.451388800902974452e-02 6.524538095589565989e-02 6.987255117264154491e-02
1.600000000000000089e+00 7.907956023699092007e-02 8.484255389709659256e-02 6.605494312579143767e-02 7.064677996299095764e-02
1.625000000000000000e+00 7.943737268017628250e-02 8.517310998437740976e-02 6.685306386652996313e-02 7.140744368962280431e-02
1.649999999999999911e+00 7.979962131181500551e-02 8.550442838094088338e-02 6.763838990760988323e-02 7.215325052301771458e-02
1.675000000000000044e+00 8.016507132786354628e-02 8.583534738804986242e-02 6.840956548273863236e-02 7.288291281873769678e-02
1.699999999999999956e+00 8.053244675643164707e-02 8.616467685437183277e-02 6.916523507905625312e-02 7.359515107861168415e-02
1.725000000000000311e+00 8.090043232218332991e-02 8.649119896180815226e-02 6.990404408543968162e-02 7.428869271734027391e-02
1.750000000000000000e+00 8.126768074005948084e-02 8.681367502242515188e-02 7.062464641394586295e-02 7.496227963098943403e-02
1.774999999999999911e+00 8.163281365948314716e-02 8.713084647390897941e-02 7.132570356520449850e-02 7.561466784680445641e-02
1.800000000000000044e+00 8.199442871012185829e-02 8.744144138382915765e-02 7.200588978281004249e-02 7.624463222492636194e-02
1.824999999999999956e+00 8.235110362060144018e-02 8.774417716782058341e-02 7.266389606010290048e-02 7.685096894063173090e-02
1.850000000000000311e+00 8.270140113443168184e-02 8.803776491091701295e-02 7.329843392171223049e-02 7.743249913992622524e-02
1.875000000000000000e+00 8.304387068334445621e-02 8.832091024848971739e-02 7.390823627555048736e-02 7.798806861596367657e-02
1.899999999999999911e+00 8.337705441984563648e-02 8.859231926373553612e-02 7.449206048818814152e-02 7.851655180352365426e-02
1.925000000000000044e+00 8.369949228151531140e-02 8.885070172876488592e-02 7.504869322854725022e-02 7.901685450680095979e-02
1.949999999999999956e+00 8.400972694433617161e-02 8.909477635069765200e-02 7.557695326145164039e-02 7.948791826905228508e-02
1.975000000000000089e+00 8.430631030883950494e-02 8.932327529826189494e-02 7.607569621856727360e-02 7.992872276069314108e-02
2.000000000000000000e+00 8.458780526117980203e-02 8.953494400313428969e-02 7.654381622193687229e-02 8.033828468176351656e-02
2.024999999999999911e+00 8.485278890344244429e-02 8.972854572393119954e-02 7.698024660046232093e-02 8.071566234356371272e-02
2.049999999999999822e+00 8.509986272037212141e-02 8.990286923126052099e-02 7.738396796824900670e-02 8.105996029984864626e-02
2.075000000000000178e+00 8.532765182365403822e-02 9.005672641987032268e-02 7.775400737371906956e-02 8.137032661566200031e-02
2.100000000000000089e+00 8.553480940969568347e-02 9.018895716493363635e-02 7.808943990171293703e-02 8.164595663547824511e-02
2.125000000000000000e+00 8.572002400356294738e-02 9.029843494524830705e-02 7.838939460377668256e-02 8.188609714485624302e-02
2.149999999999999911e+00 8.588202381217996395e-02 9.038406985385231962e-02 7.865305753742203587e-02 8.209004794028627872e-02
2.174999999999999822e+00 8.601957737910577440e-02 9.044480840664584353e-02 7.887967087483528650e-02 8.225716043787627274e-02
2.200000000000000178e+00 8.613149801496965130e-02 9.047963733077302173e-02 7.906853546035108593e-02 8.238684050786002078e-02
2.225000000000000089e+00 8.621664952589661035e-02 9.048758821246953576e-02 7.921901478041999678e-02 8.247855161245232214e-02
2.250000000000000000e+00 8.627395116338736070e-02 9.046774147160294155e-02 7.933053895051048188e-02 8.253181797716044321e-02
2.274999999999999911e+00 8.630237926182797448e-02 9.041922736194284160e-02 7.940260432227255749e-02 8.254622330266785102e-02
2.299999999999999822e+00 8.630096830573542876e-02 9.034122630726454384e-02 7.943477307666080289e-02 8.252141056466831548e-02
2.325000000000000178e+00 8.626881608149290781e-02 9.023297340479811968e-02 7.942667730268006265e-02 8.245708562619022408e-02
2.350000000000000089e+00 8.620508569725850168e-02 9.009375979079066454e-02 7.937801903992362795e-02 8.235301687610362131e-02
2.375000000000000000e+00 8.610901119313842111e-02 8.992293754195708477e-02 7.928857424430595102e-02 8.220903889721649371e-02
2.399999999999999911e+00 8.597989642650664954e-02 8.971991931636869033e-02 7.915819108236826773e-02 8.202505087072094192e-02
2.424999999999999822e+00 8.581711648143319771e-02 8.948417799997691879e-02 7.898678926797535194e-02 8.180101545677009867e-02
2.450000000000000178e+00 8.562012438417726523e-02 8.921525347197106770e-02 7.877436543248099443e-02 8.153696407429565640e-02
2.475000000000000089e+00 8.538844888725455329e-02 8.891275150823188533e-02 7.852099011153142183e-02 8.123299457847300842e-02
2.500000000000000000e+00 8.512169583804216066e-02 8.857634429924604591e-02 7.822680718627676721e-02 8.088927046304902890e-02
2.524999999999999911e+00 8.481955522671041914e-02 8.820577352637616608e-02 7.789203950069428783e-02 8.050602395596870298e-02
2.549999999999999822e+00 8.448180250641926237e-02 8.780086158855800182e-02 7.751698926442306126e-02 8.008356299714591842e-02
2.575000000000000178e+00 8.410828006561146819e-02 8.736148835362195220e-02 7.710201953752258974e-02 7.962224998345686366e-02
2.600000000000000089e+00 8.369891719706362698e-02 8.688760429588264500e-02 7.664757141001281304e-02 7.912251420410031100e-02
2.625000000000000000e+00 8.325372683783245631e-02 8.637923747855522083e-02 7.615416035626443314e-02 7.858485544561961966e-02
2.649999999999999911e+00 8.277280525079955265e-02 8.583648967051914214e-02 7.562237433964952293e-02 7.800983975477172871e-02
2.674999999999999822e+00 8.225632847253211422e-02 8.525953442891164025e-02 7.505287003639266041e-02 7.739809695498708897e-02
2.700000000000000178e+00 8.170455417006501631e-02 8.464861812688118103e-02 7.444637323385093486e-02 7.675032052482515244e-02
2.725000000000000089e+00 8.111782167413780775e-02 8.400406155306509859e-02 7.380367790776640180e-02 7.606726794128446101e-02
2.750000000000000000e+00 8.049654688767796107e-02 8.332625633330278947e-02 7.312564102126115073e-02 7.534975672224722421e-02
2.774999999999999911e+00 7.984122142690418256e-02 8.261566409806184175e-02 7.241318054218817690e-02 7.459866255171249128e-02
2.799999999999999822e+00 7.915241346250767585e-02 8.187281527616915855e-02 7.166727536618162919e-02 7.381491752573680898e-02
2.825000000000000178e+00 7.843076812674816545e-02 8.109831386890423155e-02 7.088896488867588164e-02 7.299951325763169574e-02
2.850000000000000089e+00 7.767700027184903933e-02 8.029283051733376864e-02 7.007934179533741037e-02 7.215349392333557377e-02
2.875000000000000000e+00 7.689189303019089428e-02 7.945710047644022334e-02 6.923955004392919055e-02 7.127795376716970777e-02
2.899999999999999911e+00 7.607629598431460416e-02 7.859192413256073373e-02 6.837078230624646369e-02 7.037403641554991485e-02
2.924999999999999822e+00 7.523112110862513469e-02 7.769816190366887754e-02 6.747427584109536025e-02 6.944292984396883972e-02
2.950000000000000178e+00 7.435733880868113099e-02 7.677673170694154781e-02 6.655130837433405333e-02 6.848586337623180365e-02
2.975000000000000089e+00 7.345598129638007678e-02 7.582861029281742771e-02 6.560320028159562222e-02 6.750410809008512703e-02
3.000000000000000000e+00 7.252813374952020442e-02 7.485483164622590280e-02 6.463130646382972411e-02 6.649897465857897150e-02
3.024999999999999911e+00 7.157492828366807114e-02 7.385647598748075471e-02 6.363701037237652625e-02 6.547180314069857288e-02
3.049999999999999822e+00 7.059754336659707086e-02 7.283467204714047516e-02 6.262172311207711561e-02 6.442396438569213124e-02
3.075000000000000178e+00 6.959719604109423918e-02 7.179058979155347742e-02 6.158687608958728077e-02 6.335685299542483107e-02
3.100000000000000089e+00 6.857514366817349383e-02 7.072543917093371268e-02 6.053392212678079809e-02 6.227188587334139130e-02
3.125000000000000000e+00 6.753267611868395137e-02 6.964046649064287164e-02 5.946432837205193472e-02 6.117049847830805659e-02
3.149999999999999911e+00 6.647111469544431106e-02 6.853695098213137549e-02 5.837957507041483668e-02 6.005414152904808150e-02
3.174999999999999822e+00 6.539180628579024934e-02 6.741620277525713079e-02 5.728115014614494627e-02 5.892427870673016405e-02
3.200000000000000178e+00 6.429611541970622901e-02 6.627955363894096064e-02 5.617054214954939756e-02 5.778237839910845691e-02
3.225000000000000089e+00 6.318542351878358998e-02 6.512835322571655650e-02 5.504923931858340252e-02 5.662991015693845387e-02
3.250000000000000000e+00 6.206112688144892198e-02 6.396397055444631718e-02 5.391872772636642497e-02 5.546834565119809768e-02
3.274999999999999911e+00 6.092462514040274113e-02 6.278778260212494744e-02 5.278048131564429257e-02 5.429914872665687897e-02
3.299999999999999822e+00 5.977732628476093574e-02 6.160117555025392683e-02 5.163596597129686827e-02 5.312377625227422684e-02
3.325000000000000178e+00 5.862063817872967264e-02 6.040554188102018052e-02 5.048663227889754745e-02 5.194367543223692152e-02
3.350000000000000089e+00 5.745596057836659110e-02 5.920226875797068855e-02 4.933390875539461762e-02 5.076027391745147749e-02
3.375000000000000444e+00 5.628468899695645428e-02 5.799274012097640346e-02 4.817920500260247652e-02 4.957498147017350143e-02
3.399999999999999911e+00 5.510820585942287353e-02 5.677833321106653258e-02 4.702390430810273608e-02 4.838918691468673677e-02
3.424999999999999822e+00 5.392787705051027558e-02 5.556040962076171791e-02 4.586936071804483678e-02 4.720425061737958117e-02
3.450000000000000622e+00 5.274505294768182251e-02 5.434031682557535076e-02 4.471689997763053648e-02 4.602150578244644519e-02
3.475000000000000533e+00 5.156106227264496689e-02 5.311938461985466625e-02 4.356781453195682913e-02 4.484225548486240470e-02
3.500000000000000000e+00 5.037720679399884660e-02 5.189891935242827575e-02 4.242335917313688753e-02 4.366776794658808886e-02
3.524999999999999911e+00 4.919475905396630822e-02 5.068019954433347629e-02 4.128474916112406107e-02 4.249927291466546603e-02
3.549999999999999822e+00 4.801496687455634321e-02 4.946447669960155058e-02 4.015316417223142864e-02 4.133796247924304695e-02
3.575000000000000622e+00 4.683903341720114383e-02 4.825296955445272651e-02 3.902973209679888589e-02 4.018498645089913640e-02
3.600000000000000089e+00 4.566812810884112589e-02 4.704685614848294617e-02 3.791553797598625625e-02 3.904144592843246386e-02
3.625000000000000000e+00 4.450339972933683996e-02 4.584728761435926531e-02 3.681163502109034008e-02 3.790840490988404282e-02
3.649999999999999911e+00 4.334594963481532698e-02 4.465537870548733773e-02 3.571902292899189341e-02 3.678688259994919441e-02
3.674999999999999822e+00 4.219683877641312170e-02 4.347220238867249148e-02 3.463865381054539311e-02 3.567784920032764095e-02
3.700000000000000622e+00 4.105708827737841737e-02 4.229879079964717764e-02 3.357143278108359885e-02 3.458222692148518046e-02
3.725000000000000089e+00 3.992767374487393717e-02 4.113613202446994577e-02 3.251821361617428935e-02 3.350088756020592334e-02
3.750000000000000000e+00 3.880952821991697638e-02 3.998517117679201149e-02 3.147980143207385062e-02 3.243465363435366761e-02
3.774999999999999911e+00 3.770353875361995288e-02 3.884680742253544122e-02 3.045695016298433436e-02 3.138429626567616065e-02
3.799999999999999822e+00 3.661054575815617107e-02 3.772189187320618142e-02 2.945036234078200060e-02 3.035053378466761112e-02
3.825000000000000178e+00 3.553134579966215484e-02 3.661123130975087875e-02 2.846069158547315237e-02 2.933403499650861015e-02
3.850000000000000089e+00 3.446668620171815245e-02 3.551558522526212375e-02 2.748853867154309183e-02 2.833541711394638174e-02
3.875000000000000000e+00 3.341726702864836890e-02 3.443566439087357434e-02 2.653445348226812078e-02 2.735524500933928307e-02
3.899999999999999911e+00 3.238374311067551692e-02 3.337213051221010751e-02 2.559893692311294641e-02 2.639403132580359773e-02
3.924999999999999822e+00 3.136672234816070826e-02 3.232560012057538595e-02 2.468244000754692136e-02 2.545223992455768192e-02
3.950000000000000178e+00 3.036676210602611004e-02 3.129664062881663128e-02 2.378536141499932796e-02 2.453028317886270238e-02
3.975000000000000089e+00 2.938437648793515086e-02 3.028576790297335744e-02 2.290805363951594481e-02 2.362852055592608649e-02
4.000000000000000000e+00 2.842003639515955707e-02 2.929346324332541066e-02 2.205082349862129074e-02 2.274727227460906359e-02
4.025000000000000355e+00 2.747415879637676167e-02 2.832015254542287128e-02 2.121392426233372278e-02 2.188680357081870115e-02
4.049999999999999822e+00 2.654711664934625293e-02 2.736621043295780695e-02 2.039756392193240592e-02 2.104732852129154522e-02
4.075000000000000178e+00 2.563924158041034143e-02 2.643197154394109211e-02 1.960190780447624778e-02 2.022901929089610321e-02
4.099999999999999645e+00 2.475082048660346909e-02 2.551772649770075660e-02 1.882707652521094580e-02 1.943200358618629719e-02
4.125000000000000000e+00 2.388209620551251522e-02 2.462372154494411880e-02 1.807314707044403029e-02 1.865636497259260534e-02
4.150000000000000355e+00 2.303327181260474837e-02 2.375015953956716164e-02 1.734015671533544606e-02 1.790214424177856076e-02
4.174999999999999822e+00 2.220450780434109206e-02 2.289720336589276192e-02 1.662810153351228573e-02 1.716934266009042739e-02
4.200000000000000178e+00 2.139592569105545211e-02 2.206497482411189440e-02 1.593693978451460672e-02 1.645792178621722363e-02
4.224999999999999645e+00 2.060760893889372614e-02 2.125355692378267866e-02 1.526659330300382360e-02 1.576780588681253939e-02
4.250000000000000000e+00 1.983960256506533959e-02 2.046299453040865621e-02 1.461694788941032136e-02 1.509888311790640730e-02
4.275000000000000355e+00 1.909191585221807833e-02 1.969329528887908340e-02 1.398785605539493333e-02 1.445100693133359246e-02
4.299999999999999822e+00 1.836452342053955175e-02 1.894443228496981227e-02 1.337913856833321431e-02 1.382399877970003944e-02
4.325000000000000178e+00 1.765736640644784833e-02 1.821634439495124769e-02 1.279058607105468433e-02 1.321764913128807041e-02
4.349999999999999645e+00 1.697035425619567231e-02 1.750893798729324241e-02 1.222196111128642793e-02 1.263171945908322935e-02
4.375000000000000000e+00 1.630336648832871049e-02 1.682208864189960532e-02 1.167300017483538510e-02 1.206594423865433967e-02
4.400000000000000355e+00 1.565625421526675720e-02 1.615564410221730779e-02 1.114341554766337672e-02 1.152003383376995482e-02
4.424999999999999822e+00 1.502884041592051668e-02 1.550942377183456289e-02 1.063289625069350521e-02 1.099367488536674015e-02
4.450000000000000178e+00 1.442092254989170604e-02 1.488322019630461748e-02 1.014111062624845072e-02 1.048653210503113463e-02
4.474999999999999645e+00 1.383227419584023843e-02 1.427680207423237535e-02 9.667708259167637555e-03 9.998251158175550449e-03
4.500000000000000000e+00 1.326264635417067662e-02 1.368991506172174445e-02 9.212321592054080119e-03 9.528459955124395780e-03
4.525000000000000355e+00 1.271176912702487970e-02 1.312228365024052830e-02 8.774567791493237748e-03 9.076770664453471041e-03
4.549999999999999822e+00 1.217935352542435894e-02 1.257361274784736700e-02 8.354050679590472456e-03 8.642781500897114139e-03
4.575000000000000178e+00 1.166509283501400603e-02 1.204358937179576296e-02 7.950362320886075404e-03 8.226078549162468487e-03
4.599999999999999645e+00 1.116866390930271354e-02 1.153188394552401297e-02 7.563084552226191290e-03 7.826237302937895032e-03
4.625000000000000000e+00 1.068972920781254866e-02 1.103815193708079789e-02 7.191790953827867372e-03 7.442824389904072364e-03
4.650000000000000355e+00 1.022793817486400414e-02 1.056203563875140507e-02 6.836048354799027782e-03 7.075399359477784790e-03
4.674999999999999822e+00 9.782928640092000000e-03 1.010316548018626130e-02 6.495418303816097479e-03 6.723516114574410417e-03
4.700000000000000178e+00 9.354328449136905047e-03 9.661161559268957241e-03 6.169458663770307008e-03 6.386724452219148286e-03
4.724999999999999645e+00 8.941756801934671803e-03 9.235635144477734315e-03 5.857724961382389413e-03 6.064571545220859283e-03
4.750000000000000000e+00 8.544825722362940981e-03 8.826190074515728040e-03 5.559771783681935128e-03 5.756603309708253728e-03
4.775000000000000355e+00 8.163141260320874726e-03 8.432424078785912686e-03 5.275153959913114581e-03 5.462365681567276851e-03
4.799999999999999822e+00 7.796304833448160741e-03 8.053930014304428245e-03 5.003427778270840530e-03 5.181405792050290844e-03
4.825000000000000178e+00 7.443914545368504089e-03 7.690297230089918924e-03 4.744152188457479401e-03 4.913273190855159053e-03
4.849999999999999645e+00 7.105566264707383409e-03 7.341112714638893533e-03 4.496889751290433085e-03 4.657520894356425786e-03
4.875000000000000000e+00 6.780854817741155394e-03 7.005962226248306675e-03 4.261207617142299432e-03 4.413706342716502626e-03
4.900000000000000355e+00 6.469374960461257359e-03 6.684431386790087165e-03 4.036678398494887403e-03 4.181392331858937821e-03
4.924999999999999822e+00 6.170722409590705983e-03 6.376106654879094837e-03 3.822880976606071474e-03 3.960147825248088414e-03
4.950000000000000178e+00 5.884494825767267595e-03 6.080576308019798766e-03 3.619401262323170519e-03 3.749548724558584688e-03
4.974999999999999645e+00 5.610292628252485855e-03 5.797431353024355000e-03 3.425832813670780241e-03 3.549178564099766085e-03
5.000000000000000000e+00 5.347719825936288890e-03 5.526266273634893554e-03 3.241777426000275360e-03 3.358629065669881120e-03
5.025000000000000355e+00 5.096384743825979786e-03 5.266679925854275864e-03 3.066845633445987405e-03 3.177500754649947769e-03
5.049999999999999822e+00 4.855900707937311003e-03 5.018276107353925562e-03 2.900657147711615570e-03 3.005403344175078435e-03
5.075000000000000178e+00 4.625886714372806630e-03 4.780664264858687507e-03 2.742841262018624014e-03 2.841956172901398143e-03
5.099999999999999645e+00 4.405967877179719702e-03 4.553460033932871763e-03 2.593037095198571975e-03 2.686788517082080129e-03
5.125000000000000000e+00 4.195776063169134873e-03 4.336285778321140663e-03 2.450893920519502632e-03 2.539539873530592858e-03
5.150000000000000355e+00 3.994950265141369514e-03 4.128771063951720485e-03 2.316071323893184250e-03 2.399860183270269808e-03
5.174999999999999822e+00 3.803136996461094557e-03 3.930553050658630761e-03 2.188239345748310867e-03 2.267409984964039761e-03
5.200000000000000178e+00 3.619990649176261805e-03 3.741276881768297244e-03 2.067078590292883555e-03 2.141860545512478710e-03
5.224999999999999645e+00 3.445173787556801617e-03 3.560595938643579695e-03 1.952280278212009451e-03 2.022893898506780263e-03
5.250000000000000000e+00 3.278357352081180589e-03 3.388172103847475816e-03 1.843546228440777739e-03 1.910202867477659100e-03
5.275000000000000355e+00 3.119220881794088941e-03 3.223675981027661949e-03 1.740588848426236762e-03 1.803491054949163007e-03
5.299999999999999822e+00 2.967452695625771159e-03 3.066787074655485858e-03 1.643131079965193036e-03 1.702472794846058993e-03
5.325000000000000178e+00 2.822749959078437593e-03 2.917193901864482616e-03 1.550906274654013624e-03 1.606873055416295883e-03
5.349999999999999645e+00 2.684818792149153838e-03 2.774594085660704677e-03 1.463658086126105873e-03 1.516427324143936831e-03
5.375000000000000000e+00 2.553374315835471673e-03 2.638694398248635480e-03 1.381140318850581240e-03 1.430881457669350501e-03
5.400000000000000355e+00 2.428140629903875660e-03 2.509210798923392719e-03 1.303116736306515972e-03 1.349991522343978873e-03
5.424999999999999822e+00 2.308850794886367110e-03 2.385868379640291616e-03 1.229360867263917453e-03 1.273523581284700642e-03
5.450000000000000178e+00 2.195246843255694962e-03 2.268401350737211594e-03 1.159655822543778636e-03 1.201253497935761199e-03
5.474999999999999645e+00 2.087079646965926943e-03 2.156553005067642775e-03 1.093794037444378040e-03 1.132966727197605959e-03
5.500000000000000000e+00 1.984108835050356606e-03 2.050075579377161426e-03 1.031577038882291368e-03 1.068458051174500179e-03
5.525000000000000355e+00 1.886102708353971143e-03 1.948730163654607958e-03 9.728152100580907428e-04 1.007531339903519054e-03
5.549999999999999822e+00 1.792838076884925450e-03 1.852286580261391750e-03 9.173275151999427200e-04 9.499992960741433746e-04
5.575000000000000178e+00 1.704100130336187865e-03 1.760523222794405486e-03 8.649412466737394162e-04 8.956831810540379557e-04
5.599999999999999645e+00 1.619682279110864305e-03 1.673226917064065842e-03 8.154917575531389282e-04 8.444125554646009701e-04
5.625000000000000000e+00 1.539385972709758112e-03 1.590192742773663143e-03 7.688221847628617543e-04 7.960250010756832802e-04
5.650000000000000355e+00 1.463020518738590483e-03 1.511223834819407086e-03 7.247831784569661127e-04 7.503658366546650527e-04
5.674999999999999822e+00 1.390402900282022760e-03 1.436131210931661890e-03 6.832326336435719455e-04 7.072878512108495474e-04
5.700000000000000178e+00 1.321357571879239710e-03 1.364733567750597105e-03 6.440354159064859505e-04 6.666510256326385738e-04
5.724999999999999645e+00 1.255716254186464665e-03 1.296857077494908278e-03 6.070630914398644946e-04 6.283222594299369031e-04
5.750000000000000000e+00 1.193317725494003577e-03 1.232335160929734367e-03 5.721936601543956957e-04 5.921750909058345240e-04
5.775000000000000355e+00 1.134007619635410066e-03 1.171008293802451843e-03 5.393112978589828131e-04 5.580894387786683496e-04
5.799999999999999822e+00 1.077638204385344490e-03 1.112723785159382096e-03 5.083060942579501135e-04 5.259513359396152977e-04
5.825000000000000178e+00 1.024068172518364118e-03 1.057335555147467234e-03 4.790738022296776519e-04 4.956526681663567333e-04
5.849999999999999645e+00 9.731624264565073325e-04 1.004703925318567665e-03 4.515155912858882965e-04 4.670909250687878766e-04
5.875000000000000000e+00 9.247918650499881328e-04 9.546953954672361947e-04 4.255378061106752019e-04 4.401689504431810854e-04
5.900000000000000355e+00 8.788331709438166987e-04 9.071824292911431905e-04 4.010517316378906590e-04 4.147947020188129949e-04
5.924999999999999822e+00 8.351686021303778495e-04 8.620432398238847636e-04 3.779733670264934339e-04 3.908810177044538293e-04
5.950000000000000178e+00 7.936857857005175879e-04 8.191615793456671424e-04 3.562232047099644417e-04 3.683453894630630480e-04
5.974999999999999645e+00 7.542775135752586299e-04 7.784265304941726015e-04 3.357260170182081900e-04 3.471097432316254546e-04
6.000000000000000000e+00 7.168415420299318599e-04 7.397323012412133957e-04 3.164106501714640182e-04 3.271002268136059105e-04
6.025000000000000355e+00 6.812803960012664287e-04 7.029780238834568888e-04 2.982098251595851008e-04 3.082470047626141227e-04
6.049999999999999822e+00 6.475011774718735479e-04 6.680675581372528312e-04 2.810599468845439248e-04 2.904840608418773049e-04
6.075000000000000178e+00 6.154153779525502405e-04 6.349092993363128056e-04 2.649009201146037998e-04 2.737490083892475732e-04
6.099999999999999645e+00 5.849386970067815177e-04 6.034159911925614543e-04 2.496759726862211566e-04 2.579829077293253783e-04
6.125000000000000000e+00 5.559908647558037698e-04 5.735045438542943526e-04 2.353314857920590594e-04 2.431300908730168867e-04
6.150000000000000355e+00 5.284954690126363736e-04 5.450958565184187967e-04 2.218168316822123891e-04 2.291379935468364356e-04
6.174999999999999822e+00 5.023797887858456228e-04 5.181146451367602771e-04 2.090842179657591358e-04 2.159569941963351521e-04
6.200000000000000178e+00 4.775746324729938778e-04 4.924892765597030158e-04 1.970885389431384566e-04 2.035402601970066471e-04
6.224999999999999645e+00 4.540141814665743319e-04 4.681516069799692000e-04 1.857872336762511753e-04 1.918436007584745692e-04
6.250000000000000000e+00 4.316358391912624706e-04 4.450368263142069993e-04 1.751401502487539023e-04 1.808253264247270287e-04
6.275000000000000355e+00 4.103800855500701859e-04 4.230833083442834706e-04 1.651094168420677339e-04 1.704461154081439661e-04
6.299999999999999822e+00 3.901903359762829305e-04 4.022324652473445363e-04 1.556593180810701856e-04 1.606688856590647639e-04
6.325000000000000178e+00 3.710128063824160187e-04 3.824286079902491074e-04 1.467561780767434034e-04 1.514586732618382196e-04
6.349999999999999645e+00 3.527963837441307660e-04 3.636188127039640360e-04 1.383682491422751027e-04 1.427825171234553200e-04
6.375000000000000000e+00 3.354925001951931051e-04 3.457527912632344107e-04 1.304656051983209470e-04 1.346093487455970420e-04
6.400000000000000355e+00 3.190550131067986872e-04 3.287827667644677935e-04 1.230200412689452360e-04 1.269098874976062495e-04
6.424999999999999822e+00 3.034400902712824010e-04 3.126633548331953492e-04 1.160049779568440148e-04 1.196565415382497299e-04
6.450000000000000178e+00 2.886060991604350251e-04 2.973514496182814147e-04 1.093953704804011100e-04 1.128233136115055260e-04
6.474999999999999645e+00 2.745135012393437515e-04 2.828061141349511400e-04 1.031676226844036021e-04 1.063857115634261744e-04
6.500000000000000000e+00 2.611247509973658597e-04 2.689884756329688357e-04 9.729950558579729956e-05 1.003206636785489142e-04
6.525000000000000355e+00 2.484041987076340352e-04 2.558616255485921150e-04 9.177007989962775050e-05 9.460643845997842986e-05
6.549999999999999822e+00 2.363179976663371245e-04 2.433905231823311837e-04 8.655962284229715619e-05 8.922256840962635403e-05
6.575000000000000178e+00 2.248340160460592660e-04 2.315419042961622145e-04 8.164955907670263440e-05 8.414977819143323239e-05
6.599999999999999645e+00 2.139217520395033712e-04 2.202841936392458940e-04 7.702239500327198935e-05 7.936991655400679594e-05
6.625000000000000000e+00 2.035522533047134865e-04 2.095874213431884591e-04 7.266165678075772391e-05 7.486589186647526681e-05
6.650000000000000355e+00 1.936980398565097902e-04 1.994231429972246619e-04 6.855183178663544724e-05 7.062161115428921805e-05
6.674999999999999822e+00 1.843330306259430913e-04 1.897643636410335257e-04 6.467831330277665951e-05 6.662192263431398543e-05
6.700000000000000178e+00 1.754324734641352990e-04 1.805854653284451620e-04 6.102734816031127395e-05 6.285256136427483538e-05
6.724999999999999645e+00 1.669728783586110646e-04 1.718621378678538813e-04 5.758598732452394823e-05 5.930009783619069185e-05
6.750000000000000888e+00 1.589319538877173089e-04 1.635713129366155277e-04 5.434203927803002258e-05 5.595188947358745613e-05
6.775000000000001243e+00 1.512885467517098711e-04 1.556911014200096084e-04 5.128402604325847750e-05 5.279603490828504422e-05
6.799999999999999822e+00 1.440225841460207774e-04 1.482007337712578634e-04 4.840114164358080899e-05 4.982133081570533096e-05
6.825000000000001066e+00 1.371150188886274693e-04 1.410805030947126157e-04 4.568321292461748854e-05 4.701723116289481617e-05
6.849999999999999645e+00 1.305477773124918072e-04 1.343117110846764339e-04 4.312066258892416435e-05 4.437380877416752798e-05
6.875000000000000000e+00 1.243037096727822154e-04 1.278766166617186710e-04 4.070447438542504137e-05 4.188171912332280767e-05
6.900000000000001243e+00 1.183665429911671100e-04 1.217583870621037991e-04 3.842616026353632959e-05 3.953216617977728246e-05
6.924999999999999822e+00 1.127208362678974106e-04 1.159410513805170760e-04 3.627772944117822794e-05 3.731687023018640052e-05
6.950000000000001066e+00 1.073519378935435323e-04 1.104094564979081521e-04 3.425165921307698298e-05 3.522803757223844741e-05
6.974999999999999645e+00 1.022492514420409923e-04 1.051459187390426313e-04 3.234154429679326586e-05 3.325765509708400463e-05
7.000000000000000000e+00 9.739320608561379173e-05 1.001439776104143129e-04 3.053975090256061067e-05 3.140064666542643861e-05
7.025000000000001243e+00 9.277438644649081830e-05 9.538683174200033091e-05 2.884026300598753812e-05 2.964932537549331651e-05
7.049999999999999822e+00 8.838090469816527748e-05 9.086219120564613611e-05 2.723717120203795577e-05 2.799757226491779197e-05
7.075000000000001066e+00 8.420148075402541816e-05 8.655839545521359934e-05 2.572491208178376981e-05 2.643962741420688081e-05
7.099999999999999645e+00 8.022541088798620424e-05 8.246438078366924635e-05 2.429824783664704510e-05 2.497006874757774618e-05
7.125000000000000000e+00 7.644253796650734417e-05 7.856964945753987088e-05 2.295224704504006773e-05 2.358379205974400953e-05
7.150000000000001243e+00 7.284322320303786020e-05 7.486424043092727669e-05 2.168226660600150021e-05 2.227599223758568045e-05
7.174999999999999822e+00 6.941831936298113400e-05 7.133870156098107585e-05 2.048393472011416928e-05 2.104214556932833296e-05
7.200000000000000178e+00 6.615914535684461770e-05 6.798406326783414620e-05 1.935313488172914041e-05 1.987799311681527864e-05
7.224999999999999645e+00 6.305746213710378861e-05 6.479181354138845454e-05 1.828599080774679690e-05 1.877952504563502192e-05
7.250000000000000000e+00 6.010544984925659466e-05 6.175387425303269608e-05 1.727885229315711055e-05 1.774296591704824374e-05
7.275000000000001243e+00 5.729568616137016042e-05 5.886257869070614672e-05 1.632828184083125547e-05 1.676476082355418302e-05
7.299999999999999822e+00 5.462112571481268265e-05 5.611065025411863356e-05 1.543104214151141268e-05 1.584156235366044027e-05
7.325000000000000178e+00 5.207508064731356006e-05 5.349118227137468349e-05 1.458408426081272464e-05 1.497021834035433535e-05
7.349999999999999645e+00 4.965120212270744254e-05 5.099761884987954411e-05 1.378453653553721453e-05 1.414776031905283457e-05
7.375000000000000000e+00 4.734346282611181725e-05 4.862373673093064108e-05 1.302969414506581551e-05 1.337139269057190982e-05
7.400000000000001243e+00 4.514614036571518320e-05 4.636362809141754974e-05 1.231700927148038229e-05 1.263848251648298654e-05
7.424999999999999822e+00 4.305380154042751220e-05 4.421168424054541568e-05 1.164408186321493122e-05 1.194654992168383344e-05
7.450000000000000178e+00 4.106128742540261659e-05 4.216258016539451331e-05 1.100865094160138573e-05 1.129325906971056790e-05
7.474999999999999645e+00 3.916369924080319618e-05 4.021125988299441566e-05 1.040858641933703244e-05 1.067640967257518821e-05
7.500000000000000000e+00 3.735638495181384667e-05 3.835292256293305202e-05 9.841881408758623096e-06 1.009392900480120402e-05
7.525000000000000355e+00 3.563492656744546847e-05 3.658300936815447120e-05 9.306644994217265141e-06 9.543864398119513844e-06
7.549999999999999822e+00 3.399512810747504275e-05 3.489719098909683327e-05 8.801095418565248383e-06 9.024376179813553583e-06
7.575000000000000178e+00 3.243300418925847042e-05 3.329135582076464767e-05 8.323553681509437196e-06 8.533731025720769475e-06
7.599999999999999645e+00 3.094476921626802737e-05 3.176159876705250375e-05 7.872437520362663880e-06 8.070295716421553654e-06
7.625000000000000000e+00 2.952682712701269594e-05 3.030421062475575149e-05 7.446255738063964883e-06 7.632531257984868469e-06
7.650000000000000355e+00 2.817576167900463844e-05 2.891566802132043332e-05 7.043602880374173482e-06 7.218987354842107784e-06
7.674999999999999822e+00 2.688832723874346839e-05 2.759262387961025823e-05 6.663154222304313700e-06 6.828297214121640467e-06
7.700000000000000178e+00 2.566144005591006384e-05 2.633189838202314401e-05 6.303661043740752043e-06 6.459172652452041400e-06
7.724999999999999645e+00 2.449216998789411059e-05 2.513047040401751155e-05 5.963946198299060927e-06 6.110399494174877621e-06
7.750000000000000000e+00 2.337773265811570164e-05 2.398546939809038890e-05 5.642899942955365715e-06 5.780833249985051464e-06
7.775000000000000355e+00 2.231548201873457729e-05 2.289416769623927139e-05 5.339476004489667274e-06 5.469395044600556433e-06
7.799999999999999822e+00 2.130290330494397408e-05 2.185397321653165096e-05 5.052687884288469369e-06 5.175067786518635355e-06
7.825000000000000178e+00 2.033760635215083376e-05 2.086242255017918410e-05 4.781605381409921621e-06 4.896892564674453578e-06
7.849999999999999645e+00 1.941731926155134294e-05 1.991717440507449134e-05 4.525351324644846969e-06 4.633965260962984764e-06
7.875000000000000000e+00 1.853988239619804078e-05 1.901600339410947896e-05 4.283098493269290466e-06 4.385433362758117439e-06
7.900000000000000355e+00 1.770324268682861021e-05 1.815679414652476920e-05 4.054066718013825739e-06 4.150492962481048641e-06
7.924999999999999822e+00 1.690544823286580363e-05 1.733753572225528748e-05 3.837520155301596723e-06 3.928385933181092313e-06
7.950000000000000178e+00 1.614464318435711621e-05 1.655631631799120472e-05 3.632764723087774861e-06 3.718397273663391127e-06
7.974999999999999645e+00 1.541906288784028977e-05 1.581131824834435600e-05 3.439145683269478071e-06 3.519852607933819192e-06
8.000000000000000000e+00 1.472702928338230685e-05 1.510081318603626708e-05 3.256045372113329710e-06 3.332115833145614685e-06
8.025000000000000355e+00 1.406694653949077459e-05 1.442315764795221033e-05 3.082881061005582337e-06 3.154586907185688558e-06
8.050000000000000711e+00 1.343729691413287967e-05 1.377678871602020693e-05 2.919102940545666040e-06 2.986699764142126749e-06
8.074999999999999289e+00 1.283663682892323905e-05 1.316021997973680131e-05 2.764192228063568036e-06 2.827920353796423248e-06
8.099999999999999645e+00 1.226359314471730848e-05 1.257203768700189999e-05 2.617659381145692929e-06 2.677744796538794351e-06
8.125000000000000000e+00 1.171685962905329826e-05 1.201089709270566622e-05 2.479042417627597973e-06 2.535697644248253556e-06
8.150000000000000355e+00 1.119519360622920698e-05 1.147551899628075876e-05 2.347905335064131383e-06 2.401330246024997228e-06
8.175000000000000711e+00 1.069741277898691095e-05 1.096468645876975139e-05 2.223836620467403853e-06 2.274219207657831701e-06
8.199999999999999289e+00 1.022239221239391508e-05 1.047724168662402702e-05 2.106447849187575127e-06 2.153964942912318997e-06
8.224999999999999645e+00 9.769061473023820782e-06 1.001208307588259218e-05 1.995372362086885568e-06 2.040190307327544738e-06
8.250000000000000000e+00 9.336401914369325892e-06 9.568162408486258894e-06 1.890264024447929312e-06 1.932539313651657507e-06
8.275000000000000355e+00 8.923444101029253737e-06 9.144482191838621649e-06 1.790796052836645300e-06 1.830675921636922936e-06
8.300000000000000711e+00 8.529265364377619941e-06 8.740093134568051900e-06 1.696659913187663911e-06 1.734282897908210077e-06
8.324999999999999289e+00 8.152987482894983299e-06 8.354091751211180161e-06 1.607564282115942821e-06 1.643060743713561723e-06
8.349999999999999645e+00 7.793774480558061298e-06 7.985618089152543127e-06 1.523234065722624868e-06 1.556726682768309360e-06
8.375000000000000000e+00 7.450830537261556162e-06 7.633853571356785642e-06 1.443409479193584293e-06 1.475013708908486698e-06
8.400000000000000355e+00 7.123398005430228068e-06 7.298018948986528223e-06 1.367845178903126051e-06 1.397669690052338306e-06
8.425000000000000711e+00 6.810755527136763007e-06 6.977372358012903058e-06 1.296309442018846833e-06 1.324456522945597326e-06
8.449999999999999289e+00 6.512216246644969794e-06 6.671207474457909798e-06 1.228583396354112385e-06 1.255149336418231080e-06
8.474999999999999645e+00 6.227126113476747648e-06 6.378851763254079037e-06 1.164460294144493227e-06 1.189535742521228139e-06
8.500000000000000000e+00 5.954862271160868054e-06 6.099664815714303066e-06 1.103744825823715601e-06 1.127415128874025586e-06
8.525000000000000355e+00 5.694831527340150433e-06 5.833036771063428764e-06 1.046252476264509143e-06 1.068597993373845666e-06
8.550000000000000711e+00 5.446468900904226854e-06 5.578386817758196727e-06 9.918089152210074330e-07 1.012905316500432450e-06
8.574999999999999289e+00 5.209236242227297901e-06 5.335161770180955240e-06 9.402494250466701893e-07 9.601679699570329791e-07
8.599999999999999645e+00 4.982620922923815459e-06 5.102834717168967957e-06 8.914183596463666604e-07 9.102261595829249063e-07
8.625000000000000000e+00 4.766134591194708947e-06 4.880903738530909178e-06 8.451686350172579939e-07 8.629288995273932475e-07
8.650000000000000355e+00 4.559311989590229382e-06 4.668890685852940450e-06 8.013612493232454560e-07 8.181335174944042181e-07
8.675000000000000711e+00 4.361709831994874794e-06 4.466340024613273285e-06 7.598648297484076306e-07 7.757051876208505997e-07
8.699999999999999289e+00 4.172905736695577474e-06 4.272817734157583009e-06 7.205552059969590081e-07 7.355164907786113039e-07
8.724999999999999645e+00 3.992497212760583859e-06 4.087910262758111878e-06 6.833150069754396446e-07 6.974469992722627611e-07
8.750000000000000000e+00 3.820100696887693968e-06 3.911223534819295114e-06 6.480332819190135989e-07 6.613828858276030638e-07
8.775000000000000355e+00 3.655350638223266936e-06 3.742382007657554224e-06 6.146051421125591667e-07 6.272165548302802445e-07
8.800000000000000711e+00 3.497898628605844657e-06 3.581027775112754651e-06 5.829314233071660358e-07 5.948462944451842243e-07
8.824999999999999289e+00 3.347412576076871425e-06 3.426819715834450698e-06 5.529183669492374837e-07 5.641759485027945543e-07
8.849999999999999645e+00 3.203575919278417734e-06 3.279432683848869285e-06 5.244773197665864276e-07 5.351146069107083425e-07
8.875000000000000000e+00 3.066086880791507833e-06 3.138556739231936882e-06 4.975244507969367386e-07 5.075763140523837658e-07
8.900000000000000355e+00 2.934657757344033454e-06 3.003896416935989480e-06 4.719804836168817872e-07 4.814797935106799070e-07
8.925000000000000711e+00 2.809014245038640397e-06 2.875170031691096554e-06 4.477704441738510917e-07 4.567481882167142813e-07
8.949999999999999289e+00 2.688894797864712506e-06 2.752109017250542895e-06 4.248234228680948853e-07 4.333088155933973979e-07
8.974999999999999645e+00 2.574050017773972021e-06 2.634457298244017737e-06 4.030723498966095406e-07 4.110929363363890964e-07
9.000000000000000000e+00 2.464242074721858843e-06 2.521970692925775399e-06 3.824537834183454946e-07 3.900355364232396232e-07
9.025000000000000355e+00 2.359244155170159158e-06 2.414416345285413277e-06 3.629077094732762838e-07 3.700751212471158527e-07
9.050000000000000711e+00 2.258839937622782039e-06 2.311572185035916557e-06 3.443773532954184607e-07 3.511535214999427528e-07
9.074999999999999289e+00 2.162823093833162872e-06 2.213226414086138316e-06 3.268090011049060119e-07 3.332157098377674795e-07
9.099999999999999645e+00 2.070996814370906661e-06 2.119177018141189206e-06 3.101518318516549737e-07 3.162096279437272316e-07
9.125000000000000000e+00 1.983173357356642949e-06 2.029231302181012454e-06 2.943577584088513853e-07 3.000860230992333594e-07
9.150000000000000355e+00 1.899173619170059100e-06 1.943205448616928982e-06 2.793812779674518935e-07 2.847982942626236386e-07
9.175000000000000711e+00 1.818826726050572549e-06 1.860924096958468389e-06 2.651793304124833411e-07 2.703023465651909580e-07
9.199999999999999289e+00 1.741969645561202007e-06 1.782219943967048713e-06 2.517111646707464477e-07 2.565564539870090196e-07
9.224999999999999645e+00 1.668446816894192756e-06 1.706933363246120374e-06 2.389382124919893663e-07 2.435211295472905051e-07
9.250000000000000000e+00 1.598109799084216112e-06 1.634912043286083438e-06 2.268239695909787917e-07 2.311590030338424303e-07
9.275000000000000355e+00 1.530816936235827573e-06 1.566010643034645006e-06 2.153338827849306719e-07 2.194347053084620506e-07
9.300000000000000711e+00 1.466433038942720610e-06 1.500090464139144825e-06 2.044352439333805698e-07 2.083147590594464089e-07
9.324999999999999289e+00 1.404829081080870486e-06 1.437019139051809868e-06 1.940970897168622204e-07 1.977674758694363095e-07
9.349999999999999645e+00 1.345881911200643923e-06 1.376670334179860934e-06 1.842901066493501003e-07 1.877628587840119751e-07
9.375000000000000000e+00 1.289473977807412391e-06 1.318923467323710460e-06 1.749865416198275358e-07 1.782725103187392593e-07
9.400000000000000355e+00 1.235493067848435649e-06 1.263663438732716750e-06 1.661601171939836751e-07 1.692695455696040841e-07
9.425000000000000711e+00 1.183832057737481442e-06 1.210780375072054317e-06 1.577859517982092950e-07 1.607285101169039988e-07
9.449999999999999289e+00 1.134388676319282608e-06 1.160169385680867461e-06 1.498404842463148046e-07 1.526253025993198977e-07
9.474999999999999645e+00 1.087065279172813865e-06 1.111730330518330585e-06 1.423014022507920832e-07 1.449371013764092576e-07
9.500000000000000000e+00 1.041768633695580235e-06 1.065367599204006710e-06 1.351475751497574438e-07 1.376422953602817789e-07
9.525000000000000355e+00 9.984097144451765085e-07 1.020989900621680937e-06 1.283589901613743166e-07 1.307204186486679188e-07
9.550000000000000711e+00 9.569035082332120119e-07 9.785100625622010773e-07 1.219166921217551233e-07 1.241520887119602168e-07
9.574999999999999289e+00 9.171688284940665726e-07 9.378448409162442939e-07 1.158027265768186573e-07 1.179189479582494104e-07
9.599999999999999645e+00 8.791281384736960621e-07 8.989147379468859276e-07 1.100000860861441904e-07 1.120036085955156414e-07
9.625000000000000000e+00 8.427073828091317030e-07 8.616438291965968744e-07 1.044926592973175264e-07 1.063896004706582577e-07
9.650000000000000355e+00 8.078358270908773868e-07 8.259595986108217063e-07 9.926518288743531464e-08 1.010613217273328391e-07
9.675000000000000711e+00 7.744459050169507419e-07 7.917927814761111328e-07 9.430319620272227832e-08 9.600399224514741667e-08
9.699999999999999289e+00 7.424730727704122829e-07 7.590772147893634472e-07 8.959299822782021122e-08 9.120360958150856460e-08
9.724999999999999645e+00 7.118556702710472998e-07 7.277496947011575586e-07 8.512160698016327249e-08 8.664690728903637625e-08
9.750000000000000000e+00 6.825347889653806177e-07 6.977498406868381188e-07 8.087672113104087790e-08 8.232131556409426123e-08
9.775000000000000355e+00 6.544541458407340281e-07 6.690199661191350520e-07 7.684668363142186333e-08 7.821492398691233992e-08
9.800000000000000711e+00 6.275599633608183147e-07 6.415049549343389538e-07 7.302044742559711239e-08 7.431644631866855673e-08
9.824999999999999289e+00 6.018008550391188735e-07 6.151521440952945893e-07 6.938754300550169961e-08 7.061518724937672105e-08
9.849999999999999645e+00 5.771277163756085087e-07 5.899112115733357093e-07 6.593804764636405552e-08 6.710101091138361157e-08
9.875000000000000000e+00 5.534936208989449671e-07 5.657340695799035985e-07 6.266255632939328655e-08 6.376431107239097365e-08
9.900000000000000355e+00 5.308537210711161621e-07 5.425747627977959112e-07 5.955215427208153337e-08 6.059598297030024552e-08
9.925000000000000711e+00 5.091651538185148759e-07 5.203893713711513197e-07 5.659839096134437813e-08 5.758739668876053172e-08
9.949999999999999289e+00 4.883869504691204578e-07 4.991359184251536532e-07 5.379325555490723433e-08 5.473037198011384406e-08
9.974999999999999645e+00 4.684799508829758383e-07 4.787742818977931534e-07 5.112915360824057519e-08 5.201715441776603773e-08
1.000000000000000000e+01 4.494067215784525267e-07 4.592661104782312351e-07 4.859888504741976016e-08 4.944039285246208158e-08
1.002500000000000036e+01 4.311314776602082710e-07 4.405747434553478463e-07 4.619562332985595881e-08 4.699311805226021286e-08
1.005000000000000071e+01 4.136200083691605131e-07 4.226651342878137913e-07 4.391289577577765763e-08 4.466872254680875496e-08
1.007499999999999929e+01 3.968396060832016629e-07 4.055037777211096554e-07 4.174456489676585899e-08 4.246094152457525647e-08
1.009999999999999964e+01 3.807589986016251564e-07 3.890586402809219786e-07 3.968481074067339571e-08 4.036383476386601480e-08
1.012500000000000000e+01 3.653482845594599625e-07 3.732990939814916253e-07 3.772811415549238124e-08 3.837176950283055124e-08
1.015000000000000036e+01 3.505788718229762461e-07 3.581958530985442990e-07 3.586924103289643282e-08 3.647940427035238451e-08
1.017500000000000071e+01 3.364234187243092041e-07 3.437209138593285701e-07 3.410322733544259057e-08 3.468167358711795995e-08
1.019999999999999929e+01 3.228557780018363191e-07 3.298474969125018987e-07 3.242536489101060446e-08 3.297377344738092391e-08
1.022499999999999964e+01 3.098509433181528456e-07 3.165499924465219775e-07 3.083118800739768166e-08 3.135114758569865074e-08
1.025000000000000000e+01 2.973849982338568021e-07 3.038039078316518798e-07 2.931646079685318715e-08 2.980947451059935323e-08
1.027500000000000036e+01 2.854350675210847093e-07 2.915858176648113308e-07 2.787716513256054547e-08 2.834465519932702171e-08
1.030000000000000071e+01 2.739792707077632287e-07 2.798733161057245769e-07 2.650948926348525814e-08 2.695280144787418912e-08
1.032499999999999929e+01 2.629966777468545479e-07 2.686449713965329505e-07 2.520981705063355831e-08 2.563022484425162902e-08
1.034999999999999964e+01 2.524672667113539580e-07 2.578802824613278599e-07 2.397471778427280243e-08 2.437342635166774371e-08
1.037500000000000000e+01 2.423718834199002985e-07 2.475596374889707673e-07 2.280093648954039853e-08 2.317908641741270417e-08
1.040000000000000036e+01 2.326922029024729427e-07 2.376642744054218029e-07 2.168538478223547796e-08 2.204405560414265939e-08
1.042500000000000071e+01 2.234106926203745098e-07 2.281762431475253718e-07 2.062513222967982620e-08 2.096534574195668068e-08
1.044999999999999929e+01 2.145105773584705191e-07 2.190783696538888549e-07 1.961739812866545352e-08 1.994012154328595703e-08
1.047499999999999964e+01 2.059758057119835742e-07 2.103542214929928554e-07 1.865954372195931407e-08 1.896569264072726036e-08
1.050000000000000000e+01 1.977910180931596613e-07 2.019880750520738941e-07 1.774906484296111052e-08 1.803950606259132371e-08
1.052500000000000036e+01 1.899415161872248926e-07 1.939648842136417266e-07 1.688358494562245107e-08 1.715913910251137129e-08
1.055000000000000071e+01 1.824132337905683332e-07 1.862702504508193564e-07 1.606084850160123013e-08 1.632229257558038372e-08
1.057499999999999929e+01 1.751927089669682585e-07 1.788903942759025156e-07 1.527871472720855189e-08 1.552678441126367350e-08
1.059999999999999964e+01 1.682670574605581001e-07 1.718121279791555693e-07 1.453515165993918253e-08 1.477054359434099983e-08
1.062500000000000000e+01 1.616239473073697656e-07 1.650228295974332718e-07 1.382823054298940577e-08 1.405160442254203024e-08
1.065000000000000036e+01 1.552515745904012435e-07 1.585104180566318971e-07 1.315612050495705933e-08 1.336810107434278155e-08
1.067500000000000071e+01 1.491386402850278182e-07 1.522633294332625346e-07 1.251708350338936991e-08 1.271826244656596820e-08
1.069999999999999929e+01 1.432743281447367433e-07 1.462704942834063889e-07 1.190946955114771567e-08 1.210040727198284667e-08
1.072499999999999964e+01 1.376482835792185038e-07 1.405213159902012048e-07 1.133171218218519750e-08 1.151293948909195354e-08
1.075000000000000000e+01 1.322505934791509907e-07 1.350056500826802746e-07 1.078232416697983435e-08 1.095434386064314230e-08
1.077500000000000036e+01 1.270717669441167794e-07 1.297137844813477573e-07 1.025989343657169602e-08 1.042318181761170936e-08
1.080000000000000071e+01 1.221027168724401442e-07 1.246364206279628772e-07 9.763079220528918719e-09 9.918087514714167963e-09
1.082499999999999929e+01 1.173347423732787132e-07 1.197646554590495653e-07 9.290608402622084313e-09 9.437764099027635078e-09
1.084999999999999964e+01 1.127595119632876748e-07 1.150899641842951873e-07 8.841272055932556978e-09 8.980980178255572160e-09
1.087500000000000000e+01 1.083690475120763433e-07 1.106041838331127989e-07 8.413922145511290446e-09 8.546566459349925515e-09
1.090000000000000036e+01 1.041557089022498432e-07 1.062994975341763592e-07 8.007468423021327078e-09 8.133412568383517455e-09
1.092500000000000071e+01 1.001121793715460169e-07 1.021684194946211076e-07 7.620875473471329342e-09 7.740464039762000463e-09
1.094999999999999929e+01 9.623145150576980967e-08 9.820378064683196525e-08 7.253159914953966508e-09 7.366719456766389320e-09
1.097499999999999964e+01 9.250681385322996509e-08 9.439871493255151642e-08 6.903387746176745760e-09 7.011227744100029745e-09
1.100000000000000000e+01 8.893183813215304795e-08 9.074664619527448420e-08 6.570671828490914542e-09 6.673085597788119460e-09
1.102500000000000036e+01 8.550036700429172982e-08 8.724127565324394378e-08 6.254169501136735141e-09 6.351435051149411109e-09
1.105000000000000071e+01 8.220650238905923580e-08 8.387656992674974795e-08 5.953080316883951966e-09 6.045461164040677333e-09
1.107499999999999929e+01 7.904459429370254706e-08 8.064674959461536560e-08 5.666643897917127980e-09 5.754389834401801394e-09
1.109999999999999964e+01 7.600923013610381136e-08 7.754627825586722703e-08 5.394137896889611782e-09 5.477485719675782251e-09
1.112500000000000000e+01 7.309522453811747606e-08 7.456985207375332048e-08 5.134876068156470864e-09 5.214050266846331278e-09
1.115000000000000036e+01 7.029760956813651959e-08 7.171238978043530813e-08 4.888206438752344746e-09 4.963419845466693070e-09
1.117500000000000071e+01 6.761162541250300691e-08 6.896902312140732784e-08 4.653509574797933280e-09 4.724963978592182164e-09
1.119999999999999929e+01 6.503271145666499677e-08 6.633508771990550711e-08 4.430196928821380990e-09 4.498083661586168466e-09
1.122499999999999964e+01 6.255649775753458320e-08 6.380611434240056097e-08 4.217709277609766086e-09 4.282209765172572550e-09
1.125000000000000000e+01 6.017879688954674872e-08 6.137782054715742721e-08 4.015515243442586430e-09 4.076801526353877832e-09
1.127500000000000036e+01 5.789559614760899860e-08 5.904610269864739702e-08 3.823109886324909507e-09 3.881345113864436422e-09
1.130000000000000071e+01 5.570305009096575536e-08 5.680702833140755931e-08 3.640013369111937287e-09 3.695352267819697120e-09
1.132499999999999929e+01 5.359747341271093586e-08 5.465682884768170411e-08 3.465769690874445486e-09 3.518359006925351643e-09
1.134999999999999964e+01 5.157533412040897354e-08 5.259189253392550176e-08 3.299945488918179212e-09 3.349924405942394491e-09
1.137500000000000000e+01 4.963324701390703142e-08 5.060875788190485566e-08 3.142128897830578891e-09 3.189629433440813289e-09
1.140000000000000036e+01 4.776796744709998918e-08 4.870410720079752618e-08 2.991928467503778224e-09 3.037075849439269091e-09
1.142500000000000071e+01 4.597638536099308853e-08 4.687476050732684090e-08 2.848972136153299500e-09 2.891885157555070806e-09
1.144999999999999929e+01 4.425551957598888086e-08 4.511766968153547221e-08 2.712906259269512851e-09 2.753697614074908022e-09
1.147499999999999964e+01 4.260251233186909461e-08 4.342991287637773951e-08 2.583394682835601891e-09 2.622171285228320140e-09
1.150000000000000000e+01 4.101462406447950919e-08 4.180868916985669232e-08 2.460117867005248223e-09 2.496981152763764436e-09
1.152500000000000036e+01 3.948922840862003307e-08 4.025131344893921935e-08 2.342772053598052029e-09 2.377818265610551926e-09
1.155000000000000071e+01 3.802380741711053375e-08 3.875521151496218672e-08 2.231068475733308186e-09 2.264388934505864415e-09
1.157499999999999929e+01 3.661594698646788246e-08 3.731791540072783941e-08 2.124732609028290470e-09 2.156413967995233595e-09
1.159999999999999964e+01 3.526333248006605694e-08 3.593705888991337288e-08 2.023503458492422800e-09 2.053627947310163577e-09
1.162500000000000000e+01 3.396374454005700057e-08 3.461037322986637186e-08 1.927132882382051191e-09 1.955778536487521202e-09
1.165000000000000036e+01 3.271505507971568659e-08 3.333568302923629812e-08 1.835384951422184501e-09 1.862625829570984681e-09
1.167500000000000071e+01 3.151522344827567970e-08 3.211090233229367616e-08 1.748035338656537935e-09 1.773941729134308165e-09
1.169999999999999929e+01 3.036229276065511929e-08 3.093403086216282237e-08 1.664870743036723802e-09 1.689509358182657448e-09
1.172499999999999964e+01 2.925438638482218125e-08 2.980315042552502740e-08 1.585688337868417372e-09 1.609122500152068980e-09
1.175000000000000000e+01 2.818970457987745329e-08 2.871642147169744380e-08 1.510295250590617898e-09 1.532585067235601000e-09
1.177500000000000036e+01 2.716652127824362352e-08 2.767207979931134586e-08 1.438508068873435338e-09 1.459710597380324483e-09
1.180000000000000071e+01 2.618318100564992985e-08 2.666843340411615015e-08 1.370152368448864173e-09 1.390321774860079670e-09
1.182499999999999929e+01 2.523809593286986116e-08 2.570385946172881106e-08 1.305062267864865086e-09 1.324249975194792395e-09
1.184999999999999964e+01 2.432974305346122656e-08 2.477680143941349554e-08 1.243080004706237491e-09 1.261334834266042598e-09
1.187500000000000000e+01 2.345666148200029427e-08 2.388576633126608338e-08 1.184055532549025595e-09 1.201423837749383743e-09
1.190000000000000036e+01 2.261744986754290459e-08 2.302932201139708376e-08 1.127846139128718210e-09 1.144371932303137761e-09
1.192500000000000071e+01 2.181076391731195558e-08 2.220609469998018658e-08 1.074316082683466944e-09 1.090041155306955525e-09
1.194999999999999929e+01 2.103531402579032378e-08 2.141476653723843391e-08 1.023336247636431642e-09 1.038300284179556929e-09
1.197499999999999964e+01 2.028986300464296250e-08 2.065407326067859917e-08 9.747838159930486832e-10 9.890245022427643151e-10
1.200000000000000000e+01 1.957322390908825279e-08 1.992280198107056613e-08 9.285419570846872601e-10 9.420950821492884975e-10
1.202500000000000036e+01 1.888425795653738794e-08 1.921978905289748710e-08 8.844995317915827040e-10 8.973990851358356512e-10
1.205000000000000071e+01 1.822187253348494290e-08 1.854391803517159142e-08 8.425508113041516075e-10 8.548290750050468863e-10
1.207499999999999929e+01 1.758501928684163384e-08 1.789411773869258159e-08 8.025952107749184758e-10 8.142828464294249275e-10
1.209999999999999964e+01 1.697269229605516113e-08 1.726936035601494859e-08 7.645370360857472988e-10 7.756631674888949803e-10
1.212500000000000000e+01 1.638392632252143908e-08 1.666865967054246483e-08 7.282852423485874095e-10 7.388775341263705246e-10
1.215000000000000036e+01 1.581779513295202576e-08 1.609106934133046201e-08 6.937532058433679334e-10 7.038379375082925740e-10
1.217500000000000071e+01 1.527340989350899510e-08 1.553568126032900704e-08 6.608585064332319522e-10 6.704606429200118096e-10
1.219999999999999929e+01 1.474991763165508363e-08 1.500162397894356513e-08 6.295227211128746639e-10 6.386659795728017544e-10
1.222499999999999964e+01 1.424649976280940659e-08 1.448806120092787836e-08 5.996712274785688843e-10 6.083781408319867477e-10
1.225000000000000000e+01 1.376237067901786575e-08 1.399419033875429733e-08 5.712330172234147413e-10 5.795249942552278769e-10
1.227500000000000036e+01 1.329677639697693585e-08 1.351924113073415134e-08 5.441405193707057899e-10 5.520379015321308562e-10
1.230000000000000071e+01 1.284899326286496978e-08 1.306247431627906873e-08 5.183294314367503258e-10 5.258515471227820824e-10
1.232499999999999929e+01 1.241832671154296036e-08 1.262318036681004583e-08 4.937385596443252500e-10 5.009037753014960225e-10
1.234999999999999964e+01 1.200411007780038796e-08 1.220067826992849690e-08 4.703096669793415236e-10 4.771354357314123307e-10
1.237500000000000000e+01 1.160570345742008845e-08 1.179431436457309900e-08 4.479873279245644669e-10 4.544902360293352944e-10
1.240000000000000036e+01 1.122249261593008183e-08 1.140346122497909199e-08 4.267187917123906208e-10 4.329146020182921314e-10
1.242500000000000071e+01 1.085388794301228652e-08 1.102751659135681722e-08 4.064538516848921663e-10 4.123575452047106931e-10
1.244999999999999929e+01 1.049932345061837040e-08 1.066590234529918601e-08 3.871447208159822458e-10 3.927705362403687376e-10
1.247499999999999964e+01 1.015825581293043226e-08 1.031806352800710854e-08 3.687459138984903595e-10 3.741073849514013268e-10
1.250000000000000000e+01 9.830163446390246012e-09 9.983467399512008992e-09 3.512141352532915801e-10 3.563241261811345444e-10
1.252500000000000036e+01 9.514545628090969470e-09 9.661602537154702961e-09 3.345081723352167736e-10 3.393789114622175856e-10
1.255000000000000071e+01 9.210921650903818464e-09 9.351977971648951521e-09 3.185887942744469438e-10 3.232319059600287521e-10
1.257499999999999929e+01 8.918830013783395645e-09 9.054122359137308033e-09 3.034186553990263730e-10 3.078451904172041591e-10
1.259999999999999964e+01 8.637827645758455857e-09 8.767583187712896039e-09 2.889622034189967217e-10 2.931826678261508607e-10
1.262500000000000000e+01 8.367489162186642853e-09 8.491926016947888943e-09 2.751855926791407156e-10 2.792099749116426378e-10
1.265000000000000036e+01 8.107406151907891089e-09 8.226733749033644740e-09 2.620566011676388723e-10 2.658943980675460870e-10
1.267500000000000071e+01 7.857186493990958390e-09 7.971605930196251707e-09 2.495445516475903913e-10 2.532047930509614954e-10
1.269999999999999929e+01 7.616453702826668926e-09 7.726158081109502580e-09 2.376202370560443335e-10 2.411115090560716465e-10
1.272499999999999964e+01 7.384846300374323475e-09 7.490021055083741693e-09 2.262558490006292038e-10 2.295863162012419004e-10
1.275000000000000000e+01 7.162017214416944527e-09 7.262840422862086615e-09 2.154249101897529270e-10 2.186023367094035393e-10
1.277500000000000036e+01 6.947633201733710296e-09 7.044275882902208516e-09 2.051022098436766330e-10 2.081339793725506052e-10
1.280000000000000071e+01 6.741374295145454810e-09 6.834000696077439630e-09 1.952637426994416774e-10 1.981568773284811930e-10
1.282499999999999929e+01 6.542933273428305630e-09 6.631701143769587238e-09 1.858866507724407551e-10 1.886478290047125220e-10
1.284999999999999964e+01 6.352015153141623133e-09 6.437076008373647189e-09 1.769491677026423522e-10 1.795847416644866247e-10
1.287500000000000000e+01 6.168336701452846797e-09 6.249836075279162692e-09 1.684305662524707586e-10 1.709465778484924524e-10
1.290000000000000036e+01 5.991625969080120106e-09 6.069703655426916688e-09 1.603111081800074324e-10 1.627133045190034575e-10
1.292500000000000071e+01 5.821621842516206837e-09 5.896412127583546200e-09 1.525719965529251952e-10 1.548658445819627995e-10
1.294999999999999929e+01 5.658073614728948794e-09 5.729705499512860381e-09 1.451953304525432033e-10 1.473860308542193278e-10
1.297499999999999964e+01 5.500740573569801772e-09 5.569337987255591395e-09 1.381640618006600932e-10 1.402565622060587635e-10
1.300000000000000000e+01 5.349391607155683430e-09 5.415073611766176346e-09 1.314619544637670382e-10 1.334609619341823986e-10
1.302500000000000036e+01 5.203804825517150887e-09 5.266685812184478828e-09 1.250735450579697853e-10 1.269835380891771245e-10
1.305000000000000071e+01 5.063767197842011633e-09 5.123957075052384576e-09 1.189841059085686162e-10 1.208093456885290869e-10
1.307499999999999929e+01 4.929074204666949205e-09 4.986678578817408697e-09 1.131796097901243857e-10 1.149241509448663840e-10
1.309999999999999964e+01 4.799529504397669864e-09 4.854649852986741916e-09 1.076466961900385841e-10 1.093143970356128334e-10
1.312500000000000000e+01 4.674944613573021597e-09 4.727678451330775073e-09 1.023726395365209865e-10 1.039671716991373505e-10
1.315000000000000036e+01 4.555138600301791488e-09 4.605579638557680095e-09 9.734531868890259086e-11 9.887017635888098284e-11
1.317500000000000071e+01 4.439937790328960375e-09 4.488176089900241459e-09 9.255318796705281279e-11 9.401169667793408543e-11
1.319999999999999929e+01 4.329175485216611495e-09 4.375297603086785795e-09 8.798524969327597074e-11 8.938057460507352008e-11
1.322499999999999964e+01 4.222691692141440227e-09 4.266780822188411731e-09 8.363102799541939546e-11 8.496618180318623952e-11
1.325000000000000000e+01 4.120332864832993704e-09 4.162468972855308941e-09 7.948054386982035447e-11 8.075839431406431409e-11
1.327500000000000036e+01 4.021951655198164126e-09 4.062211608476991450e-09 7.552429149471819364e-11 7.674756849340943387e-11
1.330000000000000071e+01 3.927406675195707998e-09 3.965864366820317746e-09 7.175321560729365795e-11 7.292451806579484016e-11
1.332499999999999929e+01 3.836562268543907986e-09 3.873288736718509724e-09 6.815869009200625935e-11 6.928049232088735281e-11
1.334999999999999964e+01 3.749288291862002189e-09 3.784351834403021345e-09 6.473249754226040188e-11 6.580715538935904141e-11
1.337500000000000000e+01 3.665459904862526891e-09 3.698926189086446791e-09 6.146680980583415230e-11 6.249656648024512654e-11
1.340000000000000036e+01 3.584957369228723215e-09 3.616889537421803685e-09 5.835416950075798547e-11 5.934116110645225453e-11
1.342500000000000071e+01 3.507665855826709521e-09 3.538124626480268663e-09 5.538747236828089693e-11 5.633373318480726168e-11
1.344999999999999929e+01 3.433475259916479569e-09 3.462519024903691621e-09 5.255995053081748402e-11 5.346741801484062149e-11
1.347499999999999964e+01 3.362280024040461496e-09 3.389964941903010714e-09 4.986515657222478116e-11 5.073567609718155566e-11
1.350000000000000178e+01 3.293978968281982672e-09 3.320359053788186531e-09 4.729694835726000771e-11 4.813227774044341201e-11
1.352500000000000213e+01 3.228475127599119046e-09 3.253602337728020333e-09 4.484947458363454760e-11 4.565128838512783475e-11
1.355000000000000249e+01 3.165675595952016739e-09 3.189599912451561131e-09 4.251716102601174926e-11 4.328705465234774303e-11
1.357499999999999929e+01 3.105491376953778086e-09 3.128260885615183138e-09 4.029469744032707239e-11 4.103419103693050781e-11
1.359999999999999964e+01 3.047837240786460788e-09 3.069498207570971193e-09 3.817702517973707938e-11 3.888756729951486718e-11
1.362500000000000000e+01 2.992631587134280418e-09 3.013228531282839890e-09 3.615932528118266462e-11 3.684229643517653387e-11
1.365000000000000213e+01 2.939796313897638262e-09 2.959372078148171788e-09 3.423700719693996865e-11 3.489372319767348254e-11
1.367500000000000249e+01 2.889256691461939936e-09 2.907852509493966736e-09 3.240569809079668759e-11 3.303741322684386164e-11
1.369999999999999929e+01 2.840941242302488726e-09 2.858596803524749607e-09 3.066123260915682606e-11 3.126914267619272590e-11
1.372499999999999964e+01 2.794781625717630716e-09 2.811535137508562863e-09 2.899964315177136125e-11 2.958488834626708478e-11
1.375000000000000000e+01 2.750712527494783226e-09 2.766600775000042785e-09 2.741715061447371283e-11 2.798081827724912805e-11
1.377500000000000213e+01 2.708671554316516287e-09 2.723729957906305667e-09 2.591015560976933607e-11 2.645328282845512752e-11
1.380000000000000249e+01 2.668599132722981920e-09 2.682861803206353610e-09 2.447523007457118374e-11 2.499880617059251108e-11
1.382499999999999929e+01 2.630438412459567802e-09 2.643938204147811276e-09 2.310910928945671822e-11 2.361407819302676248e-11
1.384999999999999964e+01 2.594135174041116115e-09 2.606903735750169637e-09 2.180868428479842365e-11 2.229594678853672700e-11
1.387500000000000000e+01 2.559637740374432327e-09 2.571705564451310003e-09 2.057099464357497196e-11 2.104141053850453291e-11
1.390000000000000213e+01 2.526896892286496818e-09 2.538293361742498152e-09 1.939322160309347995e-11 1.984761173345783923e-11
1.392500000000000249e+01 2.495865787810658936e-09 2.506619221640040262e-09 1.827268153794544900e-11 1.871182973759734811e-11
1.394999999999999929e+01 2.466499885093575962e-09 2.476637581852673449e-09 1.720681972433807762e-11 1.763147468005656848e-11
1.397499999999999964e+01 2.438756868788701400e-09 2.448305148508555203e-09 1.619320441934350818e-11 1.660408143781221917e-11
1.400000000000000000e+01 2.412596579808522358e-09 2.421580824310461084e-09 1.522952124795537940e-11 1.562730393252956875e-11
1.402500000000000213e+01 2.387980948313651444e-09 2.396425639994536660e-09 1.431356782575345402e-11 1.469890969091977896e-11
1.405000000000000249e+01 2.364873929822835960e-09 2.372802688973989678e-09 1.344324868067341507e-11 1.381677467490406540e-11
1.407499999999999929e+01 2.343241444331823345e-09 2.350677065053563303e-09 1.261657039533558351e-11 1.297887836808441101e-11
1.409999999999999964e+01 2.323051318335022991e-09 2.330015803105112035e-09 1.183163699783874442e-11 1.218329909213781780e-11
1.412500000000000000e+01 2.304273229649914894e-09 2.310787822603089253e-09 1.108664559288218162e-11 1.142820956881042153e-11
1.415000000000000213e+01 2.286878654944814823e-09 2.292963873918034425e-09 1.037988218116608665e-11 1.071187269045198305e-11
1.417500000000000249e+01 2.270840819879222450e-09 2.276516487274485987e-09 9.709717704633010979e-12 1.003263750087928059e-11
1.419999999999999929e+01 2.256134651767857413e-09 2.261419924283096015e-09 9.074604282247719540e-12 9.388935377846723835e-12
1.422499999999999964e+01 2.242736734684855442e-09 2.247650131960926508e-09 8.473071632441671505e-12 8.779276404791154579e-12
1.425000000000000000e+01 2.230625266927648133e-09 2.235184699157959479e-09 7.903723681839482989e-12 8.202245925578179642e-12
1.427500000000000036e+01 2.219780020763978685e-09 2.224002815311270546e-09 7.365235330496852212e-12 7.656501272508384844e-12
1.430000000000000249e+01 2.210182304389559881e-09 2.214085231452624904e-09 6.856349387281957949e-12 7.140768653416395783e-12
1.432499999999999929e+01 2.201814926027206727e-09 2.205414223398746914e-09 6.375873669001868692e-12 6.653840205731215753e-12
1.434999999999999964e+01 2.194662160101361941e-09 2.197973557056597057e-09 5.922678230326923337e-12 6.194571195048693768e-12
1.437500000000000000e+01 2.188709715425683744e-09 2.191748455779704838e-09 5.495692748988515180e-12 5.761877358535944289e-12
1.440000000000000036e+01 2.183944705344445843e-09 2.186725569715004712e-09 5.093904042167263050e-12 5.354732387229875355e-12
1.442500000000000249e+01 2.180355619770980195e-09 2.182892947082001488e-09 4.716353713233868253e-12 4.972165539597561261e-12
1.444999999999999929e+01 2.177932299069713862e-09 2.180240007329458305e-09 4.362135922494101066e-12 4.613259381023055972e-12
1.447499999999999964e+01 2.176665909731353110e-09 2.178757516117811581e-09 4.030395275645979561e-12 4.277147643485699092e-12
1.450000000000000000e+01 2.176548921793488085e-09 2.178437562078567220e-09 3.720324829886758091e-12 3.963013201125817373e-12
1.452500000000000036e+01 2.177575087960855124e-09 2.179273535303597818e-09 3.431164201466269011e-12 3.670086156356704449e-12
1.455000000000000249e+01 2.179739424383198285e-09 2.181260107521291925e-09 3.162197778412790015e-12 3.397642028192814987e-12
1.457499999999999929e+01 2.183038193049612200e-09 2.184393213917388592e-09 2.912753044174594498e-12 3.145000046221934601e-12
1.459999999999999964e+01 2.187468885762222938e-09 2.188670036562189629e-09 2.682198982823888465e-12 2.911521541259435896e-12
1.462500000000000000e+01 2.193030209653563245e-09 2.194088989407766462e-09 2.469944582821281973e-12 2.696608426395087417e-12
1.465000000000000036e+01 2.199722074213877913e-09 2.200649704820389387e-09 2.275437432017451727e-12 2.499701771260498362e-12
1.467500000000000249e+01 2.207545579797550078e-09 2.208353021616455199e-09 2.098162387712577120e-12 2.320280459749530506e-12
1.469999999999999929e+01 2.216503007579642557e-09 2.217200974572135509e-09 1.937640338769874110e-12 2.157859930812285764e-12
1.472499999999999964e+01 2.226597810935874739e-09 2.227196785379232502e-09 1.793427043285744753e-12 2.011991001439587055e-12
1.475000000000000000e+01 2.237834608219241003e-09 2.238344855020027039e-09 1.665112036248618233e-12 1.882258763990832497e-12
1.477500000000000036e+01 2.250219176912912507e-09 2.250650757538925457e-09 1.552317617910259845e-12 1.768281557889339601e-12
1.480000000000000249e+01 2.263758449140788441e-09 2.264121235193416391e-09 1.454697910375044353e-12 1.669710014781003821e-12
1.482499999999999929e+01 2.278460508503870987e-09 2.278764194950609326e-09 1.371937978122945834e-12 1.586226170866244063e-12
1.484999999999999964e+01 2.294334588239483638e-09 2.294588706325364565e-09 1.303753019941450375e-12 1.517542646314108968e-12
1.487500000000000000e+01 2.311391070681626011e-09 2.311605000539077432e-09 1.249887623192567024e-12 1.463401891061213560e-12
1.490000000000000036e+01 2.329641488007423287e-09 2.329824470982560269e-09 1.210115077108126015e-12 1.423575491847651504e-12
1.492500000000000071e+01 2.349098524258921062e-09 2.349259674972038929e-09 1.184236749823866421e-12 1.397863540470633868e-12
1.494999999999999929e+01 2.369776018628986715e-09 2.369924336786526486e-09 1.172081522513062366e-12 1.386094062536779171e-12
1.497499999999999964e+01 2.391688970002236491e-09 2.391833351976989616e-09 1.173505279979270459e-12 1.388122502791712732e-12
