# col1: r[fm],  col2: chargedensity, col3: weak density [fm^-3](normailized to Q=1)
2.101448349307773875e-07 9.563249607730404944e-02 -9.653427434238817662e-02
2.500000000000000139e-02 9.562519304542105303e-02 -9.652757444065293568e-02
5.000000000000000278e-02 9.560330180027022673e-02 -9.650749387287335668e-02
7.499999999999999722e-02 9.556687577525965760e-02 -9.647408993262808485e-02
1.000000000000000056e-01 9.551600363723544707e-02 -9.642745771770344643e-02
1.250000000000000000e-01 9.545080871963962377e-02 -9.636772955707650912e-02
1.499999999999999944e-01 9.537144826030558020e-02 -9.629507423596014859e-02
1.749999999999999889e-01 9.527811247204533152e-02 -9.620969604343486414e-02
2.000000000000000111e-01 9.517102347797590234e-02 -9.611183367057024585e-02
2.250000000000000056e-01 9.505043414470185081e-02 -9.600175898808369079e-02
2.500000000000000000e-01 9.491662684500154490e-02 -9.587977573146441723e-02
2.750000000000000222e-01 9.476991217777221144e-02 -9.574621811830587303e-02
2.999999999999999889e-01 9.461062766712076411e-02 -9.560144941770024052e-02
3.250000000000000111e-01 9.443913645524873446e-02 -9.544586048548128754e-02
3.499999999999999778e-01 9.425582599589799049e-02 -9.527986827246634483e-02
3.750000000000000000e-01 9.406110674735213006e-02 -9.510391430629062948e-02
4.000000000000000222e-01 9.385541085704864062e-02 -9.491846314155816255e-02
4.249999999999999889e-01 9.363919082436437946e-02 -9.472400076838666250e-02
4.500000000000000111e-01 9.341291812453829391e-02 -9.452103296637812124e-02
4.749999999999999778e-01 9.317708177525199642e-02 -9.431008358983161699e-02
5.000000000000000000e-01 9.293218682812783016e-02 -9.409169277066324610e-02
5.250000000000000222e-01 9.267875277015967528e-02 -9.386641502786811919e-02
5.500000000000000444e-01 9.241731182449955395e-02 -9.363481727615656502e-02
5.749999999999999556e-01 9.214840714558980572e-02 -9.339747673119412619e-02
5.999999999999999778e-01 9.187259090977266396e-02 -9.315497871419255171e-02
6.250000000000000000e-01 9.159042230862500522e-02 -9.290791436391325486e-02
6.500000000000000222e-01 9.130246545779413525e-02 -9.265687826898325041e-02
6.750000000000000444e-01 9.100928723858077440e-02 -9.240246603738345998e-02
6.999999999999999556e-01 9.071145509260179762e-02 -9.214527182275787653e-02
7.249999999999999778e-01 9.040953479138891247e-02 -9.188588582866082100e-02
7.500000000000000000e-01 9.010408820274862229e-02 -9.162489181199617860e-02
7.750000000000000222e-01 8.979567107427062489e-02 -9.136286460582807023e-02
8.000000000000000444e-01 8.948483085181707652e-02 -9.110036767969252602e-02
8.249999999999999556e-01 8.917210454752901028e-02 -9.083795075282601050e-02
8.499999999999999778e-01 8.885801666826784184e-02 -9.057614747269994437e-02
8.750000000000000000e-01 8.854307721188982294e-02 -9.031547316826209204e-02
9.000000000000000222e-01 8.822777973569234655e-02 -9.005642268464739142e-02
9.250000000000001554e-01 8.791259949905880222e-02 -8.979946830407078973e-02
9.499999999999999556e-01 8.759799168093040933e-02 -8.954505775630582087e-02
9.749999999999999778e-01 8.728438967230181533e-02 -8.929361232162967565e-02
1.000000000000000000e+00 8.697220344440233231e-02 -8.904552502932844282e-02
1.024999999999999911e+00 8.666181799441557976e-02 -8.880115895566824402e-02
1.050000000000000044e+00 8.635359187226387956e-02 -8.856084562644750413e-02
1.074999999999999956e+00 8.604785579385745842e-02 -8.832488353061976327e-02
1.100000000000000089e+00 8.574491134798423175e-02 -8.809353675276927753e-02
1.125000000000000000e+00 8.544502980544617377e-02 -8.786703373322068966e-02
1.149999999999999911e+00 8.514845103991852682e-02 -8.764556616509484865e-02
1.175000000000000044e+00 8.485538257020340536e-02 -8.742928803758268086e-02
1.199999999999999956e+00 8.456599873302995951e-02 -8.721831483406371210e-02
1.225000000000000089e+00 8.428043999436735101e-02 -8.701272289248503100e-02
1.250000000000000000e+00 8.399881240549296468e-02 -8.681254893374233672e-02
1.274999999999999911e+00 8.372118720796926927e-02 -8.661778976181677692e-02
1.300000000000000044e+00 8.344760058944256098e-02 -8.642840213729011123e-02
1.324999999999999956e+00 8.317805358999234844e-02 -8.624430282377242019e-02
1.350000000000000089e+00 8.291251215682253484e-02 -8.606536880487976326e-02
1.375000000000000000e+00 8.265090734353712498e-02 -8.589143766783180478e-02
1.399999999999999911e+00 8.239313564917451205e-02 -8.572230814856549030e-02
1.425000000000000044e+00 8.213905949160200948e-02 -8.555774083251349582e-02
1.449999999999999956e+00 8.188850780976023036e-02 -8.539745900484087271e-02
1.475000000000000089e+00 8.164127678950026945e-02 -8.524114964389756244e-02
1.500000000000000000e+00 8.139713070824276808e-02 -8.508846455182425550e-02
1.524999999999999911e+00 8.115580289426008176e-02 -8.493902161652058802e-02
1.550000000000000044e+00 8.091699679689344504e-02 -8.479240619942994550e-02
1.574999999999999956e+00 8.068038716433788282e-02 -8.464817264370746996e-02
1.600000000000000089e+00 8.044562132567328883e-02 -8.450584589724387252e-02
1.625000000000000000e+00 8.021232057354113487e-02 -8.436492324468063131e-02
1.649999999999999911e+00 7.998008164327277680e-02 -8.422487614197324279e-02
1.675000000000000044e+00 7.974847828341369294e-02 -8.408515214627967915e-02
1.699999999999999956e+00 7.951706291154814199e-02 -8.394517693304520689e-02
1.725000000000000311e+00 7.928536834822200174e-02 -8.380435639120896452e-02
1.750000000000000000e+00 7.905290962070526950e-02 -8.366207878657593022e-02
1.774999999999999911e+00 7.881918582744712465e-02 -8.351771698266834132e-02
1.800000000000000044e+00 7.858368205343854718e-02 -8.337063070787267827e-02
1.824999999999999956e+00 7.834587132637625684e-02 -8.322016885747540726e-02
1.850000000000000311e+00 7.810521660353156315e-02 -8.306567181925401944e-02
1.875000000000000000e+00 7.786117277955346971e-02 -8.290647381164155394e-02
1.899999999999999911e+00 7.761318870601992270e-02 -8.274190522406596471e-02
1.925000000000000044e+00 7.736070921431811853e-02 -8.257129494981897688e-02
1.949999999999999956e+00 7.710317713428582742e-02 -8.239397270264360584e-02
1.975000000000000089e+00 7.684003530188560083e-02 -8.220927130907333680e-02
2.000000000000000000e+00 7.657072854992531818e-02 -8.201652896932515313e-02
2.024999999999999911e+00 7.629470567641458145e-02 -8.181509148019258659e-02
2.049999999999999822e+00 7.601142138551965355e-02 -8.160431441386638285e-02
2.075000000000000178e+00 7.572033819624311712e-02 -8.138356524692103022e-02
2.100000000000000089e+00 7.542092831392910313e-02 -8.115222543386213516e-02
2.125000000000000000e+00 7.511267545953453917e-02 -8.090969241967153891e-02
2.149999999999999911e+00 7.479507665137115346e-02 -8.065538158576419925e-02
2.174999999999999822e+00 7.446764393379239066e-02 -8.038872812374743548e-02
2.200000000000000178e+00 7.412990604714093934e-02 -8.010918883140241697e-02
2.225000000000000089e+00 7.378141003324695246e-02 -7.981624382544084961e-02
2.250000000000000000e+00 7.342172277091470189e-02 -7.950939816585886333e-02
2.274999999999999911e+00 7.305043243616858584e-02 -7.918818338712542426e-02
2.299999999999999822e+00 7.266714988254213692e-02 -7.885215893199781778e-02
2.325000000000000178e+00 7.227150993734650364e-02 -7.850091348442404804e-02
2.350000000000000089e+00 7.186317261060369554e-02 -7.813406619872675929e-02
2.375000000000000000e+00 7.144182421410591455e-02 -7.775126782301827744e-02
2.399999999999999911e+00 7.100717838880696298e-02 -7.735220171551533686e-02
2.424999999999999822e+00 7.055897703940564036e-02 -7.693658475306022759e-02
2.450000000000000178e+00 7.009699117550104164e-02 -7.650416813167483510e-02
2.475000000000000089e+00 6.962102165906218498e-02 -7.605473805935668297e-02
2.500000000000000000e+00 6.913089985815593086e-02 -7.558811634156802073e-02
2.524999999999999911e+00 6.862648820693666163e-02 -7.510416085998534996e-02
2.549999999999999822e+00 6.810768067185332675e-02 -7.460276594509915316e-02
2.575000000000000178e+00 6.757440312392376525e-02 -7.408386264321926984e-02
2.600000000000000089e+00 6.702661361681577779e-02 -7.354741887839831571e-02
2.625000000000000000e+00 6.646430257040979173e-02 -7.299343950977468798e-02
2.649999999999999911e+00 6.588749285954510759e-02 -7.242196628489719346e-02
2.674999999999999822e+00 6.529623980779558634e-02 -7.183307768974683816e-02
2.700000000000000178e+00 6.469063108639604154e-02 -7.122688869643140075e-02
2.725000000000000089e+00 6.407078651883836573e-02 -7.060355040988827713e-02
2.750000000000000000e+00 6.343685779215429976e-02 -6.996324961537161990e-02
2.774999999999999911e+00 6.278902807646125073e-02 -6.930620822899472011e-02
2.799999999999999822e+00 6.212751155492626104e-02 -6.863268265410482627e-02
2.825000000000000178e+00 6.145255286685315232e-02 -6.794296304675534470e-02
2.850000000000000089e+00 6.076442646707819195e-02 -6.723737249396805060e-02
2.875000000000000000e+00 6.006343590523870873e-02 -6.651626610882362123e-02
2.899999999999999911e+00 5.934991302873886265e-02 -6.578003004666477249e-02
2.924999999999999822e+00 5.862421711337319902e-02 -6.502908044684022060e-02
2.950000000000000178e+00 5.788673392559613023e-02 -6.426386230447039827e-02
2.975000000000000089e+00 5.713787472036727794e-02 -6.348484827669435837e-02
3.000000000000000000e+00 5.637807517839294597e-02 -6.269253742779300198e-02
3.024999999999999911e+00 5.560779428646230038e-02 -6.188745391750433145e-02
3.049999999999999822e+00 5.482751316447581624e-02 -6.107014563678252878e-02
3.075000000000000178e+00 5.403773384271673419e-02 -6.024118279522833186e-02
3.100000000000000089e+00 5.323897799294020211e-02 -5.940115646445030817e-02
3.125000000000000000e+00 5.243178561695804873e-02 -5.855067708170803159e-02
3.149999999999999911e+00 5.161671369657212100e-02 -5.769037291833725017e-02
3.174999999999999822e+00 5.079433480893895403e-02 -5.682088851764514892e-02
3.200000000000000178e+00 4.996523571170480987e-02 -5.594288310717047269e-02
3.225000000000000089e+00 4.913001590250095502e-02 -5.505702899040067905e-02
3.250000000000000000e+00 4.828928615760321591e-02 -5.416400992319996693e-02
3.274999999999999911e+00 4.744366705470688672e-02 -5.326451948030387629e-02
3.299999999999999822e+00 4.659378748482961852e-02 -5.235925941726120997e-02
3.325000000000000178e+00 4.574028315831987074e-02 -5.144893803314438963e-02
3.350000000000000089e+00 4.488379510982035137e-02 -5.053426853920536810e-02
3.375000000000000444e+00 4.402496820682636619e-02 -4.961596743843910140e-02
3.399999999999999911e+00 4.316444966621308527e-02 -4.869475292074620931e-02
3.424999999999999822e+00 4.230288758280849326e-02 -4.777134327808656850e-02
3.450000000000000622e+00 4.144092947379675318e-02 -4.684645534371241482e-02
3.475000000000000533e+00 4.057922084247154310e-02 -4.592080295928458594e-02
3.500000000000000000e+00 3.971840376464979422e-02 -4.499509547343120280e-02
3.524999999999999911e+00 3.885911550091408068e-02 -4.407003627511588834e-02
3.549999999999999822e+00 3.800198713778114162e-02 -4.314632136504594623e-02
3.575000000000000622e+00 3.714764226088739657e-02 -4.222463796826374238e-02
3.600000000000000089e+00 3.629669566332580782e-02 -4.130566319101951905e-02
3.625000000000000000e+00 3.544975209233501567e-02 -4.039006272499458261e-02
3.649999999999999911e+00 3.460740503760973558e-02 -3.947848960191751438e-02
3.674999999999999822e+00 3.377023556453749575e-02 -3.857158300156313807e-02
3.700000000000000622e+00 3.293881119565459509e-02 -3.766996711603275844e-02
3.725000000000000089e+00 3.211368484353271935e-02 -3.677425007306736604e-02
3.750000000000000000e+00 3.129539379814827438e-02 -3.588502292093675300e-02
3.774999999999999911e+00 3.048445877155698397e-02 -3.500285867718364724e-02
3.799999999999999822e+00 2.968138300239766061e-02 -3.412831144318312360e-02
3.825000000000000178e+00 2.888665142240789269e-02 -3.326191558612902333e-02
3.850000000000000089e+00 2.810072988676775435e-02 -3.240418498969061672e-02
3.875000000000000000e+00 2.732406446972104191e-02 -3.155561237422145615e-02
3.899999999999999911e+00 2.655708082658012059e-02 -3.071666868706223949e-02
3.924999999999999822e+00 2.580018362291533127e-02 -2.988780256317767267e-02
3.950000000000000178e+00 2.505375603147621741e-02 -2.906943985611243342e-02
3.975000000000000089e+00 2.431815929718978211e-02 -2.826198323904481266e-02
4.000000000000000000e+00 2.359373237042606750e-02 -2.746581187555490952e-02
4.025000000000000355e+00 2.288079160860050781e-02 -2.668128115959661484e-02
4.049999999999999822e+00 2.217963054607736614e-02 -2.590872252405374693e-02
4.075000000000000178e+00 2.149051973222911374e-02 -2.514844331715419823e-02
4.099999999999999645e+00 2.081370663737471330e-02 -2.440072674589657126e-02
4.125000000000000000e+00 2.014941562614575715e-02 -2.366583188549471056e-02
4.150000000000000355e+00 1.949784799760807819e-02 -2.294399375366294389e-02
4.174999999999999822e+00 1.885918209118931863e-02 -2.223542344833930387e-02
4.200000000000000178e+00 1.823357345713895461e-02 -2.154030834718544465e-02
4.224999999999999645e+00 1.762115508988652129e-02 -2.085881236691437823e-02
4.250000000000000000e+00 1.702203772228221001e-02 -2.019107628019699632e-02
4.275000000000000355e+00 1.643631017832686628e-02 -1.953721808760290266e-02
4.299999999999999822e+00 1.586403978164141818e-02 -1.889733344175453800e-02
4.325000000000000178e+00 1.530527281661412525e-02 -1.827149612063608958e-02
4.349999999999999645e+00 1.476003503890933183e-02 -1.765975854680878684e-02
4.375000000000000000e+00 1.422833223183329193e-02 -1.706215234915052503e-02
4.400000000000000355e+00 1.371015080493583407e-02 -1.647868896366311633e-02
4.424999999999999822e+00 1.320545843117172137e-02 -1.590936026986742094e-02
4.450000000000000178e+00 1.271420471894688792e-02 -1.535413925932986243e-02
4.474999999999999645e+00 1.223632191541300547e-02 -1.481298073291778539e-02
4.500000000000000000e+00 1.177172563743421330e-02 -1.428582202345230791e-02
4.525000000000000355e+00 1.132031562671628917e-02 -1.377258374050387667e-02
4.549999999999999822e+00 1.088197652564416688e-02 -1.327317053414169348e-02
4.575000000000000178e+00 1.045657867041361808e-02 -1.278747187450066276e-02
4.599999999999999645e+00 1.004397889805928000e-02 -1.231536284406153231e-02
4.625000000000000000e+00 9.644021363978844477e-03 -1.185670493955451668e-02
4.650000000000000355e+00 9.256538366539774146e-03 -1.141134688040144549e-02
4.674999999999999822e+00 8.881351175340609222e-03 -1.097912542061348258e-02
4.700000000000000178e+00 8.518270859700255090e-03 -1.055986616107511614e-02
4.724999999999999645e+00 8.167099113978159089e-03 -1.015338435918052874e-02
4.750000000000000000e+00 7.827629076398464822e-03 -9.759485732856076207e-03
4.775000000000000355e+00 7.499646138171882359e-03 -9.377967256110692623e-03
4.799999999999999822e+00 7.182928739880710400e-03 -9.008617943405260176e-03
4.825000000000000178e+00 6.877249152315518047e-03 -8.651219620322853771e-03
4.849999999999999645e+00 6.582374239216513129e-03 -8.305547678246380863e-03
4.875000000000000000e+00 6.298066199666486203e-03 -7.971371810998344534e-03
4.900000000000000355e+00 6.024083288191013109e-03 -7.648456731658257943e-03
4.924999999999999822e+00 5.760180510927174861e-03 -7.336562868030903697e-03
4.950000000000000178e+00 5.506110296510442759e-03 -7.035447035482675186e-03
4.974999999999999645e+00 5.261623140587528592e-03 -6.744863086082133856e-03
5.000000000000000000e+00 5.026468223082068525e-03 -6.464562533167979470e-03
5.025000000000000355e+00 4.800393997518572105e-03 -6.194295150621578414e-03
5.049999999999999822e+00 4.583148751848542188e-03 -5.933809546241976957e-03
5.075000000000000178e+00 4.374481140329505337e-03 -5.682853708716679823e-03
5.099999999999999645e+00 4.174140686092770065e-03 -5.441175527758724227e-03
5.125000000000000000e+00 3.981878254110870693e-03 -5.208523287050074307e-03
5.150000000000000355e+00 3.797446494354668207e-03 -4.984646129704253976e-03
5.174999999999999822e+00 3.620600255021553214e-03 -4.769294496044593733e-03
5.200000000000000178e+00 3.451096965829140908e-03 -4.562220533595936177e-03
5.224999999999999645e+00 3.288696991505246203e-03 -4.363178479308955048e-03
5.250000000000000000e+00 3.133163955763061150e-03 -4.171925014175634563e-03
5.275000000000000355e+00 2.984265036225078761e-03 -3.988219590548178380e-03
5.299999999999999822e+00 2.841771230939742904e-03 -3.811824732632246217e-03
5.325000000000000178e+00 2.705457597310235215e-03 -3.642506310780532167e-03
5.349999999999999645e+00 2.575103464412890116e-03 -3.480033790353592033e-03
5.375000000000000000e+00 2.450492619811939915e-03 -3.324180456032295623e-03
5.400000000000000355e+00 2.331413472070623539e-03 -3.174723612554185281e-03
5.424999999999999822e+00 2.217659190210421929e-03 -3.031444762899480894e-03
5.450000000000000178e+00 2.109027821381390284e-03 -2.894129764972598780e-03
5.474999999999999645e+00 2.005322387981289377e-03 -2.762568967814478266e-03
5.500000000000000000e+00 1.906350965407243095e-03 -2.636557328346640118e-03
5.525000000000000355e+00 1.811926741552718264e-03 -2.515894509598868602e-03
5.549999999999999822e+00 1.721868059085550134e-03 -2.400384961317866220e-03
5.575000000000000178e+00 1.635998441472067072e-03 -2.289837983804309147e-03
5.599999999999999645e+00 1.554146603657098656e-03 -2.184067775787958653e-03
5.625000000000000000e+00 1.476146448276307796e-03 -2.082893467130202732e-03
5.650000000000000355e+00 1.401837048268978186e-03 -1.986139137143280286e-03
5.674999999999999822e+00 1.331062616773857942e-03 -1.893633819333362476e-03
5.700000000000000178e+00 1.263672465223168121e-03 -1.805211493407381284e-03
5.724999999999999645e+00 1.199520950592248289e-03 -1.720711065423395636e-03
5.750000000000000000e+00 1.138467412804349725e-03 -1.639976337003852362e-03
5.775000000000000355e+00 1.080376103322334492e-03 -1.562855964561899033e-03
5.799999999999999822e+00 1.025116105972184114e-03 -1.489203409505509288e-03
5.825000000000000178e+00 9.725612510314075084e-04 -1.418876880377695129e-03
5.849999999999999645e+00 9.225900235753144857e-04 -1.351739267860647313e-03
5.875000000000000000e+00 8.750854670067456133e-04 -1.287658073518102315e-03
5.900000000000000355e+00 8.299350826045777613e-04 -1.226505333077244735e-03
5.924999999999999822e+00 7.870307258203973607e-04 -1.168157534964738920e-03
5.950000000000000178e+00 7.462684999408669348e-04 -1.112495534719455366e-03
5.974999999999999645e+00 7.075486476252863073e-04 -1.059404465814711141e-03
6.000000000000000000e+00 6.707754407332094503e-04 -1.008773647343787650e-03
6.025000000000000355e+00 6.358570687832040477e-04 -9.604964889600506447e-04
6.049999999999999822e+00 6.027055263354617973e-04 -9.144703934210419646e-04
6.075000000000000178e+00 5.712364995691338130e-04 -8.705966570656738538e-04
6.099999999999999645e+00 5.413692523275733188e-04 -8.287803685529459641e-04
6.125000000000000000e+00 5.130265119256172167e-04 -7.889303062051546264e-04
6.150000000000000355e+00 4.861343550447231048e-04 -7.509588343219204994e-04
6.174999999999999822e+00 4.606220940752524663e-04 -7.147817988560320511e-04
6.200000000000000178e+00 4.364221642915883667e-04 -6.803184228609303677e-04
6.224999999999999645e+00 4.134700122573330442e-04 -6.474912021262266022e-04
6.250000000000000000e+00 3.917039858494942434e-04 -6.162258014076385775e-04
6.275000000000000355e+00 3.710652262599823336e-04 -5.864509516293663158e-04
6.299999999999999822e+00 3.514975622810508071e-04 -5.580983483909732245e-04
6.325000000000000178e+00 3.329474071126403614e-04 -5.311025520507262976e-04
6.349999999999999645e+00 3.153636578505792233e-04 -5.054008895885646292e-04
6.375000000000000000e+00 2.986975977334185373e-04 -4.809333583811204729e-04
6.400000000000000355e+00 2.829028011506970757e-04 -4.576425319554737231e-04
6.424999999999999822e+00 2.679350413546351182e-04 -4.354734677341343249e-04
6.450000000000000178e+00 2.537522007760251381e-04 -4.143736167457048522e-04
6.474999999999999645e+00 2.403141838270753236e-04 -3.942927352568838858e-04
6.500000000000000000e+00 2.275828320789088032e-04 -3.751827982815594538e-04
6.525000000000000355e+00 2.155218417267138950e-04 -3.569979149399689052e-04
6.549999999999999822e+00 2.040966832955348916e-04 -3.396942456703611469e-04
6.575000000000000178e+00 1.932745235871922182e-04 -3.232299213315418390e-04
6.599999999999999645e+00 1.830241499157751891e-04 -3.075649642704741493e-04
6.625000000000000000e+00 1.733158967178011450e-04 -2.926612114582399110e-04
6.650000000000000355e+00 1.641215746471651757e-04 -2.784822398150645973e-04
6.674999999999999822e+00 1.554144022703431074e-04 -2.649932938471716813e-04
6.700000000000000178e+00 1.471689404625618964e-04 -2.521612157039433547e-04
6.724999999999999645e+00 1.393610295723509795e-04 -2.399543777342589787e-04
6.750000000000000888e+00 1.319677293742728440e-04 -2.283426175795578365e-04
6.775000000000001243e+00 1.249672617737997919e-04 -2.172971757929975396e-04
6.799999999999999822e+00 1.183389561715856523e-04 -2.067906359251732147e-04
6.825000000000001066e+00 1.120631973442112045e-04 -1.967968669732556692e-04
6.849999999999999645e+00 1.061213756612727283e-04 -1.872909680575726113e-04
6.875000000000000000e+00 1.004958394390894803e-04 -1.782492151712253541e-04
6.900000000000001243e+00 9.516984923159742097e-05 -1.696490098465304529e-04
6.924999999999999822e+00 9.012753387856619247e-05 -1.614688295961568324e-04
6.950000000000001066e+00 8.535384816717270662e-05 -1.536881800146282814e-04
6.974999999999999645e+00 8.083453200972887901e-05 -1.462875484628743097e-04
7.000000000000000000e+00 7.655607109155402039e-05 -1.392483592992680103e-04
7.025000000000001243e+00 7.250565899128804987e-05 -1.325529306594691679e-04
7.049999999999999822e+00 6.867116081484828853e-05 -1.261844328184966158e-04
7.075000000000001066e+00 6.504107840854979740e-05 -1.201268481879547894e-04
7.099999999999999645e+00 6.160451722347307785e-05 -1.143649330062036188e-04
7.125000000000000000e+00 5.835115489147284131e-05 -1.088841807693020436e-04
7.150000000000001243e+00 5.527121154520060043e-05 -1.036707874270814672e-04
7.174999999999999822e+00 5.235542187434730102e-05 -9.871161833525894181e-05
7.200000000000000178e+00 4.959500886388177823e-05 -9.399417691580753303e-05
7.224999999999999645e+00 4.698165911393363498e-05 -8.950657493932789681e-05
7.250000000000000000e+00 4.450749960177201385e-05 -8.523750431022114398e-05
7.275000000000001243e+00 4.216507571937794550e-05 -8.117621021267590331e-05
7.299999999999999822e+00 3.994733040934150424e-05 -7.731246546584904557e-05
7.325000000000000178e+00 3.784758422855729508e-05 -7.363654594153851575e-05
7.349999999999999645e+00 3.585951619252685679e-05 -7.013920691620702860e-05
7.375000000000000000e+00 3.397714528985801535e-05 -6.681166025900637151e-05
7.400000000000001243e+00 3.219481260164895760e-05 -6.364555239418779654e-05
7.424999999999999822e+00 3.050716400785937453e-05 -6.063294301511342366e-05
7.450000000000000178e+00 2.890913350607918160e-05 -5.776628456273001709e-05
7.474999999999999645e+00 2.739592720174575198e-05 -5.503840250910889908e-05
7.500000000000000000e+00 2.596300804835674215e-05 -5.244247650303722686e-05
7.525000000000000355e+00 2.460608141954379369e-05 -4.997202243763149382e-05
7.549999999999999822e+00 2.332108158170192032e-05 -4.762087548953236653e-05
7.575000000000000178e+00 2.210415910871415334e-05 -4.538317415725620505e-05
7.599999999999999645e+00 2.095166924305549082e-05 -4.325334529588616356e-05
7.625000000000000000e+00 1.986016116583839541e-05 -4.122609011125470885e-05
7.650000000000000355e+00 1.882636809800197864e-05 -3.929637104365048028e-05
7.674999999999999822e+00 1.784719812173289383e-05 -3.745939944388023644e-05
7.700000000000000178e+00 1.691972558979371174e-05 -3.571062392683162933e-05
7.724999999999999645e+00 1.604118298384179112e-05 -3.404571928216763063e-05
7.750000000000000000e+00 1.520895309180931772e-05 -3.246057582898246219e-05
7.775000000000000355e+00 1.442056139774047714e-05 -3.095128912033610685e-05
7.799999999999999822e+00 1.367366861193520040e-05 -2.951414993180450936e-05
7.825000000000000178e+00 1.296606330998240325e-05 -2.814563450165699776e-05
7.849999999999999645e+00 1.229565469082632006e-05 -2.684239502454659673e-05
7.875000000000000000e+00 1.166046550077860645e-05 -2.560125043093975676e-05
7.900000000000000355e+00 1.105862519740786173e-05 -2.441917750704999078e-05
7.924999999999999822e+00 1.048836344119617884e-05 -2.329330242175291872e-05
7.950000000000000178e+00 9.948004001982254865e-06 -2.222089272663102283e-05
7.974999999999999645e+00 9.435959151978448099e-06 -2.119934988313690958e-05
8.000000000000000000e+00 8.950724590022870911e-06 -2.022620234885617248e-05
8.025000000000000355e+00 8.490874906610660481e-06 -1.929909922628644787e-05
8.050000000000000711e+00 8.055059561228734811e-06 -1.841580444651668265e-05
8.074999999999999289e+00 7.641999308023015881e-06 -1.757419143110432413e-05
8.099999999999999645e+00 7.250482977718351547e-06 -1.677223815248009533e-05
8.125000000000000000e+00 6.879364506944933374e-06 -1.600802249938309041e-05
8.150000000000000355e+00 6.527560102927802078e-06 -1.527971785120815079e-05
8.175000000000000711e+00 6.194045442216274401e-06 -1.458558877392789705e-05
8.199999999999999289e+00 5.877852825212536189e-06 -1.392398676918276830e-05
8.224999999999999645e+00 5.578068240422217119e-06 -1.329334603463665047e-05
8.250000000000000000e+00 5.293828329154189421e-06 -1.269217922393686918e-05
8.275000000000000355e+00 5.024317277733573946e-06 -1.211907322472459349e-05
8.300000000000000711e+00 4.768763695244519880e-06 -1.157268499865676581e-05
8.324999999999999289e+00 4.526437556277826648e-06 -1.105173754535223667e-05
8.349999999999999645e+00 4.296647297252092694e-06 -1.055501605988745894e-05
8.375000000000000000e+00 4.078737150652360945e-06 -1.008136435026499617e-05
8.400000000000000355e+00 3.872084784749845681e-06 -9.629681567753385879e-06
8.425000000000000711e+00 3.676099289505412818e-06 -9.198919281143827980e-06
8.449999999999999289e+00 3.490219516372012760e-06 -8.788078899038464175e-06
8.474999999999999645e+00 3.313912745207445262e-06 -8.396209416029140084e-06
8.500000000000000000e+00 3.146673620341980131e-06 -8.022405433090141417e-06
8.525000000000000355e+00 2.988023274289761881e-06 -7.665805383121030936e-06
8.550000000000000711e+00 2.837508544899244920e-06 -7.325589882143494305e-06
8.574999999999999289e+00 2.694701191488555040e-06 -7.000980126374700781e-06
8.599999999999999645e+00 2.559197027718318570e-06 -6.691236265396546241e-06
8.625000000000000000e+00 2.430614911732816965e-06 -6.395655700322076916e-06
8.650000000000000355e+00 2.308595564304843573e-06 -6.113571280694640081e-06
8.675000000000000711e+00 2.192800219018373463e-06 -5.844349401288639232e-06
8.699999999999999289e+00 2.082909140448993225e-06 -5.587388026294861955e-06
8.724999999999999645e+00 1.978620072339054122e-06 -5.342114689973602843e-06
8.750000000000000000e+00 1.879646694555379120e-06 -5.107984536773079209e-06
8.775000000000000355e+00 1.785717172877901095e-06 -4.884478468490712254e-06
8.800000000000000711e+00 1.696572878868901712e-06 -4.671101460657028052e-06
8.824999999999999289e+00 1.611967339307222645e-06 -4.467381095845415458e-06
8.849999999999999645e+00 1.531665448559047577e-06 -4.272866340383611557e-06
8.875000000000000000e+00 1.455442946441982223e-06 -4.087126565614188591e-06
8.900000000000000355e+00 1.383086133062345576e-06 -3.909750789436447626e-06
8.925000000000000711e+00 1.314391764973438267e-06 -3.740347091480875256e-06
8.949999999999999289e+00 1.249167057570970378e-06 -3.578542139320572951e-06
8.974999999999999645e+00 1.187229709570371791e-06 -3.423980755541194679e-06
9.000000000000000000e+00 1.128407867726569532e-06 -3.276325457344041696e-06
9.025000000000000355e+00 1.072539963390969569e-06 -3.135255911319025770e-06
9.050000000000000711e+00 1.019474374924758114e-06 -3.000468264401175109e-06
9.074999999999999289e+00 9.690688983307691262e-07 -2.871674335327318664e-06
9.099999999999999645e+00 9.211900387398984575e-07 -2.748600675820658719e-06
9.125000000000000000e+00 8.757121633315759267e-07 -2.630987533765094660e-06
9.150000000000000355e+00 8.325165781864050259e-07 -2.518587768793749922e-06
9.175000000000000711e+00 7.914906043677992513e-07 -2.411165781353482260e-06
9.199999999999999289e+00 7.525267306966264442e-07 -2.308496518255616200e-06
9.224999999999999645e+00 7.155219119293666023e-07 -2.210364610672741302e-06
9.250000000000000000e+00 6.803770627419143502e-07 -2.116563685614373823e-06
9.275000000000000355e+00 6.469967727813760883e-07 -2.026895871355750425e-06
9.300000000000000711e+00 6.152892394910848128e-07 -1.941171493844493093e-06
9.324999999999999289e+00 5.851663875133519025e-07 -1.859208938188848268e-06
9.349999999999999645e+00 5.565441201218973013e-07 -1.780834630109803640e-06
9.375000000000000000e+00 5.293426323524070179e-07 -1.705883079155709192e-06
9.400000000000000355e+00 5.034867096216487996e-07 -1.634196920591624144e-06
9.425000000000000711e+00 4.789059401133653357e-07 -1.565626896461495989e-06
9.449999999999999289e+00 4.555347835703927702e-07 -1.500031728021631250e-06
9.474999999999999645e+00 4.333124610938671198e-07 -1.437277849789422421e-06
9.500000000000000000e+00 4.121826571266154169e-07 -1.377238997245022310e-06
9.525000000000000355e+00 3.920930522433815957e-07 -1.319795662822779204e-06
9.550000000000000711e+00 3.729947298123319749e-07 -1.264834455013917908e-06
9.574999999999999289e+00 3.548415178521607427e-07 -1.212247410458000926e-06
9.599999999999999645e+00 3.375893368699428798e-07 -1.161931316851487638e-06
9.625000000000000000e+00 3.211956239760209726e-07 -1.113787104211119626e-06
9.650000000000000355e+00 3.056188934093493323e-07 -1.067719353768453453e-06
9.675000000000000711e+00 2.908184750585261449e-07 -1.023635958653911793e-06
9.699999999999999289e+00 2.767544485084525717e-07 -9.814479508032929256e-07
9.724999999999999645e+00 2.633877638401817375e-07 -9.410694868870544438e-07
9.750000000000000000e+00 2.506805154838021717e-07 -9.024179656103087120e-07
9.775000000000000355e+00 2.385963154900039599e-07 -8.654142322110610930e-07
9.800000000000000711e+00 2.271007000863325230e-07 -8.299828156848346267e-07
9.824999999999999289e+00 2.161615002011283833e-07 -7.960521415209296256e-07
9.849999999999999645e+00 2.057491130241409531e-07 -7.635546678865910470e-07
9.875000000000000000e+00 1.958366265647837039e-07 -7.324269053814033164e-07
9.900000000000000355e+00 1.863997706533393963e-07 -7.026092980756430176e-07
9.925000000000000711e+00 1.774166925950556547e-07 -6.740459639019775369e-07
9.949999999999999289e+00 1.688675805131313804e-07 -6.466843129048268945e-07
9.974999999999999645e+00 1.607341787449796375e-07 -6.204745794533617164e-07
1.000000000000000000e+01 1.529992545830568504e-07 -5.953693168805649936e-07
1.002500000000000036e+01 1.456460822871867713e-07 -5.713229085751566765e-07
1.005000000000000071e+01 1.386580076437258184e-07 -5.482911474957147826e-07
1.007499999999999929e+01 1.320181449923704115e-07 -5.262309268252361345e-07
1.009999999999999964e+01 1.257092402468576423e-07 -5.051000694418805470e-07
1.012500000000000000e+01 1.197137104675442298e-07 -4.848573050540937804e-07
1.015000000000000036e+01 1.140138464283601670e-07 -4.654623839959418181e-07
1.017500000000000071e+01 1.085921425423712330e-07 -4.468762985153958908e-07
1.019999999999999929e+01 1.034317015574047845e-07 -4.290615683740454900e-07
1.022499999999999964e+01 9.851665193898031846e-08 -4.119825396791660644e-07
1.025000000000000000e+01 9.383251497008338339e-08 -3.956056450475538705e-07
1.027500000000000036e+01 8.936646644426710394e-08 -3.798995795534777597e-07
1.030000000000000071e+01 8.510745318728930570e-08 -3.648353594713307187e-07
1.032499999999999929e+01 8.104614532911902561e-08 -3.503862477887917503e-07
1.034999999999999964e+01 7.717472838826994428e-08 -3.365275494793287048e-07
1.037500000000000000e+01 7.348656151560951925e-08 -3.232362978787756546e-07
1.040000000000000036e+01 6.997574673437138043e-08 -3.104908687733018477e-07
1.042500000000000071e+01 6.663666603849155524e-08 -2.982705687873458499e-07
1.044999999999999929e+01 6.346354731620743414e-08 -2.865552481215396594e-07
1.047499999999999964e+01 6.045011566897777646e-08 -2.753249842045414965e-07
1.050000000000000000e+01 5.758937447860197805e-08 -2.645598728294233905e-07
1.052500000000000036e+01 5.487354241848350160e-08 -2.542399485094852907e-07
1.055000000000000071e+01 5.229415088877760927e-08 -2.443452379467449459e-07
1.057499999999999929e+01 4.984228431529218082e-08 -2.348559323695116252e-07
1.059999999999999964e+01 4.750892626979643972e-08 -2.257526484533893043e-07
1.062500000000000000e+01 4.528536023385802832e-08 -2.170167358197439365e-07
1.065000000000000036e+01 4.316356685661534748e-08 -2.086305833072824105e-07
1.067500000000000071e+01 4.113656071197164302e-08 -2.005778770452648733e-07
1.069999999999999929e+01 3.919861857919135848e-08 -1.928437706925786489e-07
1.072499999999999964e+01 3.734536678916053825e-08 -1.854149409116797098e-07
1.075000000000000000e+01 3.557371511071195415e-08 -1.782795174690523830e-07
1.077500000000000036e+01 3.388164603793622167e-08 -1.714268949660003159e-07
1.080000000000000071e+01 3.226788835259611774e-08 -1.648474496882479470e-07
1.082499999999999929e+01 3.073151967154639074e-08 -1.585321981214672080e-07
1.084999999999999964e+01 2.927155212776021129e-08 -1.524724415737584947e-07
1.087500000000000000e+01 2.788655729635254345e-08 -1.466594430213855525e-07
1.090000000000000036e+01 2.657438053745224414e-08 -1.410841775164756940e-07
1.092500000000000071e+01 2.533198222684104381e-08 -1.357371871376676129e-07
1.094999999999999929e+01 2.415542547501536550e-08 -1.306085568083137800e-07
1.097499999999999964e+01 2.304000957086690687e-08 -1.256880105921862405e-07
1.100000000000000000e+01 2.198052831255481857e-08 -1.209651115570469600e-07
1.102500000000000036e+01 2.097161532601829342e-08 -1.164295341836219411e-07
1.105000000000000071e+01 2.000812686944634234e-08 -1.120713687384484681e-07
1.107499999999999929e+01 1.908550792156955498e-08 -1.078814130104160181e-07
1.109999999999999964e+01 1.820009019024242180e-08 -1.038514090979776999e-07
1.112500000000000000e+01 1.734928063143595907e-08 -9.997419101039669125e-08
1.115000000000000036e+01 1.653161458608874940e-08 -9.624372155233765659e-08
1.117500000000000071e+01 1.574666667742481828e-08 -9.265501258211994733e-08
1.119999999999999929e+01 1.499483234939061101e-08 -8.920393897820717865e-08
1.122499999999999964e+01 1.427701076296249461e-08 -8.588697133725406330e-08
1.125000000000000000e+01 1.359423316674518281e-08 -8.270086352586621736e-08
1.127500000000000036e+01 1.294728801416529020e-08 -7.964233718954120875e-08
1.130000000000000071e+01 1.233639416004883773e-08 -7.670780543125612644e-08
1.132499999999999929e+01 1.176096636361768608e-08 -7.389317217715854290e-08
1.134999999999999964e+01 1.121950420432210770e-08 -7.119373296038608856e-08
1.137500000000000000e+01 1.070961820204085674e-08 -6.860418873022582381e-08
1.140000000000000036e+01 1.022818783876375574e-08 -6.611876854124581143e-08
1.142500000000000071e+01 9.771628027691355254e-09 -6.373144206714672901e-08
1.144999999999999929e+01 9.336225781896706478e-09 -6.143619064521495578e-08
1.147499999999999964e+01 8.918499489236321802e-09 -5.922729779803724982e-08
1.150000000000000000e+01 8.515530514141794922e-09 -5.709961787540556199e-08
1.152500000000000036e+01 8.125221114038329636e-09 -5.504878486846532540e-08
1.155000000000000071e+01 7.746443289353364331e-09 -5.307133213197821440e-08
1.157499999999999929e+01 7.379058592656905036e-09 -5.116470634058081836e-08
1.159999999999999964e+01 7.023806947648760848e-09 -4.932717381763866842e-08
1.162500000000000000e+01 6.682080715507165659e-09 -4.755763234488671276e-08
1.165000000000000036e+01 6.355615955074690162e-09 -4.585535451151398174e-08
1.167500000000000071e+01 6.046144053310561705e-09 -4.421969797713264285e-08
1.169999999999999929e+01 5.755052009293880531e-09 -4.264982231834928402e-08
1.172499999999999964e+01 5.483098056198257080e-09 -4.114445088991074655e-08
1.175000000000000000e+01 5.230221275321548422e-09 -3.970170964143421853e-08
1.177500000000000036e+01 4.995470519865435248e-09 -3.831906389800665295e-08
1.180000000000000071e+01 4.777061256149374028e-09 -3.699336044543920308e-08
1.182499999999999929e+01 4.572551186724402846e-09 -3.572096763545969990e-08
1.184999999999999964e+01 4.379109136361244979e-09 -3.449799276194364344e-08
1.187500000000000000e+01 4.193839050729504823e-09 -3.332054546530820072e-08
1.190000000000000036e+01 4.014113610399036952e-09 -3.218500984286112427e-08
1.192500000000000071e+01 3.837871076225845308e-09 -3.108828707519077295e-08
1.194999999999999929e+01 3.663834414748040862e-09 -3.002797479315942266e-08
1.197499999999999964e+01 3.491622911041982380e-09 -2.900245847418037391e-08
1.200000000000000000e+01 3.321741560653684514e-09 -2.801090254440143948e-08
1.202500000000000036e+01 3.155450609388012000e-09 -2.705314286406849346e-08
1.205000000000000071e+01 2.994534156037160410e-09 -2.612949590604761291e-08
1.207499999999999929e+01 2.841000571657832765e-09 -2.524051138331172768e-08
1.209999999999999964e+01 2.696756636029267975e-09 -2.438670265380340684e-08
1.212500000000000000e+01 2.563300607212396432e-09 -2.356829207408617360e-08
1.215000000000000036e+01 2.441476436385065205e-09 -2.278500609015888551e-08
1.217500000000000071e+01 2.331322546310320921e-09 -2.203594770611793481e-08
1.219999999999999929e+01 2.232035228556153890e-09 -2.131956304713467829e-08
1.222499999999999964e+01 2.142050697548128176e-09 -2.063370559468332983e-08
1.225000000000000000e+01 2.059233387747627452e-09 -1.997578813865464298e-08
1.227500000000000036e+01 1.981143482379257893e-09 -1.934300044722624590e-08
1.230000000000000071e+01 1.905345919553617632e-09 -1.873256174671799696e-08
1.232499999999999929e+01 1.829717697627262870e-09 -1.814197256945947514e-08
1.234999999999999964e+01 1.752710887788453713e-09 -1.756923088808531611e-08
1.237500000000000000e+01 1.673535238583898726e-09 -1.701298271260844705e-08
1.240000000000000036e+01 1.592235687007190343e-09 -1.647258663266818332e-08
1.242500000000000071e+01 1.509654833430534786e-09 -1.594808386911732454e-08
1.244999999999999929e+01 1.427286439109097738e-09 -1.544007856159153241e-08
1.247499999999999964e+01 1.347041061222079636e-09 -1.494954539240699371e-08
1.250000000000000000e+01 1.270956900688254975e-09 -1.447759158412024604e-08
1.252500000000000036e+01 1.200896297277895965e-09 -1.402520640561437539e-08
1.255000000000000071e+01 1.138269942007975334e-09 -1.359303279434626540e-08
1.257499999999999929e+01 1.083826721566894566e-09 -1.318119236206022217e-08
1.259999999999999964e+01 1.037537731270135559e-09 -1.278918744005812840e-08
1.262500000000000000e+01 9.985897102195046928e-10 -1.241589296362134686e-08
1.265000000000000036e+01 9.654879129193467584e-10 -1.205963845813002557e-08
1.267500000000000071e+01 9.362532724039649482e-10 -1.171836795607584519e-08
1.269999999999999929e+01 9.086857718445871938e-10 -1.138985495812298542e-08
1.272499999999999964e+01 8.806570198478894450e-10 -1.107194214336855133e-08
1.275000000000000000e+01 8.503912470046069300e-10 -1.076277234265159004e-08
1.277500000000000036e+01 8.166958941284262551e-10 -1.046097876718978011e-08
1.280000000000000071e+01 7.791102215534261226e-10 -1.016580838351274023e-08
1.282499999999999929e+01 7.379519808694909535e-10 -9.877161782923625527e-09
1.284999999999999964e+01 6.942564592002754641e-10 -9.595544585270468403e-09
1.287500000000000000e+01 6.496171392790372929e-10 -9.321937696102226374e-09
1.290000000000000036e+01 6.059507881265814600e-10 -9.057604929798120026e-09
1.292500000000000071e+01 5.652200561515213105e-10 -8.803865011545198634e-09
1.294999999999999929e+01 5.291523100017944959e-10 -8.561859714023438546e-09
1.297499999999999964e+01 4.989936366484377963e-10 -8.332350177836071584e-09
1.300000000000000000e+01 4.753317978109961761e-10 -8.115569298117379641e-09
1.302500000000000036e+01 4.580120967405041545e-10 -7.911150111043060067e-09
1.305000000000000071e+01 4.461570785554661216e-10 -7.718139430630046236e-09
1.307499999999999929e+01 4.382865308101638462e-10 -7.535094127697215899e-09
1.309999999999999964e+01 4.325203723301410217e-10 -7.360246019200223619e-09
1.312500000000000000e+01 4.268356978503552022e-10 -7.191711960206188642e-09
1.315000000000000036e+01 4.193419457675697395e-10 -7.027719653459961772e-09
1.317500000000000071e+01 4.085359330547357982e-10 -6.866817737967081569e-09
1.319999999999999929e+01 3.935015691033731287e-10 -6.708041143577234004e-09
1.322499999999999964e+01 3.740270086353121191e-10 -6.551009116912718259e-09
1.325000000000000000e+01 3.506236074608108887e-10 -6.395942791099718386e-09
1.327500000000000036e+01 3.244448068113883534e-10 -6.243600453276318856e-09
1.330000000000000071e+01 2.971169073751956409e-10 -6.095140016378587347e-09
1.332499999999999929e+01 2.705058228954372401e-10 -5.951928250104547773e-09
1.334999999999999964e+01 2.464526110812583986e-10 -5.815323527690627889e-09
1.337500000000000000e+01 2.265146118717722206e-10 -5.686462306987817228e-09
1.340000000000000036e+01 2.117480261082251611e-10 -5.566078832694998105e-09
1.342500000000000071e+01 2.025617217807750317e-10 -5.454382719411163681e-09
1.344999999999999929e+01 1.986619920829673545e-10 -5.351010877235660727e-09
1.347499999999999964e+01 1.990952384800369431e-10 -5.255059841010913927e-09
1.350000000000000178e+01 2.023819244562717684e-10 -5.165193373028775110e-09
1.352500000000000213e+01 2.067225855766911144e-10 -5.079809854765489677e-09
1.355000000000000249e+01 2.102467738998533304e-10 -4.997245774475405553e-09
1.357499999999999929e+01 2.112701897326136902e-10 -4.915986890354332018e-09
1.359999999999999964e+01 2.085242371156455663e-10 -4.834857678074225508e-09
1.362500000000000000e+01 2.013264384797846236e-10 -4.753162994235570505e-09
1.365000000000000213e+01 1.896685090029383150e-10 -4.670762659337565196e-09
1.367500000000000249e+01 1.742104681141224359e-10 -4.588069067439290827e-09
1.369999999999999929e+01 1.561823101364741248e-10 -4.505968708607093759e-09
1.372499999999999964e+01 1.372074998526563741e-10 -4.425678966439741982e-09
1.375000000000000000e+01 1.190733326229501780e-10 -4.348560449364936493e-09
1.377500000000000213e+01 1.034803759073457013e-10 -4.275911126194092206e-09
1.380000000000000249e+01 9.180584937930619551e-11 -4.208770839700576080e-09
1.382499999999999929e+01 8.491366923119400756e-11 -4.147763138427033434e-09
1.384999999999999964e+01 8.303712808190322501e-11 -4.092995991816442669e-09
1.387500000000000000e+01 8.574996863006291242e-11 -4.044034654608228958e-09
1.390000000000000213e+01 9.202923306500068714e-11 -3.999949854866596345e-09
1.392500000000000249e+01 1.004005097674186358e-10 -3.959434020065185932e-09
1.394999999999999929e+01 1.091448626494916181e-10 -3.920968915477679207e-09
1.397499999999999964e+01 1.165382950992232842e-10 -3.883021044690003415e-09
1.400000000000000000e+01 1.210903167469727281e-10 -3.844237507397454693e-09
1.402500000000000213e+01 1.217485187132141271e-10 -3.803615157564870533e-09
1.405000000000000249e+01 1.180410135703850509e-10 -3.760619770998285192e-09
1.407499999999999929e+01 1.101374081925680959e-10 -3.715239051335056471e-09
1.409999999999999964e+01 9.882039861768466112e-11 -3.667962559222966434e-09
1.412500000000000000e+01 8.537254210108660721e-11 -3.619691825710846863e-09
1.415000000000000213e+01 7.139449253906703319e-11 -3.571593561319952169e-09
1.417500000000000249e+01 5.858037263742531649e-11 -3.524916625241245182e-09
1.419999999999999929e+01 4.848175091595359620e-11 -3.480798324692937424e-09
1.422499999999999964e+01 4.229303396831359644e-11 -3.440086871677175872e-09
1.425000000000000000e+01 4.068790918060168930e-11 -3.403204402434142476e-09
1.427500000000000036e+01 4.372917902539351897e-11 -3.370069196941658792e-09
1.430000000000000249e+01 5.086397509797754009e-11 -3.340087373353913251e-09
1.432499999999999929e+01 6.100440346435135423e-11 -3.312214671290217709e-09
1.434999999999999964e+01 7.268180422994834787e-11 -3.285079258441339854e-09
1.437500000000000000e+01 8.425260310478070333e-11 -3.257148094747160623e-09
1.440000000000000036e+01 9.412674866299338961e-11 -3.226913574519824837e-09
1.442500000000000249e+01 1.009867003626119275e-10 -3.193074521847354756e-09
1.444999999999999929e+01 1.039664515957452778e-10 -3.154686672388417683e-09
1.447499999999999964e+01 1.027658212130001926e-10 -3.111262231432319556e-09
1.450000000000000000e+01 9.768434668656116897e-11 -3.062805366945184306e-09
1.452500000000000036e+01 8.957045040923261085e-11 -3.009779562190079813e-09
1.455000000000000249e+01 7.969333297766740601e-11 -2.953012273343154567e-09
1.457499999999999929e+01 6.955582497760526473e-11 -2.893551081025141946e-09
1.459999999999999964e+01 6.067459055110398660e-11 -2.832492217097127898e-09
1.462500000000000000e+01 5.435853161617181307e-11 -2.770806054800288587e-09
1.465000000000000036e+01 5.151645433359509273e-11 -2.709184471981632964e-09
1.467500000000000249e+01 5.252088462331236344e-11 -2.647931785288102423e-09
1.469999999999999929e+01 5.714710603870385290e-11 -2.586914750256592644e-09
1.472499999999999964e+01 6.459600859832813058e-11 -2.525578799000233849e-09
1.475000000000000000e+01 7.359771883632878827e-11 -2.463028363287212505e-09
1.477500000000000036e+01 8.258181967753368513e-11 -2.398160181198204509e-09
1.480000000000000249e+01 8.989078035366669031e-11 -2.329831059620966999e-09
1.482499999999999929e+01 9.400728921983685670e-11 -2.257036767427153737e-09
1.484999999999999964e+01 9.376430991767699620e-11 -2.179077163352716517e-09
1.487500000000000000e+01 8.850910317120317958e-11 -2.095684546816065343e-09
1.490000000000000036e+01 7.819880283245983948e-11 -2.007097270158168374e-09
1.492500000000000071e+01 6.341457162885848958e-11 -1.914068169504562761e-09
1.494999999999999929e+01 4.529248035191569687e-11 -1.817806290909708389e-09
1.497499999999999964e+01 2.538064032175101002e-11 -1.719859493730789183e-09
