# raxis[fm], SN, VN, SP, VP
2.101448349307773875e-07 1.036505162140480274e-01 1.088523022485556047e-01 9.729082000696756549e-02 1.018670698304129651e-01
2.500000000000000139e-02 1.036497185107608937e-01 1.088536416157803721e-01 9.729053120737336802e-02 1.018679766603743653e-01
5.000000000000000278e-02 1.036066809157171059e-01 1.088149392471540605e-01 9.725240927814426950e-02 1.018317246796360404e-01
7.499999999999999722e-02 1.035339141283749681e-01 1.087493665484640243e-01 9.718792915218366080e-02 1.017703288944050433e-01
1.000000000000000056e-01 1.034320253784699190e-01 1.086575023938499002e-01 9.709761936835378804e-02 1.016843052585753582e-01
1.250000000000000000e-01 1.033013691978815624e-01 1.085396651131598361e-01 9.698177649731173910e-02 1.015739332580761489e-01
1.499999999999999944e-01 1.031423211743341395e-01 1.083961753989137744e-01 9.684070966606547759e-02 1.014394913483590288e-01
1.749999999999999889e-01 1.029553254793908468e-01 1.082274135700790063e-01 9.667478371256719993e-02 1.012813092678964133e-01
2.000000000000000111e-01 1.027408960703903584e-01 1.080338183779939037e-01 9.648441998367557337e-02 1.010997667967692554e-01
2.250000000000000056e-01 1.024996209512428064e-01 1.078158913836935184e-01 9.627010034473897082e-02 1.008952978199523232e-01
2.500000000000000000e-01 1.022321625022394181e-01 1.075741991778627615e-01 9.603236759868719052e-02 1.006683924018037801e-01
2.750000000000000222e-01 1.019392524167430231e-01 1.073093668236945186e-01 9.577182089094579687e-02 1.004195907101729929e-01
2.999999999999999889e-01 1.016216966085250056e-01 1.070220852650311527e-01 9.548912049334011554e-02 1.001494899696599716e-01
3.250000000000000111e-01 1.012803616041185878e-01 1.067130982337760325e-01 9.518497522371835440e-02 9.985873223077797178e-02
3.499999999999999778e-01 1.009161729084349091e-01 1.063832005474608794e-01 9.486014125016757614e-02 9.954800294459725807e-02
3.750000000000000000e-01 1.005301150317506054e-01 1.060332362106021636e-01 9.451542231993537158e-02 9.921802927598312449e-02
4.000000000000000222e-01 1.001232454981518805e-01 1.056641132845000525e-01 9.415168308251532781e-02 9.886959399912546853e-02
4.249999999999999889e-01 9.969667835795789634e-02 1.052767927389131053e-01 9.376983408099197337e-02 9.850352523510806646e-02
4.500000000000000111e-01 9.925157880975910007e-02 1.048722810843033260e-01 9.337082710153316034e-02 9.812068978481204573e-02
4.749999999999999778e-01 9.878916099537156381e-02 1.044516273820716434e-01 9.295565352080771560e-02 9.772199053222282994e-02
5.000000000000000000e-01 9.831068851174334933e-02 1.040159257367721246e-01 9.252534520585625755e-02 9.730836897627856419e-02
5.250000000000000222e-01 9.781746545632841183e-02 1.035663075439412356e-01 9.208096660512572751e-02 9.688079822191869583e-02
5.500000000000000444e-01 9.731083629212451680e-02 1.031039403940417071e-01 9.162361516170795805e-02 9.644028225503885332e-02
5.749999999999999556e-01 9.679217765939608642e-02 1.026300225784961967e-01 9.115441410992423943e-02 9.598785106517508658e-02
5.999999999999999778e-01 9.626289786274139226e-02 1.021457802577021290e-01 9.067451269514564816e-02 9.552455836020409818e-02
6.250000000000000000e-01 9.572443164220238720e-02 1.016524666375736435e-01 9.018508189187060542e-02 9.505148126370850659e-02
6.500000000000000222e-01 9.517823160347416156e-02 1.011513511548392946e-01 8.968730700880185591e-02 9.456971054110450969e-02
6.750000000000000444e-01 9.462576985766342486e-02 1.006437219838217656e-01 8.918238993391844338e-02 9.408035335598596838e-02
6.999999999999999556e-01 9.406852662734326020e-02 1.001308778837138452e-01 8.867153917546102826e-02 9.358452622695319356e-02
7.249999999999999778e-01 9.350798919162044143e-02 9.961412379297059083e-02 8.815596974358178017e-02 9.308335135048348419e-02
7.500000000000000000e-01 9.294564301373725579e-02 9.909476660123370251e-02 8.763689540348906792e-02 9.257795317527098278e-02
7.750000000000000222e-01 9.238296680725426036e-02 9.857410784207505661e-02 8.711552508150725849e-02 9.206945221223314380e-02
8.000000000000000444e-01 9.182143268631608179e-02 9.805344406764919529e-02 8.659306388928955656e-02 9.155896592323931049e-02
8.249999999999999556e-01 9.126249602466325606e-02 9.753405920526134198e-02 8.607070431266430899e-02 9.104760213214591058e-02
8.499999999999999778e-01 9.070759481111666245e-02 9.701722196783608976e-02 8.554962658808948350e-02 9.053645717825260786e-02
8.750000000000000000e-01 9.015814148040610099e-02 9.650418262142963777e-02 8.503099156221455290e-02 9.002661359881154735e-02
9.000000000000000222e-01 8.961551277129324589e-02 9.599616058962265330e-02 8.451593238939501818e-02 8.951912921408382295e-02
9.250000000000001554e-01 8.908104991174550791e-02 9.549434303368427301e-02 8.400555557079820990e-02 8.901503621662336385e-02
9.499999999999999556e-01 8.855605160845511636e-02 9.499988177527556032e-02 8.350093502003386181e-02 8.851533910904429980e-02
9.749999999999999778e-01 8.804176818989806197e-02 9.451388581485345441e-02 8.300310756118642330e-02 8.802100825788915228e-02
1.000000000000000000e+00 8.753939896933797538e-02 9.403741925291962678e-02 8.251307110855400639e-02 8.753297841037062377e-02
1.024999999999999911e+00 8.705008499733178640e-02 9.357149608793148554e-02 8.203177867421748704e-02 8.705214467848881865e-02
1.050000000000000044e+00 8.657490351710418752e-02 9.311707254991398452e-02 8.156013381405652352e-02 8.657935547159012479e-02
1.074999999999999956e+00 8.611486799306140860e-02 9.267504858714999127e-02 8.109899152884017526e-02 8.611541469019605433e-02
1.100000000000000089e+00 8.567092001291339021e-02 9.224626070045482962e-02 8.064915116925348848e-02 8.566107551451811186e-02
1.125000000000000000e+00 8.524392698079648334e-02 9.183147851134805528e-02 8.021135476274984799e-02 8.521703726056090167e-02
1.149999999999999911e+00 8.483468051625575601e-02 9.143140423831902508e-02 7.978628620040313646e-02 8.478394558566876293e-02
1.175000000000000044e+00 8.444389109444695729e-02 9.104666821368277707e-02 7.937456626939032311e-02 8.436238841976244351e-02
1.199999999999999956e+00 8.407218509483302404e-02 9.067782485381978286e-02 7.897675062391103229e-02 8.395289240903568151e-02
1.225000000000000089e+00 8.372010478658023502e-02 9.032535350775858229e-02 7.859332989247592993e-02 8.355592392763336318e-02
1.250000000000000000e+00 8.338810151826855921e-02 8.998965281156412477e-02 7.822472304024584433e-02 8.317188396775360149e-02
1.274999999999999911e+00 8.307653496442425622e-02 8.967103840340576171e-02 7.787127760881829008e-02 8.280110623838676798e-02
1.300000000000000044e+00 8.278567380618566396e-02 8.936974362500878233e-02 7.753327010973271038e-02 8.244385731812998996e-02
1.324999999999999956e+00 8.251569593222923826e-02 8.908592069962377458e-02 7.721090590683724053e-02 8.210033775514916088e-02
1.350000000000000089e+00 8.226668472166503987e-02 8.881963779800446102e-02 7.690431536673701662e-02 8.177067955062000681e-02
1.375000000000000000e+00 8.203862753745536085e-02 8.857087625171827794e-02 7.661355279847045785e-02 8.145494320905620478e-02
1.399999999999999911e+00 8.183142027085497927e-02 8.833953449662958202e-02 7.633860050129354091e-02 8.115312053451732843e-02
1.425000000000000044e+00 8.164486798550885105e-02 8.812543052392469989e-02 7.607936817370493376e-02 8.086513702906554524e-02
1.449999999999999956e+00 8.147868361474316923e-02 8.792829937834127640e-02 7.583569189501507268e-02 8.059084902089493074e-02
1.475000000000000089e+00 8.133249237595401027e-02 8.774779790824283054e-02 7.560733724272926393e-02 8.033004745489487342e-02
1.500000000000000000e+00 8.120582858040374663e-02 8.758350195223535417e-02 7.539399615082374717e-02 8.008245590671791980e-02
1.524999999999999911e+00 8.109814297693822283e-02 8.743491124820250426e-02 7.519529410576734907e-02 7.984773275933730596e-02
1.550000000000000044e+00 8.100880922686770624e-02 8.730145850864279300e-02 7.501079317177118677e-02 7.962547976118665438e-02
1.574999999999999956e+00 8.093711702519000573e-02 8.718250166930464895e-02 7.483998561407914640e-02 7.941523477606172998e-02
1.600000000000000089e+00 8.088227994333553605e-02 8.707733028796203756e-02 7.468230124683131188e-02 7.921647606169744671e-02
1.625000000000000000e+00 8.084343776763247558e-02 8.698516866659675162e-02 7.453710768670739062e-02 7.902862504056042126e-02
1.649999999999999911e+00 8.081965741437344142e-02 8.690517624194983581e-02 7.440371042940070734e-02 7.885104607201359750e-02
1.675000000000000044e+00 8.080993728322641290e-02 8.683645068655088117e-02 7.428135751244820117e-02 7.868304829918797150e-02
1.699999999999999956e+00 8.081321967046264931e-02 8.677804039637539157e-02 7.416925012726231781e-02 7.852389658461363109e-02
1.725000000000000311e+00 8.082839024654932258e-02 8.672894454516792695e-02 7.406653870409503349e-02 7.837281094385729896e-02
1.750000000000000000e+00 8.085428045983969469e-02 8.668811394205269694e-02 7.397232660108023217e-02 7.822896671545617742e-02
1.774999999999999911e+00 8.088967736852986645e-02 8.665446050937306022e-02 7.388567834504851384e-02 7.809150239060262677e-02
1.800000000000000044e+00 8.093332793751398246e-02 8.662686152828703856e-02 7.380562113446599570e-02 7.795952253504487284e-02
1.824999999999999956e+00 8.098394327235547419e-02 8.660416308988455603e-02 7.373114903279345822e-02 7.783210091768494321e-02
1.850000000000000311e+00 8.104020498209764389e-02 8.658518586458976984e-02 7.366122805709893195e-02 7.770828505415383614e-02
1.875000000000000000e+00 8.110076763535878364e-02 8.656872749561519975e-02 7.359479687203876463e-02 7.758709867199320431e-02
1.899999999999999911e+00 8.116426120960396062e-02 8.655356357033174020e-02 7.353076939250882682e-02 7.746754083589324491e-02
1.925000000000000044e+00 8.122930347514094318e-02 8.653845969907360269e-02 7.346804543606154370e-02 7.734859692035631062e-02
1.949999999999999956e+00 8.129449961898896349e-02 8.652217115360073818e-02 7.340550893457055415e-02 7.722923904993395094e-02
1.975000000000000089e+00 8.135844794983970729e-02 8.650344696748070439e-02 7.334203380106435466e-02 7.710842804382624094e-02
2.000000000000000000e+00 8.141974729722252502e-02 8.648103740725233968e-02 7.327648913163502253e-02 7.698512054708149532e-02
2.024999999999999911e+00 8.147699802283774051e-02 8.645369428182164695e-02 7.320774032814582333e-02 7.685826966406497651e-02
2.049999999999999822e+00 8.152880976347733066e-02 8.642017746030709879e-02 7.313465626261674013e-02 7.672682972035343996e-02
2.075000000000000178e+00 8.157380712146583557e-02 8.637926063216364025e-02 7.305611315401633332e-02 7.658976189525450173e-02
2.100000000000000089e+00 8.161063182626113188e-02 8.632973275326298601e-02 7.297099697175012112e-02 7.644603594257076695e-02
2.125000000000000000e+00 8.163794744032767947e-02 8.627040200281141380e-02 7.287820741579463524e-02 7.629463330842330138e-02
2.149999999999999911e+00 8.165444368709190437e-02 8.620009949037410468e-02 7.277666179207761821e-02 7.613455057710634410e-02
2.174999999999999822e+00 8.165884067905415655e-02 8.611768327286208058e-02 7.266529863537911360e-02 7.596480353596592183e-02
2.200000000000000178e+00 8.164989156705222684e-02 8.602204013642525404e-02 7.254308072626429460e-02 7.578442907699420306e-02
2.225000000000000089e+00 8.162638774438714384e-02 8.591209031093796633e-02 7.240899879169186704e-02 7.559248857046955983e-02
2.250000000000000000e+00 8.158716083541631137e-02 8.578678938072939464e-02 7.226207391969884097e-02 7.538807085471056768e-02
2.274999999999999911e+00 8.153108761448175923e-02 8.564513220845058894e-02 7.210136288183131847e-02 7.517029613102060859e-02
2.299999999999999822e+00 8.145709127263225935e-02 8.548615488054656097e-02 7.192595846074936738e-02 7.493831808008591389e-02
2.325000000000000178e+00 8.136414246703564668e-02 8.530893430633322561e-02 7.173499084702772421e-02 7.469132292535340945e-02
2.350000000000000089e+00 8.125126403978762124e-02 8.511259339387726441e-02 7.152763223051132602e-02 7.442853522824587065e-02
2.375000000000000000e+00 8.111753253084728887e-02 8.489630157375935293e-02 7.130309928549477538e-02 7.414921902269426546e-02
2.399999999999999911e+00 8.096208198985650750e-02 8.465927894799198106e-02 7.106065547291583184e-02 7.385268078438873840e-02
2.424999999999999822e+00 8.078410195201164712e-02 8.440079472847022979e-02 7.079961018626368396e-02 7.353826955851597291e-02
2.450000000000000178e+00 8.058284240079909011e-02 8.412017067110387492e-02 7.051932411537345513e-02 7.320538002771016795e-02
2.475000000000000089e+00 8.035761257695325788e-02 8.381678121333019371e-02 7.021920758439058330e-02 7.285345292757121338e-02
2.500000000000000000e+00 8.010778706874045751e-02 8.349005607227202863e-02 6.989872708934397050e-02 7.248197660119089225e-02
2.524999999999999911e+00 7.983280659625660580e-02 8.313948885550050127e-02 6.955740609940476438e-02 7.209049903533665260e-02
2.549999999999999822e+00 7.953216379870844954e-02 8.276461792833837705e-02 6.919481267256129275e-02 7.167860822548165201e-02
2.575000000000000178e+00 7.920541880205178575e-02 8.236503754899571206e-02 6.881057368861719092e-02 7.124594035770995260e-02
2.600000000000000089e+00 7.885219892755117310e-02 8.194040519692503965e-02 6.840437519991743320e-02 7.079219055913786585e-02
2.625000000000000000e+00 7.847219706866763456e-02 8.149043643317908925e-02 6.797596128000459037e-02 7.031710690474744785e-02
2.649999999999999911e+00 7.806517113972033517e-02 8.101490612056297391e-02 6.752513330649782819e-02 6.982049187330915951e-02
2.674999999999999822e+00 7.763094385627589133e-02 8.051364830394906746e-02 6.705175082740599812e-02 6.930220314428262030e-02
2.700000000000000178e+00 7.716940267787554542e-02 7.998655548321222108e-02 6.655573156694388759e-02 6.876215265219859374e-02
2.725000000000000089e+00 7.668049857154263238e-02 7.943357869865431964e-02 6.603705025223396974e-02 6.820030683402299176e-02
2.750000000000000000e+00 7.616424484808569095e-02 7.885472662660641952e-02 6.549573812189782296e-02 6.761668630868682139e-02
2.774999999999999911e+00 7.562071718693308409e-02 7.825006511072615800e-02 6.493188321339199431e-02 6.701136539906310530e-02
2.799999999999999822e+00 7.505005527301054913e-02 7.761971883069097855e-02 6.434563227814470154e-02 6.638447392839176564e-02
2.825000000000000178e+00 7.445245888313541116e-02 7.696387012939842620e-02 6.373718672850020583e-02 6.573619615703697738e-02
2.850000000000000089e+00 7.382818654966454008e-02 7.628275566321754408e-02 6.310680216665501274e-02 6.506676784784946876e-02
2.875000000000000000e+00 7.317755887034606277e-02 7.557667006725567183e-02 6.245479147853080781e-02 6.437647959241171725e-02
2.899999999999999911e+00 7.250095177388483914e-02 7.484596208776939097e-02 6.178151834195066278e-02 6.366567332129625945e-02
2.924999999999999822e+00 7.179879899432244084e-02 7.409103469141774256e-02 6.108740026174008103e-02 6.293474260565558309e-02
2.950000000000000178e+00 7.107158850724100418e-02 7.331234315874861351e-02 6.037290459291786565e-02 6.218413039527864727e-02
2.975000000000000089e+00 7.031985869332268990e-02 7.251039294049152484e-02 5.963854530354954775e-02 6.141432727197327496e-02
3.000000000000000000e+00 6.954419911718379144e-02 7.168573825216763284e-02 5.888488431269048307e-02 6.062587037748858737e-02
3.024999999999999911e+00 6.874524905902069938e-02 7.083898120003154220e-02 5.811252946907098649e-02 5.981934195958973910e-02
3.049999999999999822e+00 6.792369527898588222e-02 6.997077075639347721e-02 5.732213274270350767e-02 5.899536854401266073e-02
3.075000000000000178e+00 6.708026885346221602e-02 6.908180119896516203e-02 5.651438703189736595e-02 5.815461949566269606e-02
3.100000000000000089e+00 6.621574223624994426e-02 6.817280718723944810e-02 5.569002352596383321e-02 5.729780215537357002e-02
3.125000000000000000e+00 6.533093018595677315e-02 6.724456326587170685e-02 5.484981219330753444e-02 5.642566067954374320e-02
3.149999999999999911e+00 6.442668757340526409e-02 6.629788752969317800e-02 5.399455976241063215e-02 5.553897994398852150e-02
3.174999999999999822e+00 6.350390329894035901e-02 6.533363252672096111e-02 5.312510415527404994e-02 5.463857679004906903e-02
3.200000000000000178e+00 6.256349988041236265e-02 6.435268407834045246e-02 5.224231374272203521e-02 5.372529844154946832e-02
3.225000000000000089e+00 6.160642825653851046e-02 6.335595819336267698e-02 5.134708229985925770e-02 5.280001947592329742e-02
3.250000000000000000e+00 6.063366873900571247e-02 6.234439883846126101e-02 5.044032976964207826e-02 5.186363938366667786e-02
3.274999999999999911e+00 5.964622993357664160e-02 6.131898015945488195e-02 4.952300078352898927e-02 5.091708431269885426e-02
3.299999999999999822e+00 5.864514186774975879e-02 6.028069943067038833e-02 4.859605818930545773e-02 4.996130031909826186e-02
3.325000000000000178e+00 5.763145749032880932e-02 5.923057721418606425e-02 4.766048421824698594e-02 4.899725318571639121e-02
3.350000000000000089e+00 5.660624733201053554e-02 5.816965385137436856e-02 4.671727521833938385e-02 4.802592488858861003e-02
3.375000000000000444e+00 5.557059666409704807e-02 5.709898516253956308e-02 4.576743879583294178e-02 4.704830927765102366e-02
3.399999999999999911e+00 5.452560485816461411e-02 5.601964190656372883e-02 4.481199287405187442e-02 4.606541122833352625e-02
3.424999999999999822e+00 5.347238059612594713e-02 5.493270655390835450e-02 4.385196097925912750e-02 4.507824334971878566e-02
3.450000000000000622e+00 5.241203972458954863e-02 5.383926960404409462e-02 4.288837009717078042e-02 4.408782237343639859e-02
3.475000000000000533e+00 5.134570335723257634e-02 5.274042804136892110e-02 4.192224846954070022e-02 4.309516728011458103e-02
3.500000000000000000e+00 5.027449454207101598e-02 5.163728195329861381e-02 4.095462234554374248e-02 4.210129593827027089e-02
3.524999999999999911e+00 4.919953642912813785e-02 5.053093281465070169e-02 3.998651392646337954e-02 4.110722316973507845e-02
3.549999999999999822e+00 4.812194897519520009e-02 4.942247994150705814e-02 3.901893808701960981e-02 4.011395723991744572e-02
3.575000000000000622e+00 4.704284668687686022e-02 4.831301967789671664e-02 3.805290005331315312e-02 3.912249881369219556e-02
3.600000000000000089e+00 4.596333395744639505e-02 4.720363948730639525e-02 3.708939107479884700e-02 3.813383548886742358e-02
3.625000000000000000e+00 4.488450496657783034e-02 4.609541647324781610e-02 3.612938792406115290e-02 3.714894001105225468e-02
3.649999999999999911e+00 4.380743883263476385e-02 4.498941522125669834e-02 3.517384832727923211e-02 3.616876817377129988e-02
3.674999999999999822e+00 4.273319902897667472e-02 4.388668607675955818e-02 3.422371036065814665e-02 3.519425712003781265e-02
3.700000000000000622e+00 4.166283217577221309e-02 4.278826104227927835e-02 3.327989105506674872e-02 3.422632138101616706e-02
3.725000000000000089e+00 4.059736362903531431e-02 4.169515451103275594e-02 3.234328215468820072e-02 3.326585322822864232e-02
3.750000000000000000e+00 3.953779196824258602e-02 4.060835645135973948e-02 3.141474555628415849e-02 3.231371689730373753e-02
3.774999999999999911e+00 3.848509400822501536e-02 3.952883240493377387e-02 3.049511735005022359e-02 3.137074820807383979e-02
3.799999999999999822e+00 3.744021814548431637e-02 3.845752219771433195e-02 2.958520182521916231e-02 3.043775329480538985e-02
3.825000000000000178e+00 3.640408284978877834e-02 3.739533751464289152e-02 2.868577029944693185e-02 2.951550660446905505e-02
3.850000000000000089e+00 3.537757439765443906e-02 3.634315861455139629e-02 2.779755914482807608e-02 2.860474803497539339e-02
3.875000000000000000e+00 3.436154499480342794e-02 3.530183274745279237e-02 2.692126820892927833e-02 2.770618159458581101e-02
3.899999999999999911e+00 3.335681332038154673e-02 3.427217340793074773e-02 2.605756135755628311e-02 2.682047480429075592e-02
3.924999999999999822e+00 3.236416029756366414e-02 3.325495731988072773e-02 2.520706286876716815e-02 2.594825615194065738e-02
3.950000000000000178e+00 3.138433001386588261e-02 3.225092519337680042e-02 2.437035845831993230e-02 2.509011595622852656e-02
3.975000000000000089e+00 3.041802802990963006e-02 3.126077956006032693e-02 2.354799396025920866e-02 2.424660464653324507e-02
4.000000000000000000e+00 2.946591834307885072e-02 3.028518413459891159e-02 2.274047307977567628e-02 2.341823252661213647e-02
4.025000000000000355e+00 2.852862324004924038e-02 2.932476010761360039e-02 2.194825764278479294e-02 2.260546697361277835e-02
4.049999999999999822e+00 2.760672296082700497e-02 2.838008733778664069e-02 2.117176746754537847e-02 2.180873364034276868e-02
4.075000000000000178e+00 2.670075544068805165e-02 2.745170377530227815e-02 2.041138058419295423e-02 2.102841636871586109e-02
4.099999999999999645e+00 2.581121639888765001e-02 2.654010539101454152e-02 1.966743361379432939e-02 2.026485742782870372e-02
4.125000000000000000e+00 2.493855632390569108e-02 2.564574407973928272e-02 1.894021972798070469e-02 1.951835624679306921e-02
4.150000000000000355e+00 2.408318275674577527e-02 2.476902888133658207e-02 1.822999099201643228e-02 1.878917084442580793e-02
4.174999999999999822e+00 2.324545990185874350e-02 2.391032588901759182e-02 1.753695850455830318e-02 1.807751823063425550e-02
4.200000000000000178e+00 2.242570797888731801e-02 2.306995725475157952e-02 1.686129232809139428e-02 1.738357403792408634e-02
4.224999999999999645e+00 2.162420531842578278e-02 2.224820282145848274e-02 1.620312370521189912e-02 1.670747436417508239e-02
4.250000000000000000e+00 2.084118764229583171e-02 2.144530096253829954e-02 1.556254495182400957e-02 1.604931693821188068e-02
4.275000000000000355e+00 2.007684749130899185e-02 2.066144715958771055e-02 1.493960962797430923e-02 1.540916058973258555e-02
4.299999999999999822e+00 1.933133711706830002e-02 1.989679602501373545e-02 1.433433536037851536e-02 1.478702736893301901e-02
4.325000000000000178e+00 1.860476837359404875e-02 1.915146195751202263e-02 1.374670432010310916e-02 1.418290364808309431e-02
4.349999999999999645e+00 1.789721422915482515e-02 1.842552055075824535e-02 1.317666495516254220e-02 1.359674178036856217e-02
4.375000000000000000e+00 1.720870924276498778e-02 1.771900901855236882e-02 1.262413295781277846e-02 1.302846102648384276e-02
4.400000000000000355e+00 1.653925163583499364e-02 1.703192749544171769e-02 1.208899341000837548e-02 1.247794910406582920e-02
4.424999999999999822e+00 1.588880430509715183e-02 1.636424107367906097e-02 1.157110214336743229e-02 1.194506435260142899e-02
4.450000000000000178e+00 1.525729635253073729e-02 1.571588065022709937e-02 1.107028746964755159e-02 1.142963694989908123e-02
4.474999999999999645e+00 1.464462468322390472e-02 1.508674465526996418e-02 1.058635192897546505e-02 1.093147077657995354e-02
4.500000000000000000e+00 1.405065553017079832e-02 1.447670056726311702e-02 1.011907399163958741e-02 1.045034511624875345e-02
4.525000000000000355e+00 1.347522619767084137e-02 1.388558656416495965e-02 9.668209882250226525e-03 9.986016429218980139e-03
4.549999999999999822e+00 1.291814682646247325e-02 1.331321331988226560e-02 9.233495423938052615e-03 9.538220223176088752e-03
4.575000000000000178e+00 1.237920201616363874e-02 1.275936559122186481e-02 8.814647707543176933e-03 9.106672733401996803e-03
4.599999999999999645e+00 1.185815261674616310e-02 1.222380395559288443e-02 8.411366889994166887e-03 8.691072681857552398e-03
4.625000000000000000e+00 1.135473770183821791e-02 1.170626676251517763e-02 8.023338101554472815e-03 8.291103185827283437e-03
4.650000000000000355e+00 1.086867609704477225e-02 1.120647171980512433e-02 7.650232954903787852e-03 7.906433343644785408e-03
4.674999999999999822e+00 1.039966831491798485e-02 1.072411770653461556e-02 7.291711368464426704e-03 7.536719968416244649e-03
4.700000000000000178e+00 9.947398290756725645e-03 1.025888666638689363e-02 6.947423186433795798e-03 7.181609351766371496e-03
4.724999999999999645e+00 9.511535045897554635e-03 9.810445130700241531e-03 6.617009705147355522e-03 6.840738714450706782e-03
4.750000000000000000e+00 9.091734561665235775e-03 9.378446106766457138e-03 6.300105331943763563e-03 6.513737885993289498e-03
4.775000000000000355e+00 8.687641260141749575e-03 8.962530705954785751e-03 5.996338944651017494e-03 6.200230780910696501e-03
4.799999999999999822e+00 8.298889639303145410e-03 8.562329619295356783e-03 5.705335302936950445e-03 5.899836724967209844e-03
4.825000000000000178e+00 7.925105932747353310e-03 8.177464852219288802e-03 5.426716445350163696e-03 5.612171928117871619e-03
4.849999999999999645e+00 7.565909557557629408e-03 7.807551224470191814e-03 5.160102916328116428e-03 5.336850760652897194e-03
4.875000000000000000e+00 7.220914480506869688e-03 7.452197698958603483e-03 4.905114897979701363e-03 5.073486877564258556e-03
4.900000000000000355e+00 6.889730771856316868e-03 7.111008951410164453e-03 4.661373447337720591e-03 4.821694483559839373e-03
4.924999999999999822e+00 6.571965735632520969e-03 6.783586633671582523e-03 4.428501410283664300e-03 4.581089354250523875e-03
4.950000000000000178e+00 6.267225177504952109e-03 6.469530513570164940e-03 4.206124396067678975e-03 4.351289742009315474e-03
4.974999999999999645e+00 5.975114648357750420e-03 6.168439788275303926e-03 3.993871711349173542e-03 4.131917370748327580e-03
5.000000000000000000e+00 5.695240417449322357e-03 5.879914175361121431e-03 3.791377092682983972e-03 3.922598260730337724e-03
5.025000000000000355e+00 5.427210550633538785e-03 5.603554875923680983e-03 3.598279477093868119e-03 3.722963435493157301e-03
5.049999999999999822e+00 5.170635850325742792e-03 5.338965638729295353e-03 3.414223657340843300e-03 3.532649675878972266e-03
5.075000000000000178e+00 4.925130652202541759e-03 5.085753576366333281e-03 3.238860824223523723e-03 3.351300083797516434e-03
5.099999999999999645e+00 4.690313632272255159e-03 4.843529942184438171e-03 3.071849095565095094e-03 3.178564601036805437e-03
5.125000000000000000e+00 4.465808573325412249e-03 4.611910955416650623e-03 2.912853998763632966e-03 3.014100541828625395e-03
5.150000000000000355e+00 4.251244975885380695e-03 4.390518460353739008e-03 2.761548835540941944e-03 2.857572997485807124e-03
5.174999999999999822e+00 4.046258629155496424e-03 4.178980482664123620e-03 2.617615004202111968e-03 2.708655156195270176e-03
5.200000000000000178e+00 3.850492120795871200e-03 3.976931793247517541e-03 2.480742268091329708e-03 2.567028615018248847e-03
5.224999999999999645e+00 3.663595289841433365e-03 3.784014370948709724e-03 2.350628976296696270e-03 2.432383611910384109e-03
5.250000000000000000e+00 3.485225662444562961e-03 3.599877842893362771e-03 2.226982265700584544e-03 2.304419233425943764e-03
5.275000000000000355e+00 3.315048704441995748e-03 3.424179817328307750e-03 2.109518126028010407e-03 2.182843541315945043e-03
5.299999999999999822e+00 3.152738146246743429e-03 3.256586161775086499e-03 1.997961512030643934e-03 2.067373653671353978e-03
5.325000000000000178e+00 2.997976219202486310e-03 3.096771286193471164e-03 1.892046390903724846e-03 1.957735825231315518e-03
5.349999999999999645e+00 2.850453818785132765e-03 2.944418335084471750e-03 1.791515731536203393e-03 1.853665460400436091e-03
5.375000000000000000e+00 2.709870649437712449e-03 2.799219336836922430e-03 1.696121484485576311e-03 1.754907093849308744e-03
5.400000000000000355e+00 2.575935308900009855e-03 2.660875300285774590e-03 1.605624515513413364e-03 1.661214334756548920e-03
5.424999999999999822e+00 2.448365370767711328e-03 2.529096296235197605e-03 1.519794535380522994e-03 1.572349795886948372e-03
5.450000000000000178e+00 2.326887382128845199e-03 2.403601517760729257e-03 1.438409977375655754e-03 1.488085009626512363e-03
5.474999999999999645e+00 2.211236848432331439e-03 2.284119239551041149e-03 1.361257863286245489e-03 1.408200277571120462e-03
5.500000000000000000e+00 2.101158214676774293e-03 2.170386801187286496e-03 1.288133666848215652e-03 1.332484534396136816e-03
5.525000000000000355e+00 1.996404778503925188e-03 2.062150550157501594e-03 1.218841133322780138e-03 1.260735185712273275e-03
5.549999999999999822e+00 1.896738618295289776e-03 1.959165772560580738e-03 1.153192114120985814e-03 1.192757939839116056e-03
5.575000000000000178e+00 1.801930462996423300e-03 1.861196573912628433e-03 1.091006362394928136e-03 1.128366610155859652e-03
5.599999999999999645e+00 1.711759569528208428e-03 1.768015747306552529e-03 1.032111335540142382e-03 1.067382909229662230e-03
5.625000000000000000e+00 1.626013576321031417e-03 1.679404639948962105e-03 9.763419878170215760e-04 1.009636245819725640e-03
5.650000000000000355e+00 1.544488338900995919e-03 1.595152996222874882e-03 9.235405506634534589e-04 9.549635087941619376e-04
5.674999999999999822e+00 1.466987755550903418e-03 1.515058780323047614e-03 8.735563132533717516e-04 9.032088412485744528e-04
5.700000000000000178e+00 1.393323586351832453e-03 1.438927995485921561e-03 8.262453997862854310e-04 8.542234161277770764e-04
5.724999999999999645e+00 1.323315257414830809e-03 1.366574493802378719e-03 7.814705418899089593e-04 8.078652082644474132e-04
5.750000000000000000e+00 1.256789658410666826e-03 1.297819780691837101e-03 7.391008511212827405e-04 7.639987679000025903e-04
5.775000000000000355e+00 1.193580930448406765e-03 1.232492793668858028e-03 6.990115869375566416e-04 7.224949808145272098e-04
5.799999999999999822e+00 1.133530260934904107e-03 1.170429690251063295e-03 6.610839358764718319e-04 6.832308385425144535e-04
5.825000000000000178e+00 1.076485670559699853e-03 1.111473645520961746e-03 6.252047871141082390e-04 6.460892182171773740e-04
5.849999999999999645e+00 1.022301793566958005e-03 1.055474626772269975e-03 5.912665080232927181e-04 6.109586516258333575e-04
5.875000000000000000e+00 9.708396620600310721e-04 1.002289172645343075e-03 5.591667275153882569e-04 5.777331013963706626e-04
5.900000000000000355e+00 9.219664891400428976e-04 9.517801766778721459e-04 5.288081214148240188e-04 5.463117438816996818e-04
5.924999999999999822e+00 8.755554521944068939e-04 9.038166657076428679e-04 5.000982015462353573e-04 5.165987523882083253e-04
5.950000000000000178e+00 8.314854798238408961e-04 8.582735835628447487e-04 4.729491112867056685e-04 4.885030875107368789e-04
5.974999999999999645e+00 7.896410389582594674e-04 8.150315753641329888e-04 4.472774247853097854e-04 4.619382916850615288e-04
6.000000000000000000e+00 7.499119265823999151e-04 7.739767739948258092e-04 4.230039522444633236e-04 4.368222886859155179e-04
6.025000000000000355e+00 7.121930639025455438e-04 7.350005913573838274e-04 4.000535504808595583e-04 4.130771894463667725e-04
6.049999999999999822e+00 6.763842943285128771e-04 6.979995118726844668e-04 3.783549393101911682e-04 3.906291030520413774e-04
6.075000000000000178e+00 6.423901863655852437e-04 6.628748907598375640e-04 3.578405237270525056e-04 3.694079537586317328e-04
6.099999999999999645e+00 6.101198409075388098e-04 6.295327568214407251e-04 3.384462224502894222e-04 3.493473041313194813e-04
6.125000000000000000e+00 5.794867027958123650e-04 5.978836201729297289e-04 3.201113019487539083e-04 3.303841844071795492e-04
6.150000000000000355e+00 5.504083769909885087e-04 5.678422838152144287e-04 3.027782160904299671e-04 3.124589272173088962e-04
6.174999999999999822e+00 5.228064519174727446e-04 5.393276615477379582e-04 2.863924530973581948e-04 2.955150090006913519e-04
6.200000000000000178e+00 4.966063261135969780e-04 5.122626011171290371e-04 2.709023875379672143e-04 2.794988976260784873e-04
6.224999999999999645e+00 4.717370409429959689e-04 4.865737119767008130e-04 2.562591378363936667e-04 2.643599053826210690e-04
6.250000000000000000e+00 4.481311194308849367e-04 4.621911994458133602e-04 2.424164304808134219e-04 2.500500482143955087e-04
6.275000000000000355e+00 4.257244094431887637e-04 4.390487039653944833e-04 2.293304694769943369e-04 2.365239109116650115e-04
6.299999999999999822e+00 4.044559329556796871e-04 4.170831462715813859e-04 2.169598109871949550e-04 2.237385179188574507e-04
6.325000000000000178e+00 3.842677403866628797e-04 3.962345768406669495e-04 2.052652437730158460e-04 2.116532090352431228e-04
6.349999999999999645e+00 3.651047709667719159e-04 3.764460320898461955e-04 1.942096752566673781e-04 2.002295214190851110e-04
6.375000000000000000e+00 3.469147179898585186e-04 3.576633959818970466e-04 1.837580222127160802e-04 1.894310767816162174e-04
6.400000000000000355e+00 3.296478991376002813e-04 3.398352663290109569e-04 1.738771063984251070e-04 1.792234732717394000e-04
6.424999999999999822e+00 3.132571320252592684e-04 3.229128264551197952e-04 1.645355553188281624e-04 1.695741824852025942e-04
6.450000000000000178e+00 2.976976154097410497e-04 3.068497222653534715e-04 1.557037077083618128e-04 1.604524514556353006e-04
6.474999999999999645e+00 2.829268144156867667e-04 2.916019443411178923e-04 1.473535230511611636e-04 1.518292091290024176e-04
6.500000000000000000e+00 2.689043509753744543e-04 2.771277147361328051e-04 1.394584959320496775e-04 1.436769773613196953e-04
6.525000000000000355e+00 2.555918992004709185e-04 2.633873786071376294e-04 1.319935744631225332e-04 1.359697862325655695e-04
6.549999999999999822e+00 2.429530848799096496e-04 2.503433008745742632e-04 1.249350825191689702e-04 1.286830936559221436e-04
6.575000000000000178e+00 2.309533895294812306e-04 2.379597668667361450e-04 1.182606458960466718e-04 1.217937086595178718e-04
6.599999999999999645e+00 2.195600588960577003e-04 2.262028876635685179e-04 1.119491224318424640e-04 1.152797187197651858e-04
6.625000000000000000e+00 2.087420152353014252e-04 2.150405097417245530e-04 1.059805353845789130e-04 1.091204208322526706e-04
6.650000000000000355e+00 1.984697739083309204e-04 2.044421283889751972e-04 1.003360102132794777e-04 1.032962558188400240e-04
6.674999999999999822e+00 1.887153637053406367e-04 1.943788054516416234e-04 9.499771482715910654e-05 9.778874621487174720e-05
6.700000000000000178e+00 1.794522508173087649e-04 1.848230908381371990e-04 8.994880275844435366e-05 9.258043742164972145e-05
6.724999999999999645e+00 1.706552663673470687e-04 1.757489473891747991e-04 8.517335928361580383e-05 8.765484166592055074e-05
6.750000000000000888e+00 1.623005374518204761e-04 1.671316795694840422e-04 8.065635043223683945e-05 8.299638510591139651e-05
6.775000000000001243e+00 1.543654214245674468e-04 1.589478655232202280e-04 7.638357456420925655e-05 7.859035759632449121e-05
6.799999999999999822e+00 1.468284432518148885e-04 1.511752921915654870e-04 7.234161673274587740e-05 7.442286514601122724e-05
6.825000000000001066e+00 1.396692360031230303e-04 1.437928936841237554e-04 6.851780520895716341e-05 7.048078491409631404e-05
6.849999999999999645e+00 1.328684842789855272e-04 1.367806927713203732e-04 6.490017053615167967e-05 6.675172262178707288e-05
6.875000000000000000e+00 1.264078703233914645e-04 1.301197450075793289e-04 6.147740672463496354e-05 6.322397222505393667e-05
6.900000000000001243e+00 1.202700228445198265e-04 1.237920858522828125e-04 5.823883451916401864e-05 5.988647781967664982e-05
6.924999999999999822e+00 1.144384682399815013e-04 1.177806801520870093e-04 5.517436665084667102e-05 5.672879754004544892e-05
6.950000000000001066e+00 1.088975844233211091e-04 1.120693741876228227e-04 5.227447496541760374e-05 5.374106938751069685e-05
6.974999999999999645e+00 1.036361652814203540e-04 1.066392419295321734e-04 4.953119096238679022e-05 5.091294753939136714e-05
7.000000000000000000e+00 9.863357359886431805e-05 1.014839744606140789e-04 4.693418747549718453e-05 4.823805121608460409e-05
7.025000000000001243e+00 9.387946440131715239e-05 9.658517277398995032e-05 4.447622674354926236e-05 4.570668004803890366e-05
7.049999999999999822e+00 8.936119668955627129e-05 9.192976972292958007e-05 4.214972002457226523e-05 4.331098324443177994e-05
7.075000000000001066e+00 8.506678355092604836e-05 8.750537520171906922e-05 3.994749912964023629e-05 4.104354601990320087e-05
7.099999999999999645e+00 8.098485811595369733e-05 8.330024088017670464e-05 3.786279294887572754e-05 3.889736519742430031e-05
7.125000000000000000e+00 7.710464126884503111e-05 7.930322674284076719e-05 3.588920526601697416e-05 3.686582616978872982e-05
7.150000000000001243e+00 7.341591100821230934e-05 7.550376935906824615e-05 3.402069380892149117e-05 3.494268114795952014e-05
7.174999999999999822e+00 6.990897339446157366e-05 7.189185177826104924e-05 3.225155044611894260e-05 3.312202861188269173e-05
7.200000000000000178e+00 6.657463500223637055e-05 6.845797499618927918e-05 3.057638251116892526e-05 3.139829390861391769e-05
7.224999999999999645e+00 6.340417679853352752e-05 6.519313089083412518e-05 2.899009519311082186e-05 2.976621095563229883e-05
7.250000000000000000e+00 6.038932938622580812e-05 6.208877657267630095e-05 2.748787486135218194e-05 2.822080495908122364e-05
7.275000000000001243e+00 5.752224952707841175e-05 5.913681007424531101e-05 2.606517335792853587e-05 2.675737609441470366e-05
7.299999999999999822e+00 5.479549788920313227e-05 5.632954729083692637e-05 2.471769315284785736e-05 2.537148410949361348e-05
7.325000000000000178e+00 5.220201796154466542e-05 5.365970013918396997e-05 2.344137333737105960e-05 2.405893378053104676e-05
7.349999999999999645e+00 4.973511607369293164e-05 5.112035586221796735e-05 2.223237645156498556e-05 2.281576122026397833e-05
7.375000000000000000e+00 4.738844244791789708e-05 4.870495740642735803e-05 2.108707596689534468e-05 2.163822093351143363e-05
7.400000000000001243e+00 4.515597325023917955e-05 4.640728483041908200e-05 2.000204450992359507e-05 2.052277358428015799e-05
7.424999999999999822e+00 4.303199358723957179e-05 4.422143769283352422e-05 1.897404277623956982e-05 1.946607447909196080e-05
7.450000000000000178e+00 4.101108139266496457e-05 4.214181836467382613e-05 1.800000903801644641e-05 1.846496269506578663e-05
7.474999999999999645e+00 3.908809215628763557e-05 4.016311621658225089e-05 1.707704925126798701e-05 1.751645081719342730e-05
7.500000000000000000e+00 3.725814445911794802e-05 3.828029263912710931e-05 1.620242770820132640e-05 1.661771525268573670e-05
7.525000000000000355e+00 3.551660626426278141e-05 3.648856685045102531e-05 1.537355822713078342e-05 1.576608708819801288e-05
7.549999999999999822e+00 3.385908193363351156e-05 3.478340244720243729e-05 1.458799583989167981e-05 1.495904347040640787e-05
7.575000000000000178e+00 3.228139993390931811e-05 3.316049467803339337e-05 1.384342894367698595e-05 1.419419947130288190e-05
7.599999999999999645e+00 3.077960117228476194e-05 3.161575837322957923e-05 1.313767189559909267e-05 1.346930041282264365e-05
7.625000000000000000e+00 2.934992795965612387e-05 3.014531651315468865e-05 1.246865801308527482e-05 1.278221461724336037e-05
7.650000000000000355e+00 2.798881354979134681e-05 2.874548940423464718e-05 1.183443298898360299e-05 1.213092657311648727e-05
7.674999999999999822e+00 2.669287222701068109e-05 2.741278441815842010e-05 1.123314866338354001e-05 1.151353048787949984e-05
7.700000000000000178e+00 2.545888992185055201e-05 2.614388627802351881e-05 1.066305714146673536e-05 1.092822419720747335e-05
7.724999999999999645e+00 2.428381531575897549e-05 2.493564785307388204e-05 1.012250525132479283e-05 1.037330341920369456e-05
7.750000000000000000e+00 2.316475141564990398e-05 2.378508144028401432e-05 9.609929311210769129e-06 9.847156334657893590e-06
7.775000000000000355e+00 2.209894757019560178e-05 2.268935050471991278e-05 9.123850183208556696e-06 9.348258469985292379e-06
7.799999999999999822e+00 2.108379190665065822e-05 2.164576185244154941e-05 8.662868616762663565e-06 8.875167866557277658e-06
7.825000000000000178e+00 2.011680416587520527e-05 2.065175821876270748e-05 8.225660848768902772e-06 8.426520529864693537e-06
7.849999999999999645e+00 1.919562891265942650e-05 1.970491124429384137e-05 7.810974439870923907e-06 8.001026122982619020e-06
7.875000000000000000e+00 1.831802910361470367e-05 1.880291482209395012e-05 7.417624362372598781e-06 7.597463909549768373e-06
7.900000000000000355e+00 1.748187999145204308e-05 1.794357879288415223e-05 7.044489289938090325e-06 7.214678921747385257e-06
7.924999999999999822e+00 1.668516335033307386e-05 1.712482297193879322e-05 6.690508103771431023e-06 6.851578340452096596e-06
7.950000000000000178e+00 1.592596200324840764e-05 1.634467149092844478e-05 6.354676594280475396e-06 6.507128083228706774e-06
7.974999999999999645e+00 1.520245463620337675e-05 1.560124743469591351e-05 6.036044339706972986e-06 6.180349578222811164e-06
8.000000000000000000e+00 1.451291088425783988e-05 1.489276776153931710e-05 5.733711769990238763e-06 5.870316721805980148e-06
8.025000000000000355e+00 1.385568667388001768e-05 1.421753848685214044e-05 5.446827387062279389e-06 5.576153006977298215e-06
8.050000000000000711e+00 1.322921981040524256e-05 1.357395012188137228e-05 5.174585141572617743e-06 5.297028809810581797e-06
8.074999999999999289e+00 1.263202579425195472e-05 1.296047335002156624e-05 4.916221953283948264e-06 5.032158828492207471e-06
8.099999999999999645e+00 1.206269385625614645e-05 1.237565492817285732e-05 4.671015371180416116e-06 4.780799661611628485e-06
8.125000000000000000e+00 1.151988319970735145e-05 1.181811380344996822e-05 4.438281365592254314e-06 4.542247526568850524e-06
8.150000000000000355e+00 1.100231943833198619e-05 1.128653743190315417e-05 4.217372239245471253e-06 4.315836100536362775e-06
8.175000000000000711e+00 1.050879121955213471e-05 1.077967828963255977e-05 4.007674657696600371e-06 4.100934485229628553e-06
8.199999999999999289e+00 1.003814702348969736e-05 1.029635056550354620e-05 3.808607785170025791e-06 3.896945281001442655e-06
8.224999999999999645e+00 9.589292128242976547e-06 9.835427025967420875e-06 3.619621527309681905e-06 3.703302771118360329e-06
8.250000000000000000e+00 9.161185732587800177e-06 9.395836042840858906e-06 3.440194865585746168e-06 3.519471202914988569e-06
8.275000000000000355e+00 8.752838228042020930e-06 8.976558775540176432e-06 3.269834288676501381e-06 3.344943166302137113e-06
8.300000000000000711e+00 8.363308612169256180e-06 8.576626499588114308e-06 3.108072309964368367e-06 3.179238061586440177e-06
8.324999999999999289e+00 7.991702035702637484e-06 8.195118073486514889e-06 2.954466064176641073e-06 3.021900653180969397e-06
8.349999999999999645e+00 7.637167476566506313e-06 7.831157536767107549e-06 2.808595981321718171e-06 2.872499699337591645e-06
8.375000000000000000e+00 7.298895533933687283e-06 7.483911832332854487e-06 2.670064538474378227e-06 2.730626662222838806e-06
8.400000000000000355e+00 6.976116336117186133e-06 7.152588646488977328e-06 2.538495071081103762e-06 2.595894484941742136e-06
8.425000000000000711e+00 6.668097556140595374e-06 6.836434360397989031e-06 2.413530657908003214e-06 2.467936437027172871e-06
8.449999999999999289e+00 6.374142529493655139e-06 6.534732107047053512e-06 2.294833063200320972e-06 2.346405024594939538e-06
8.474999999999999645e+00 6.093588468711852922e-06 6.246799928441327680e-06 2.182081736952766865e-06 2.230970958698194653e-06
8.500000000000000000e+00 5.825804769546904633e-06 5.971989027445140232e-06 2.074972870734780845e-06 2.121322181271211707e-06
8.525000000000000355e+00 5.570191404036022824e-06 5.709682109512205004e-06 1.973218502963196318e-06 2.017162943159718941e-06
8.550000000000000711e+00 5.326177395784436563e-06 5.459291809383845489e-06 1.876545674878716886e-06 1.918212932921738306e-06
8.574999999999999289e+00 5.093219373358291202e-06 5.220259198424189259e-06 1.784695633076500390e-06 1.824206453790633098e-06
8.599999999999999645e+00 4.870800197572191713e-06 4.992052368440465640e-06 1.697423073482760279e-06 1.734891645593287688e-06
8.625000000000000000e+00 4.658427658832146667e-06 4.774165087822871385e-06 1.614495425928720790e-06 1.650029747314977984e-06
8.650000000000000355e+00 4.455633240803501002e-06 4.566115526325728205e-06 1.535692181569063713e-06 1.569394401735750476e-06
8.675000000000000711e+00 4.261970947076392824e-06 4.367445044799941539e-06 1.460804252459187384e-06 1.492770997635131200e-06
8.699999999999999289e+00 4.077016187482904125e-06 4.177717046616801810e-06 1.389633367361784098e-06 1.419956046247666896e-06
8.724999999999999645e+00 3.900364720938075320e-06 3.996515887490149496e-06 1.321991500875877473e-06 1.350756593104640368e-06
8.750000000000000000e+00 3.731631651929445148e-06 3.823445840690044654e-06 1.257700331380570714e-06 1.284989660237416299e-06
8.775000000000000355e+00 3.570450477762717364e-06 3.658130114691244045e-06 1.196590730896113581e-06 1.222481719564798195e-06
8.800000000000000711e+00 3.416472184063253166e-06 3.500209920647242811e-06 1.138502280735633288e-06 1.163068194641155195e-06
8.824999999999999289e+00 3.269364385929032373e-06 3.349343587025710933e-06 1.083282813058739918e-06 1.106592988862052215e-06
8.849999999999999645e+00 3.128810512419112777e-06 3.205205718948741299e-06 1.030787977541216203e-06 1.052908038875956210e-06
8.875000000000000000e+00 2.994509032133873161e-06 3.067486399974545884e-06 9.808808321441937337e-07 1.001872892805430732e-06
8.900000000000000355e+00 2.866172717766395203e-06 2.935890434140700166e-06 9.334314541417353944e-07 9.533543106963050367e-07
8.925000000000000711e+00 2.743527947552790557e-06 2.810136626085302656e-06 8.883165729534019770e-07 9.072258860599262678e-07
8.949999999999999289e+00 2.626314041826813170e-06 2.689957097356835273e-06 8.454192226027258211e-07 8.633676882599666525e-07
8.974999999999999645e+00 2.514282632819575002e-06 2.575096637053546564e-06 8.046284124266257555e-07 8.216659236265311656e-07
9.000000000000000000e+00 2.407197065996418063e-06 2.465312085041395808e-06 7.658388156886170571e-07 7.820126150478240186e-07
9.025000000000000355e+00 2.304831831285591449e-06 2.360371746002232448e-06 7.289504744012721690e-07 7.443052983048355796e-07
9.050000000000000711e+00 2.206972022715121275e-06 2.260054832763658882e-06 6.938685202904066060e-07 7.084467349356488779e-07
9.074999999999999289e+00 2.113412824986342653e-06 2.164150937442085312e-06 6.605029097677324879e-07 6.743446399698971757e-07
9.099999999999999645e+00 2.023959025591809145e-06 2.072459528948450107e-06 6.287681740925782445e-07 6.419114243991358869e-07
9.125000000000000000e+00 1.938424551179390310e-06 1.984789475487247314e-06 5.985831821981666989e-07 6.110639515594340861e-07
9.150000000000000355e+00 1.856632026939125824e-06 1.900958590799864241e-06 5.698709156185018607e-07 5.817233059412153034e-07
9.175000000000000711e+00 1.778412357824121369e-06 1.820793202930619544e-06 5.425582563316508626e-07 5.538145745216877274e-07
9.199999999999999289e+00 1.703604330512754696e-06 1.744127744378853919e-06 5.165757849032046686e-07 5.272666397706950755e-07
9.224999999999999645e+00 1.632054235041596216e-06 1.670804362540530158e-06 4.918575896275008546e-07 5.020119831725555140e-07
9.250000000000000000e+00 1.563615505114239302e-06 1.600672549413369053e-06 4.683410859441286404e-07 4.779864996576639747e-07
9.275000000000000355e+00 1.498148376133161246e-06 1.533588789554286619e-06 4.459668449059722548e-07 4.551293213578848652e-07
9.300000000000000711e+00 1.435519560082185778e-06 1.469416225417220428e-06 4.246784313851652979e-07 4.333826511216192288e-07
9.324999999999999289e+00 1.375601936380033658e-06 1.408024339154848841e-06 4.044222498254062075e-07 4.126916044186081493e-07
9.349999999999999645e+00 1.318274257923224456e-06 1.349288650070805662e-06 3.851473987582892678e-07 3.930040596040694265e-07
9.375000000000000000e+00 1.263420871529529056e-06 1.293090426929522684e-06 3.668055324741180950e-07 3.742705160506633117e-07
9.400000000000000355e+00 1.210931452067350003e-06 1.239316414350724763e-06 3.493507304337859434e-07 3.564439596794916787e-07
9.425000000000000711e+00 1.160700749587534267e-06 1.187858572612247437e-06 3.327393732812053058e-07 3.394797358089905384e-07
9.449999999999999289e+00 1.112628348799169730e-06 1.138613830170497117e-06 3.169300251724594065e-07 3.233354282879284362e-07
9.474999999999999645e+00 1.066618440270169057e-06 1.091483848260286779e-06 3.018833225256234705e-07 3.079707452383346104e-07
9.500000000000000000e+00 1.022579602768661092e-06 1.046374796972477361e-06 2.875618681276588389e-07 2.933474104505736089e-07
9.525000000000000355e+00 9.804245961859496026e-07 1.003197142232483855e-06 2.739301311589057803e-07 2.794290606264200261e-07
9.550000000000000711e+00 9.400701645103821235e-07 9.618654431330605741e-07 2.609543523434148723e-07 2.661811479321994071e-07
9.574999999999999289e+00 9.014368483553745839e-07 9.222981591042655593e-07 2.486024540093867636e-07 2.535708477726210653e-07
9.599999999999999645e+00 8.644488065658725876e-07 8.844174664348257339e-07 2.368439545291861019e-07 2.415669710616938391e-07
9.625000000000000000e+00 8.290336464467522784e-07 8.481490836743934879e-07 2.256498875369930004e-07 2.301398812130715216e-07
9.650000000000000355e+00 7.951222621867371899e-07 8.134221054740894756e-07 2.149927251504395695e-07 2.192614153689608719e-07
9.675000000000000711e+00 7.626486810736501464e-07 7.801688444485897269e-07 2.048463052340102701e-07 2.089048097807625442e-07
9.699999999999999289e+00 7.315499171153194323e-07 7.483246806631869371e-07 1.951857624604720928e-07 1.990446289919534756e-07
9.724999999999999645e+00 7.017658316948052791e-07 7.178279183646824991e-07 1.859874627991500604e-07 1.896566987752313724e-07
9.750000000000000000e+00 6.732390009175305309e-07 6.886196495986085388e-07 1.772289412416887310e-07 1.807180422612580060e-07
9.775000000000000355e+00 6.459145893187192431e-07 6.606436243750649537e-07 1.688888432337678956e-07 1.722068196476056109e-07
9.800000000000000711e+00 6.197402296161281655e-07 6.338461270572968101e-07 1.609468686153608760e-07 1.641022709241520638e-07
9.824999999999999289e+00 5.946659082122718529e-07 6.081758586671465951e-07 1.533837185526176901e-07 1.563846614255122370e-07
9.849999999999999645e+00 5.706438561626447699e-07 5.835838248163369926e-07 1.461810453711829218e-07 1.490352302777207403e-07
9.875000000000000000e+00 5.476284453439911027e-07 5.600232289871224737e-07 1.393214048226092985e-07 1.420361415293095627e-07
9.900000000000000355e+00 5.255760895655184496e-07 5.374493709018539546e-07 1.327882107821855392e-07 1.353704376968942638e-07
9.925000000000000711e+00 5.044451503801376696e-07 5.158195497278792090e-07 1.265656923234102199e-07 1.290219957535530782e-07
9.949999999999999289e+00 4.841958473697053483e-07 4.950929718847208832e-07 1.206388528567367866e-07 1.229754852925481733e-07
9.974999999999999645e+00 4.647901726824333328e-07 4.752306632272590165e-07 1.149934314681764623e-07 1.172163288538385733e-07
1.000000000000000000e+01 4.461918096174760581e-07 4.561953853908120121e-07 1.096158662492617428e-07 1.117306643078145476e-07
1.002500000000000036e+01 4.283660550590555078e-07 4.379515560969590745e-07 1.044932594404589800e-07 1.065053091734834606e-07
1.005000000000000071e+01 4.112797455721156348e-07 4.204651732263990083e-07 9.961334427112502626e-08 1.015277266744718810e-07
1.007499999999999929e+01 3.949011869832023708e-07 4.037037424746296348e-07 9.496445358939181384e-08 9.678599354986013800e-08
1.009999999999999964e+01 3.792000872774333123e-07 3.876362084194500317e-07 9.053549003409045603e-08 9.226876951062622838e-08
1.012500000000000000e+01 3.641474926492026812e-07 3.722328888320465383e-07 8.631589778703335558e-08 8.796526825708437266e-08
1.015000000000000036e+01 3.497157265569526889e-07 3.574654120757887666e-07 8.229563564762630103e-08 8.386522996871134813e-08
1.017500000000000071e+01 3.358783316352229303e-07 3.433066574446350876e-07 7.846515150390367226e-08 7.995889511890456389e-08
1.019999999999999929e+01 3.226100143257577537e-07 3.297306982967002552e-07 7.481535818100767202e-08 7.623697971035375172e-08
1.022499999999999964e+01 3.098865920987835265e-07 3.167127478504702538e-07 7.133761036499234815e-08 7.269065169787358536e-08
1.025000000000000000e+01 2.976849431385096732e-07 3.042291075150622147e-07 6.802368274325822800e-08 6.931150859615721440e-08
1.027500000000000036e+01 2.859829583742944432e-07 2.922571176317795567e-07 6.486574928771003612e-08 6.609155622390226521e-08
1.030000000000000071e+01 2.747594957460432482e-07 2.807751105121165963e-07 6.185636360455831930e-08 6.302318857947992392e-08
1.032499999999999929e+01 2.639943365961541523e-07 2.697623656618717081e-07 5.898844011945843282e-08 6.009916865402182760e-08
1.034999999999999964e+01 2.536681440864437473e-07 2.591990670866225608e-07 5.625523636118133275e-08 5.731261021433789535e-08
1.037500000000000000e+01 2.437624235435660910e-07 2.490662625790603489e-07 5.365033607885673770e-08 5.465696055493802093e-08
1.040000000000000036e+01 2.342594846406643701e-07 2.393458248938679150e-07 5.116763318195708735e-08 5.212598405431564485e-08
1.042500000000000071e+01 2.251424053278278022e-07 2.300204147194133624e-07 4.880131653179956701e-08 4.971374660432148894e-08
1.044999999999999929e+01 2.163949974287551495e-07 2.210734453616293182e-07 4.654585541435304171e-08 4.741460076659519426e-08
1.047499999999999964e+01 2.080017738236601674e-07 2.124890490583063700e-07 4.439598584379713034e-08 4.522317171188048164e-08
1.050000000000000000e+01 1.999479171435918325e-07 2.042520448458267415e-07 4.234669745356531284e-08 4.313434384970437780e-08
1.052500000000000036e+01 1.922192499047422405e-07 1.963479079056067702e-07 4.039322110927837157e-08 4.114324811460755423e-08
1.055000000000000071e+01 1.848022060142495250e-07 1.887627403198257880e-07 3.853101711874248320e-08 3.924524992111483428e-08
1.057499999999999929e+01 1.776838035828789644e-07 1.814832431692786272e-07 3.675576398266376931e-08 3.743593766948411623e-08
1.059999999999999964e+01 1.708516189831227572e-07 1.744966899109622701e-07 3.506334778305492331e-08 3.571111185697598274e-08
1.062500000000000000e+01 1.642937620936700241e-07 1.677909009742722295e-07 3.344985202917870766e-08 3.406677472197271880e-08
1.065000000000000036e+01 1.579988526747596575e-07 1.613542195186241425e-07 3.191154803729999216e-08 3.249912038824174410e-08
1.067500000000000071e+01 1.519559978211060926e-07 1.551754882980911782e-07 3.044488580966821171e-08 3.100452552433690232e-08
1.069999999999999929e+01 1.461547704418671912e-07 1.492440275807534246e-07 2.904648531781923892e-08 2.957954045245459967e-08
1.072499999999999964e+01 1.405851887195477967e-07 1.435496140734599524e-07 2.771312824066550510e-08 2.822088068668823045e-08
1.075000000000000000e+01 1.352376965020164618e-07 1.380824608048289016e-07 2.644175013135726646e-08 2.692541891235108115e-08
1.077500000000000036e+01 1.301031445840534403e-07 1.328331979217239773e-07 2.522943292867591114e-08 2.569017734984474138e-08
1.080000000000000071e+01 1.251727728368823678e-07 1.277928543565014086e-07 2.407339786224293663e-08 2.451232048718028140e-08
1.082499999999999929e+01 1.204381931461929053e-07 1.229528403243924475e-07 2.297099870792356203e-08 2.338914818628539784e-08
1.084999999999999964e+01 1.158913731210253166e-07 1.183049306123780967e-07 2.191971536697553767e-08 2.231808911804742860e-08
1.087500000000000000e+01 1.115246205376373011e-07 1.138412486227037420e-07 2.091714777012173873e-08 2.129669453034095074e-08
1.090000000000000036e+01 1.073305684842969950e-07 1.095542511359538703e-07 1.996101007209913916e-08 2.032263231351797713e-08
1.092500000000000071e+01 1.033021611744686131e-07 1.054367137603430667e-07 1.904912513994532855e-08 1.939368136622439828e-08
1.094999999999999929e+01 9.943264039748678599e-08 1.014817170353874227e-07 1.817941930329066991e-08 1.850772622965725865e-08
1.097499999999999964e+01 9.571553257723215291e-08 9.768263315971921334e-08 1.734991736991690357e-08 1.766275199294866025e-08
1.100000000000000000e+01 9.214463641067011918e-08 9.403311331412963823e-08 1.655873787772470480e-08 1.685683944078204412e-08
1.102500000000000036e+01 8.871401105962940857e-08 9.052707555241755844e-08 1.580408858640771082e-08 1.608816044586267143e-08
1.105000000000000071e+01 8.541796487026996546e-08 8.715869323387011582e-08 1.508426218207530597e-08 1.535497357990905583e-08
1.107499999999999929e+01 8.225104459600224018e-08 8.392238397244520294e-08 1.439763220004111369e-08 1.465561994622633699e-08
1.109999999999999964e+01 7.920802510071131908e-08 8.081279907887847004e-08 1.374264913202411380e-08 1.398851920763282332e-08
1.112500000000000000e+01 7.628389952029508421e-08 7.782481347311528891e-08 1.311783673683836910e-08 1.335216581149714972e-08
1.115000000000000036e+01 7.347386986150143593e-08 7.495351604550394857e-08 1.252178853152954247e-08 1.274512540231417300e-08
1.117500000000000071e+01 7.077333801806309975e-08 7.219420044619054179e-08 1.195316445653156192e-08 1.216603141340244811e-08
1.119999999999999929e+01 6.817789718507668610e-08 6.954235628314893567e-08 1.141068768049174773e-08 1.161358181623056377e-08
1.122499999999999964e+01 6.568332365345381129e-08 6.699366071018596850e-08 1.089314157672035077e-08 1.108653602199055484e-08
1.125000000000000000e+01 6.328556896712998647e-08 6.454397038714243951e-08 1.039936685398887302e-08 1.058371194863762427e-08
1.127500000000000036e+01 6.098075242652419062e-08 6.218931379532723619e-08 9.928258813491737063e-09 1.010398322266395167e-08
1.130000000000000071e+01 5.876515392252959893e-08 5.992588389205312145e-08 9.478764740664114024e-09 9.646276518129333645e-09
1.132499999999999929e+01 5.663520708602334302e-08 5.775003108886128443e-08 9.049881423530006393e-09 9.209569018956482552e-09
1.134999999999999964e+01 5.458749273859862396e-08 5.565825653874302747e-08 8.640652801126507085e-09 8.792886014653651570e-09
1.137500000000000000e+01 5.261873263089860420e-08 5.364720571838729687e-08 8.250167714127179400e-09 8.395298606429300313e-09
1.140000000000000036e+01 5.072578345554647599e-08 5.171366229209219199e-08 7.877557765984408322e-09 8.015921525400715069e-09
1.142500000000000071e+01 4.890563112227897939e-08 4.985454224462068491e-08 7.521995287135607321e-09 7.653911051410318971e-09
1.144999999999999929e+01 4.715538528346758426e-08 4.806688827087212382e-08 7.182691406850164483e-09 7.308463041356874514e-09
1.147499999999999964e+01 4.547227409875530642e-08 4.634786441080038704e-08 6.858894203478003903e-09 6.978811046439651833e-09
1.150000000000000000e+01 4.385363922805266674e-08 4.469475091853040664e-08 6.549886953240529961e-09 6.664224520810233587e-09
1.152500000000000036e+01 4.229693104266067477e-08 4.310493935516983999e-08 6.254986460940302602e-09 6.364007117923638752e-09
1.155000000000000071e+01 4.079970404472165845e-08 4.157592789527175923e-08 5.973541470471832264e-09 6.077495068339888952e-09
1.157499999999999929e+01 3.935961248567326517e-08 4.010531683736506765e-08 5.704931155797136526e-09 5.804055636678595971e-09
1.159999999999999964e+01 3.797440617482107897e-08 3.869080430943183196e-08 5.448563677563182893e-09 5.543085652903474667e-09
1.162500000000000000e+01 3.664192646952960062e-08 3.733018216061801634e-08 5.203874811746104100e-09 5.294010109901653887e-09
1.165000000000000036e+01 3.536010243893017676e-08 3.602133203086037690e-08 4.970326646768809092e-09 5.056280833993224760e-09
1.167500000000000071e+01 3.412694719342627144e-08 3.476222159050607259e-08 4.747406338128697506e-09 4.829375214412712529e-09
1.169999999999999929e+01 3.294055437261473713e-08 3.355090094234972530e-08 4.534624930703049383e-09 4.612794998840663041e-09
1.172499999999999964e+01 3.179909478459289041e-08 3.238549917887729004e-08 4.331516225048014925e-09 4.406065142083386853e-09
1.175000000000000000e+01 3.070081318993313065e-08 3.126422108782278029e-08 4.137635708283062469e-09 4.208732709851461190e-09
1.177500000000000036e+01 2.964402522391690705e-08 3.018534399946033325e-08 3.952559535778153973e-09 4.020365839909012533e-09
1.180000000000000071e+01 2.862711445091145685e-08 2.914721476935997133e-08 3.775883552369962088e-09 3.840552747868228161e-09
1.182499999999999929e+01 2.764852954505303282e-08 2.814824689061716387e-08 3.607222369650394481e-09 3.668900780875465810e-09
1.184999999999999964e+01 2.670678159166140604e-08 2.718691772983602991e-08 3.446208484075884166e-09 3.505035519933462444e-09
1.187500000000000000e+01 2.580044150406905978e-08 2.626176588141473096e-08 3.292491435505656701e-09 3.348599921136310262e-09
1.190000000000000036e+01 2.492813755078285361e-08 2.537138863491768997e-08 3.145737008979980482e-09 3.199253501013413678e-09
1.192500000000000071e+01 2.408855298813345019e-08 2.451443955056406505e-08 3.005626469134187864e-09 3.056671557209542469e-09
1.194999999999999929e+01 2.328042379378068716e-08 2.368962613808649300e-08 2.871855839203568714e-09 2.920544429248876591e-09
1.197499999999999964e+01 2.250253649665580065e-08 2.289570763441867901e-08 2.744135207206565536e-09 2.790576794366405693e-09
1.200000000000000000e+01 2.175372609912120115e-08 2.213149287589508484e-08 2.622188066004339935e-09 2.666486993713913144e-09
1.202500000000000036e+01 2.103287408731158711e-08 2.139583826081556588e-08 2.505750687122722890e-09 2.548006392955905952e-09
1.205000000000000071e+01 2.033890652581601177e-08 2.068764579843524157e-08 2.394571523553134968e-09 2.434878772620067162e-09
1.207499999999999929e+01 1.967079223301827190e-08 2.000586124061166239e-08 2.288410642448753967e-09 2.326859749243257425e-09
1.209999999999999964e+01 1.902754103358436599e-08 1.934947229249990054e-08 2.187039179443162686e-09 2.223716221353475067e-09
1.212500000000000000e+01 1.840820208474689376e-08 1.871750689886270531e-08 2.090238822757465020e-09 2.125225841492905277e-09
1.215000000000000036e+01 1.781186227318046037e-08 1.810903160271012861e-08 1.997801322241169722e-09 2.031176515155501576e-09
1.217500000000000071e+01 1.723764467940646462e-08 1.752314997312805410e-08 1.909528020072310466e-09 1.941365922814830184e-09
1.219999999999999929e+01 1.668470710680621525e-08 1.695900109929926077e-08 1.825229402889141007e-09 1.855601063924086354e-09
1.222499999999999964e+01 1.615224067244704420e-08 1.641575814785312656e-08 1.744724676965843726e-09 1.773697822401629360e-09
1.225000000000000000e+01 1.563946845705294545e-08 1.589262698080662615e-08 1.667841363088610063e-09 1.695480554094853802e-09
1.227500000000000036e+01 1.514564421156984587e-08 1.538884483148265609e-08 1.594414907405138587e-09 1.620781691330946160e-09
1.230000000000000071e+01 1.467005111788820236e-08 1.490367903590723465e-08 1.524288315559255940e-09 1.549441367424665476e-09
1.232499999999999929e+01 1.421200060139446637e-08 1.443642581729845205e-08 1.457311801453688202e-09 1.481307059957401501e-09
1.234999999999999964e+01 1.377083119312532226e-08 1.398640912136499328e-08 1.393342451378662572e-09 1.416233248735685847e-09
1.237500000000000000e+01 1.334590743939845818e-08 1.355297950023431950e-08 1.332243906541756990e-09 1.354081091111702658e-09
1.240000000000000036e+01 1.293661885688642955e-08 1.313551304292687661e-08 1.273886058834642577e-09 1.294718112439622298e-09
1.242500000000000071e+01 1.254237893119055636e-08 1.273341035038390433e-08 1.218144760855613086e-09 1.238017910694623293e-09
1.244999999999999929e+01 1.216262415705726635e-08 1.234609555314533114e-08 1.164901549194854711e-09 1.183859874541682431e-09
1.247499999999999964e+01 1.179681311846125977e-08 1.197301536985760534e-08 1.114043382828136484e-09 1.132128915428596524e-09
1.250000000000000000e+01 1.144442560685810130e-08 1.161363820487158372e-08 1.065462392266568408e-09 1.082715212815323818e-09
1.252500000000000036e+01 1.110496177598314699e-08 1.126745328326725934e-08 1.019055639641660200e-09 1.035513969876321794e-09
1.255000000000000071e+01 1.077794133164535782e-08 1.093396982171522234e-08 9.747248914180334372e-10 9.904251814313439178e-10
1.257499999999999929e+01 1.046290275503209740e-08 1.061271623365406590e-08 9.323764008773612454e-10 9.473534124157641586e-10
1.259999999999999964e+01 1.015940255810640834e-08 1.030323936733004831e-08 8.919207018621557913e-10 9.062075872459163506e-10
1.262500000000000000e+01 9.867014569740045380e-09 1.000510377530880191e-08 8.532724107067942706e-10 8.669007886777517684e-10
1.265000000000000036e+01 9.585329251285136953e-09 9.717891014129659072e-09 8.163500382259107411e-10 8.293500657717515656e-10
1.267500000000000071e+01 9.313953040343480934e-09 9.441198972831297986e-09 7.810758104058886381e-10 7.934762513087965751e-10
1.269999999999999929e+01 9.052507721546827722e-09 9.174641229132430195e-09 7.473754976679655476e-10 7.592037874773787735e-10
1.272499999999999964e+01 8.800629823213550008e-09 8.917846432105092965e-09 7.151782516753232908e-10 7.264605600814785357e-10
1.275000000000000000e+01 8.557970038795832797e-09 8.670457710228051415e-09 6.844164491723407660e-10 6.951777394535263704e-10
1.277500000000000036e+01 8.324192672078883219e-09 8.432132103756230227e-09 6.550255449804221527e-10 6.652896298966760332e-10
1.280000000000000071e+01 8.098975105138775777e-09 8.202540020388545938e-09 6.269439299663844550e-10 6.367335257875605422e-10
1.282499999999999929e+01 7.882007288108734127e-09 7.981364713260222291e-09 6.001127963952163447e-10 6.094495740342996896e-10
1.284999999999999964e+01 7.672991249844933389e-09 7.768301780328750749e-09 5.744760095565528941e-10 5.833806433417197839e-10
1.287500000000000000e+01 7.471640628621447026e-09 7.563058684262018795e-09 5.499799850753841048e-10 5.584721992485152169e-10
1.290000000000000036e+01 7.277680222022593275e-09 7.365354291975977204e-09 5.265735724951360888e-10 5.346721853039091442e-10
1.292500000000000071e+01 7.090845555236083884e-09 7.174918433006397562e-09 5.042079435136455736e-10 5.119309095707872813e-10
1.294999999999999929e+01 6.910882466985151727e-09 6.991491475933863204e-09 4.828364855072477440e-10 4.902009361318648892e-10
1.297499999999999964e+01 6.737546712370577822e-09 6.814823922115491188e-09 4.624147005676286633e-10 4.694369819158396064e-10
1.300000000000000000e+01 6.570603581924726304e-09 6.644676016008343076e-09 4.429001088389061832e-10 4.495958184423568368e-10
1.302500000000000036e+01 6.409827536210065004e-09 6.480817371400815924e-09 4.242521562903037269e-10 4.306361778430201216e-10
1.305000000000000071e+01 6.255001855322893366e-09 6.323026612897335574e-09 4.064321269172867523e-10 4.125186634353550289e-10
1.307499999999999929e+01 6.105918302690867150e-09 6.171091032029943280e-09 3.894030588194339775e-10 3.952056642522300152e-10
1.309999999999999964e+01 5.962376802578970535e-09 6.024806257397351774e-09 3.731296643784658344e-10 3.786612737081735359e-10
1.312500000000000000e+01 5.824185130743565416e-09 5.883975938257580323e-09 3.575782537271357160e-10 3.628512118038978053e-10
1.315000000000000036e+01 5.691158617698238502e-09 5.748411441024891884e-09 3.427166622579057956e-10 3.477427510535316373e-10
1.317500000000000071e+01 5.563119864078207953e-09 5.617931558145356612e-09 3.285141814014032360e-10 3.333046460098982326e-10
1.319999999999999929e+01 5.439898467611902906e-09 5.492362228847859470e-09 3.149414922468026825e-10 3.195070658584180762e-10
1.322499999999999964e+01 5.321330761229323919e-09 5.371536271288833393e-09 3.019706023065320585e-10 3.063215299855843354e-10
1.325000000000000000e+01 5.207259561857009485e-09 5.255293125629654968e-09 2.895747853701134649e-10 2.937208466469497236e-10
1.327500000000000036e+01 5.097533929468444025e-09 5.143478607605237181e-09 2.777285241816418133e-10 2.816790545301356474e-10
1.330000000000000071e+01 4.992008935977303887e-09 5.035944672161295351e-09 2.664074557929379704e-10 2.701713671021695009e-10
1.332499999999999929e+01 4.890545443578509667e-09 4.932549186755622897e-09 2.555883191335337941e-10 2.591741193836683414e-10
1.334999999999999964e+01 4.793009892159033528e-09 4.833155713936449969e-09 2.452489050662824357e-10 2.486647170627535916e-10
1.337500000000000000e+01 4.699274095415982708e-09 4.737633302826733948e-09 2.353680088719925771e-10 2.386215880539798532e-10
1.340000000000000036e+01 4.609215045335696450e-09 4.645856289159533769e-09 2.259253849966403094e-10 2.290241363517141310e-10
1.342500000000000071e+01 4.522714724701954257e-09 4.557704103524931076e-09 2.169017037635055959e-10 2.198526980421022933e-10
1.344999999999999929e+01 4.439659927315295003e-09 4.473061087502762777e-09 2.082785100651126945e-10 2.110884992198053965e-10
1.347499999999999964e+01 4.359942085619534108e-09 4.391816317369986257e-09 2.000381839382172597e-10 2.027136159127469312e-10
1.350000000000000178e+01 4.283457105444056443e-09 4.313863435084318997e-09 1.921639029257510497e-10 1.947109357146741965e-10
1.352500000000000213e+01 4.210105207583176376e-09 4.239100486258743860e-09 1.846396065017680831e-10 1.870641214404042114e-10
1.355000000000000249e+01 4.139790775945579182e-09 4.167429764853562188e-09 1.774499617155920757e-10 1.797575763361507216e-10
1.357499999999999929e+01 4.072422212018321115e-09 4.098757664324356662e-09 1.705803305098101689e-10 1.727764107772747177e-10
1.359999999999999964e+01 4.007911795400725477e-09 4.032994534975363031e-09 1.640167386445732902e-10 1.661064105831924376e-10
1.362500000000000000e+01 3.946175550174024680e-09 3.970054547278495712e-09 1.577458460020199404e-10 1.597340068041123026e-10
1.365000000000000213e+01 3.887133116882512028e-09 3.909855560928512772e-09 1.517549183440168960e-10 1.536462469186266426e-10
1.367500000000000249e+01 3.830707629911675607e-09 3.852318999414571485e-09 1.460318002972464652e-10 1.478307673877644141e-10
1.369999999999999929e+01 3.776825600057835144e-09 3.797369729897892748e-09 1.405648895493599857e-10 1.422757673850849560e-10
1.372499999999999964e+01 3.725416802092776005e-09 3.744935948194276351e-09 1.353431123258231681e-10 1.369699838148008107e-10
1.375000000000000000e+01 3.676414167135190529e-09 3.694949068668822932e-09 1.303558997771254780e-10 1.319026673769190371e-10
1.377500000000000213e+01 3.629753679648877192e-09 3.647343618858503924e-09 1.255931657588503378e-10 1.270635597807058233e-10
1.380000000000000249e+01 3.585374278895426888e-09 3.602057138646196863e-09 1.210452855430629909e-10 1.224428721611606550e-10
1.382499999999999929e+01 3.543217764676559935e-09 3.559030083817410617e-09 1.167030752828478119e-10 1.180312642486872608e-10
1.384999999999999964e+01 3.503228707208362162e-09 3.518205733838192692e-09 1.125577727885637148e-10 1.138198246534480004e-10
1.387500000000000000e+01 3.465354360976654027e-09 3.479530103699816658e-09 1.086010189897508367e-10 1.098000520897216080e-10
1.390000000000000213e+01 3.429544582429105473e-09 3.442951859682448258e-09 1.048248402822300396e-10 1.059638373867558435e-10
1.392500000000000249e+01 3.395751751366212986e-09 3.408422238896549907e-09 1.012216316784311190e-10 1.023034463743081553e-10
1.394999999999999929e+01 3.363930695899129897e-09 3.375894972466900353e-09 9.778414074333057664e-11 9.881150350049100720e-11
1.397499999999999964e+01 3.334038620848278528e-09 3.345326212230084658e-09 9.450545234550008446e-11 9.548097631421804649e-11
1.400000000000000000e+01 3.306035039462192520e-09 3.316674460822022210e-09 9.137897402099592586e-11 9.230516058182987318e-11
1.402500000000000213e+01 3.279881708341402801e-09 3.289900505037559850e-09 8.839842219941271483e-11 8.927766620938566078e-11
1.405000000000000249e+01 3.255542565457304589e-09 3.264967352349417240e-09 8.555780886065551434e-11 8.639240376244368332e-11
1.407499999999999929e+01 3.232983671160955587e-09 3.241840170478864966e-09 8.285142886715955752e-11 8.364357154343825740e-11
1.409999999999999964e+01 3.212173152081388930e-09 3.220486229915325108e-09 8.027384802952662167e-11 8.102564338861854004e-11
1.412500000000000000e+01 3.193081147817731130e-09 3.200874849286783603e-09 7.781989164127160599e-11 7.853335704696125834e-11
1.415000000000000213e+01 3.175679760333655815e-09 3.182977343487384615e-09 7.548463352185298414e-11 7.616170304179512870e-11
1.417500000000000249e+01 3.159943005967080630e-09 3.166766974472914395e-09 7.326338563514937646e-11 7.390591408656225386e-11
1.419999999999999929e+01 3.145846769971936381e-09 3.152218904638993649e-09 7.115168819514894103e-11 7.176145501852127124e-11
1.422499999999999964e+01 3.133368763512841430e-09 3.139310152700841102e-09 6.914530024160486759e-11 6.972401321188804197e-11
1.425000000000000000e+01 3.122488483037227597e-09 3.128019551997264378e-09 6.724019070598271512e-11 6.778948946734409716e-11
1.427500000000000036e+01 3.113187171953140193e-09 3.118327711145330673e-09 6.543252986509631638e-11 6.595398934833699840e-11
1.430000000000000249e+01 3.105447784544325454e-09 3.110216976975594651e-09 6.371868120863249762e-11 6.421381488920664263e-11
1.432499999999999929e+01 3.099254952057730423e-09 3.103671399681364990e-09 6.209519378064676082e-11 6.256545678831971662e-11
1.434999999999999964e+01 3.094594950901622409e-09 3.098676700118657071e-09 6.055879480984552798e-11 6.100558693766312282e-11
1.437500000000000000e+01 3.091455672895833116e-09 3.095220239196812405e-09 5.910638275775544266e-11 5.953105133133955627e-11
1.440000000000000036e+01 3.089826597518466043e-09 3.093290989302700228e-09 5.773502070947718003e-11 5.813886334342048629e-11
1.442500000000000249e+01 3.089698766096489083e-09 3.092879507704537677e-09 5.644193010264089089e-11 5.682619734613485927e-11
1.444999999999999929e+01 3.091064757890361442e-09 3.093977911884157062e-09 5.522448478093054825e-11 5.559038265843491416e-11
1.447499999999999964e+01 3.093918668025554281e-09 3.096579856749335567e-09 5.408020535275365153e-11 5.442889780789954576e-11
1.450000000000000000e+01 3.098256087226530992e-09 3.100680513680526989e-09 5.300675387101907769e-11 5.333936510554310403e-11
1.452500000000000036e+01 3.104074083311201916e-09 3.106276551368879158e-09 5.200192877089865196e-11 5.231954551403894750e-11
1.455000000000000249e+01 3.111371184406398633e-09 3.113366118404970845e-09 5.106366007433195773e-11 5.136733375618210227e-11
1.457499999999999929e+01 3.120147363847289873e-09 3.121948827580145485e-09 5.019000489765406691e-11 5.048075374499476272e-11
1.459999999999999964e+01 3.130404026725951542e-09 3.132025741864642154e-09 4.937914317213887493e-11 4.965795422864614477e-11
1.462500000000000000e+01 3.142143998056598812e-09 3.143599362029083373e-09 4.862937365090838295e-11 4.889720472636276229e-11
1.465000000000000036e+01 3.155371512527051183e-09 3.156673615877974148e-09 4.793911011098599710e-11 4.819689166374394795e-11
1.467500000000000249e+01 3.170092205808270395e-09 3.171253849066169100e-09 4.730687782415616513e-11 4.755551478002865219e-11
1.469999999999999929e+01 3.186313107395760736e-09 3.187346817471277910e-09 4.673131020369536803e-11 4.697168371715409714e-11
1.472499999999999964e+01 3.204042634958637954e-09 3.204960681097012092e-09 4.621114572018140414e-11 4.644411487320234395e-11
1.475000000000000000e+01 3.223290590174183024e-09 3.224104999484538269e-09 4.574522495743623906e-11 4.597162842077910047e-11
1.477500000000000036e+01 3.244068156027514345e-09 3.244790728610748161e-09 4.533248789410197447e-11 4.555314552558206319e-11
1.480000000000000249e+01 3.266387895557899987e-09 3.267030219254277017e-09 4.497197141348409883e-11 4.518768581266829338e-11
1.482499999999999929e+01 3.290263752035062546e-09 3.290837216811986573e-09 4.466280694013699954e-11 4.487436496968988123e-11
1.484999999999999964e+01 3.315711050550567945e-09 3.316226862550354895e-09 4.440421827682783914e-11 4.461239253450461437e-11
1.487500000000000000e+01 3.342746501011137290e-09 3.343215696278053100e-09 4.419551965597059944e-11 4.440106991186800321e-11
1.490000000000000036e+01 3.371388202522384834e-09 3.371821660427640379e-09 4.403611390652143347e-11 4.423978851226620758e-11
1.492500000000000071e+01 3.401655649153191504e-09 3.402064105536033015e-09 4.392549080209584800e-11 4.412802806246585520e-11
1.494999999999999929e+01 3.433569737072505907e-09 3.433963797115093019e-09 4.386322560197907988e-11 4.406535512110650203e-11
1.497499999999999964e+01 3.467152773052026902e-09 3.467542923905255310e-09 4.384897770870814098e-11 4.405142171016567076e-11
