# raxis[fm], SN, VN, SP, VP
2.101448349307773875e-07 9.990887510251825199e-02 1.062238546482263957e-01 9.494753124684590651e-02 1.006276454820377586e-01
2.500000000000000139e-02 9.990918608550419799e-02 1.062264923374166142e-01 9.494824568515940200e-02 1.006296606506253410e-01
5.000000000000000278e-02 9.987096479386674275e-02 1.061927098894159538e-01 9.491389868554105103e-02 1.005970554683811441e-01
7.499999999999999722e-02 9.980626869716503757e-02 1.061353703227260331e-01 9.485573580646597391e-02 1.005417525936410234e-01
1.000000000000000056e-01 9.971568407751522922e-02 1.060550325916862630e-01 9.477427782475790485e-02 1.004642626514507392e-01
1.250000000000000000e-01 9.959956025932890922e-02 1.059520062994006306e-01 9.466982401011643511e-02 1.003648662759664828e-01
1.499999999999999944e-01 9.945826984557029626e-02 1.058266048889363320e-01 9.454268933166248834e-02 1.002438456680456863e-01
1.749999999999999889e-01 9.929224892584069539e-02 1.056791951361423232e-01 9.439324124998811627e-02 1.001015303670735601e-01
2.000000000000000111e-01 9.910200674220703831e-02 1.055102039623204840e-01 9.422190864918018882e-02 9.993830368517890583e-02
2.250000000000000056e-01 9.888812110079368833e-02 1.053201168666047377e-01 9.402917751162873095e-02 9.975460115339052081e-02
2.500000000000000000e-01 9.865124024840600525e-02 1.051094761230930985e-01 9.381559276855608309e-02 9.955090883910244770e-02
2.750000000000000222e-01 9.839209090195130680e-02 1.048788936168363328e-01 9.358176604019111111e-02 9.932777544587187424e-02
2.999999999999999889e-01 9.811145315616653928e-02 1.046290273144757504e-01 9.332835204332957935e-02 9.908579008364909457e-02
3.250000000000000111e-01 9.781016780506396335e-02 1.043605827314405265e-01 9.305605569860754545e-02 9.882558368700060381e-02
3.499999999999999778e-01 9.748914001473465984e-02 1.040743211641192018e-01 9.276563582610708458e-02 9.854783682016154955e-02
3.750000000000000000e-01 9.714933629818703342e-02 1.037710572305273610e-01 9.245790255169025751e-02 9.825327740302325363e-02
4.000000000000000222e-01 9.679178288689850584e-02 1.034516575742527728e-01 9.213371609971629517e-02 9.794267962329830657e-02
4.249999999999999889e-01 9.641755561032439026e-02 1.031170320781973626e-01 9.179397733130331694e-02 9.761685554885737859e-02
4.500000000000000111e-01 9.602777915541982345e-02 1.027681324974900057e-01 9.143962748827147435e-02 9.727665398213249104e-02
4.749999999999999778e-01 9.562362445235875197e-02 1.024059519228206205e-01 9.107164612362025902e-02 9.692296016955485871e-02
5.000000000000000000e-01 9.520630207987254567e-02 1.020315180500409036e-01 9.069104519211185211e-02 9.655668951321380589e-02
5.250000000000000222e-01 9.477705982297650322e-02 1.016458916521588707e-01 9.029886720083248053e-02 9.617878631751797247e-02
5.500000000000000444e-01 9.433717742933905859e-02 1.012501620363559091e-01 8.989618073252754471e-02 9.579021972502881066e-02
5.749999999999999556e-01 9.388796400085758220e-02 1.008454446310422248e-01 8.948407847299644224e-02 9.539198164215363651e-02
5.999999999999999778e-01 9.343075404563173925e-02 1.004328780461748727e-01 8.906367403063651655e-02 9.498508423138159185e-02
6.250000000000000000e-01 9.296689978190762760e-02 1.000136192363236254e-01 8.863609513628332992e-02 9.457055567753996916e-02
6.500000000000000222e-01 9.249776281936433753e-02 9.958883307121051132e-02 8.820247637394462714e-02 9.414943053964880404e-02
6.750000000000000444e-01 9.202471766080286275e-02 9.915969606044414131e-02 8.776396332068774064e-02 9.372275372192537257e-02
6.999999999999999556e-01 9.154914033932590178e-02 9.872738872598135762e-02 8.732170219693856372e-02 9.329157363423594418e-02
7.249999999999999778e-01 9.107240604303250275e-02 9.829309059565236040e-02 8.687683841935715801e-02 9.285693774255694699e-02
7.500000000000000000e-01 9.059587904459821817e-02 9.785797556972192224e-02 8.643050750701163076e-02 9.241988876045423296e-02
7.750000000000000222e-01 9.012090915046169770e-02 9.742320208250569713e-02 8.598383297205614006e-02 9.198145575134077101e-02
8.000000000000000444e-01 8.964883908892172515e-02 9.698992326824741605e-02 8.553793397773638840e-02 9.154266413488902632e-02
8.249999999999999556e-01 8.918098482348578437e-02 9.655927295159225099e-02 8.509390678373611461e-02 9.110452292266574270e-02
8.499999999999999778e-01 8.871863439856748912e-02 9.613236023745978798e-02 8.465282503137844250e-02 9.066802018083341963e-02
8.750000000000000000e-01 8.826304316022605401e-02 9.571026610983611460e-02 8.421573591090282529e-02 9.023412038678826907e-02
9.000000000000000222e-01 8.781542834814141940e-02 9.529403899400802624e-02 8.378365538691982806e-02 8.980376036037038268e-02
9.250000000000001554e-01 8.737696251273591175e-02 9.488468876099881433e-02 8.335756296524102216e-02 8.937784433446917254e-02
9.499999999999999556e-01 8.694877202214967848e-02 9.448318453711024301e-02 8.293840122862686237e-02 8.895724242738929644e-02
9.749999999999999778e-01 8.653193193744415646e-02 9.409045066954900560e-02 8.252707127964303835e-02 8.854278693462738770e-02
1.000000000000000000e+00 8.612746093762843613e-02 9.370736375539326368e-02 8.212442872187179776e-02 8.813527049579314432e-02
1.024999999999999911e+00 8.573631209282801813e-02 9.333474261266436200e-02 8.173127547142393368e-02 8.773543681678169781e-02
1.050000000000000044e+00 8.535937413368677174e-02 9.297334777012959683e-02 8.134836191817003404e-02 8.734398027280926291e-02
1.074999999999999956e+00 8.499746917978949490e-02 9.262388218433929843e-02 8.097638506703348782e-02 8.696154732231367590e-02
1.100000000000000089e+00 8.465134457105688570e-02 9.228698356773724909e-02 8.061598098441985494e-02 8.658872945099452267e-02
1.125000000000000000e+00 8.432167059304876422e-02 9.196322085633526489e-02 8.026772346797907132e-02 8.622605997659417432e-02
1.149999999999999911e+00 8.400904035963917271e-02 9.165309480134786746e-02 7.993212458151624511e-02 8.587401516178011507e-02
1.175000000000000044e+00 8.371396649912112020e-02 9.135703524261191977e-02 7.960963131039421048e-02 8.553301135547949907e-02
1.199999999999999956e+00 8.343687722924038319e-02 9.107539833961589282e-02 7.930062191245310088e-02 8.520340286294970922e-02
1.225000000000000089e+00 8.317811310108248757e-02 9.080846218295950123e-02 7.900540373856981824e-02 8.488547802681944976e-02
1.250000000000000000e+00 8.293793023022265343e-02 9.055642956843465430e-02 7.872421626564377051e-02 8.457946107765255961e-02
1.274999999999999911e+00 8.271649799367256084e-02 9.031942813637740264e-02 7.845722832120599621e-02 8.428551296456937569e-02
1.300000000000000044e+00 8.251389515353273196e-02 9.009750533222023183e-02 7.820453472166992437e-02 8.400372621204110768e-02
1.324999999999999956e+00 8.233011196234353568e-02 8.989063058345926616e-02 7.796615842249295103e-02 8.373412698373194907e-02
1.350000000000000089e+00 8.216504941016095076e-02 8.969869462543558769e-02 7.774204948389848435e-02 8.347667400459353459e-02
1.375000000000000000e+00 8.201852100194655104e-02 8.952151170716081408e-02 7.753208631975089249e-02 8.323126054827716114e-02
1.399999999999999911e+00 8.189025123558968389e-02 8.935881777889695399e-02 7.733607397864827870e-02 8.299771221791853171e-02
1.425000000000000044e+00 8.177988078531997496e-02 8.921027533782435737e-02 7.715374894909790560e-02 8.277579084421540778e-02
1.449999999999999956e+00 8.168696518909078497e-02 8.907547330971790633e-02 7.698477674169887375e-02 8.256519497414703534e-02
1.475000000000000089e+00 8.161097594876945416e-02 8.895392641527670452e-02 7.682875323376395227e-02 8.236555756701051390e-02
1.500000000000000000e+00 8.155130749337770324e-02 8.884508302376577238e-02 7.668521062599355231e-02 8.217645395278183607e-02
1.524999999999999911e+00 8.150727738189855742e-02 8.874832459366946424e-02 7.655361723485851200e-02 8.199740005189222469e-02
1.550000000000000044e+00 8.147813628856975798e-02 8.866297587195447194e-02 7.643338598951308904e-02 8.182786145692183544e-02
1.574999999999999956e+00 8.146306075287401693e-02 8.858829853569491486e-02 7.632386442425971584e-02 8.166724758211536817e-02
1.600000000000000089e+00 8.146115445784656017e-02 8.852348991919821442e-02 7.622433824963519011e-02 8.151490882876807897e-02
1.625000000000000000e+00 8.147146052755675771e-02 8.846769563727426011e-02 7.613404262907752518e-02 8.137014885916592222e-02
1.649999999999999911e+00 8.149295994047128788e-02 8.842000852632200814e-02 7.605215683871464905e-02 8.123222258857670797e-02
1.675000000000000044e+00 8.152457512714027243e-02 8.837947037171242637e-02 7.597781029802530561e-02 8.110033711773469156e-02
1.699999999999999956e+00 8.156518421935705920e-02 8.834508619240005745e-02 7.591009480973295864e-02 8.097366441030290352e-02
1.725000000000000311e+00 8.161361998241765947e-02 8.831582376304765447e-02 7.584805968324696834e-02 8.085134092117340909e-02
1.750000000000000000e+00 8.166867176113047633e-02 8.829061354491725411e-02 7.579071640392404108e-02 8.073246671935048469e-02
1.774999999999999911e+00 8.172909877159686975e-02 8.826836183144801118e-02 7.573704925558208401e-02 8.061611666072250604e-02
1.800000000000000044e+00 8.179362907383468106e-02 8.824794986730293000e-02 7.568601212296240111e-02 8.050134048382329155e-02
1.824999999999999956e+00 8.186096325304359489e-02 8.822823575556892894e-02 7.563653301221433256e-02 8.038716263284759189e-02
1.850000000000000311e+00 8.192978296781525116e-02 8.820806287805822710e-02 7.558752111842388655e-02 8.027259099666342324e-02
1.875000000000000000e+00 8.199875368721709634e-02 8.818626164091607211e-02 7.553786881526376729e-02 8.015661747778417279e-02
1.899999999999999911e+00 8.206653397953098117e-02 8.816165800457884116e-02 7.548645976114540246e-02 8.003822532600234074e-02
1.925000000000000044e+00 8.213177638356257415e-02 8.813307435078934771e-02 7.543216866581400892e-02 7.991639134670423805e-02
1.949999999999999956e+00 8.219313089270660622e-02 8.809933133283145978e-02 7.537386527260496460e-02 7.979008639616244625e-02
1.975000000000000089e+00 8.224925223583323675e-02 8.805925459078280115e-02 7.531042014361624681e-02 7.965828125284825367e-02
2.000000000000000000e+00 8.229880475578148225e-02 8.801167874502870136e-02 7.524070891960672747e-02 7.951995016926229065e-02
2.024999999999999911e+00 8.234046956756856106e-02 8.795545392124930195e-02 7.516361953949410313e-02 7.937407786174263680e-02
2.049999999999999822e+00 8.237294480539809893e-02 8.788944609475964065e-02 7.507805052691722547e-02 7.921965983378133347e-02
2.075000000000000178e+00 8.239494818498732664e-02 8.781253787819484624e-02 7.498291467166863511e-02 7.905570269165033970e-02
2.100000000000000089e+00 8.240522615664276629e-02 8.772363633247655390e-02 7.487714765173637821e-02 7.888123066862848254e-02
2.125000000000000000e+00 8.240255846836665177e-02 8.762167834120722365e-02 7.475971114228788239e-02 7.869529217969264967e-02
2.149999999999999911e+00 8.238575729789703039e-02 8.750562913838901002e-02 7.462959254751135030e-02 7.849695902966695449e-02
2.174999999999999822e+00 8.235367271911807341e-02 8.737448565445674054e-02 7.448581103916114554e-02 7.828532883009263477e-02
2.200000000000000178e+00 8.230519869456667803e-02 8.722728273275583144e-02 7.432742214884412169e-02 7.805953098507577292e-02
2.225000000000000089e+00 8.223927310488127196e-02 8.706309346585472397e-02 7.415351748121774833e-02 7.781872771899005226e-02
2.250000000000000000e+00 8.215488153315157749e-02 8.688103137839452150e-02 7.396322996000524730e-02 7.756211685904328135e-02
2.274999999999999911e+00 8.205105920819666387e-02 8.668025288653870286e-02 7.375573450836495071e-02 7.728893394015777518e-02
2.299999999999999822e+00 8.192689424374005602e-02 8.645995863452451968e-02 7.353025242722729948e-02 7.699845376946841402e-02
2.325000000000000178e+00 8.178153254295618402e-02 8.621939986793415722e-02 7.328605551904540660e-02 7.668999740753584815e-02
2.350000000000000089e+00 8.161417257892432386e-02 8.595787331678977905e-02 7.302246102577224229e-02 7.636292752915357918e-02
2.375000000000000000e+00 8.142407503800831725e-02 8.567472678314465295e-02 7.273884276407316385e-02 7.601665324851031302e-02
2.399999999999999911e+00 8.121056273331322961e-02 8.536936409277096072e-02 7.243462911177832309e-02 7.565063628790180683e-02
2.424999999999999822e+00 8.097301637672760233e-02 8.504123920051009922e-02 7.210930060384540541e-02 7.526438599372274607e-02
2.450000000000000178e+00 8.071088210241207650e-02 8.468986056710772758e-02 7.176239782666790634e-02 7.485746261957762493e-02
2.475000000000000089e+00 8.042367031623232076e-02 8.431479440976495654e-02 7.139351912972689840e-02 7.442948153331183092e-02
2.500000000000000000e+00 8.011095515917261711e-02 8.391566198303225532e-02 7.100232146888543761e-02 7.398011096540074716e-02
2.524999999999999911e+00 7.977237745078100128e-02 8.349214285757299014e-02 7.058852303365265035e-02 7.350907494946352927e-02
2.549999999999999822e+00 7.940764215582671315e-02 8.304397448745336197e-02 7.015190148163062689e-02 7.301615425872992615e-02
2.575000000000000178e+00 7.901651879394205880e-02 8.257095085488057318e-02 6.969229467594900695e-02 7.250118478826590718e-02
2.600000000000000089e+00 7.859884254909703383e-02 8.207292399543868189e-02 6.920960185930634390e-02 7.196405912575180863e-02
2.625000000000000000e+00 7.815451245871384012e-02 8.154980364228728296e-02 6.870378173193944504e-02 7.140472625847389676e-02
2.649999999999999911e+00 7.768349369464333520e-02 8.100155832626310115e-02 6.817485582763307961e-02 7.082319340524140250e-02
2.674999999999999822e+00 7.718581710657348993e-02 8.042821748276841876e-02 6.762290751088949337e-02 7.021952807849582423e-02
2.700000000000000178e+00 7.666157172281924670e-02 7.982986462248559123e-02 6.704807478283429656e-02 6.959385134354351132e-02
2.725000000000000089e+00 7.611090870832491750e-02 7.920663826330404111e-02 6.645055490782840468e-02 6.894633860626009358e-02
2.750000000000000000e+00 7.553404285401509044e-02 7.855873606298925671e-02 6.583060588888511866e-02 6.827722414802529782e-02
2.774999999999999911e+00 7.493124681596989578e-02 7.788641186268303873e-02 6.518854056843544076e-02 6.758679830024834356e-02
2.799999999999999822e+00 7.430284836217390665e-02 7.718996983606514484e-02 6.452472443774508182e-02 6.687540138590217231e-02
2.825000000000000178e+00 7.364923564013597934e-02 7.646976982998665573e-02 6.383958084960650314e-02 6.614342885565532848e-02
2.850000000000000089e+00 7.297084804468051411e-02 7.572622423338189190e-02 6.313358159094320521e-02 6.539132852873304202e-02
2.875000000000000000e+00 7.226817579657823787e-02 7.495979234298517924e-02 6.240724739921883757e-02 6.461959496509964151e-02
2.899999999999999911e+00 7.154176290693732565e-02 7.417098416798777183e-02 6.166115040389138352e-02 6.382877268387143754e-02
2.924999999999999822e+00 7.079220074011048636e-02 7.336035794350173611e-02 6.089590759642406204e-02 6.301945385956481127e-02
2.950000000000000178e+00 7.002012341503174864e-02 7.252851497523460367e-02 6.011217650609442659e-02 6.219227315723697969e-02
2.975000000000000089e+00 6.922620871476177495e-02 7.167609628995430526e-02 5.931065612995806147e-02 6.134790389668705324e-02
3.000000000000000000e+00 6.841117790994352688e-02 7.080378891464841895e-02 5.849208628433584523e-02 6.048706417254700457e-02
3.024999999999999911e+00 6.757578717507986554e-02 6.991231578111806177e-02 5.765723977458301480e-02 5.961050722746873837e-02
3.049999999999999822e+00 6.672083056100901188e-02 6.900243587643579979e-02 5.680692470452860382e-02 5.871902063518440879e-02
3.075000000000000178e+00 6.584713291149796310e-02 6.807494267372045382e-02 5.594197753194259798e-02 5.781342506349071431e-02
3.100000000000000089e+00 6.495554862514542338e-02 6.713065776733469214e-02 5.506326172768448435e-02 5.689456738891434523e-02
3.125000000000000000e+00 6.404696141324796310e-02 6.617043361575811189e-02 5.417166729179364454e-02 5.596332318670167033e-02
3.149999999999999911e+00 6.312228026428957917e-02 6.519514709229577709e-02 5.326810635990609361e-02 5.502058982043870478e-02
3.174999999999999822e+00 6.218243752755363979e-02 6.420570213811642446e-02 5.235351097992815839e-02 5.406728874519904637e-02
3.200000000000000178e+00 6.122838361431557491e-02 6.320302464711057000e-02 5.142882851896654617e-02 5.310436097061394661e-02
3.225000000000000089e+00 6.026108547329726839e-02 6.218805547512294002e-02 5.049501960954519419e-02 5.213275938228828510e-02
3.250000000000000000e+00 5.928152480340014713e-02 6.116175058530440301e-02 4.955305584304326577e-02 5.115344831865325376e-02
3.274999999999999911e+00 5.829069486987557835e-02 6.012508054487478160e-02 4.860391643494969133e-02 5.016740282285546415e-02
3.299999999999999822e+00 5.728959930614013069e-02 5.907902748951653071e-02 4.764858709233189826e-02 4.917560564181286398e-02
3.325000000000000178e+00 5.627924679616931602e-02 5.802458035963820732e-02 4.668805429519511802e-02 4.817904199008932187e-02
3.350000000000000089e+00 5.526065052262443822e-02 5.696273310763904502e-02 4.572330481161905602e-02 4.717869772848388293e-02
3.375000000000000444e+00 5.423482845454320744e-02 5.589448437944211090e-02 4.475532526413619760e-02 4.617555833541955868e-02
3.399999999999999911e+00 5.320279521210636436e-02 5.482083432163448872e-02 4.378509429935206754e-02 4.517060584405550167e-02
3.424999999999999822e+00 5.216556307231694223e-02 5.374277948614394201e-02 4.281358349252239320e-02 4.416481376548323651e-02
3.450000000000000622e+00 5.112414279627906094e-02 5.266131405317131531e-02 4.184175737695504382e-02 4.315914748739901885e-02
3.475000000000000533e+00 5.007953791114692910e-02 5.157742845045840130e-02 4.087056783481589350e-02 4.215456279692782193e-02
3.500000000000000000e+00 4.903274173766709182e-02 5.049210263783297792e-02 3.990095124356270173e-02 4.115199939209930602e-02
3.524999999999999911e+00 4.798473686488979872e-02 4.940630792567615726e-02 3.893382769049054393e-02 4.015238228931456571e-02
3.549999999999999822e+00 4.693649467302857953e-02 4.832100360549833329e-02 3.797010042875682140e-02 3.915661856643089939e-02
3.575000000000000622e+00 4.588897422443875135e-02 4.723713567327381818e-02 3.701065420194813577e-02 3.816559549578934368e-02
3.600000000000000089e+00 4.484311727785545570e-02 4.615563622783098313e-02 3.605635073179128819e-02 3.718018008213879594e-02
3.625000000000000000e+00 4.379984909920037889e-02 4.507741959649221725e-02 3.510802932880959654e-02 3.620121534930466345e-02
3.649999999999999911e+00 4.276007659520500437e-02 4.400338221454521553e-02 3.416650486735280101e-02 3.522951990455756854e-02
3.674999999999999822e+00 4.172468549534669169e-02 4.293440129816580159e-02 3.323256532490142384e-02 3.426588679540384236e-02
3.700000000000000622e+00 4.069454062536062566e-02 4.187133089014329068e-02 3.230697189071764924e-02 3.331107978601852843e-02
3.725000000000000089e+00 3.967048542916862264e-02 4.081500455994975518e-02 3.139045827857634557e-02 3.236583554450445793e-02
3.750000000000000000e+00 3.865333783053272881e-02 3.976623072238384682e-02 3.048372719688863600e-02 3.143085961209562268e-02
3.774999999999999911e+00 3.764389195816415096e-02 3.872579416175892658e-02 2.958745180222420793e-02 3.050682767776063259e-02
3.799999999999999822e+00 3.664291343248608779e-02 3.769445287765976760e-02 2.870227174536378600e-02 2.959438301452495951e-02
3.825000000000000178e+00 3.565114152795881286e-02 3.667293689265961609e-02 2.782879516751405116e-02 2.869413545869517468e-02
3.850000000000000089e+00 3.466928931033427114e-02 3.566194835677102132e-02 2.696759875229510356e-02 2.780666147005543543e-02
3.875000000000000000e+00 3.369803948933459276e-02 3.466216184812996592e-02 2.611922422059918120e-02 2.693250455817550529e-02
3.899999999999999911e+00 3.273804441610216054e-02 3.367422184090540505e-02 2.528417888355308230e-02 2.607217356247267664e-02
3.924999999999999822e+00 3.178992764879480515e-02 3.269874241783277818e-02 2.446293701704824186e-02 2.522614243907410694e-02
3.950000000000000178e+00 3.085427986555692656e-02 3.173630555165888462e-02 2.365593661607068646e-02 2.439484909142126609e-02
3.975000000000000089e+00 2.993166124495438493e-02 3.078746297477817292e-02 2.286358178657873011e-02 2.357869730143404702e-02
4.000000000000000000e+00 2.902259886099384581e-02 2.985273390530784540e-02 2.208624091593870686e-02 2.277805519726329095e-02
4.025000000000000355e+00 2.812758725381758751e-02 2.893260427182443167e-02 2.132424752014400182e-02 2.199325493396592571e-02
4.049999999999999822e+00 2.724708813898796267e-02 2.802752868788569579e-02 2.057790041426199937e-02 2.122459481558043939e-02
4.075000000000000178e+00 2.638152835830477605e-02 2.713792640320243990e-02 1.984746248034974236e-02 2.047233637234017675e-02
4.099999999999999645e+00 2.553130285228474503e-02 2.626418353822573826e-02 1.913316353806693640e-02 1.973670659809210332e-02
4.125000000000000000e+00 2.469677294756232253e-02 2.540665377145371120e-02 1.843519935766140677e-02 1.901789901765284577e-02
4.150000000000000355e+00 2.387826503480798557e-02 2.456565775180031413e-02 1.775373120826124682e-02 1.831607381825154160e-02
4.174999999999999822e+00 2.307607200990244647e-02 2.374148135503230048e-02 1.708888764088840884e-02 1.763135699095489534e-02
4.200000000000000178e+00 2.229045442484563211e-02 2.293437681820940932e-02 1.644076577294612332e-02 1.696384164018522461e-02
4.224999999999999645e+00 2.152163841797689187e-02 2.214456468177261952e-02 1.580943021808784224e-02 1.631359020827772774e-02
4.250000000000000000e+00 2.076981701182168197e-02 2.137223237512709401e-02 1.519491484297891618e-02 1.568063400376807498e-02
4.275000000000000355e+00 2.003515067065624392e-02 2.061753392833926349e-02 1.459722368525136378e-02 1.506497346251235020e-02
4.299999999999999822e+00 1.931776828636207199e-02 1.988059135386865961e-02 1.401633228673039924e-02 1.446657980796963068e-02
4.325000000000000178e+00 1.861776772224820950e-02 1.916149688453812339e-02 1.345218868970558292e-02 1.388539741991362368e-02
4.349999999999999645e+00 1.793521432112740385e-02 1.846031129241683388e-02 1.290471292829884105e-02 1.332134317985016712e-02
4.375000000000000000e+00 1.727014382183292632e-02 1.777706426303086659e-02 1.237379988024617759e-02 1.277430730528484638e-02
4.400000000000000355e+00 1.662256312682224013e-02 1.711175736818315932e-02 1.185932035264527368e-02 1.224415621716285277e-02
4.424999999999999822e+00 1.599245022201083166e-02 1.646436397630220150e-02 1.136112163426393658e-02 1.173073307691486350e-02
4.450000000000000178e+00 1.537975526506511759e-02 1.583482917383737670e-02 1.087902887511252130e-02 1.123385826891973825e-02
4.474999999999999645e+00 1.478440206464710742e-02 1.522307168118306603e-02 1.041284673476707869e-02 1.075333140341352793e-02
4.500000000000000000e+00 1.420628912475572179e-02 1.462898500608370705e-02 9.962360678895467586e-03 1.028893272369951935e-02
4.525000000000000355e+00 1.364529074523642208e-02 1.405243848649288460e-02 9.527338299079292361e-03 9.840424392971764897e-03
4.549999999999999822e+00 1.310125811023287075e-02 1.349327840523173103e-02 9.107530616229521370e-03 9.407551826970757605e-03
4.575000000000000178e+00 1.257402054796924636e-02 1.295132915925327824e-02 8.702673468307872695e-03 8.990045034843217181e-03
4.599999999999999645e+00 1.206338683544477819e-02 1.242639455540418998e-02 8.312488906219231422e-03 8.587620025378842059e-03
4.625000000000000000e+00 1.156914643124622340e-02 1.191825900653702315e-02 7.936686509469543030e-03 8.199980107924368170e-03
4.650000000000000355e+00 1.109107081417069415e-02 1.142668890940187407e-02 7.574964762341829423e-03 7.826817308256201616e-03
4.674999999999999822e+00 1.062891477209135238e-02 1.095143384821959352e-02 7.227012335218522751e-03 7.467813618731922697e-03
4.700000000000000178e+00 1.018241772410137351e-02 1.049222796386696695e-02 6.892509371743609642e-03 7.122642330173198887e-03
4.724999999999999645e+00 9.751305071837296570e-03 1.004879124442650297e-02 6.571128781717748557e-03 6.790969289623884769e-03
4.750000000000000000e+00 9.335289530784154563e-03 9.620830847027458943e-03 6.262537462873418725e-03 6.472454140025345366e-03
4.775000000000000355e+00 8.934072414558350689e-03 9.208042447639782496e-03 5.966397472059415882e-03 6.166751551854743156e-03
4.799999999999999822e+00 8.547344829330599109e-03 8.810111386525173657e-03 5.682367100275172514e-03 5.873512277095802037e-03
4.825000000000000178e+00 8.174788994757372501e-03 8.426713938225027789e-03 5.410102006809854730e-03 5.592384262705009379e-03
4.849999999999999645e+00 7.816079610568682501e-03 8.057518672529654855e-03 5.149256346346276804e-03 5.323013792648315611e-03
4.875000000000000000e+00 7.470884875826837822e-03 7.702187580978088650e-03 4.899483634524705832e-03 5.065046437603903766e-03
4.900000000000000355e+00 7.138867692260826049e-03 7.360377202542506617e-03 4.660437718665302528e-03 4.818127983309682984e-03
4.924999999999999822e+00 6.819686801990523621e-03 7.031739789399103768e-03 4.431773660286757524e-03 4.581905352001159823e-03
4.950000000000000178e+00 6.512997842784772062e-03 6.715924331162122750e-03 4.213148539248312563e-03 4.356027397660656303e-03
4.974999999999999645e+00 6.218454383086740277e-03 6.412577643213129494e-03 4.004222230166830897e-03 4.140145722405075453e-03
5.000000000000000000e+00 5.935708863479349263e-03 6.121345288998213639e-03 3.804658088283491453e-03 3.933915362926285880e-03
5.025000000000000355e+00 5.664413597850068149e-03 5.841872594796376772e-03 3.614123639686070075e-03 3.736995506145628348e-03
5.049999999999999822e+00 5.404221550368575218e-03 5.573805450582904573e-03 3.432291119488367626e-03 3.549050044124096512e-03
5.075000000000000178e+00 5.154787224930896042e-03 5.316791180624129767e-03 3.258838054185754854e-03 3.369748157003304555e-03
5.099999999999999645e+00 4.915767353584840800e-03 5.070479302600032837e-03 3.093447691293564963e-03 3.198764799104614719e-03
5.125000000000000000e+00 4.686821594428585216e-03 4.834522192000259393e-03 2.935809426081538269e-03 3.035781107130858854e-03
5.150000000000000355e+00 4.467613250043169816e-03 4.608575809862893932e-03 2.785619221983230871e-03 2.880484834152225154e-03
5.174999999999999822e+00 4.257809847920992520e-03 4.392300300602600995e-03 2.642579928044286319e-03 2.732570682933159814e-03
5.200000000000000178e+00 4.057083649838619938e-03 4.185360547034180922e-03 2.506401535731488366e-03 2.591740598940173862e-03
5.224999999999999645e+00 3.865112109734135815e-03 3.987426646473329374e-03 2.376801392220235457e-03 2.457703999595223319e-03
5.250000000000000000e+00 3.681578354547350700e-03 3.798174348835754201e-03 2.253504423090896443e-03 2.330177969269386657e-03
5.275000000000000355e+00 3.506171607576843204e-03 3.617285498017425074e-03 2.136243303070122293e-03 2.208887446991345937e-03
5.299999999999999822e+00 3.338587481281013805e-03 3.444448404787129724e-03 2.024758533278265930e-03 2.093565359637783885e-03
5.325000000000000178e+00 3.178528284267978857e-03 3.279358112094209361e-03 1.918798530427271755e-03 1.983952681223425957e-03
5.349999999999999645e+00 3.025703265661287052e-03 3.121716677159982675e-03 1.818119666679950813e-03 1.879798498566681662e-03
5.375000000000000000e+00 2.879828815260045312e-03 2.971233371629031141e-03 1.722486274077527670e-03 1.780860018633762063e-03
5.400000000000000355e+00 2.740628668409787749e-03 2.827624875784378981e-03 1.631670650492895872e-03 1.686902566478572490e-03
5.424999999999999822e+00 2.607834030101411661e-03 2.690615442964949377e-03 1.545453014498218616e-03 1.597699563598413983e-03
5.450000000000000178e+00 2.481183685310273026e-03 2.559937015797401558e-03 1.463621447699906897e-03 1.513032473909560124e-03
5.474999999999999645e+00 2.360424039949339265e-03 2.435329270046725399e-03 1.385971792364227781e-03 1.432690702435619355e-03
5.500000000000000000e+00 2.245309190718180851e-03 2.316539683099710315e-03 1.312307567940232790e-03 1.356471508495533376e-03
5.525000000000000355e+00 2.135600928118638452e-03 2.203323565099830298e-03 1.242439845247489101e-03 1.284179895917072611e-03
5.549999999999999822e+00 2.031068697081301125e-03 2.095444025544609522e-03 1.176187096874345547e-03 1.215628464163722279e-03
5.575000000000000178e+00 1.931489583872543188e-03 1.992671942146443439e-03 1.113375064422658612e-03 1.150637262309834588e-03
5.599999999999999645e+00 1.836648264085507555e-03 1.894785920084243779e-03 1.053836603027101830e-03 1.089033637679717292e-03
5.625000000000000000e+00 1.746336908803075788e-03 1.801572224112191027e-03 9.974115029451544046e-04 1.030652070679006658e-03
5.650000000000000355e+00 1.660355098566499441e-03 1.712824677886072306e-03 9.439463178314017999e-04 9.753339912728965517e-04
5.674999999999999822e+00 1.578509709967326540e-03 1.628344553544409197e-03 8.932941810334477702e-04 9.229275930492988325e-04
5.700000000000000178e+00 1.500614800709495610e-03 1.547940457996879607e-03 8.453146216290223502e-04 8.732876478430315424e-04
5.724999999999999645e+00 1.426491472282320457e-03 1.471428209937987019e-03 7.998733716467962274e-04 8.262753174992132398e-04
5.750000000000000000e+00 1.355967717325166303e-03 1.398630677049542831e-03 7.568421676203164732e-04 7.817579462611712023e-04
5.775000000000000355e+00 1.288878273775964168e-03 1.329377634205804702e-03 7.160985586258498698e-04 7.396088680442994149e-04
5.799999999999999822e+00 1.225064457143103204e-03 1.263505593860438526e-03 6.775257056874716766e-04 6.997072014104267898e-04
5.825000000000000178e+00 1.164374000730168451e-03 1.200857642781031145e-03 6.410121899553582409e-04 6.619376516973603849e-04
5.849999999999999645e+00 1.106660879785245502e-03 1.141283273234642475e-03 6.064518145010499781e-04 6.261903141818168407e-04
5.875000000000000000e+00 1.051785134819080989e-03 1.084638200449677655e-03 5.737434096865774540e-04 5.923604723320001183e-04
5.900000000000000355e+00 9.996126915982046866e-04 1.030784180266041544e-03 5.427906408982575591e-04 5.603484009586223247e-04
5.924999999999999822e+00 9.500151860488356432e-04 9.795888284534412516e-04 5.135018216120257849e-04 5.300591731519529960e-04
5.950000000000000178e+00 9.028697806448901389e-04 9.309254414192301430e-04 4.857897266921464333e-04 5.014024724628039819e-04
5.974999999999999645e+00 8.580589826736758057e-04 8.846728086080894249e-04 4.595714093161420511e-04 4.742924037595926188e-04
6.000000000000000000e+00 8.154704638992210089e-04 8.407150290549606029e-04 4.347680236803331752e-04 4.486473105550271043e-04
6.025000000000000355e+00 7.749968796525913460e-04 7.989413280424128476e-04 4.113046498599097316e-04 4.243895960293835143e-04
6.049999999999999822e+00 7.365356916927192363e-04 7.592458761865975318e-04 3.891101245903370366e-04 4.014455487605688897e-04
6.075000000000000178e+00 6.999889918756269005e-04 7.215276094240771938e-04 3.681168762969544168e-04 3.797451727257442609e-04
6.099999999999999645e+00 6.652633289415701935e-04 6.856900525479804826e-04 3.482607653053832234e-04 3.592220228703703897e-04
6.125000000000000000e+00 6.322695387754815590e-04 6.516411456645101888e-04 3.294809288292692450e-04 3.398130456617388289e-04
6.150000000000000355e+00 6.009225765097451523e-04 6.192930727854531556e-04 3.117196299827321203e-04 3.214584237880751053e-04
6.174999999999999822e+00 5.711413529822182691e-04 5.885620944113868509e-04 2.949221133510019038e-04 3.041014265750473472e-04
6.200000000000000178e+00 5.428485758167839745e-04 5.593683844542462992e-04 2.790364651714526568e-04 2.876882660301120298e-04
6.224999999999999645e+00 5.159705933369979503e-04 5.316358707401583903e-04 2.640134779767444009e-04 2.721679573683476010e-04
6.250000000000000000e+00 4.904372430761573271e-04 5.052920794023434917e-04 2.498065212022059466e-04 2.574921849642714455e-04
6.275000000000000355e+00 4.661817050303064622e-04 4.802679839942284798e-04 2.363714163191687318e-04 2.436151734827954622e-04
6.299999999999999822e+00 4.431403583189757437e-04 4.564978591584625172e-04 2.236663168431455748e-04 2.304935641407475887e-04
6.325000000000000178e+00 4.212526428971789046e-04 4.339191380103194309e-04 2.116515932758716639e-04 2.180862955895458265e-04
6.349999999999999645e+00 4.004609257299612726e-04 4.124722745643510631e-04 2.002897229919759728e-04 2.063544899033305864e-04
6.375000000000000000e+00 3.807103710946234875e-04 3.921006108785969916e-04 1.895451846538483934e-04 1.952613435952797369e-04
6.400000000000000355e+00 3.619488157326289173e-04 3.727502481465046267e-04 1.793843571342314648e-04 1.847720228839360508e-04
6.424999999999999822e+00 3.441266482712497152e-04 3.543699226250614145e-04 1.697754231281868326e-04 1.748535637574517062e-04
6.450000000000000178e+00 3.271966931485622860e-04 3.369108862975000703e-04 1.606882769328172038e-04 1.654747766585230114e-04
6.474999999999999645e+00 3.111140983032619910e-04 3.203267914662634680e-04 1.520944359520316877e-04 1.566061550841175564e-04
6.500000000000000000e+00 2.958362281530154195e-04 3.045735799456834219e-04 1.439669570208648827e-04 1.482197884964112013e-04
6.525000000000000355e+00 2.813225601411598834e-04 2.896093766894291318e-04 1.362803563621314438e-04 1.402892794669811981e-04
6.549999999999999822e+00 2.675345852974862488e-04 2.753943874623509267e-04 1.290105330449032065e-04 1.327896645732225083e-04
6.575000000000000178e+00 2.544357133784154890e-04 2.618908006593884271e-04 1.221346965064861194e-04 1.256973390293917995e-04
6.599999999999999645e+00 2.419911812647817433e-04 2.490626930580114610e-04 1.156312972759760164e-04 1.189899849815443208e-04
6.625000000000000000e+00 2.301679657674659250e-04 2.368759397408447091e-04 1.094799611399183321e-04 1.126465033150846838e-04
6.650000000000000355e+00 2.189346999687100570e-04 2.252981277889001181e-04 1.036614267442886785e-04 1.066469488079076975e-04
6.674999999999999822e+00 2.082615928387718111e-04 2.142984734000061536e-04 9.815748609173495401e-05 1.009724684863961831e-04
6.700000000000000178e+00 1.981203529731693364e-04 2.038477427843780876e-04 9.295092813788749194e-05 9.560524303876415282e-05
6.724999999999999645e+00 1.884841153703996689e-04 1.939181768780495155e-04 8.802548517703709429e-05 9.052843133953688073e-05
6.750000000000000888e+00 1.793273712098118170e-04 1.844834189275927725e-04 8.336578184808224692e-05 8.572611757098435974e-05
6.775000000000001243e+00 1.706259013623635324e-04 1.755184453243538044e-04 7.895728702836420760e-05 8.118326109373583631e-05
6.799999999999999822e+00 1.623567125940957934e-04 1.669995000777274423e-04 7.478626796213326165e-05 7.688564907779203640e-05
6.825000000000001066e+00 1.544979766084824194e-04 1.589040317356019073e-04 7.083974686112140019e-05 7.281985136142651556e-05
6.849999999999999645e+00 1.470289723170540219e-04 1.512106334933141592e-04 6.710545988427060033e-05 6.897317781751646738e-05
6.875000000000000000e+00 1.399300305550218071e-04 1.438989863156947774e-04 6.357181805834037950e-05 6.533363798786280866e-05
6.900000000000001243e+00 1.331824813364476147e-04 1.369498043523827472e-04 6.022787039441213465e-05 6.188990268851150768e-05
6.924999999999999822e+00 1.267686037356281715e-04 1.303447829805138235e-04 5.706326895017348492e-05 5.863126772934378257e-05
6.950000000000001066e+00 1.206715782216635400e-04 1.240665496028379186e-04 5.406823571149579780e-05 5.554761961284875613e-05
6.974999999999999645e+00 1.148790853363436729e-04 1.180949724119697241e-04 5.123444975131152856e-05 5.262848458377366619e-05
7.000000000000000000e+00 1.093690012648421698e-04 1.124223594146319153e-04 4.855143119482177458e-05 4.986685267198698584e-05
7.025000000000001243e+00 1.041303227422954615e-04 1.070295848332011895e-04 4.601178294959145553e-05 4.725311327318210375e-05
7.049999999999999822e+00 9.914938970293086368e-05 1.019025431758141022e-04 4.360770413102359996e-05 4.477920161619960559e-05
7.075000000000001066e+00 9.441323906646113167e-05 9.702784957632535115e-05 4.133182403084255862e-05 4.243749858393015768e-05
7.099999999999999645e+00 8.990956918349767956e-05 9.239280298251344083e-05 3.917717829351854069e-05 4.022080598500334532e-05
7.125000000000000000e+00 8.562670601359763779e-05 8.798535119347808560e-05 3.713718638993538062e-05 3.812232318697349252e-05
7.150000000000001243e+00 8.155357100603546070e-05 8.379405760797041395e-05 3.520563030139360372e-05 3.613562501091852758e-05
7.174999999999999822e+00 7.767965060261437110e-05 7.980806967913621876e-05 3.337663443039678123e-05 3.425464085778470751e-05
7.200000000000000178e+00 7.399496727532074985e-05 7.601708894154942514e-05 3.164464659588398301e-05 3.247363500656795038e-05
7.224999999999999645e+00 7.049005202751797941e-05 7.241134255965629533e-05 3.000442004590388835e-05 3.078718796592395544e-05
7.250000000000000000e+00 6.715591828434003718e-05 6.898155631207673639e-05 2.845099651015204522e-05 2.919017887860129290e-05
7.275000000000001243e+00 6.398403711507868617e-05 6.571892895966886968e-05 2.697969017214262567e-05 2.767776889973081440e-05
7.299999999999999822e+00 6.096631370706743575e-05 6.261510790436556023e-05 2.558607252437059850e-05 2.624538549952826514e-05
7.325000000000000178e+00 5.809506505401698824e-05 5.966216609655740539e-05 2.426595807092982025e-05 2.488870762467787449e-05
7.349999999999999645e+00 5.536299877672547166e-05 5.685258013181855076e-05 2.301539086964958335e-05 2.360365172318689629e-05
7.375000000000000000e+00 5.276319302491927981e-05 5.417920945306395342e-05 2.183063174116885060e-05 2.238635852243763458e-05
7.400000000000001243e+00 5.028907742248177521e-05 5.163527663414938087e-05 2.070814623111458459e-05 2.123318053235323175e-05
7.424999999999999822e+00 4.793441498638747653e-05 4.921434868027163361e-05 1.964459326762596090e-05 2.014067027371722280e-05
7.450000000000000178e+00 4.569328496850142378e-05 4.691031927701335937e-05 1.863681441986018389e-05 1.910556915497772611e-05
7.474999999999999645e+00 4.356006658993547307e-05 4.471739196238300721e-05 1.768182377043331187e-05 1.812479697139482811e-05
7.500000000000000000e+00 4.152942361635707534e-05 4.263006417223107690e-05 1.677679834128762597e-05 1.719544199173242611e-05
7.525000000000000355e+00 3.959628971644604947e-05 4.064311210237584100e-05 1.591906906272293201e-05 1.631475159385896776e-05
7.549999999999999822e+00 3.775585459284048378e-05 3.875157635290594143e-05 1.510611225313705201e-05 1.548012343417548946e-05
7.575000000000000178e+00 3.600355082540605334e-05 3.695074832563712377e-05 1.433554156808127474e-05 1.468909710844074236e-05
7.599999999999999645e+00 3.433504138570457175e-05 3.523615731790133361e-05 1.360510040101182760e-05 1.393934628278784108e-05
7.625000000000000000e+00 3.274620781174689718e-05 3.360355828735755676e-05 1.291265470989031885e-05 1.322867126065311027e-05
7.650000000000000355e+00 3.123313898588924852e-05 3.204892024980759253e-05 1.225618623972717632e-05 1.255499196978587468e-05
7.674999999999999822e+00 2.979212049849380432e-05 3.056841528274917736e-05 1.163378612690562748e-05 1.191634133564771536e-05
7.700000000000000178e+00 2.841962456253566165e-05 2.915840809704814984e-05 1.104364887535657543e-05 1.131085903904261143e-05
7.724999999999999645e+00 2.711230044879934113e-05 2.781544614954600179e-05 1.048406664449565726e-05 1.073678561369423123e-05
7.750000000000000000e+00 2.586696541954406438e-05 2.653625026996633612e-05 9.953423873270914125e-06 1.019245687555542553e-05
7.775000000000000355e+00 2.468059613360336520e-05 2.531770577620615306e-05 9.450192201811582649e-06 9.676298667041417727e-06
7.799999999999999822e+00 2.355032049174149642e-05 2.415685404680313066e-05 8.972925668433627964e-06 9.186821891815457857e-06
7.825000000000000178e+00 2.247340991212260655e-05 2.305088453667828582e-05 8.520256188820903118e-06 8.722617829107419358e-06
7.849999999999999645e+00 2.144727200129852915e-05 2.199712720422606447e-05 8.090889282003865633e-06 8.282353715994351904e-06
7.875000000000000000e+00 2.046944360545379594e-05 2.099304532967653623e-05 7.683600020546573500e-06 7.864768564743471695e-06
7.900000000000000355e+00 1.953758422435285813e-05 2.003622871043292942e-05 7.297229228342679807e-06 7.468669220451078824e-06
7.924999999999999822e+00 1.864946976443544770e-05 1.912438720694773053e-05 6.930679883879048634e-06 7.092926642828283206e-06
7.950000000000000178e+00 1.780298661600980716e-05 1.825534462389585437e-05 6.582913715200314814e-06 6.736472391133500983e-06
7.974999999999999645e+00 1.699612603730610511e-05 1.742703290868104722e-05 6.252947991007491169e-06 6.398295303175793868e-06
8.000000000000000000e+00 1.622697882887286458e-05 1.663748665075609042e-05 5.939852490685391010e-06 6.077438363536713078e-06
8.025000000000000355e+00 1.549373028345663402e-05 1.588483786559465987e-05 5.642746637013424490e-06 5.772995742417983282e-06
8.050000000000000711e+00 1.479465539682573301e-05 1.516731104943475341e-05 5.360796793529643032e-06 5.484110000792363321e-06
8.074999999999999289e+00 1.412811432536736716e-05 1.448321848781713303e-05 5.093213713499325797e-06 5.209969452036120691e-06
8.099999999999999645e+00 1.349254807999880559e-05 1.383095580826598275e-05 4.839250124319055611e-06 4.949805670630626247e-06
8.125000000000000000e+00 1.288647444139960232e-05 1.320899776489522914e-05 4.598198448623594717e-06 4.702891136096036952e-06
8.150000000000000355e+00 1.230848408458940475e-05 1.261589423711218014e-05 4.369388652928309953e-06 4.468537011291243147e-06
8.175000000000000711e+00 1.175723690467598554e-05 1.205026643552176887e-05 4.152186212062877998e-06 4.246091040007454307e-06
8.199999999999999289e+00 1.123145853155638246e-05 1.151080330543804944e-05 3.945990190200814770e-06 4.034935565432625735e-06
8.224999999999999645e+00 1.072993702315064027e-05 1.099625811420182547e-05 3.750231421028835600e-06 3.834485653525093334e-06
8.250000000000000000e+00 1.025151972909803635e-05 1.050544521366052459e-05 3.564370796671008558e-06 3.644187323029692370e-06
8.275000000000000355e+00 9.795110315621140138e-06 1.003723697058906512e-05 3.387897645708685391e-06 3.463515873433956835e-06
8.300000000000000711e+00 9.359665942640214452e-06 9.590560854101675935e-06 3.220328199904666144e-06 3.291974303689664868e-06
8.324999999999999289e+00 8.944194585782810913e-06 9.164396672434536032e-06 3.061204146762123420e-06 3.129091817452368636e-06
8.349999999999999645e+00 8.547752495457905877e-06 8.757773951806652646e-06 2.910091263905726040e-06 2.974422413001002192e-06
8.375000000000000000e+00 8.169441785930864154e-06 8.369769449396937774e-06 2.766578123825006552e-06 2.827543549429577348e-06
8.400000000000000355e+00 7.808408147598767246e-06 7.999504793709923876e-06 2.630274870486368162e-06 2.688054884673208202e-06
8.425000000000000711e+00 7.463838676116685266e-06 7.646144245652448126e-06 2.500812066380922351e-06 2.555577084374134904e-06
8.449999999999999289e+00 7.134959812110646848e-06 7.308892573848509828e-06 2.377839599893967563e-06 2.429750696670878356e-06
8.474999999999999645e+00 6.821035386024864477e-06 6.986993038505651274e-06 2.261025652765898118e-06 2.310235087192596907e-06
8.500000000000000000e+00 6.521364762363469263e-06 6.679725478075394469e-06 2.150055722982376600e-06 2.196707432969025104e-06
8.525000000000000355e+00 6.235281078316217317e-06 6.386404493217864132e-06 2.044631702676112596e-06 2.088861770163390584e-06
8.550000000000000711e+00 5.962149571804037119e-06 6.106377723298205859e-06 1.944471006426851921e-06 1.986408096451395173e-06
8.574999999999999289e+00 5.701365994287808506e-06 5.839024210302270340e-06 1.849305742256332810e-06 1.889071518599372651e-06
8.599999999999999645e+00 5.452355104136426801e-06 5.583752845841393989e-06 1.758881935102303173e-06 1.796591448896655295e-06
8.625000000000000000e+00 5.214569236145691164e-06 5.340000896974012060e-06 1.672958786685188360e-06 1.708720845458365909e-06
8.650000000000000355e+00 4.987486943328203948e-06 5.107232606541579212e-06 1.591307977420774357e-06 1.625225492014158851e-06
8.675000000000000711e+00 4.770611707390071291e-06 4.884937864367207993e-06 1.513713006649305989e-06 1.545883318583934708e-06
8.699999999999999289e+00 4.563470714187272079e-06 4.672630945525029004e-06 1.439968567276266982e-06 1.470483757500180359e-06
8.724999999999999645e+00 4.365613690878486323e-06 4.469849312333572704e-06 1.369879955628688213e-06 1.398827135618188279e-06
8.750000000000000000e+00 4.176611801544329515e-06 4.276152476698955290e-06 1.303262510900607395e-06 1.330724097921244978e-06
8.775000000000000355e+00 3.996056598341281490e-06 4.091120919687382338e-06 1.239941087612218735e-06 1.265995063305793312e-06
8.800000000000000711e+00 3.823559025285118944e-06 3.914355065421144892e-06 1.179749554696109552e-06 1.204469709627728270e-06
8.824999999999999289e+00 3.658748471991972965e-06 3.745474306499015211e-06 1.122530321360337378e-06 1.145986486070854324e-06
8.849999999999999645e+00 3.501271874794465745e-06 3.584116078364525078e-06 1.068133888881116592e-06 1.090392151568896529e-06
8.875000000000000000e+00 3.350792862733408886e-06 3.429934979891400869e-06 1.016418427275510546e-06 1.037541338796094975e-06
8.900000000000000355e+00 3.206990946304501505e-06 3.282601938022448664e-06 9.672493729533050697e-07 9.872961411199381023e-07
8.925000000000000711e+00 3.069560746637724249e-06 3.141803414217997937e-06 9.204990488899462352e-07 9.395257213795339557e-07
8.949999999999999289e+00 2.938211263013597816e-06 3.007240650387725152e-06 8.760463050574072374e-07 8.941059421571038600e-07
8.974999999999999645e+00 2.812665176867207231e-06 2.878628952392483144e-06 8.337761777304826377e-07 8.509190153860149626e-07
9.000000000000000000e+00 2.692658190435783017e-06 2.755697009301073403e-06 7.935795673188549723e-07 8.098531710656973882e-07
9.025000000000000355e+00 2.577938398124954803e-06 2.638186246420229856e-06 7.553529329335145271e-07 7.708023432674516284e-07
9.050000000000000711e+00 2.468265689085939213e-06 2.525850210432733301e-06 7.189980036501745244e-07 7.336658732182215639e-07
9.074999999999999289e+00 2.363411179366724715e-06 2.418453985043901357e-06 6.844215042578118812e-07 6.983482277469174419e-07
9.099999999999999645e+00 2.263156672100569223e-06 2.315773635519976686e-06 6.515348967024036436e-07 6.647587329488564563e-07
9.125000000000000000e+00 2.167294144391393091e-06 2.217595680746672412e-06 6.202541346221275676e-07 6.328113222411623415e-07
9.150000000000000355e+00 2.075625259447053738e-06 2.123716591290962418e-06 5.904994304936891801e-07 6.024242972690749318e-07
9.175000000000000711e+00 1.987960902783436984e-06 2.033942312261327752e-06 5.621950356367023651e-07 5.735201016456313415e-07
9.199999999999999289e+00 1.904120741209846981e-06 1.948087809670664768e-06 5.352690319223104397e-07 5.460251068124594527e-07
9.224999999999999645e+00 1.823932803477187556e-06 1.865976639065771123e-06 5.096531342797282905e-07 5.198694093100736514e-07
9.250000000000000000e+00 1.747233081508356368e-06 1.787440535395372538e-06 4.852825028959577674e-07 4.949866382921455225e-07
9.275000000000000355e+00 1.673865151142947271e-06 1.712319022973771386e-06 4.620955663369035412e-07 4.713137732811807178e-07
9.300000000000000711e+00 1.603679811446229583e-06 1.640459044542618716e-06 4.400338538592775009e-07 4.487909720273692386e-07
9.324999999999999289e+00 1.536534741641606018e-06 1.571714608500510891e-06 4.190418357723841568e-07 4.273614069389932511e-07
9.349999999999999645e+00 1.472294174776736317e-06 1.505946453360711634e-06 3.990667728073180368e-07 4.069711101752635580e-07
9.375000000000000000e+00 1.410828587291678493e-06 1.443021728581782497e-06 3.800585729112063715e-07 3.875688268669062976e-07
9.400000000000000355e+00 1.352014403689220312e-06 1.382813690944562251e-06 3.619696560382706170e-07 3.691058759925025640e-07
9.425000000000000711e+00 1.295733715562480222e-06 1.325201415708858559e-06 3.447548257810118041e-07 3.515360188192219351e-07
9.449999999999999289e+00 1.241874014260999748e-06 1.270069521808725035e-06 3.283711475302318252e-07 3.348153338413168920e-07
9.474999999999999645e+00 1.190327936510642040e-06 1.217307910390188985e-06 3.127778332960240387e-07 3.189020985607524512e-07
9.500000000000000000e+00 1.140993022343879341e-06 1.166811516010944987e-06 2.979361320140329314e-07 3.037566770938819864e-07
9.525000000000000355e+00 1.093771484737631141e-06 1.118480069889835407e-06 2.838092262258688492e-07 2.893414138900715508e-07
9.550000000000000711e+00 1.048569990365924575e-06 1.072217874598450501e-06 2.703621335435231506e-07 2.756205329126323137e-07
9.574999999999999289e+00 1.005299450925642739e-06 1.027933589627269736e-06 2.575616134775778877e-07 2.625600419412260084e-07
9.599999999999999645e+00 9.638748245090775384e-07 9.855400272928249689e-07 2.453760792719348009e-07 2.501276420519808766e-07
9.625000000000000000e+00 9.242149265276019111e-07 9.449539584690752116e-07 2.337755139128849897e-07 2.382926416789116738e-07
9.650000000000000355e+00 8.862422497129378171e-07 9.060959276596717369e-07 2.227313906773716884e-07 2.270258750371469548e-07
9.675000000000000711e+00 8.498827927508150345e-07 8.688900769488949637e-07 2.122165979382352554e-07 2.162996249425525720e-07
9.699999999999999289e+00 8.150658971222468633e-07 8.332639783946327716e-07 2.022053675340566929e-07 2.060875495298212433e-07
9.724999999999999645e+00 7.817240917476832932e-07 7.991484744481197921e-07 1.926732068913673932e-07 1.963646126501041601e-07
9.750000000000000000e+00 7.497929450504234826e-07 7.664775260044364316e-07 1.835968348519536325e-07 1.871070179632364622e-07
9.775000000000000355e+00 7.192109240789405684e-07 7.351880677091886948e-07 1.749541207610559314e-07 1.782921465093349596e-07
9.800000000000000711e+00 6.899192603381643935e-07 7.052198701682023363e-07 1.667240264492670888e-07 1.698984973838732472e-07
9.824999999999999289e+00 6.618618220026060727e-07 6.765154087176819016e-07 1.588865513709138989e-07 1.619056314155267879e-07
9.849999999999999645e+00 6.349849922033215127e-07 6.490197384376542741e-07 1.514226804445261425e-07 1.542941178055370871e-07
9.875000000000000000e+00 6.092375530879386286e-07 6.226803751026832085e-07 1.443143346889237904e-07 1.470454834224058374e-07
9.900000000000000355e+00 5.845705753749748889e-07 5.974471817805903438e-07 1.375443243838045926e-07 1.401421648744508193e-07
9.925000000000000711e+00 5.609373131333636826e-07 5.732722608022519465e-07 1.310963043938758947e-07 1.335674627988953262e-07
9.949999999999999289e+00 5.382931035357231046e-07 5.501098508431795619e-07 1.249547321168758595e-07 1.273054986634095127e-07
9.974999999999999645e+00 5.165952713421765928e-07 5.279162288681761142e-07 1.191048272510149064e-07 1.213411736827804672e-07
1.000000000000000000e+01 4.958030378857698663e-07 5.066496167025869734e-07 1.135325338564267163e-07 1.156601298517352468e-07
1.002500000000000036e+01 4.758774343424114869e-07 4.862700920053879126e-07 1.082244842343112688e-07 1.102487130090174743e-07
1.005000000000000071e+01 4.567812190778671758e-07 4.667395034334427530e-07 1.031679645806700461e-07 1.050939376949940514e-07
1.007499999999999929e+01 4.384787988740585130e-07 4.480213897914483361e-07 9.835088246859424406e-08 1.001834538216473102e-07
1.009999999999999964e+01 4.209361538491015909e-07 4.300809029766554978e-07 9.376173601599454761e-08 9.550551506651569338e-08
1.012500000000000000e+01 4.041207658925046047e-07 4.128847345359369584e-07 8.938958450326994087e-08 9.104894886851873886e-08
1.015000000000000036e+01 3.880015504468532285e-07 3.964010456600918310e-07 8.522402052438442842e-08 8.680312787401630402e-08
1.017500000000000071e+01 3.725487914746498865e-07 3.805994004508047525e-07 8.125514358708722901e-08 8.275794291919863930e-08
1.019999999999999929e+01 3.577340794587541438e-07 3.654507023034338159e-07 7.747353496858315435e-08 7.890377730043189397e-08
1.022499999999999964e+01 3.435302522898114963e-07 3.509271332558054943e-07 7.387023395752679104e-08 7.523148242424952299e-08
1.025000000000000000e+01 3.299113389033291430e-07 3.370020961605524944e-07 7.043671514715326954e-08 7.173235462605397302e-08
1.027500000000000036e+01 3.168525055347710379e-07 3.236501595464976743e-07 6.716486692472262045e-08 6.839811315134708043e-08
1.030000000000000071e+01 3.043300044682730467e-07 3.108470050410811996e-07 6.404697108346750515e-08 6.522087925337779291e-08
1.032499999999999929e+01 2.923211251596535520e-07 2.985693772308219005e-07 6.107568348333368755e-08 6.219315640208765498e-08
1.034999999999999964e+01 2.808041476206823262e-07 2.867950358440084998e-07 5.824401553396279710e-08 5.930781141354446729e-08
1.037500000000000000e+01 2.697582979578645263e-07 2.755027101453239958e-07 5.554531675357563342e-08 5.655805653144135587e-08
1.040000000000000036e+01 2.591637059624624075e-07 2.646720554370638559e-07 5.297325815677110463e-08 5.393743246291959325e-08
1.042500000000000071e+01 2.490013646553556821e-07 2.542836115668163901e-07 5.052181641460525848e-08 5.143979219519974449e-08
1.044999999999999929e+01 2.392530916942067276e-07 2.443187633473579078e-07 4.818525890762160493e-08 4.905928566704885285e-08
1.047499999999999964e+01 2.299014925540923991e-07 2.347597027972498266e-07 4.595812945590036805e-08 4.679034520076242391e-08
1.050000000000000000e+01 2.209299253987463976e-07 2.255893931165407937e-07 4.383523478462171038e-08 4.462767165353943276e-08
1.052500000000000036e+01 2.123224675623112529e-07 2.167915343160212200e-07 4.181163163579775556e-08 4.256622125571347613e-08
1.055000000000000071e+01 2.040638835657540503e-07 2.083505304212533072e-07 3.988261454390151091e-08 4.060119309557319513e-08
1.057499999999999929e+01 1.961395945958003457e-07 2.002514581779538977e-07 3.804370424484780853e-08 3.872801725673644391e-08
1.059999999999999964e+01 1.885356493777710421e-07 1.924800371878807641e-07 3.629063662678517743e-08 3.694234353538469831e-08
1.062500000000000000e+01 1.812386963768621188e-07 1.850226014079624179e-07 3.461935222083367889e-08 3.524003070733235205e-08
1.065000000000000036e+01 1.742359572656488044e-07 1.778660719488943556e-07 3.302598622906942261e-08 3.361713632205602124e-08
1.067500000000000071e+01 1.675152015985653508e-07 1.709979311122705857e-07 3.150685906702983669e-08 3.206990702652859754e-08
1.069999999999999929e+01 1.610647226369368975e-07 1.644061976082237569e-07 3.005846735075088757e-08 3.059476936147796026e-08
1.072499999999999964e+01 1.548733142710082848e-07 1.580794028986680473e-07 2.867747530163579625e-08 2.918832099912483576e-08
1.075000000000000000e+01 1.489302489876071412e-07 1.520065686134038570e-07 2.736070662255938093e-08 2.784732240810797938e-08
1.077500000000000036e+01 1.432252568349525527e-07 1.461771849891455196e-07 2.610513678265786904e-08 2.656868897248153538e-08
1.080000000000000071e+01 1.377485053382064147e-07 1.405811902839730442e-07 2.490788562830885392e-08 2.534948346031254040e-08
1.082499999999999929e+01 1.324905803216136225e-07 1.352089511217453798e-07 2.376621040306273227e-08 2.418690887840015282e-08
1.084999999999999964e+01 1.274424675952210210e-07 1.300512437234421969e-07 2.267749908705183792e-08 2.307830167214044958e-08
1.087500000000000000e+01 1.225955354660724433e-07 1.250992359842069217e-07 2.163926409469824465e-08 2.202112527381004669e-08
1.090000000000000036e+01 1.179415180357817655e-07 1.203444703569614088e-07 2.064913623176723504e-08 2.101296395622201473e-08
1.092500000000000071e+01 1.134724992481991514e-07 1.157788475053367940e-07 1.970485899011348585e-08 2.005151697952294347e-08
1.094999999999999929e+01 1.091808976525144253e-07 1.113946106903837467e-07 1.880428312928566792e-08 1.913459305753168372e-08
1.097499999999999964e+01 1.050594518488470233e-07 1.071843308572111811e-07 1.794536147223471723e-08 1.826010506369509732e-08
1.100000000000000000e+01 1.011012065849361704e-07 1.031408923893123722e-07 1.712614400799815182e-08 1.742606500615130302e-08
1.102500000000000036e+01 9.729949947398329239e-08 9.925747949989136041e-08 1.634477321354426092e-08 1.663057925871161562e-08
1.105000000000000071e+01 9.364794830516466521e-08 9.552756323089891477e-08 1.559947959334523298e-08 1.587184401112662614e-08
1.107499999999999929e+01 9.014043891961063363e-08 9.194488903190208128e-08 1.488857746080049592e-08 1.514814094890552969e-08
1.109999999999999964e+01 8.677111362599724081e-08 8.850346489222077605e-08 1.421046091171214215e-08 1.445783314906703795e-08
1.112500000000000000e+01 8.353436013106850948e-08 8.519755000102211909e-08 1.356359999288523404e-08 1.379936116702194118e-08
1.115000000000000036e+01 8.042480096156377562e-08 8.202164391122441955e-08 1.294653706430658390e-08 1.317123932129995484e-08
1.117500000000000071e+01 7.743728335513636543e-08 7.897047618422053851e-08 1.235788332396010013e-08 1.257205215127206904e-08
1.119999999999999929e+01 7.456686959889967118e-08 7.603899649347648050e-08 1.179631552143819366e-08 1.200045105218540185e-08
1.122499999999999964e+01 7.180882779528987414e-08 7.322236516616517240e-08 1.126057282128485290e-08 1.145515107827305320e-08
1.125000000000000000e+01 6.915862303574517387e-08 7.051594414287438380e-08 1.074945381197084523e-08 1.093492789250489843e-08
1.127500000000000036e+01 6.661190896375939289e-08 6.791528833640719057e-08 1.026181366924425653e-08 1.043861486737616674e-08
1.130000000000000071e+01 6.416451970964197449e-08 6.541613737159397824e-08 9.796561459363745722e-09 9.965100329352418776e-09
1.132499999999999929e+01 6.181246218014328089e-08 6.301440768882084287e-08 9.352657568524423910e-09 9.513324938567706233e-09
1.134999999999999964e+01 5.955190868693773138e-08 6.070618499484596053e-08 8.929111250549846782e-09 9.082279188673173865e-09
1.137500000000000000e+01 5.737918989863852669e-08 5.848771704520307109e-08 8.524978300709208050e-09 8.671001029927148734e-09
1.140000000000000036e+01 5.529078810177672658e-08 5.635540674322801510e-08 8.139358845049906731e-09 8.278573610071764986e-09
1.142500000000000071e+01 5.328333075681462172e-08 5.430580554144712130e-08 7.771395227525961016e-09 7.904123124430622593e-09
1.144999999999999929e+01 5.135358433592161112e-08 5.233560713169307287e-08 7.420270001744159600e-09 7.546816763537781834e-09
1.147499999999999964e+01 4.949844842987167064e-08 5.044164141099206317e-08 7.085204028199194160e-09 7.205860768988710582e-09
1.150000000000000000e+01 4.771495011196951497e-08 4.862086871082781266e-08 6.765454649334767986e-09 6.880498576870807024e-09
1.152500000000000036e+01 4.600023854750439352e-08 4.687037427796651644e-08 6.460313960640473807e-09 6.570009051019702607e-09
1.155000000000000071e+01 4.435157983773964636e-08 4.518736299559683767e-08 6.169107166878227417e-09 6.273704803770851546e-09
1.157499999999999929e+01 4.276635208794847015e-08 4.356915433401577688e-08 5.891191010434718105e-09 5.990930597384530069e-09
1.159999999999999964e+01 4.124204068949888030e-08 4.201317752061200653e-08 5.625952277998906395e-09 5.721061817802267069e-09
1.162500000000000000e+01 3.977623380644444177e-08 4.051696691936184553e-08 5.372806381642263071e-09 5.463503027695134901e-09
1.165000000000000036e+01 3.836661805751662022e-08 3.907815761050047376e-08 5.131196003552190025e-09 5.217686584039645365e-09
1.167500000000000071e+01 3.701097438482886381e-08 3.769448116146384012e-08 4.900589810339982928e-09 4.983071326538014805e-09
1.169999999999999929e+01 3.570717410099345810e-08 3.636376158059443946e-08 4.680481223713232390e-09 4.759141324387813323e-09
1.172499999999999964e+01 3.445317510674400231e-08 3.508391144549731588e-08 4.470387257950701911e-09 4.545404688099266799e-09
1.175000000000000000e+01 3.324701827150825753e-08 3.385292819830987718e-08 4.269847400869796640e-09 4.341392433719144972e-09
1.177500000000000036e+01 3.208682396971391829e-08 3.266889060048070553e-08 4.078422558353216467e-09 4.146657401366377289e-09
1.180000000000000071e+01 3.097078876595661298e-08 3.152995534001912285e-08 3.895694049069015526e-09 3.960773230325875122e-09
1.182499999999999929e+01 2.989718224244457761e-08 3.043435378446840356e-08 3.721262638252720547e-09 3.783333378159349187e-09
1.184999999999999964e+01 2.886434396246484342e-08 2.938038887317496843e-08 3.554747626676329509e-09 3.613950187034666417e-09
1.187500000000000000e+01 2.787068056386734727e-08 2.836643214272584183e-08 3.395785979981016822e-09 3.452253998004676559e-09
1.190000000000000036e+01 2.691466297685836992e-08 2.739092087967849490e-08 3.244031497904909993e-09 3.297892303666971046e-09
1.192500000000000071e+01 2.599482376065237707e-08 2.645235539501274779e-08 3.099154026048365850e-09 3.150528944282415475e-09
1.194999999999999929e+01 2.510975455373497345e-08 2.554929641493414496e-08 2.960838700321956771e-09 3.009843338864173909e-09
1.197499999999999964e+01 2.425810363279922123e-08 2.468036258293973711e-08 2.828785233324560642e-09 2.875529755283382710e-09
1.200000000000000000e+01 2.343857357558806250e-08 2.384422806828664959e-08 2.702707230759197050e-09 2.747296614806882000e-09
1.202500000000000036e+01 2.264991902308807499e-08 2.303962027619403933e-08 2.582331541215290395e-09 2.624865829063269333e-09
1.205000000000000071e+01 2.189094453675511982e-08 2.226531765534099672e-08 2.467397636961776169e-09 2.507972168690156113e-09
1.207499999999999929e+01 2.116050254662371288e-08 2.152014759841959951e-08 2.357657022434202565e-09 2.396362661448895811e-09
1.209999999999999964e+01 2.045749138634212671e-08 2.080298443168347524e-08 2.252872673400338907e-09 2.289796018764997162e-09
1.212500000000000000e+01 1.978085341135912194e-08 2.011274748962513027e-08 2.152818501807410270e-09 2.188042091228480079e-09
1.215000000000000036e+01 1.912957319664640748e-08 1.944839927108367797e-08 2.057278843705565198e-09 2.090881347262738313e-09
1.217500000000000071e+01 1.850267581050901489e-08 1.880894367324100179e-08 1.966047974012249594e-09 1.998104377883957457e-09
1.219999999999999929e+01 1.789922516119087536e-08 1.819342430013970827e-08 1.878929643766963028e-09 1.909511424578119684e-09
1.222499999999999964e+01 1.731832241312292610e-08 1.760092284249387126e-08 1.795736639297470097e-09 1.824911930620355446e-09
1.225000000000000000e+01 1.675910446980692159e-08 1.703055752570743506e-08 1.716290359937818172e-09 1.744124111418341035e-09
1.227500000000000036e+01 1.622074252045972261e-08 1.648148162315997368e-08 1.640420419000375201e-09 1.666974546585194621e-09
1.230000000000000071e+01 1.570244064766985828e-08 1.595288203194225376e-08 1.567964261513708659e-09 1.593297791126927651e-09
1.232499999999999929e+01 1.520343449344195833e-08 1.544397790835356839e-08 1.498766799712246198e-09 1.522936004412306377e-09
1.234999999999999964e+01 1.472298998111810930e-08 1.495401936059103675e-08 1.432680066225518162e-09 1.455738596348332551e-09
1.237500000000000000e+01 1.426040209077816613e-08 1.448228619617230161e-08 1.369562884728435057e-09 1.391561891285067312e-09
1.240000000000000036e+01 1.381499368582666844e-08 1.402808672174586804e-08 1.309280553986785995e-09 1.330268807135606995e-09
1.242500000000000071e+01 1.338611438857423853e-08 1.359075659304222908e-08 1.251704547763065326e-09 1.271728549087566498e-09
1.244999999999999929e+01 1.297313950272035837e-08 1.316965771282365684e-08 1.196712229562433557e-09 1.215816318659007869e-09
1.247499999999999964e+01 1.257546898073284501e-08 1.276417717477988310e-08 1.144186579695413095e-09 1.162413036067275675e-09
1.250000000000000000e+01 1.219252643420984256e-08 1.237372625140895005e-08 1.094015935028981409e-09 1.111405075328374028e-09
1.252500000000000036e+01 1.182375818539389245e-08 1.199773942400754477e-08 1.046093740640387893e-09 1.062684011385485724e-09
1.255000000000000071e+01 1.146863235808981424e-08 1.163567345298183232e-08 1.000318314994400148e-09 1.016146379802047258e-09
1.257499999999999929e+01 1.112663800631055400e-08 1.128700648676466270e-08 9.565926247808621866e-10 9.716934482192437631e-10
1.259999999999999964e+01 1.079728427905055775e-08 1.095123720769733690e-08 9.148240695535262508e-10 9.292309971938868766e-10
1.262500000000000000e+01 1.048009961965799741e-08 1.062788401331168064e-08 8.749242776492249259e-10 8.886691119822743955e-10
1.265000000000000036e+01 1.017463099834201402e-08 1.031648423151433894e-08 8.368089109938426500e-10 8.499219837995004204e-10
1.267500000000000071e+01 9.880443176415000005e-09 1.001659336823954910e-08 8.003974794537711687e-10 8.129077206995861576e-10
1.269999999999999929e+01 9.597118000931571868e-09 9.727784386200182487e-09 7.656131633664026025e-10 7.775481669092316630e-10
1.272499999999999964e+01 9.324253728443951470e-09 9.449647013426551075e-09 7.323826451993501176e-10 7.437687310496649370e-10
1.275000000000000000e+01 9.061464376648835249e-09 9.181787080338301373e-09 7.006359478939003706e-10 7.114982220745088041e-10
1.277500000000000036e+01 8.808379102755148636e-09 8.923825884151808542e-09 6.703062813621625766e-10 6.806686926090676977e-10
1.280000000000000071e+01 8.564641607451470434e-09 8.675399579474725667e-09 6.413298961690383794e-10 6.512152900086637439e-10
1.282499999999999929e+01 8.329909563401633793e-09 8.436158593991329757e-09 6.136459437842904570e-10 6.230761140411810845e-10
1.284999999999999964e+01 8.103854067242057027e-09 8.205767068187885364e-09 5.871963435874549478e-10 5.961920814599621460e-10
1.287500000000000000e+01 7.886159114100959186e-09 7.983902318114027067e-09 5.619256557902943778e-10 5.705067966149663550e-10
1.290000000000000036e+01 7.676521093700248101e-09 7.770254320220295502e-09 5.377809605308893912e-10 5.459664283244557619e-10
1.292500000000000071e+01 7.474648307141651906e-09 7.564525217351428002e-09 5.147117422465506518e-10 5.225195922052624837e-10
1.294999999999999929e+01 7.280260503517933796e-09 7.366428845016034783e-09 4.926697800500279535e-10 5.001172387956814158e-10
1.297499999999999964e+01 7.093088435527081673e-09 7.175690277091248398e-09 4.716090421098118872e-10 4.787125465925450448e-10
1.300000000000000000e+01 6.912873433302065416e-09 6.992045390156842959e-09 4.514855857840816468e-10 4.582608198451212460e-10
1.302500000000000036e+01 6.739366995703441441e-09 6.815240445687822959e-09 4.322574625801121653e-10 4.387193918189058875e-10
1.305000000000000071e+01 6.572330398354441954e-09 6.645031689368457981e-09 4.138846263657643176e-10 4.200475318141079173e-10
1.307499999999999929e+01 6.411534317728179775e-09 6.481184966821647998e-09 3.963288469623818191e-10 4.022063567085881317e-10
1.309999999999999964e+01 6.256758470627350961e-09 6.323475355078022832e-09 3.795536273070019876e-10 3.851587468202344451e-10
1.312500000000000000e+01 6.107791268424533742e-09 6.171686809138311761e-09 3.635241242051543156e-10 3.688692653427038461e-10
1.315000000000000036e+01 5.964429485458715832e-09 6.025611823010462297e-09 3.482070732109923603e-10 3.533040816523147678e-10
1.317500000000000071e+01 5.826477941008979867e-09 5.885051104628965573e-09 3.335707169662098126e-10 3.384308983497312677e-10
1.319999999999999929e+01 5.693749194291561103e-09 5.749813264089770440e-09 3.195847362332927888e-10 3.242188814164618247e-10
1.322499999999999964e+01 5.566063251949878438e-09 5.619714514657957277e-09 3.062201847026969159e-10 3.106385934864952993e-10
1.325000000000000000e+01 5.443247287530120499e-09 5.494578386028790590e-09 2.934494267669028984e-10 2.976619306417734538e-10
1.327500000000000036e+01 5.325135372456536509e-09 5.374235449345304371e-09 2.812460776612881079e-10 2.852620616088763007e-10
1.330000000000000071e+01 5.211568218041152720e-09 5.258523053496175116e-09 2.695849472292382763e-10 2.734133701868830638e-10
1.332499999999999929e+01 5.102392928082757281e-09 5.147285072238373150e-09 2.584419853992484325e-10 2.620914001638949850e-10
1.334999999999999964e+01 4.997462761628953668e-09 5.040371661708510111e-09 2.477942305586565412e-10 2.512728025684996287e-10
1.337500000000000000e+01 4.896636905493285771e-09 4.937639027905472337e-09 2.376197606359979955e-10 2.409352857455361115e-10
1.340000000000000036e+01 4.799780256136771302e-09 4.838949203744600184e-09 2.278976459019966048e-10 2.310575675645391350e-10
1.342500000000000071e+01 4.706763210539807333e-09 4.744169835300781023e-09 2.186079040761867338e-10 2.216193296893026067e-10
1.344999999999999929e+01 4.617461465706530228e-09 4.653173976874156345e-09 2.097314576037207332e-10 2.126011740525823598e-10
1.347499999999999964e+01 4.531755826459086202e-09 4.565839894527913622e-09 2.012500929691333403e-10 2.039845813897904889e-10
1.350000000000000178e+01 4.449532021193532641e-09 4.482050877762559200e-09 1.931464217779004958e-10 1.957518717128786728e-10
1.352500000000000213e+01 4.370680525283286415e-09 4.401695059005118989e-09 1.854038436178255449e-10 1.878861664968756650e-10
1.355000000000000249e+01 4.295096391829520062e-09 4.324665240605730311e-09 1.780065106163174395e-10 1.803713526713338640e-10
1.357499999999999929e+01 4.222679089470774415e-09 4.250858729047309070e-09 1.709392935985990267e-10 1.731920481464673118e-10
1.359999999999999964e+01 4.153332346976052769e-09 4.180177176086255092e-09 1.641877501211838312e-10 1.663335691621239309e-10
1.362500000000000000e+01 4.086964004357837846e-09 4.112526426554352775e-09 1.577380935057303107e-10 1.597818990079967756e-10
1.365000000000000213e+01 4.023485870252490819e-09 4.047816372563756919e-09 1.515771635303223498e-10 1.535236580736211508e-10
1.367500000000000249e+01 3.962813585326399714e-09 3.985960813867622588e-09 1.456923985798299228e-10 1.475460754895943102e-10
1.369999999999999929e+01 3.904866491476792697e-09 3.926877324140015436e-09 1.400718089136326422e-10 1.418369619698089051e-10
1.372499999999999964e+01 3.849567506605679914e-09 3.870487122948614677e-09 1.347039511907630458e-10 1.363846839276680584e-10
1.375000000000000000e+01 3.796843004755099467e-09 3.816714953203413747e-09 1.295779041605594131e-10 1.311781387055396749e-10
1.377500000000000213e+01 3.746622701401119121e-09 3.765488963873802935e-09 1.246832456176323263e-10 1.262067310964141846e-10
1.380000000000000249e+01 3.698839543713013217e-09 3.716740597776740257e-09 1.200100302712790894e-10 1.214603508668315620e-10
1.382499999999999929e+01 3.653429605590906465e-09 3.670404484244567467e-09 1.155487686630021704e-10 1.169293513361361096e-10
1.384999999999999964e+01 3.610331987305584322e-09 3.626418336491682200e-09 1.112904070439562292e-10 1.126045288765271260e-10
1.387500000000000000e+01 3.569488719570250649e-09 3.584722853506744611e-09 1.072263083249046820e-10 1.084771034957832092e-10
1.390000000000000213e+01 3.530844671881689586e-09 3.545261626303492218e-09 1.033482337049765467e-10 1.045387002262781590e-10
1.392500000000000249e+01 3.494347464975780786e-09 3.507981048371764491e-09 9.964832533122306865e-11 1.007813314059462002e-10
1.394999999999999929e+01 3.459947387248799749e-09 3.472830230176625272e-09 9.611908964592673925e-11 9.719737980846733485e-11
1.397499999999999964e+01 3.427597315002496188e-09 3.439760917560421121e-09 9.275338152674739562e-11 9.377958247763251882e-11
1.400000000000000000e+01 3.397252636377344519e-09 3.408727413908728574e-09 8.954438927727761261e-11 9.052101543203859144e-11
1.402500000000000213e+01 3.368871178844599966e-09 3.379686505948085862e-09 8.648562015536580116e-11 8.741507900564501955e-11
1.405000000000000249e+01 3.342413140132758940e-09 3.352597393048121203e-09 8.357088672158123272e-11 8.445548389895391920e-11
1.407499999999999929e+01 3.317841022470706791e-09 3.327421619907408559e-09 8.079429373627151439e-11 8.163623790672451785e-11
1.409999999999999964e+01 3.295119570034299911e-09 3.304123012507527230e-09 7.815022568477278818e-11 7.895163320305297696e-11
1.412500000000000000e+01 3.274215709488610484e-09 3.282667617224529400e-09 7.563333498240608249e-11 7.639623432388100475e-11
1.415000000000000213e+01 3.255098493523131959e-09 3.263023642993097884e-09 7.323853061479468958e-11 7.396486665612100621e-11
1.417500000000000249e+01 3.237739047281559152e-09 3.245161406422511126e-09 7.096096739184283837e-11 7.165260548164819779e-11
1.419999999999999929e+01 3.222110517592698028e-09 3.229053279768643230e-09 6.879603570186445874e-11 6.945476556004994351e-11
1.422499999999999964e+01 3.208188024913572089e-09 3.214673641671082378e-09 6.673935175318893248e-11 6.736689120648540399e-11
1.425000000000000000e+01 3.195948617899504253e-09 3.201998830568111641e-09 6.478674832139073899e-11 6.538474686146351145e-11
1.427500000000000036e+01 3.185371230520026564e-09 3.191007100706378362e-09 6.293426589829386874e-11 6.350430812217163540e-11
1.430000000000000249e+01 3.176436641644256974e-09 3.181678580666934221e-09 6.117814427175598960e-11 6.172175316193115644e-11
1.432499999999999929e+01 3.169127437022522404e-09 3.173995234332749352e-09 5.951481459019557396e-11 6.003345464546345787e-11
1.434999999999999964e+01 3.163427973594388404e-09 3.167940824226378894e-09 5.794089173021545060e-11 5.843597199562949611e-11
1.437500000000000000e+01 3.159324346056529284e-09 3.163500877149112792e-09 5.645316709503442731e-11 5.692604405136353611e-11
1.440000000000000036e+01 3.156804355629028008e-09 3.160662652058856411e-09 5.504860176661161769e-11 5.550058210641302040e-11
1.442500000000000249e+01 3.155857480959911090e-09 3.159415110125125302e-09 5.372432000746800208e-11 5.415666329988256607e-11
1.444999999999999929e+01 3.156474851111876176e-09 3.159748886903662572e-09 5.247760309767035429e-11 5.289152434787377149e-11
1.447499999999999964e+01 3.158649220577435228e-09 3.161656266575435608e-09 5.130588348780362929e-11 5.170255559910853362e-11
1.450000000000000000e+01 3.162374946273270136e-09 3.165131158199420132e-09 5.020673928089980046e-11 5.058729541211798848e-11
1.452500000000000036e+01 3.167647966465848261e-09 3.170169073930216142e-09 4.917788898718424643e-11 4.954342483772628975e-11
1.455000000000000249e+01 3.174465781583741836e-09 3.176767109154621962e-09 4.821718653176749383e-11 4.856876254210163825e-11
1.457499999999999929e+01 3.182827436874273507e-09 3.184923924503630637e-09 4.732261661575191257e-11 4.766126006371485049e-11
1.459999999999999964e+01 3.192733506865816504e-09 3.194639729700015795e-09 4.649229028692227428e-11 4.681899733443725999e-11
1.462500000000000000e+01 3.204186081598362118e-09 3.205916269203313152e-09 4.572444075270530492e-11 4.604017841158024717e-11
1.465000000000000036e+01 3.217188754587778335e-09 3.218756809616370397e-09 4.501741949215694158e-11 4.532312751621940666e-11
1.467500000000000249e+01 3.231746612492209290e-09 3.233166128821102439e-09 4.436969253192304328e-11 4.466628526488906240e-11
1.469999999999999929e+01 3.247866226450213371e-09 3.249150506812158096e-09 4.377983698551745614e-11 4.406820513102773591e-11
1.472499999999999964e+01 3.265555645063354155e-09 3.266717718200256243e-09 4.324653784135270799e-11 4.352755017943630125e-11
1.475000000000000000e+01 3.284824388997905170e-09 3.285877026359146785e-09 4.276858490011294762e-11 4.304308996462671416e-11
1.477500000000000036e+01 3.305683447182027644e-09 3.306639179191663529e-09 4.234486994455834171e-11 4.261369763785783106e-11
1.480000000000000249e+01 3.328145274577943989e-09 3.329016406493741940e-09 4.197438413962964705e-11 4.223834730360712797e-11
1.482499999999999929e+01 3.352223791508559433e-09 3.353022418895127095e-09 4.165621556800373734e-11 4.191611152203945523e-11
1.484999999999999964e+01 3.377934384522718988e-09 3.378672408360193907e-09 4.138954697156075078e-11 4.164615900109463678e-11
1.487500000000000000e+01 3.405293908782817976e-09 3.405983050232117219e-09 4.117365370881522266e-11 4.142775251930997976e-11
1.490000000000000036e+01 3.434320691961661469e-09 3.434972506806559223e-09 4.100790183594300701e-11 4.126024697906084236e-11
1.492500000000000071e+01 3.465034539636712549e-09 3.465660432422483475e-09 4.089174637367968206e-11 4.114308763600779726e-11
1.494999999999999929e+01 3.497456742172306562e-09 3.498067980060139955e-09 4.082472976867542403e-11 4.107580853528033474e-11
1.497499999999999964e+01 3.531610083081433394e-09 3.532217809437293839e-09 4.080648047875315501e-11 4.105803107089253764e-11
