# raxis[fm], SN, VN, SP, VP
2.101448349307773875e-07 1.064731402536639865e-01 1.127739983750823682e-01 9.808013073689775263e-02 1.034470879532279897e-01
2.500000000000000139e-02 1.064724691055751321e-01 1.127758027513195149e-01 9.808012604245865129e-02 1.034483584545227430e-01
5.000000000000000278e-02 1.064279051470797544e-01 1.127360795563656370e-01 9.804209289627788260e-02 1.034120827361494771e-01
7.499999999999999722e-02 1.063525483966996643e-01 1.126687470910213706e-01 9.797774197942338281e-02 1.033506187714381686e-01
1.000000000000000056e-01 1.062470540013102649e-01 1.125744283561621317e-01 9.788762043540238933e-02 1.032645019208278531e-01
1.250000000000000000e-01 1.061118160781797937e-01 1.124534726731627743e-01 9.777204093900539184e-02 1.031540256218910906e-01
1.499999999999999944e-01 1.059472607091000163e-01 1.123062394246704537e-01 9.763133522217661009e-02 1.030194874352536039e-01
1.749999999999999889e-01 1.057538858699389739e-01 1.121331489633126399e-01 9.746588923048166153e-02 1.028612343354532999e-01
2.000000000000000111e-01 1.055322699172373951e-01 1.119346874854149909e-01 9.727615040324927298e-02 1.026796668604447460e-01
2.250000000000000056e-01 1.052830717556122592e-01 1.117114097775756543e-01 9.706262812456752098e-02 1.024752418551066191e-01
2.500000000000000000e-01 1.050070336972778462e-01 1.114639391916302791e-01 9.682589622649179217e-02 1.022484722161677989e-01
2.750000000000000222e-01 1.047049819506275653e-01 1.111929750687989243e-01 9.656659420602135835e-02 1.019999341510302027e-01
2.999999999999999889e-01 1.043778026064512143e-01 1.108992656905838647e-01 9.628540507109500934e-02 1.017302422119917144e-01
3.250000000000000111e-01 1.040264612676577438e-01 1.105836243072113173e-01 9.598307413471089677e-02 1.014400645356313413e-01
3.499999999999999778e-01 1.036519940906371895e-01 1.102469282240533949e-01 9.566040107868054032e-02 1.011301220108831445e-01
3.750000000000000000e-01 1.032555052458181272e-01 1.098901120205551946e-01 9.531823789776908140e-02 1.008011821864832624e-01
4.000000000000000222e-01 1.028381691813118337e-01 1.095141725939029753e-01 9.495749152813627580e-02 1.004540640306297444e-01
4.249999999999999889e-01 1.024012162163393941e-01 1.091201565700760656e-01 9.457911144615958887e-02 1.000896270013988815e-01
4.500000000000000111e-01 1.019459332531357093e-01 1.087091588699623662e-01 9.418409065959532089e-02 9.970876980219323116e-02
4.749999999999999778e-01 1.014736615871519448e-01 1.082823244471406016e-01 9.377346455287349780e-02 9.931243249919220750e-02
5.000000000000000000e-01 1.009857850374413918e-01 1.078408362844660018e-01 9.334830048078182618e-02 9.890158574001479963e-02
5.250000000000000222e-01 1.004837315808983916e-01 1.073859158071600733e-01 9.290970017400707048e-02 9.847723169369347607e-02
5.500000000000000444e-01 9.996896853200830380e-02 1.069188213874441157e-01 9.245879598188171122e-02 9.804040303322193728e-02
5.749999999999999556e-01 9.944299560865249576e-02 1.064408411302995849e-01 9.199674552044267983e-02 9.759215699353790407e-02
5.999999999999999778e-01 9.890734038847513732e-02 1.059532890478875194e-01 9.152472816484624740e-02 9.713357224230649567e-02
6.250000000000000000e-01 9.836355069627414349e-02 1.054575000602496759e-01 9.104393905644909968e-02 9.666574497895420726e-02
6.500000000000000222e-01 9.781318961322882366e-02 1.049548231872194093e-01 9.055558548072932534e-02 9.618978327350136137e-02
6.750000000000000444e-01 9.725783310035769624e-02 1.044466204168040813e-01 9.006088571485984517e-02 9.570680672377308851e-02
6.999999999999999556e-01 9.669906235963400543e-02 1.039342604750132654e-01 8.956106298590826853e-02 9.521794136960587407e-02
7.249999999999999778e-01 9.613846004231649256e-02 1.034191158679421407e-01 8.905734309991755748e-02 9.472431783389938242e-02
7.500000000000000000e-01 9.557759532043465234e-02 1.029025516886821617e-01 8.855094139164777778e-02 9.422706163587589445e-02
7.750000000000000222e-01 9.501802084585299346e-02 1.023859171986701011e-01 8.804306157512746533e-02 9.372728636107742484e-02
8.000000000000000444e-01 9.446127613904704845e-02 1.018705509387813485e-01 8.753490002887293064e-02 9.322609922736815879e-02
8.249999999999999556e-01 9.390887728945325474e-02 1.013577731478740446e-01 8.702763716062353327e-02 9.272459480295577872e-02
8.499999999999999778e-01 9.336231128160368820e-02 1.008488808870663250e-01 8.652243313613550146e-02 9.222385119911818974e-02
8.750000000000000000e-01 9.282302656931830376e-02 1.003451403317298235e-01 8.602042050548461272e-02 9.172492419613434422e-02
9.000000000000000222e-01 9.229242863651516970e-02 9.984777935519037473e-02 8.552270132543980663e-02 9.122884091941960150e-02
9.250000000000001554e-01 9.177187498114232345e-02 9.935798526293504462e-02 8.503034351652015432e-02 9.073659871635593455e-02
9.499999999999999556e-01 9.126266854913679671e-02 9.887689830602471031e-02 8.454437591560599874e-02 9.024916005908624472e-02
9.749999999999999778e-01 9.076605270493873223e-02 9.840560662399090719e-02 8.406578455215568679e-02 8.976744840182454555e-02
1.000000000000000000e+00 9.028320744784536223e-02 9.794514275381134560e-02 8.359551039921320204e-02 8.929234591973891910e-02
1.024999999999999911e+00 8.981524341344618301e-02 9.749647963292580599e-02 8.313444444544224043e-02 8.882469055802570679e-02
1.050000000000000044e+00 8.936319424494860997e-02 9.706052190403420543e-02 8.268342177523076153e-02 8.836526865540200726e-02
1.074999999999999956e+00 8.892801838677892590e-02 9.663810673086047076e-02 8.224322431844277581e-02 8.791481617440788376e-02
1.100000000000000089e+00 8.851059222172596996e-02 9.623000032931594561e-02 8.181457454479135194e-02 8.747401618341366092e-02
1.125000000000000000e+00 8.811170521745916029e-02 9.583689165990690040e-02 8.139813199882278694e-02 8.704349338139583114e-02
1.149999999999999911e+00 8.773205865737215836e-02 9.545939111843354530e-02 8.099449285082874206e-02 8.662381325992438152e-02
1.175000000000000044e+00 8.737226233032660550e-02 9.509802862411953495e-02 8.060418713054903761e-02 8.621548096587058896e-02
1.199999999999999956e+00 8.703282969419540160e-02 9.475324898649496730e-02 8.022767466554488192e-02 8.581893739826201850e-02
1.225000000000000089e+00 8.671417651126349380e-02 9.442540901134607867e-02 7.986534420962404512e-02 8.543455605013147713e-02
1.250000000000000000e+00 8.641662185102043370e-02 9.411478006012714836e-02 7.951751433630570298e-02 8.506264573168752230e-02
1.274999999999999911e+00 8.614038346415539560e-02 9.382154394742675541e-02 7.918442940035236299e-02 8.470344727624584680e-02
1.300000000000000044e+00 8.588557878759384145e-02 9.354579254098545349e-02 7.886626075721496487e-02 8.435713258935780001e-02
1.324999999999999956e+00 8.565222606631346658e-02 9.328752973602780219e-02 7.856310717614101158e-02 8.402380604682893606e-02
1.350000000000000089e+00 8.544024329012531171e-02 9.304667114089201774e-02 7.827499344545668647e-02 8.370350434710202570e-02
1.375000000000000000e+00 8.524944677618485900e-02 9.282304215083475585e-02 7.800186906964945432e-02 8.339619455522807867e-02
1.399999999999999911e+00 8.507955370308427356e-02 9.261637970882076465e-02 7.774361021900401403e-02 8.310177461557306799e-02
1.425000000000000044e+00 8.493018441704873467e-02 9.242633553044285466e-02 7.750002123855685709e-02 8.282007650798042797e-02
1.449999999999999956e+00 8.480086206413961492e-02 9.225247516055277985e-02 7.727083340100265874e-02 8.255086421274716868e-02
1.475000000000000089e+00 8.469101853883838349e-02 9.209428339409098108e-02 7.705571009135631089e-02 8.229383797869758987e-02
1.500000000000000000e+00 8.459999513973315288e-02 9.195116606233190437e-02 7.685424551245401137e-02 8.204863563094971779e-02
1.524999999999999911e+00 8.452704626624570061e-02 9.182245158387222772e-02 7.666596910631492956e-02 8.181483266393099751e-02
1.550000000000000044e+00 8.447134719057826369e-02 9.170740038971224306e-02 7.649034987600002167e-02 8.159195058618738672e-02
1.574999999999999956e+00 8.443198940542738506e-02 9.160519916002662910e-02 7.632679138293327337e-02 8.137945049450430457e-02
1.600000000000000089e+00 8.440799175478919114e-02 9.151497121377694111e-02 7.617464181190970740e-02 8.117674165148126841e-02
1.625000000000000000e+00 8.439829810426292822e-02 9.143577470775691995e-02 7.603318875682922584e-02 8.098317884900360641e-02
1.649999999999999911e+00 8.440178196513455078e-02 9.136660594448964279e-02 7.590166319851844590e-02 8.079806410127536587e-02
1.675000000000000044e+00 8.441725287948083356e-02 9.130640489983463115e-02 7.577924616037480521e-02 8.062065172477884956e-02
1.699999999999999956e+00 8.444346850272126115e-02 9.125406716394028617e-02 7.566507758877244472e-02 8.045015723248620521e-02
1.725000000000000311e+00 8.447913502131977614e-02 9.120844474414449565e-02 7.555825332772880820e-02 8.028575758466797996e-02
1.750000000000000000e+00 8.452291261183962623e-02 9.116834968901962877e-02 7.545783133837469236e-02 8.012659326547735827e-02
1.774999999999999911e+00 8.457342455650349033e-02 9.113256319495294244e-02 7.536283776510094290e-02 7.997177564729422705e-02
1.800000000000000044e+00 8.462925848166012732e-02 9.109983642849123209e-02 7.527226667705190499e-02 7.982038767139477964e-02
1.824999999999999956e+00 8.468897261542854271e-02 9.106889529348075052e-02 7.518508526446154860e-02 7.967148596963981311e-02
1.850000000000000311e+00 8.475110481215336611e-02 9.103844899406078606e-02 7.510024036390747226e-02 7.952410779172100486e-02
1.875000000000000000e+00 8.481417685610456725e-02 9.100719413740908370e-02 7.501666136503597204e-02 7.937727540467919007e-02
1.899999999999999911e+00 8.487669729168678678e-02 9.097381631139052349e-02 7.493326185562669550e-02 7.922999584210219104e-02
1.925000000000000044e+00 8.493716923111768735e-02 9.093699699479590448e-02 7.484894562624537506e-02 7.908126602758400181e-02
1.949999999999999956e+00 8.499409621439203699e-02 9.089541884538673844e-02 7.476261181594011374e-02 7.893007816366773288e-02
1.975000000000000089e+00 8.504598745617518440e-02 9.084777014184212962e-02 7.467315773558877434e-02 7.877542207145833697e-02
2.000000000000000000e+00 8.509136312880859199e-02 9.079274919791753551e-02 7.457948344706051558e-02 7.861628922365269945e-02
2.024999999999999911e+00 8.512875963469702933e-02 9.072906920055130719e-02 7.448049568340422977e-02 7.845167707517262945e-02
2.049999999999999822e+00 8.515673215167993138e-02 9.065545968097439566e-02 7.437510902985197681e-02 7.828058899725631736e-02
2.075000000000000178e+00 8.517386232841614446e-02 9.057067328415335794e-02 7.426225339060790742e-02 7.810204089010773509e-02
2.100000000000000089e+00 8.517876373564678416e-02 9.047349026891124413e-02 7.414087766962472459e-02 7.791506412456432329e-02
2.125000000000000000e+00 8.517008715641130601e-02 9.036272420593080557e-02 7.400995368744339720e-02 7.771871141970086716e-02
2.149999999999999911e+00 8.514651980454861213e-02 9.023722015776651506e-02 7.386847563859620658e-02 7.751205515683633196e-02
2.174999999999999822e+00 8.510679344431593130e-02 9.009586127507861197e-02 7.371546743738302543e-02 7.729419250533929586e-02
2.200000000000000178e+00 8.504968536728924056e-02 8.993757082077598330e-02 7.354998228794308590e-02 7.706424785206815453e-02
2.225000000000000089e+00 8.497402233579842701e-02 8.976131381139267063e-02 7.337110709658575813e-02 7.682137361423393984e-02
2.250000000000000000e+00 8.487868655336668067e-02 8.956610372713595669e-02 7.317796743388822744e-02 7.656475716175686896e-02
2.274999999999999911e+00 8.476261460548492610e-02 8.935100102857815307e-02 7.296972605422431812e-02 7.629361910428991700e-02
2.299999999999999822e+00 8.462480451134146708e-02 8.911511839701703741e-02 7.274559008100862922e-02 7.600721789915428073e-02
2.325000000000000178e+00 8.446431648069742393e-02 8.885762379388049970e-02 7.250481071512679399e-02 7.570485363559499581e-02
2.350000000000000089e+00 8.428027071464391784e-02 8.857773674281456400e-02 7.224668142426304840e-02 7.538586403331774821e-02
2.375000000000000000e+00 8.407185490739162159e-02 8.827473410425797085e-02 7.197054583119698312e-02 7.504962994307226576e-02
2.399999999999999911e+00 8.383832497451775001e-02 8.794795364956416173e-02 7.167579790170403031e-02 7.469557989824927857e-02
2.424999999999999822e+00 8.357900657601259609e-02 8.759679072051949900e-02 7.136188308789327694e-02 7.432318451819039384e-02
2.450000000000000178e+00 8.329329892976201910e-02 8.722071102082351590e-02 7.102830217972123938e-02 7.393197268910772779e-02
2.475000000000000089e+00 8.298066011606682058e-02 8.681923028649242424e-02 7.067459927217963067e-02 7.352151171219807602e-02
2.500000000000000000e+00 8.264062454407709868e-02 8.639192666916352403e-02 7.030037697459982915e-02 7.309141579217301454e-02
2.524999999999999911e+00 8.227279832666291315e-02 8.593844579564144381e-02 6.990529224007341336e-02 7.264135455520015494e-02
2.549999999999999822e+00 8.187686046272189822e-02 8.545849602335268969e-02 6.948905842428176882e-02 7.217104730160242565e-02
2.575000000000000178e+00 8.145256432524368428e-02 8.495185292838852709e-02 6.905144662624795870e-02 7.168026806885682833e-02
2.600000000000000089e+00 8.099973415711754499e-02 8.441835679037758278e-02 6.859228258486556318e-02 7.116884343732886309e-02
2.625000000000000000e+00 8.051826393616330624e-02 8.385790999332853879e-02 6.811144644191929887e-02 7.063665023115901775e-02
2.649999999999999911e+00 8.000812146817695703e-02 8.327048128658254278e-02 6.760887712006995176e-02 7.008362002285598025e-02
2.674999999999999822e+00 7.946934381259199154e-02 8.265610404710205250e-02 6.708456784157910968e-02 6.950973771559713910e-02
2.700000000000000178e+00 7.890203640279774833e-02 8.201487318082181788e-02 6.653856607972867543e-02 6.891503866636841669e-02
2.725000000000000089e+00 7.830637498491363480e-02 8.134694885252874430e-02 6.597097578199469237e-02 6.829961270154509545e-02
2.750000000000000000e+00 7.768259995374529603e-02 8.065255230679099774e-02 6.538195233383278793e-02 6.766360050123636227e-02
2.774999999999999911e+00 7.703101745416976454e-02 7.993196611374468741e-02 6.477170442977923936e-02 6.700719424855586248e-02
2.799999999999999822e+00 7.635199519003847690e-02 7.918553094435416828e-02 6.414049037133449926e-02 6.633063467129089730e-02
2.825000000000000178e+00 7.564596277882587594e-02 7.841364490533003773e-02 6.348861906091193830e-02 6.563421068526409385e-02
2.850000000000000089e+00 7.491341169078295781e-02 7.761676518329724273e-02 6.281645015459624837e-02 6.491826129411762403e-02
2.875000000000000000e+00 7.415489266089085596e-02 7.679540670670789715e-02 6.212439216222097327e-02 6.418317465982606440e-02
2.899999999999999911e+00 7.337100785872775754e-02 7.595013563610542029e-02 6.141289555024202762e-02 6.342938224797305125e-02
2.924999999999999822e+00 7.256241481622729972e-02 7.508156807935351118e-02 6.068245722895856953e-02 6.265735787787439504e-02
2.950000000000000178e+00 7.172982838876841571e-02 7.419037584755520942e-02 5.993362212767606306e-02 6.186762292830005894e-02
2.975000000000000089e+00 7.087400620296425979e-02 7.327727989377905149e-02 5.916697041668556728e-02 6.106074136155607845e-02
3.000000000000000000e+00 6.999575093139054349e-02 7.234304202222928415e-02 5.838312092550703575e-02 6.023731232940811309e-02
3.024999999999999911e+00 6.909590847605230624e-02 7.138846763294562359e-02 5.758272908473489188e-02 5.939797251832034525e-02
3.049999999999999822e+00 6.817536242953747827e-02 7.041440187768217840e-02 5.676648276761719902e-02 5.854339345398777705e-02
3.075000000000000178e+00 6.723503573070048478e-02 6.942172575461016959e-02 5.593510406435455579e-02 5.767427768229951152e-02
3.100000000000000089e+00 6.627588861405897536e-02 6.841135716614606121e-02 5.508934744739603373e-02 5.679135988375558219e-02
3.125000000000000000e+00 6.529891651519278972e-02 6.738425407824367996e-02 5.422999846496080051e-02 5.589541045648523110e-02
3.149999999999999911e+00 6.430513880122776249e-02 6.634140214181642736e-02 5.335786419676798176e-02 5.498722477963827182e-02
3.174999999999999822e+00 6.329559859572990443e-02 6.528380924440868593e-02 5.247377349627235094e-02 5.406761827027898454e-02
3.200000000000000178e+00 6.227136272124743355e-02 6.421250762460198325e-02 5.157857723931621313e-02 5.313742860379634669e-02
3.225000000000000089e+00 6.123351866821093170e-02 6.312855225786322133e-02 5.067314588553598065e-02 5.219751456001123918e-02
3.250000000000000000e+00 6.018317113438750171e-02 6.203301568866286669e-02 4.975836666712064871e-02 5.124875156457594366e-02
3.274999999999999911e+00 5.912144017799357554e-02 6.092698804428261367e-02 4.883514222519316772e-02 5.029203192856505911e-02
3.299999999999999822e+00 5.804945622458507204e-02 5.981157181029541497e-02 4.790438653893693693e-02 4.932826056045797741e-02
3.325000000000000178e+00 5.696835755079084768e-02 5.868787922556615438e-02 4.696702291621741160e-02 4.835835278722053904e-02
3.350000000000000089e+00 5.587928651339071212e-02 5.755702941550965707e-02 4.602398111853392426e-02 4.738323226145788741e-02
3.375000000000000444e+00 5.478338849330456617e-02 5.642014231362860177e-02 4.507619631323008663e-02 4.640382544465997128e-02
3.399999999999999911e+00 5.368181077330467371e-02 5.527834275165777883e-02 4.412460844152266831e-02 4.542106542704398703e-02
3.424999999999999822e+00 5.257569720466397090e-02 5.413275429760946306e-02 4.317015780871263919e-02 4.443588694144477713e-02
3.450000000000000622e+00 5.146618632774294794e-02 5.298449611558789241e-02 4.221378319234987686e-02 4.344922346118742368e-02
3.475000000000000533e+00 5.035440837991952273e-02 5.183468030753399930e-02 4.125641968297770468e-02 4.246200505715383433e-02
3.500000000000000000e+00 4.924148182794382822e-02 5.068440831316252393e-02 4.029899552666691559e-02 4.147515531522275034e-02
3.524999999999999911e+00 4.812851319238505704e-02 4.953477071064197462e-02 3.934243204529605520e-02 4.048959124554543654e-02
3.549999999999999822e+00 4.701659500951400894e-02 4.838684524545796423e-02 3.838764189758289702e-02 3.950622154385236007e-02
3.575000000000000622e+00 4.590680161945519255e-02 4.724169244332067363e-02 3.743552533634123686e-02 3.852594279413378009e-02
3.600000000000000089e+00 4.480018761998201537e-02 4.610035440621558511e-02 3.648696879849036567e-02 3.754963834583743831e-02
3.625000000000000000e+00 4.369778574740412064e-02 4.496385089198102342e-02 3.554284302110647525e-02 3.657817488139442075e-02
3.649999999999999911e+00 4.260060443967313842e-02 4.383317979112943269e-02 3.460400069931696132e-02 3.561240268162838007e-02
3.674999999999999822e+00 4.150962604910025944e-02 4.270931380513419418e-02 3.367127492894299301e-02 3.465315278145364442e-02
3.700000000000000622e+00 4.042580622249136030e-02 4.159319832168077713e-02 3.274547833870831981e-02 3.370123478721754468e-02
3.725000000000000089e+00 3.935006903957539298e-02 4.048574982670552491e-02 3.182739881254777192e-02 3.275743547740313233e-02
3.750000000000000000e+00 3.828330962582848079e-02 3.938785394871884699e-02 3.091780142923813632e-02 3.182251684906166334e-02
3.774999999999999911e+00 3.722638946685741246e-02 3.830036403785806037e-02 3.001742408995449959e-02 3.089721460280018400e-02
3.799999999999999822e+00 3.618013748103150046e-02 3.722410128906077781e-02 2.912697822754698254e-02 2.998223806092092242e-02
3.825000000000000178e+00 3.514534718585177880e-02 3.615985340211862187e-02 2.824714607312444128e-02 2.907826874745833221e-02
3.850000000000000089e+00 3.412277444666218795e-02 3.510837016069265348e-02 2.737857849049435063e-02 2.818595639725045982e-02
3.875000000000000000e+00 3.311313960965227982e-02 3.407036411191334546e-02 2.652189632851574899e-02 2.730591910659843635e-02
3.899999999999999911e+00 3.211712442372000043e-02 3.304651241091591946e-02 2.567768753275388727e-02 2.643874465845416286e-02
3.924999999999999822e+00 3.113537187794269620e-02 3.203745251289060597e-02 2.484650676160234453e-02 2.558498662768019308e-02
3.950000000000000178e+00 3.016848486249518180e-02 3.104378222383243763e-02 2.402887381359961050e-02 2.474516403978084880e-02
3.975000000000000089e+00 2.921702526024939212e-02 3.006606015226399864e-02 2.322527269242620485e-02 2.391976156194866934e-02
4.000000000000000000e+00 2.828151578293719437e-02 2.910480294838764179e-02 2.243615280684833554e-02 2.310922685046946923e-02
4.025000000000000355e+00 2.736243965122299449e-02 2.816048931433326116e-02 2.166192831388549095e-02 2.231397358191643948e-02
4.049999999999999822e+00 2.646023716716750310e-02 2.723355701207126611e-02 2.090297511495428293e-02 2.153437880587149092e-02
4.075000000000000178e+00 2.557530754727105338e-02 2.632440163255315296e-02 2.015963218028390611e-02 2.077078168093272198e-02
4.099999999999999645e+00 2.470800810152659968e-02 2.543337753149784233e-02 1.943220064628955676e-02 2.002348406594625305e-02
4.125000000000000000e+00 2.385865722641748038e-02 2.456079847603344010e-02 1.872094611362017796e-02 1.929275086429144484e-02
4.150000000000000355e+00 2.302753450133665156e-02 2.370694038793556141e-02 1.802609845870358982e-02 1.857881208300838499e-02
4.174999999999999822e+00 2.221487734208786244e-02 2.287203868493903336e-02 1.734784913431962339e-02 1.788186059672863121e-02
4.200000000000000178e+00 2.142088424985271952e-02 2.205628928310394976e-02 1.668635396083318137e-02 1.720205301415264273e-02
4.224999999999999645e+00 2.064571595580460758e-02 2.125984940649422450e-02 1.604173378605412009e-02 1.653951027555776790e-02
4.250000000000000000e+00 1.988949563183375208e-02 2.048283869698538234e-02 1.541407459603298495e-02 1.589431841788118208e-02
4.275000000000000355e+00 1.915230900040547010e-02 1.972534072400254287e-02 1.480342783835379879e-02 1.526652993996751619e-02
4.299999999999999822e+00 1.843420609577424429e-02 1.898740283009461502e-02 1.420981192136869763e-02 1.465616378025291940e-02
4.325000000000000178e+00 1.773520236216999391e-02 1.826903734278927452e-02 1.363321320753007292e-02 1.406320638764138944e-02
4.349999999999999645e+00 1.705527977468917003e-02 1.757022354015780330e-02 1.307358706496910584e-02 1.348761345978005677e-02
4.375000000000000000e+00 1.639438764510777607e-02 1.689090797485670592e-02 1.253085873716676922e-02 1.292931039113778130e-02
4.400000000000000355e+00 1.575244453588749496e-02 1.623100556111557735e-02 1.200492507702144093e-02 1.238819334255987677e-02
4.424999999999999822e+00 1.512934003557114306e-02 1.559040234621847723e-02 1.149565620199088922e-02 1.186413168232977947e-02
4.450000000000000178e+00 1.452493558007352664e-02 1.496895659201898446e-02 1.100289643249507780e-02 1.135696913206537574e-02
4.474999999999999645e+00 1.393906582089120445e-02 1.436649933260309743e-02 1.052646566510088977e-02 1.086652447682598562e-02
4.500000000000000000e+00 1.337154050444342226e-02 1.378283644317559488e-02 1.006616118791661685e-02 1.039259351360772958e-02
4.525000000000000355e+00 1.282214579613551175e-02 1.321775018774050230e-02 9.621759031213355379e-03 9.934950591292828620e-03
4.549999999999999822e+00 1.229064589238241904e-02 1.267100053851476921e-02 9.193015578563340159e-03 9.493349977952250315e-03
4.575000000000000178e+00 1.177678481513115549e-02 1.214232696827639846e-02 8.779669294723351988e-03 9.067527595181389122e-03
4.599999999999999645e+00 1.128028773774910828e-02 1.163145003102025558e-02 8.381442127327089209e-03 8.657202598664363868e-03
4.625000000000000000e+00 1.080086266540861498e-02 1.113807279133644662e-02 7.998041169230141190e-03 8.262078852816143182e-03
4.650000000000000355e+00 1.033820200356570448e-02 1.066188249702430119e-02 7.629160158286140553e-03 7.881846552687489169e-03
4.674999999999999822e+00 9.891984053138907704e-03 1.020255206274284406e-02 7.274481039964307214e-03 7.516183710526429425e-03
4.700000000000000178e+00 9.461874624833700731e-03 9.759741596184185949e-03 6.933675566938677683e-03 7.164757708164874728e-03
4.724999999999999645e+00 9.047528452802064067e-03 9.333099935543098802e-03 6.606406681017074761e-03 6.827226802784314326e-03
4.750000000000000000e+00 8.648590704909383739e-03 8.922266094335769976e-03 6.292329966601188131e-03 6.503241551942567054e-03
4.775000000000000355e+00 8.264698381566862317e-03 8.526870688617923730e-03 5.991094984517188887e-03 6.192446177363981029e-03
4.799999999999999822e+00 7.895481706378168832e-03 8.146537319099606683e-03 5.702346675446849991e-03 5.894479922740098951e-03
4.825000000000000178e+00 7.540565373102449918e-03 7.780883862588667751e-03 5.425726541825703735e-03 5.608978319119943719e-03
4.849999999999999645e+00 7.199569867998853630e-03 7.429523744141955030e-03 5.160873902585633687e-03 5.335574398198917462e-03
4.875000000000000000e+00 6.872112678555475362e-03 7.092067209728797339e-03 4.907427056699084460e-03 5.073899905148564378e-03
4.900000000000000355e+00 6.557809440819517555e-03 6.768122474899785843e-03 4.665024337038203156e-03 4.823586386492551004e-03
4.924999999999999822e+00 6.256275001447892531e-03 6.457296805780827001e-03 4.433305098977469681e-03 4.584266196714086895e-03
4.950000000000000178e+00 5.967124402221239687e-03 6.159197541236643113e-03 4.211910637429153864e-03 4.355573450585593746e-03
4.974999999999999645e+00 5.689973945747021575e-03 5.873433085720327490e-03 4.000485132848170637e-03 4.137144928248718059e-03
5.000000000000000000e+00 5.424441986181869138e-03 5.599613841646509244e-03 3.798676376189322711e-03 3.928620915682509707e-03
5.025000000000000355e+00 5.170149777213323833e-03 5.337352998434552985e-03 3.606136508407186813e-03 3.729645917251530121e-03
5.049999999999999822e+00 4.926722322129242250e-03 5.086267361572864749e-03 3.422522743823380818e-03 3.539869371668012948e-03
5.075000000000000178e+00 4.693788987806067799e-03 4.845978110051598828e-03 3.247497910500925754e-03 3.358946303121169031e-03
5.099999999999999645e+00 4.470984157708038365e-03 4.616111373481423738e-03 3.080730988695022394e-03 3.186537821166948378e-03
5.125000000000000000e+00 4.257947874536829880e-03 4.396298885750332328e-03 2.921897624292988521e-03 3.022311651034734117e-03
5.150000000000000355e+00 4.054326278133766476e-03 4.186178523758086849e-03 2.770680484760105512e-03 2.865942568909275821e-03
5.174999999999999822e+00 3.859772085576242302e-03 3.985394729910583106e-03 2.626769627523336398e-03 2.717112737459153465e-03
5.200000000000000178e+00 3.673945051033181228e-03 3.793598981360570953e-03 2.489862833018729321e-03 2.575512057177027723e-03
5.224999999999999645e+00 3.496512272001569936e-03 3.610450179313479287e-03 2.359665817653055445e-03 2.440838444339682965e-03
5.250000000000000000e+00 3.327148491462521545e-03 3.435614938648970645e-03 2.235892439257842947e-03 2.312798030428528644e-03
5.275000000000000355e+00 3.165536388061778936e-03 3.268767834080552135e-03 2.118264869498069376e-03 2.191105315445329629e-03
5.299999999999999822e+00 3.011366771264349391e-03 3.109591690268746766e-03 2.006513693446779299e-03 2.075483338245399934e-03
5.325000000000000178e+00 2.864338714709661372e-03 2.957777710858401198e-03 1.900377961294052792e-03 1.965663728203102725e-03
5.349999999999999645e+00 2.724159745327298446e-03 2.813025619759841785e-03 1.799605267221210348e-03 1.861386755075222213e-03
5.375000000000000000e+00 2.590545916119071316e-03 2.675043803125906269e-03 1.703951736525058814e-03 1.762401370636012144e-03
5.400000000000000355e+00 2.463221825751691664e-03 2.543549344506442454e-03 1.613181972861392997e-03 1.668465168324137233e-03
5.424999999999999822e+00 2.341920677260539690e-03 2.418268061010053673e-03 1.527069031293666482e-03 1.579344340664863827e-03
5.450000000000000178e+00 2.226384265357418853e-03 2.298934512147206462e-03 1.445394328503775416e-03 1.494813610657547533e-03
5.474999999999999645e+00 2.116362916414648698e-03 2.185291952234316368e-03 1.367947522377539445e-03 1.414656119356456606e-03
5.500000000000000000e+00 2.011615469050079610e-03 2.077092286430508219e-03 1.294526415298928330e-03 1.338663313929376337e-03
5.525000000000000355e+00 1.911909182885543129e-03 1.974096026980029592e-03 1.224936805991087493e-03 1.266634831559076795e-03
5.549999999999999822e+00 1.817019616758674960e-03 1.876072161060895419e-03 1.158992320261942799e-03 1.198378323979688506e-03
5.575000000000000178e+00 1.726730529280195948e-03 1.782798044791816241e-03 1.096514253191392804e-03 1.133709295531323043e-03
5.599999999999999645e+00 1.640833734610804007e-03 1.694059273563448299e-03 1.037331383053316123e-03 1.072450926050293272e-03
5.625000000000000000e+00 1.559128963382079743e-03 1.609649528659723959e-03 9.812797868274454778e-04 1.014433876418667805e-03
5.650000000000000355e+00 1.481423699813501360e-03 1.529370438984384599e-03 9.282026428022749917e-04 9.594961054026890758e-04
5.674999999999999822e+00 1.407533002589325764e-03 1.453031389475803199e-03 8.779500198491138434e-04 9.074826512784119883e-04
5.700000000000000178e+00 1.337279332458610149e-03 1.380449346378132729e-03 8.303786748283696140e-04 8.582454250223890213e-04
5.724999999999999645e+00 1.270492361452501412e-03 1.311448676938570734e-03 7.853518389955255023e-04 8.116430020291240692e-04
5.750000000000000000e+00 1.207008780491230105e-03 1.245860940200146580e-03 7.427390041397942660e-04 7.675403961422875253e-04
5.775000000000000355e+00 1.146672108153023919e-03 1.183524705198181351e-03 7.024157129829106290e-04 7.258088532967168008e-04
5.799999999999999822e+00 1.089332485276196978e-03 1.124285342132672928e-03 6.642633413528180883e-04 6.863256302678332572e-04
5.825000000000000178e+00 1.034846475113645114e-03 1.067994818380637407e-03 6.281688863921431904e-04 6.489737779989834419e-04
5.849999999999999645e+00 9.830768558022557127e-04 1.014511492915985864e-03 5.940247533588456468e-04 6.136419270432873522e-04
5.875000000000000000e+00 9.338924158450774169e-04 9.636999026376031610e-04 5.617285464559048855e-04 5.802240704306319821e-04
5.900000000000000355e+00 8.871677519204468169e-04 9.154305592630771014e-04 5.311828640041236149e-04 5.486193559964291401e-04
5.924999999999999822e+00 8.427830651359818383e-04 8.695797424223568719e-04 5.022950950177585685e-04 5.187318788482757608e-04
5.950000000000000178e+00 8.006239597801143070e-04 8.260292945570651968e-04 4.749772208889434916e-04 4.904704780257391214e-04
5.974999999999999645e+00 7.605812447250730798e-04 7.846664184460908726e-04 4.491456214533320695e-04 4.637485378079815178e-04
6.000000000000000000e+00 7.225507371821072132e-04 7.453834762009372596e-04 4.247208851459297095e-04 4.384837928390934053e-04
6.025000000000000355e+00 6.864330715237691857e-04 7.080777939489356658e-04 4.016276255395076120e-04 4.145981395810789715e-04
6.049999999999999822e+00 6.521335095773997522e-04 6.726514683958248605e-04 3.797943018239086695e-04 3.920174522089552699e-04
6.075000000000000178e+00 6.195617556227494020e-04 6.390111773586946639e-04 3.591530446138823805e-04 3.706714036320321918e-04
6.099999999999999645e+00 5.886317764422856246e-04 6.070679950620199578e-04 3.396394881997433050e-04 3.504932924503854214e-04
6.125000000000000000e+00 5.592616254165507124e-04 5.767372122401554814e-04 3.211926078136939991e-04 3.314198757283703055e-04
6.150000000000000355e+00 5.313732706291592967e-04 5.479381597973966532e-04 3.037545621113948036e-04 3.133912067224111026e-04
6.174999999999999822e+00 5.048924288734914657e-04 5.205940380232887106e-04 2.872705420523771107e-04 2.963504787466223899e-04
6.200000000000000178e+00 4.797484042399250098e-04 4.946317512461868285e-04 2.716886252813804025e-04 2.802438751345520175e-04
6.224999999999999645e+00 4.558739316577018635e-04 4.699817464974211274e-04 2.569596354923136833e-04 2.650204241250208367e-04
6.250000000000000000e+00 4.332050257537282349e-04 4.465778584590278529e-04 2.430370079155394101e-04 2.506318599093588541e-04
6.275000000000000355e+00 4.116808341877905013e-04 4.243571588590630463e-04 2.298766601002065165e-04 2.370324891852621798e-04
6.299999999999999822e+00 3.912434963917273589e-04 4.032598105964433168e-04 2.174368675402012132e-04 2.241790626852863198e-04
6.325000000000000178e+00 3.718380079119323260e-04 3.832289281542132064e-04 2.056781453739393048e-04 2.120306526911464517e-04
6.349999999999999645e+00 3.534120888996920211e-04 3.642104424210760769e-04 1.945631347647847000e-04 2.005485356043181313e-04
6.375000000000000000e+00 3.359160582284533773e-04 3.461529705092350581e-04 1.840564943505369473e-04 1.896960795372006319e-04
6.400000000000000355e+00 3.193027118869696613e-04 3.290076906857916303e-04 1.741247962690021525e-04 1.794386368723592919e-04
6.424999999999999822e+00 3.035272066372211646e-04 3.127282223407286377e-04 1.647364274192387719e-04 1.697434418473643377e-04
6.450000000000000178e+00 2.885469480524040361e-04 2.972705106095648074e-04 1.558614948489216905e-04 1.605795127903082849e-04
6.474999999999999645e+00 2.743214831562897213e-04 2.825927152085634555e-04 1.474717355788054247e-04 1.519175585004501000e-04
6.500000000000000000e+00 2.608123979049265331e-04 2.686551049159965399e-04 1.395404311690379010e-04 1.437298897505327104e-04
6.525000000000000355e+00 2.479832181956648923e-04 2.554199554713862570e-04 1.320423257426292616e-04 1.359903344644706363e-04
6.549999999999999822e+00 2.357993163583839576e-04 2.428514522735661016e-04 1.249535485756823243e-04 1.286741571594016847e-04
6.575000000000000178e+00 2.242278207813272559e-04 2.309155978206902705e-04 1.182515401363818866e-04 1.217579825929883722e-04
6.599999999999999645e+00 2.132375295363095411e-04 2.195801222774151982e-04 1.119149816842589880e-04 1.152197227419402253e-04
6.625000000000000000e+00 2.027988283034522948e-04 2.088143983550024235e-04 1.059237286637284582e-04 1.090385075089277952e-04
6.650000000000000355e+00 1.928836117343224888e-04 1.985893602162424330e-04 1.002587474507947272e-04 1.031946191604069744e-04
6.674999999999999822e+00 1.834652084742286360e-04 1.888774259856835505e-04 9.490205510713411378e-05 9.766942994671634799e-05
6.700000000000000178e+00 1.745183096312730934e-04 1.796524235929907690e-04 8.983666232068424388e-05 9.244534278896579169e-05
6.724999999999999645e+00 1.660189006447175596e-04 1.708895204430074799e-04 8.504651935583283379e-05 8.750573521877618311e-05
6.750000000000000888e+00 1.579441961507424899e-04 1.625651561073561131e-04 8.051646476811990421e-05 8.283490616070788475e-05
6.775000000000001243e+00 1.502725781578625281e-04 1.546569781611013567e-04 7.623217676221441476e-05 7.841802542437715606e-05
6.799999999999999822e+00 1.429835369896534640e-04 1.471437812295766593e-04 7.218012707451779554e-05 7.424108590351929297e-05
6.825000000000001066e+00 1.360576151442558477e-04 1.400054487973586366e-04 6.834753741793754566e-05 7.029085825682065383e-05
6.849999999999999645e+00 1.294763539014337982e-04 1.332228980644839229e-04 6.472233815755451070e-05 6.655484813100504275e-05
6.875000000000000000e+00 1.232222423736798085e-04 1.267780271453911034e-04 6.129312914326298905e-05 6.302125544344338052e-05
6.900000000000001243e+00 1.172786692510925573e-04 1.206536649865640355e-04 5.804914282622428303e-05 5.967893599406097152e-05
6.924999999999999822e+00 1.116298768333194103e-04 1.148335239848836703e-04 5.498020915286786170e-05 5.651736520427396847e-05
6.950000000000001066e+00 1.062609172333764938e-04 1.093021546058651702e-04 5.207672243278094307e-05 5.352660364272499369e-05
6.974999999999999645e+00 1.011611044496811253e-04 1.040414087039075522e-04 4.933056642918728327e-05 5.069630813124647412e-05
7.000000000000000000e+00 9.631063484787914547e-05 9.904536396706134873e-05 4.673144891072466390e-05 4.801982068055705652e-05
7.025000000000001243e+00 9.169960559991524455e-05 9.429633332327202577e-05 4.427204838503490992e-05 4.548752010287636881e-05
7.049999999999999822e+00 8.731590611296691229e-05 8.978180363533373482e-05 4.194471617223387245e-05 4.309149567759635116e-05
7.075000000000001066e+00 8.314804893293307455e-05 8.548990651130363837e-05 3.974222823663759721e-05 4.082427680154972671e-05
7.099999999999999645e+00 7.918513750977645537e-05 8.140938490921415405e-05 3.765776148374046586e-05 3.867880835688174178e-05
7.125000000000000000e+00 7.541683558577160634e-05 7.752956144730581119e-05 3.568487135070012942e-05 3.664842745325775215e-05
7.150000000000001243e+00 7.183333815434227057e-05 7.384030832177055107e-05 3.381747061691902262e-05 3.472684144852524992e-05
7.174999999999999822e+00 6.842534391855479106e-05 7.033201878836435475e-05 3.204980944491859465e-05 3.290810720152938907e-05
7.200000000000000178e+00 6.518402915494060570e-05 6.699558009021101942e-05 3.037645650723833085e-05 3.118661149837037501e-05
7.224999999999999645e+00 6.210102294025656746e-05 6.382234780435678027e-05 2.879228114186339901e-05 2.955705254550449918e-05
7.250000000000000000e+00 5.916838363283341345e-05 6.080412150245216541e-05 2.729243654312361249e-05 2.801442251564579175e-05
7.275000000000001243e+00 5.637857659102362583e-05 5.793312165504714296e-05 2.587234385737295685e-05 2.655399105193530229e-05
7.299999999999999822e+00 5.372445304670638787e-05 5.520196776621392955e-05 2.452767722012348615e-05 2.517128972206227945e-05
7.325000000000000178e+00 5.119923005872683869e-05 5.260365762033653383e-05 2.325434959598603177e-05 2.386209734369604762e-05
7.349999999999999645e+00 4.879647152214360099e-05 5.013154761043832336e-05 2.204849940782362431e-05 2.262242611752375457e-05
7.375000000000000000e+00 4.651007016329039329e-05 4.777933410051412498e-05 2.090647793690272036e-05 2.144850855081246598e-05
7.400000000000001243e+00 4.433423046809295320e-05 4.554103575363916117e-05 1.982483743631353705e-05 2.033678512125127949e-05
7.424999999999999822e+00 4.226345250259376350e-05 4.341097677733459989e-05 1.880031988915483409e-05 1.928389263403437122e-05
7.450000000000000178e+00 4.029251658161063108e-05 4.138377105226230123e-05 1.782984640254477044e-05 1.828665322131143052e-05
7.474999999999999645e+00 3.841646872910082074e-05 3.945430708517865486e-05 1.691050721573636358e-05 1.734206397591727381e-05
7.500000000000000000e+00 3.663060691000113702e-05 3.761773375450971657e-05 1.603955226033522066e-05 1.644728716626916111e-05
7.525000000000000355e+00 3.493046796937210129e-05 3.586944679485308681e-05 1.521438226387391111e-05 1.559964100876187924e-05
7.549999999999999822e+00 3.331181526661257446e-05 3.420507599377937296e-05 1.443254034548506487e-05 1.479659095988003065e-05
7.575000000000000178e+00 3.177062695106661278e-05 3.262047306231379137e-05 1.369170406808162058e-05 1.403574149394520046e-05
7.599999999999999645e+00 3.030308484582133524e-05 3.111170013141488050e-05 1.298967796435673514e-05 1.331482833836174752e-05
7.625000000000000000e+00 2.890556392250241257e-05 2.967501886089078460e-05 1.232438647947516503e-05 1.263171116943035020e-05
7.650000000000000355e+00 2.757462232272758488e-05 2.830688011473417052e-05 1.169386729174053380e-05 1.198436669695643432e-05
7.674999999999999822e+00 2.630699190382352083e-05 2.700391417654566677e-05 1.109626503438184835e-05 1.137088215303428345e-05
7.700000000000000178e+00 2.509956927567478862e-05 2.576292148271658994e-05 1.052982535232032756e-05 1.078944914147363271e-05
7.724999999999999645e+00 2.394940731019144832e-05 2.458086383594436359e-05 9.992889313228371257e-06 1.023835784242701160e-05
7.750000000000000000e+00 2.285370709563118549e-05 2.345485608303625696e-05 9.483888109571858108e-06 9.715991536686787466e-06
7.775000000000000355e+00 2.180981030793688978e-05 2.238215822755442453e-05 9.001338074085591358e-06 9.220821439302657826e-06
7.799999999999999822e+00 2.081519198613723345e-05 2.136016795379365988e-05 8.543835965559492540e-06 8.751401823640130032e-06
7.825000000000000178e+00 1.986745368272692310e-05 2.038641354690327591e-05 8.110054530725758674e-06 8.306365420920156588e-06
7.849999999999999645e+00 1.896431697121250500e-05 1.945854718047022755e-05 7.698738311301184836e-06 7.884419084448633159e-06
7.875000000000000000e+00 1.810361729456024118e-05 1.857433855252434501e-05 7.308699671747179810e-06 7.484339685307630856e-06
7.900000000000000355e+00 1.728329813555043408e-05 1.773166886155914636e-05 6.938815076876803201e-06 7.104970247966694896e-06
7.924999999999999822e+00 1.650140548863607653e-05 1.692852509169598946e-05 6.588021557748223613e-06 6.745216304649887807e-06
7.950000000000000178e+00 1.575608262256790899e-05 1.616299459760694302e-05 6.255313375811266116e-06 6.404042443746843268e-06
7.974999999999999645e+00 1.504556511498457656e-05 1.543325997422066476e-05 5.939738891061530811e-06 6.080469063206053219e-06
8.000000000000000000e+00 1.436817614563391872e-05 1.473759419109089335e-05 5.640397586393131450e-06 5.773569301584082159e-06
8.025000000000000355e+00 1.372232203537102954e-05 1.407435598284753023e-05 5.356437263931998230e-06 5.482466137911215075e-06
8.050000000000000711e+00 1.310648801616912997e-05 1.344198547931902454e-05 5.087051400875009450e-06 5.206329656450674498e-06
8.074999999999999289e+00 1.251923422113226067e-05 1.283900006155514659e-05 4.831476650714314776e-06 4.944374464140148539e-06
8.099999999999999645e+00 1.195919188344850064e-05 1.226399043498462799e-05 4.588990486897117187e-06 4.695857253388425650e-06
8.125000000000000000e+00 1.142505973224556431e-05 1.171561690658861191e-05 4.358908975386569685e-06 4.460074501901587391e-06
8.150000000000000355e+00 1.091560057512746259e-05 1.119260585530364856e-05 4.140584664928483703e-06 4.236360296699927650e-06
8.175000000000000711e+00 1.042963805729184641e-05 1.069374638483072196e-05 3.933404604377888161e-06 4.024084280121915020e-06
8.199999999999999289e+00 9.966053588999295544e-06 1.021788715001989110e-05 3.736788466687871472e-06 3.822649714030382399e-06
8.224999999999999645e+00 9.523783431882206749e-06 9.763933348527059552e-06 3.550186772811549670e-06 3.631491647090517925e-06
8.250000000000000000e+00 9.101815935361350749e-06 9.330843867356689470e-06 3.373079221383268703e-06 3.450075186722113158e-06
8.275000000000000355e+00 8.699188915845592349e-06 8.917628577024550165e-06 3.204973106098558506e-06 3.277893866719107653e-06
8.300000000000000711e+00 8.314987170900242554e-06 8.523345765494065937e-06 3.045401820064728912e-06 3.114468104233594236e-06
8.324999999999999289e+00 7.948340121408118206e-06 8.147099704220824964e-06 2.893923444641011521e-06 2.959343741704025350e-06
8.349999999999999645e+00 7.598419575010163895e-06 7.788038339741226745e-06 2.750119416431799884e-06 2.812090671212990540e-06
8.375000000000000000e+00 7.264437604406888260e-06 7.445351104053446492e-06 2.613593266266899428e-06 2.672301533430111653e-06
8.400000000000000355e+00 6.945644534592385216e-06 7.118266837435850942e-06 2.483969430650563362e-06 2.539590489912534765e-06
8.425000000000000711e+00 6.641327033181990498e-06 6.806051818046309268e-06 2.360892124402941979e-06 2.413592062180993859e-06
8.449999999999999289e+00 6.350806298489802744e-06 6.508007892448342616e-06 2.244024276460003688e-06 2.293960033537498040e-06
8.474999999999999645e+00 6.073436340295765541e-06 6.223470701890488408e-06 2.133046525309512033e-06 2.180366412259439882e-06
8.500000000000000000e+00 5.808602348426988681e-06 5.951807999430712261e-06 2.027656270174048391e-06 2.072500452347935732e-06
8.525000000000000355e+00 5.555719144577126752e-06 5.692418052955187794e-06 1.927566772757282750e-06 1.970067728263258080e-06
8.550000000000000711e+00 5.314229712990046918e-06 5.444728129793614405e-06 1.832506308147024634e-06 1.872789259285356495e-06
8.574999999999999289e+00 5.083603805887721927e-06 5.208193058521389835e-06 1.742217362000609128e-06 1.780400682486083694e-06
8.599999999999999645e+00 4.863336619794755393e-06 4.982293863939886398e-06 1.656455870424568434e-06 1.692651469453950514e-06
8.625000000000000000e+00 4.652947539089890238e-06 4.766536471547107760e-06 1.574990505549580522e-06 1.609304187795124266e-06
8.650000000000000355e+00 4.451978943248614609e-06 4.560450477798656811e-06 1.497601995568236500e-06 1.530133802763928406e-06
8.675000000000000711e+00 4.259995074438498370e-06 4.363587982689345752e-06 1.424082483387775639e-06 1.454927015463786210e-06
8.699999999999999289e+00 4.076580962438602383e-06 4.175522481452831229e-06 1.354234920613147170e-06 1.383481638666987687e-06
8.724999999999999645e+00 3.901341403845729126e-06 3.995847812426503258e-06 1.287872493311543001e-06 1.315606005326762679e-06
8.750000000000000000e+00 3.733899992726988389e-06 3.824177157991096092e-06 1.224818080129743056e-06 1.251118410357800321e-06
8.775000000000000355e+00 3.573898200168537139e-06 3.660142095924529083e-06 1.164903737953418550e-06 1.189846581455026221e-06
8.800000000000000711e+00 3.420994500101447761e-06 3.503391698621438373e-06 1.107970217075597777e-06 1.131627179374957253e-06
8.824999999999999289e+00 3.274863539009659733e-06 3.353591677570933396e-06 1.053866502193148727e-06 1.076305325070944002e-06
8.849999999999999645e+00 3.135195347369357424e-06 3.210423570840570884e-06 1.002449378334707716e-06 1.023734153075553168e-06
8.875000000000000000e+00 3.001694590580489951e-06 3.073583971373066003e-06 9.535830181115779384e-07 9.737743876040637129e-07
8.900000000000000355e+00 2.874079857386711438e-06 2.942783793978058342e-06 9.071385945720085397e-07 9.262939423459849778e-07
8.925000000000000711e+00 2.752082983835431222e-06 2.817747578984427771e-06 8.629939123866494474e-07 8.811675422948909462e-07
8.949999999999999289e+00 2.635448410958817428e-06 2.698212830641125605e-06 8.210330592698095534e-07 8.382763645956060451e-07
8.974999999999999645e+00 2.523932574562880805e-06 2.583929388647946992e-06 7.811460774826970645e-07 7.975077001818307302e-07
9.000000000000000000e+00 2.417303325319800060e-06 2.474658830994777248e-06 7.432286503619643812e-07 7.587546323803761416e-07
9.025000000000000355e+00 2.315339377681655795e-06 2.370173906483743675e-06 7.071818079853748686e-07 7.219157330958801342e-07
9.050000000000000711e+00 2.217829786172808293e-06 2.270257995480387411e-06 6.729116476013548002e-07 6.868947756793616523e-07
9.074999999999999289e+00 2.124573447651272498e-06 2.174704597469384325e-06 6.403290685457811511e-07 6.536004625723284739e-07
9.099999999999999645e+00 2.035378628188808307e-06 2.083316843983731604e-06 6.093495223062986547e-07 6.219461677765412769e-07
9.125000000000000000e+00 1.950062513353704908e-06 1.995907035653057348e-06 5.798927753285220407e-07 5.918496932782001833e-07
9.150000000000000355e+00 1.868450780691934388e-06 1.912296202162778429e-06 5.518826841002812211e-07 5.632330380039053022e-07
9.175000000000000711e+00 1.790377193276717832e-06 1.832313683893627800e-06 5.252469826636202767e-07 5.360221792043349670e-07
9.199999999999999289e+00 1.715683213288558426e-06 1.755796734243689047e-06 4.999170815953940617e-07 5.101468656445252188e-07
9.224999999999999645e+00 1.644217634569061598e-06 1.682590141489907885e-06 4.758278770352571853e-07 4.855404217622789735e-07
9.250000000000000000e+00 1.575836233232690593e-06 1.612545869244990589e-06 4.529175700386494597e-07 4.621395618267790958e-07
9.275000000000000355e+00 1.510401435407626760e-06 1.545522714590241022e-06 4.311274959912844999e-07 4.398842145048398741e-07
9.300000000000000711e+00 1.447782001239726805e-06 1.481385982956394948e-06 4.104019621936798991e-07 4.187173563378419208e-07
9.324999999999999289e+00 1.387852724338960256e-06 1.420007178920626083e-06 3.906880943249683007e-07 3.985848539884641972e-07
9.349999999999999645e+00 1.330494145907252383e-06 1.361263712107806615e-06 3.719356912664775911e-07 3.794353148606404886e-07
9.375000000000000000e+00 1.275592282808579209e-06 1.305038617480526454e-06 3.540970876308548352e-07 3.612199459350688537e-07
9.400000000000000355e+00 1.223038368866384508e-06 1.251220289241319680e-06 3.371270229348213996e-07 3.438924196744924197e-07
9.425000000000000711e+00 1.172728608752828087e-06 1.199702227694007400e-06 3.209825179234325443e-07 3.274087469805378291e-07
9.449999999999999289e+00 1.124563943822206586e-06 1.150382798432211578e-06 3.056227574156498686e-07 3.117271568243106593e-07
9.474999999999999645e+00 1.078449829289562171e-06 1.103165003193630544e-06 2.910089795161815194e-07 2.968079824004081517e-07
9.500000000000000000e+00 1.034296022203591105e-06 1.057956261829399966e-06 2.771043703008911795e-07 2.826135531613409152e-07
9.525000000000000355e+00 9.920163796718335050e-07 1.014668204834213808e-06 2.638739641514606342e-07 2.691080924711532025e-07
9.550000000000000711e+00 9.515286668254434831e-07 9.732164759030626945e-07 2.512845490726324350e-07 2.562576205697722121e-07
9.574999999999999289e+00 9.127543740410888820e-07 9.335205440190776424e-07 2.393045772977886852e-07 2.440298626021586581e-07
9.599999999999999645e+00 8.756185429653981322e-07 8.955035246008232501e-07 2.279040802723359151e-07 2.323941616000857702e-07
9.625000000000000000e+00 8.400496009004837302e-07 8.590920092575918054e-07 2.170545880648957946e-07 2.213213957008088064e-07
9.650000000000000355e+00 8.059792031421891334e-07 8.242159037295652193e-07 2.067290533437587973e-07 2.107839000503703474e-07
9.675000000000000711e+00 7.733420828757347086e-07 7.908082736066103287e-07 1.969017786385976080e-07 2.007553924590110908e-07
9.699999999999999289e+00 7.420759082586224697e-07 7.588051974413521792e-07 1.875483479640017595e-07 1.912109030080077399e-07
9.724999999999999645e+00 7.121211463350363398e-07 7.281456268953963918e-07 1.786455618452770937e-07 1.821267074440007176e-07
9.750000000000000000e+00 6.834209334465544041e-07 6.987712535678458011e-07 1.701713754948017401e-07 1.734802639065757537e-07
9.775000000000000355e+00 6.559209518221394118e-07 6.706263821815953624e-07 1.621048403329371889e-07 1.652501528807054413e-07
9.800000000000000711e+00 6.295693120406310433e-07 6.436578098131860674e-07 1.544260485578165365e-07 1.574160203612988642e-07
9.824999999999999289e+00 6.043164410824795235e-07 6.178147108705153845e-07 1.471160804040132267e-07 1.499585238514602989e-07
9.849999999999999645e+00 5.801149756951625526e-07 5.930485275375395328e-07 1.401569543660985131e-07 1.428592812075794089e-07
9.875000000000000000e+00 5.569196608140911717e-07 5.693128654189395018e-07 1.335315798344299066e-07 1.361008221666626776e-07
9.900000000000000355e+00 5.346872527914430911e-07 5.465633941298760599e-07 1.272237121841368786e-07 1.296665422883716773e-07
9.925000000000000711e+00 5.133764271995101051e-07 5.247577525911512753e-07 1.212179101238370490e-07 1.235406593042780721e-07
9.949999999999999289e+00 4.929476909859210075e-07 5.038554587987572058e-07 1.154994953288759635e-07 1.177081716499424450e-07
9.974999999999999645e+00 4.733632987705432225e-07 4.838178238524929131e-07 1.100545141409114870e-07 1.121548192688636556e-07
1.000000000000000000e+01 4.545871730816130125e-07 4.646078700363991021e-07 1.048697010608456053e-07 1.068670462429347615e-07
1.002500000000000036e+01 4.365848283417388832e-07 4.461902527534394740e-07 9.993244431484139907e-08 1.018319654611081800e-07
1.005000000000000071e+01 4.193232984220691304e-07 4.285311861291492847e-07 9.523075302531151985e-08 9.703732501589809210e-08
1.007499999999999929e+01 4.027710675915667569e-07 4.115983721059947155e-07 9.075322628367519002e-08 9.247147642941676040e-08
1.009999999999999964e+01 3.868980046993198403e-07 3.953609328608565851e-07 8.648902349130042269e-08 8.812334442899052149e-08
1.012500000000000000e+01 3.716753004330818588e-07 3.797893463848833519e-07 8.242783638558391890e-08 8.398239820398406753e-08
1.015000000000000036e+01 3.570754075057102548e-07 3.648553850731276240e-07 7.855986249084154977e-08 8.003862423210088993e-08
1.017500000000000071e+01 3.430719836306260424e-07 3.505320571797063514e-07 7.487577986122372097e-08 7.628250041240589777e-08
1.019999999999999929e+01 3.296398371514314088e-07 3.367935510020626879e-07 7.136672317086898600e-08 7.270497158071119277e-08
1.022499999999999964e+01 3.167548751978233567e-07 3.236151816609356508e-07 6.802426094374745142e-08 6.929742620280868377e-08
1.025000000000000000e+01 3.043940542490558800e-07 3.109733403538695905e-07 6.484037404308517495e-08 6.605167432038723124e-08
1.027500000000000036e+01 2.925353329881246069e-07 2.988454459634725017e-07 6.180743512091138088e-08 6.295992656284138828e-08
1.030000000000000071e+01 2.811576273385686831e-07 2.872098989075230007e-07 5.891818915424099651e-08 6.001477421680876257e-08
1.032499999999999929e+01 2.702407675795431647e-07 2.760460371249519289e-07 5.616573500150105459e-08 5.720917031123294660e-08
1.034999999999999964e+01 2.597654574400477911e-07 2.653340940948889542e-07 5.354350790864447401e-08 5.453641171031757597e-08
1.037500000000000000e+01 2.497132350789117197e-07 2.550551587931091562e-07 5.104526277709836907e-08 5.199012204854465284e-08
1.040000000000000036e+01 2.400664358606612211e-07 2.451911374932259442e-07 4.866505836265991383e-08 4.956423552025433814e-08
1.042500000000000071e+01 2.308081568425442232e-07 2.357247173255707789e-07 4.639724231620856238e-08 4.725298153982286894e-08
1.044999999999999929e+01 2.219222228915558890e-07 2.266393315104137475e-07 4.423643688065771330e-08 4.505087016086333818e-08
1.047499999999999964e+01 2.133931543546081330e-07 2.179191261864698708e-07 4.217752531975604900e-08 4.295267818160286215e-08
1.050000000000000000e+01 2.052061362083587842e-07 2.095489287590172204e-07 4.021563906685060132e-08 4.095343598598729856e-08
1.052500000000000036e+01 1.973469886193409186e-07 2.015142176962152172e-07 3.834614551219723121e-08 3.904841503767614785e-08
1.055000000000000071e+01 1.898021388479252622e-07 1.938010937056534299e-07 3.656463639994415547e-08 3.723311602457158261e-08
1.057499999999999929e+01 1.825585944329499028e-07 1.863962522258842694e-07 3.486691676535145266e-08 3.550325755452175524e-08
1.059999999999999964e+01 1.756039175968266991e-07 1.792869571712816942e-07 3.324899447154668964e-08 3.385476544088339754e-08
1.062500000000000000e+01 1.689262008141647313e-07 1.724610158714077229e-07 3.170707026148463918e-08 3.228376251911201980e-08
1.065000000000000036e+01 1.625140434895028738e-07 1.659067551490612180e-07 3.023752830566374804e-08 3.078655899112165017e-08
1.067500000000000071e+01 1.563565296922262814e-07 1.596129984840186943e-07 2.883692718671243404e-08 2.935964321618693688e-08
1.069999999999999929e+01 1.504432068991496921e-07 1.535690442110203299e-07 2.750199137439540593e-08 2.799967298166069535e-08
1.072499999999999964e+01 1.447640656982526781e-07 1.477646447043356151e-07 2.622960310452865983e-08 2.670346720126636487e-08
1.075000000000000000e+01 1.393095204086204999e-07 1.421899865030772529e-07 2.501679467059138733e-08 2.546799803584351224e-08
1.077500000000000036e+01 1.340703905739306462e-07 1.368356713329949819e-07 2.386074110414198407e-08 2.429038339950454950e-08
1.080000000000000071e+01 1.290378832891421275e-07 1.316926979835541172e-07 2.275875320107869936e-08 2.316787984936102447e-08
1.082499999999999929e+01 1.242035763216392042e-07 1.267524450004086093e-07 2.170827089141263462e-08 2.209787579942328028e-08
1.084999999999999964e+01 1.195594019901477573e-07 1.220066541555291234e-07 2.070685697582245250e-08 2.107788510832794189e-08
1.087500000000000000e+01 1.150976317663671815e-07 1.174474146590814969e-07 1.975219110657593051e-08 2.010554095386733399e-08
1.090000000000000036e+01 1.108108615659971934e-07 1.130671480787352297e-07 1.884206412625514591e-08 1.917859002058106515e-08
1.092500000000000071e+01 1.066919976973652190e-07 1.088585939338043274e-07 1.797437266009288380e-08 1.829488698508124154e-08
1.094999999999999929e+01 1.027342434373878359e-07 1.048147959331025591e-07 1.714711397600055350e-08 1.745238926148669871e-08
1.097499999999999964e+01 9.893108620606548244e-08 1.009290888269116316e-07 1.635838110401671364e-08 1.664915201472479548e-08
1.100000000000000000e+01 9.527628531199615598e-08 9.719508584485794707e-08 1.560635818884836386e-08 1.588332341229313594e-08
1.102500000000000036e+01 9.176386024277598319e-08 9.360666669281862670e-08 1.488931608011203866e-08 1.515314011740998477e-08
1.105000000000000071e+01 8.838807947530554284e-08 9.015796608322759274e-08 1.420560812312787142e-08 1.445692299517088678e-08
1.107499999999999929e+01 8.514344978226107662e-08 8.684336277437135918e-08 1.355366617742691071e-08 1.379307303494400007e-08
1.109999999999999964e+01 8.202470601209841035e-08 8.365746909546123509e-08 1.293199682854321226e-08 1.316006748062163158e-08
1.112500000000000000e+01 7.902680132094770848e-08 8.059512093526928250e-08 1.233917776308663266e-08 1.255645614148891109e-08
1.115000000000000036e+01 7.614489783588913844e-08 7.765136817323026473e-08 1.177385433640775574e-08 1.198085787729122461e-08
1.117500000000000071e+01 7.337435772994351034e-08 7.482146553286617530e-08 1.123473632664188743e-08 1.143195727421651629e-08
1.119999999999999929e+01 7.071073469012511469e-08 7.210086383834400146e-08 1.072059481249407716e-08 1.090850147388450700e-08
1.122499999999999964e+01 6.814976576071452546e-08 6.948520165587662071e-08 1.023025922277508097e-08 1.040929715007929058e-08
1.125000000000000000e+01 6.568736354474634804e-08 6.697029730250582847e-08 9.762614536555762223e-09 9.933207647736299014e-09
1.127500000000000036e+01 6.331960874756084693e-08 6.455214120566964806e-08 9.316598607964627056e-09 9.479150254400020968e-09
1.130000000000000071e+01 6.104274304692814673e-08 6.222688859768235194e-08 8.891199623330034374e-09 9.046093606361423035e-09
1.132499999999999929e+01 5.885316227503041644e-08 5.999085253000445333e-08 8.485453681995876545e-09 8.633055215841332277e-09
1.134999999999999964e+01 5.674740989827101566e-08 5.784049719290302207e-08 8.098442505816318384e-09 8.239099128975172712e-09
1.137500000000000000e+01 5.472217078149842487e-08 5.577243152675472840e-08 7.729291242928396835e-09 7.863333690630863847e-09
1.140000000000000036e+01 5.277426522387621611e-08 5.378340311186578714e-08 7.377166392978549917e-09 7.504909419745748450e-09
1.142500000000000071e+01 5.090064325421929271e-08 5.187029232432049252e-08 7.041273827535455820e-09 7.163016991305885724e-09
1.144999999999999929e+01 4.909837917416860110e-08 5.003010674593127271e-08 6.720856897974613669e-09 6.836885309729249669e-09
1.147499999999999964e+01 4.736466633811663362e-08 4.825997581690553909e-08 6.415194647759212270e-09 6.525779677113525543e-09
1.150000000000000000e+01 4.569681215931154007e-08 4.655714572037932126e-08 6.123600114785093952e-09 6.229000058537960496e-09
1.152500000000000036e+01 4.409223333205321427e-08 4.491897448847374132e-08 5.845418699624687335e-09 5.945879425342416345e-09
1.155000000000000071e+01 4.254845126034394714e-08 4.334292731999587838e-08 5.580026619412545481e-09 5.675782173989011055e-09
1.157499999999999929e+01 4.106308768380934075e-08 4.182657210033821646e-08 5.326829443181640920e-09 5.418102628167873593e-09
1.159999999999999964e+01 3.963386049213682733e-08 4.036757511461983146e-08 5.085260694077408414e-09 5.172263613073475010e-09
1.162500000000000000e+01 3.825857971965028296e-08 3.896369694546053789e-08 4.854780519162899321e-09 4.937715098939283423e-09
1.165000000000000036e+01 3.693514371205207513e-08 3.761278854720976624e-08 4.634874416414514481e-09 4.713932905828706855e-09
1.167500000000000071e+01 3.566153545770286166e-08 3.631278748882101706e-08 4.425052033226344652e-09 4.500417472086473921e-09
1.169999999999999929e+01 3.443581907617601882e-08 3.506171435790151111e-08 4.224846019339698938e-09 4.296692686390901972e-09
1.172499999999999964e+01 3.325613645713908960e-08 3.385766931882483738e-08 4.033810932424782728e-09 4.102304771208385288e-09
1.175000000000000000e+01 3.212070404294159109e-08 3.269882881810867655e-08 3.851522202856607273e-09 3.916821224594373067e-09
1.177500000000000036e+01 3.102780974858462420e-08 3.158344243057734119e-08 3.677575137923714100e-09 3.739829809033344411e-09
1.180000000000000071e+01 2.997581001302468223e-08 3.050982984010451717e-08 3.511583982602265884e-09 3.570937588931665522e-09
1.182499999999999929e+01 2.896312697606110865e-08 2.947637794903282990e-08 3.353181025240025181e-09 3.409770018569868816e-09
1.184999999999999964e+01 2.798824577528800020e-08 2.848153811062657082e-08 3.202015738515144749e-09 3.255970069632630042e-09
1.187500000000000000e+01 2.704971195786608464e-08 2.752382347915656774e-08 3.057753969351862855e-09 3.109197400938833012e-09
1.190000000000000036e+01 2.614612900208320417e-08 2.660180647248248211e-08 2.920077165446673599e-09 2.969127571061933430e-09
1.192500000000000071e+01 2.527615594391669546e-08 2.571411634220777768e-08 2.788681635586177689e-09 2.835451284914259009e-09
1.194999999999999929e+01 2.443850510403122905e-08 2.485943684672423796e-08 2.663277850829469076e-09 2.707873678887628121e-09
1.197499999999999964e+01 2.363193991081195717e-08 2.403650402265392544e-08 2.543589775496400839e-09 2.586113639923461762e-09
1.200000000000000000e+01 2.285527281527983193e-08 2.324410405040936553e-08 2.429354231128679380e-09 2.469903156637362678e-09
1.202500000000000036e+01 2.210736329388959600e-08 2.248107120978038253e-08 2.320320290544715759e-09 2.358986701537685043e-09
1.205000000000000071e+01 2.138711593540440928e-08 2.174628592164549861e-08 2.216248701196448589e-09 2.253120642811077492e-09
1.207499999999999929e+01 2.069347860820240809e-08 2.103867287207461474e-08 2.116911334497022214e-09 2.152072683799972546e-09
1.209999999999999964e+01 2.002544070453701503e-08 2.035719921525106202e-08 2.022090663792618597e-09 2.055621329115366639e-09
1.212500000000000000e+01 1.938203145843068308e-08 1.970087285181343354e-08 1.931579266508562780e-09 1.963555377846717226e-09
1.215000000000000036e+01 1.876231833402332833e-08 1.906874077936027900e-08 1.845179347660026227e-09 1.875673438488264583e-09
1.217500000000000071e+01 1.816540548134246095e-08 1.845988751200518663e-08 1.762702289843173162e-09 1.791783468618388491e-09
1.219999999999999929e+01 1.759043225659547200e-08 1.787343356601220399e-08 1.683968221365770377e-09 1.711702336079255584e-09
1.222499999999999964e+01 1.703657180421296464e-08 1.730853400867250898e-08 1.608805606041022429e-09 1.635255400236419571e-09
1.225000000000000000e+01 1.650302969799325336e-08 1.676437706770586290e-08 1.537050854711819544e-09 1.562276114729087667e-09
1.227500000000000036e+01 1.598904263881777838e-08 1.624018279859188105e-08 1.468547951116166942e-09 1.492605648452965601e-09
1.230000000000000071e+01 1.549387720651817350e-08 1.573520180735417141e-08 1.403148097296715931e-09 1.426092522833054970e-09
1.232499999999999929e+01 1.501682866358173048e-08 1.524871402642656562e-08 1.340709377594314289e-09 1.362592268939736151e-09
1.234999999999999964e+01 1.455721980848298352e-08 1.478002754133384579e-08 1.281096435223007265e-09 1.301967098977646027e-09
1.237500000000000000e+01 1.411439987652944324e-08 1.432847746602168625e-08 1.224180167270738598e-09 1.244085594245473674e-09
1.240000000000000036e+01 1.368774348620061155e-08 1.389342486476774283e-08 1.169837431734535595e-09 1.188822407624824716e-09
1.242500000000000071e+01 1.327664962904639709e-08 1.347425571869049091e-08 1.117950769430609159e-09 1.136057979644418424e-09
1.244999999999999929e+01 1.288054070129922992e-08 1.307037993496495186e-08 1.068408139676480585e-09 1.085678268837796624e-09
1.247499999999999964e+01 1.249886157543212089e-08 1.268123039693489235e-08 1.021102667556412334e-09 1.037574494543970605e-09
1.250000000000000000e+01 1.213107870997411389e-08 1.230626205339023726e-08 9.759324028385018078e-10 9.916428915433134181e-10
1.252500000000000036e+01 1.177667929596733952e-08 1.194495104535556999e-08 9.328000907710674844e-10 9.477844761250446167e-10
1.255000000000000071e+01 1.143517043852057612e-08 1.159679386880623165e-08 8.916129538310180354e-10 9.059048237414473161e-10
1.257499999999999929e+01 1.110607837198131692e-08 1.126130657179791975e-08 8.522824832727898921e-10 8.659138566841988391e-10
1.259999999999999964e+01 1.078894770731345922e-08 1.093802398456236738e-08 8.147242414283688873e-10 8.277256422821800505e-10
1.262500000000000000e+01 1.048334071032816692e-08 1.062649898118389487e-08 7.788576720108230246e-10 7.912582002690998035e-10
1.265000000000000036e+01 1.018883660947494560e-08 1.032630177153223796e-08 7.446059200327592457e-10 7.564333189400813132e-10
1.267500000000000071e+01 9.905030931955449462e-09 1.003701922218418197e-08 7.118956602548983883e-10 7.231763804297846236e-10
1.269999999999999929e+01 9.631534866976482098e-09 9.758254205121641356e-09 6.806569333228822089e-10 6.914161938278367685e-10
1.272499999999999964e+01 9.367974655010015523e-09 9.489624973046502231e-09 6.508229903406242022e-10 6.610848365503642391e-10
1.275000000000000000e+01 9.113991001976485401e-09 9.230764560202571698e-09 6.223301437020952874e-10 6.321175028933502047e-10
1.277500000000000036e+01 8.869238517314762760e-09 8.981320207642049353e-09 5.951176254748637890e-10 6.044523594740483578e-10
1.280000000000000071e+01 8.633385174947641345e-09 8.740952811922645675e-09 5.691274524544411179e-10 5.780304078258812690e-10
1.282499999999999929e+01 8.406111796192018002e-09 8.509336396261044362e-09 5.443042973208419200e-10 5.527953531555134636e-10
1.284999999999999964e+01 8.187111553706616950e-09 8.286157603212987373e-09 5.205953660766904134e-10 5.286934794921706135e-10
1.287500000000000000e+01 7.976089495607828271e-09 8.071115207990745312e-09 4.979502808965983626e-10 5.056735304264901677e-10
1.290000000000000036e+01 7.772762088921152946e-09 7.863919651564781044e-09 4.763209690735327375e-10 4.836865957480069601e-10
1.292500000000000071e+01 7.576856781572503391e-09 7.664292592734815410e-09 4.556615561022815547e-10 4.626860031145556552e-10
1.294999999999999929e+01 7.388111582157005016e-09 7.471966478389769100e-09 4.359282645961257450e-10 4.426272145871321865e-10
1.297499999999999964e+01 7.206274656755660998e-09 7.286684131209462031e-09 4.170793181093830584e-10 4.234677287049499618e-10
1.300000000000000000e+01 7.031103942101633108e-09 7.108198354092970126e-09 3.990748483293054665e-10 4.051669864280337200e-10
1.302500000000000036e+01 6.862366774427832923e-09 6.936271550629338607e-09 3.818768077124984336e-10 3.876862816833759865e-10
1.305000000000000071e+01 6.699839533355838732e-09 6.770675360955504906e-09 3.654488857258682660e-10 3.709886762864661021e-10
1.307499999999999929e+01 6.543307300213410724e-09 6.611190312374056885e-09 3.497564289745721215e-10 3.550389185766434297e-10
1.309999999999999964e+01 6.392563530194015116e-09 6.457605484130242793e-09 3.347663652176769853e-10 3.398033660268314094e-10
1.312500000000000000e+01 6.247409737797522967e-09 6.309718185773636884e-09 3.204471305690146999e-10 3.252499112520513370e-10
1.315000000000000036e+01 6.107655195013059712e-09 6.167333648553877738e-09 3.067686005380131440e-10 3.113479115774116741e-10
1.317500000000000071e+01 5.973116641730324603e-09 6.030264729322689208e-09 2.937020242058655149e-10 2.980681220398687867e-10
1.319999999999999929e+01 5.843618007887774201e-09 5.898331626439859583e-09 2.812199611436484527e-10 2.853826313391000307e-10
1.322499999999999964e+01 5.718990146882550621e-09 5.771361607197877853e-09 2.692962213356477133e-10 2.732648006432726941e-10
1.325000000000000000e+01 5.599070579792830837e-09 5.649188746303201241e-09 2.579058080513618169e-10 2.616892053526904033e-10
1.327500000000000036e+01 5.483703249978967483e-09 5.531653674971625589e-09 2.470248634030126952e-10 2.506315796240806869e-10
1.330000000000000071e+01 5.372738287649167414e-09 5.418603340213224697e-09 2.366306165007700584e-10 2.400687635623060272e-10
1.332499999999999929e+01 5.266031783992902902e-09 5.309890773900755126e-09 2.267013335635123367e-10 2.299786526914375219e-10
1.334999999999999964e+01 5.163445574502095821e-09 5.205374871232575387e-09 2.172162707678624368e-10 2.203401496908805964e-10
1.337500000000000000e+01 5.064847031116217933e-09 5.104920178217635638e-09 2.081556292464070607e-10 2.111331186837458680e-10
1.340000000000000036e+01 4.970108862842837581e-09 5.008396687825785676e-09 1.995005118428254158e-10 2.023383412876429474e-10
1.342500000000000071e+01 4.879108924519852867e-09 4.915679644461928625e-09 1.912328823615657555e-10 1.939374749732818086e-10
1.344999999999999929e+01 4.791730033399846616e-09 4.826649356436718215e-09 1.833355262573694921e-10 1.859130132193924501e-10
1.347499999999999964e+01 4.707859793250667617e-09 4.741191016120826747e-09 1.757920134881548353e-10 1.782482475506912351e-10
1.350000000000000178e+01 4.627390425678925666e-09 4.659194527482522989e-09 1.685866629322165318e-10 1.709272314048879355e-10
1.352500000000000213e+01 4.550218608395993644e-09 4.580554340721545683e-09 1.617045084374241578e-10 1.639347455650978854e-10
1.355000000000000249e+01 4.476245320157551398e-09 4.505169293724025854e-09 1.551312665207754966e-10 1.572562652775506228e-10
1.357499999999999929e+01 4.405375692119478651e-09 4.432942460075107581e-09 1.488533054157005700e-10 1.508779288027384525e-10
1.359999999999999964e+01 4.337518865363487087e-09 4.363781003377025967e-09 1.428576157008902806e-10 1.447865074634377140e-10
1.362500000000000000e+01 4.272587854356668226e-09 4.297596037631095622e-09 1.371317822334096153e-10 1.389693771002478877e-10
1.365000000000000213e+01 4.210499416118855527e-09 4.234302493452333284e-09 1.316639574639757295e-10 1.334144908659535940e-10
1.367500000000000249e+01 4.151173924881726260e-09 4.173818989895387517e-09 1.264428359156868637e-10 1.281103533058382452e-10
1.369999999999999929e+01 4.094535252031984418e-09 4.116067711679640039e-09 1.214576298410268999e-10 1.230459955697112370e-10
1.372499999999999964e+01 4.040510651140763893e-09 4.060974291610280947e-09 1.166980459941038482e-10 1.182109518146422971e-10
1.375000000000000000e+01 3.989030647889863940e-09 4.008467698002098677e-09 1.121542634802221026e-10 1.135952366284491168e-10
1.377500000000000213e+01 3.940028934711866938e-09 3.958480126918601799e-09 1.078169127557821787e-10 1.091893236320100774e-10
1.380000000000000249e+01 3.893442269971710142e-09 3.910946899049682663e-09 1.036770554734131557e-10 1.049841250035979049e-10
1.382499999999999929e+01 3.849210381522044406e-09 3.865806361056886011e-09 9.972616528623303340e-11 1.009709719706483427e-10
1.384999999999999964e+01 3.807275874473532252e-09 3.822999791222853181e-09 9.595610953367879160e-11 9.714159614909561269e-11
1.387500000000000000e+01 3.767584143028083403e-09 3.782471309249813268e-09 9.235913190115607332e-11 9.348811186700131357e-11
1.390000000000000213e+01 3.730083286228879845e-09 3.744167790057574443e-09 8.892783571380804640e-11 9.000299923280564588e-11
1.392500000000000249e+01 3.694724027487776998e-09 3.708038781438127002e-09 8.565516815306124901e-11 8.667908801423609664e-11
1.394999999999999929e+01 3.661459637756800266e-09 3.674036425430491632e-09 8.253440516603698022e-11 8.350954231064334761e-11
1.397499999999999964e+01 3.630245862216146433e-09 3.642115383285197359e-09 7.955913698327441497e-11 8.048784586623725192e-11
1.400000000000000000e+01 3.601040850356835033e-09 3.612232763893618486e-09 7.672325445069491330e-11 7.760778809100186806e-11
1.402500000000000213e+01 3.573805089341482273e-09 3.584348055562908044e-09 7.402093600286724463e-11 7.486345082055197653e-11
1.405000000000000249e+01 3.548501340531875968e-09 3.558423061022476906e-09 7.144663518525779875e-11 7.224919563687776374e-11
1.407499999999999929e+01 3.525094579077100948e-09 3.534421835553289415e-09 6.899506877726817616e-11 6.975965180195333467e-11
1.409999999999999964e+01 3.503551936460336500e-09 3.512310628135711044e-09 6.666120546835587637e-11 6.738970472080580273e-11
1.412500000000000000e+01 3.483842645907670593e-09 3.492057825516750652e-09 6.444025515331333610e-11 6.513448503192928455e-11
1.415000000000000213e+01 3.465937990566249866e-09 3.473633899101942138e-09 6.232765862950454230e-11 6.298935816486280694e-11
1.417500000000000249e+01 3.449811254363485768e-09 3.457011354581384753e-09 6.031907785162268346e-11 6.094991440340710126e-11
1.419999999999999929e+01 3.435437675463152447e-09 3.442164684203714704e-09 5.841038664253051743e-11 5.901195943942970795e-11
1.422499999999999964e+01 3.422794402238097292e-09 3.429070321615802002e-09 5.659766184882125757e-11 5.717150537843718946e-11
1.425000000000000000e+01 3.411860451683200445e-09 3.417706599189904731e-09 5.487717495567605656e-11 5.542476219273603294e-11
1.427500000000000036e+01 3.402616670195615223e-09 3.408053707763571854e-09 5.324538406915392261e-11 5.376812959493862885e-11
1.430000000000000249e+01 3.395045696653180972e-09 3.400093658721303843e-09 5.169892629247328045e-11 5.219818926826837887e-11
1.432499999999999929e+01 3.389131927725332699e-09 3.393810248350873965e-09 5.023461053897746742e-11 5.071169754356302051e-11
1.434999999999999964e+01 3.384861485353446967e-09 3.389189024409540340e-09 4.884941062545039612e-11 4.930557839946132680e-11
1.437500000000000000e+01 3.382222186341529835e-09 3.386217254839556110e-09 4.754045875570188486e-11 4.797691681829672712e-11
1.440000000000000036e+01 3.381203514000762833e-09 3.384883898575023819e-09 4.630503932577003202e-11 4.672295248770132636e-11
1.442500000000000249e+01 3.381796591794702295e-09 3.385179578385596850e-09 4.514058304714896454e-11 4.554107382233108290e-11
1.444999999999999929e+01 3.383994158934141734e-09 3.387096555704665316e-09 4.404466137460770701e-11 4.442881229562215762e-11
1.447499999999999964e+01 3.387790547874137670e-09 3.390628707393227306e-09 4.301498122135384364e-11 4.338383706615730574e-11
1.450000000000000000e+01 3.393181663667862366e-09 3.395771504392940145e-09 4.204937997215570825e-11 4.240394989564968188e-11
1.452500000000000036e+01 3.400164965135022411e-09 3.402521992224918902e-09 4.114582074434191103e-11 4.148708034373764173e-11
1.455000000000000249e+01 3.408739447804350174e-09 3.410878773292705973e-09 4.030238788258235298e-11 4.063128118518603130e-11
1.457499999999999929e+01 3.418905628592940867e-09 3.420841990951112039e-09 3.951728276542782294e-11 3.983472412434315930e-11
1.459999999999999964e+01 3.430665532186513650e-09 3.432413315304024983e-09 3.878881982224045662e-11 3.909569575761283830e-11
1.462500000000000000e+01 3.444022679088054271e-09 3.445595930697595778e-09 3.811542274188086922e-11 3.841259372738562457e-11
1.465000000000000036e+01 3.458982075303836076e-09 3.460394524876987567e-09 3.749562094065133424e-11 3.778392311055670253e-11
1.467500000000000249e+01 3.475550203637981403e-09 3.476815279776882980e-09 3.692804625054892179e-11 3.720829305762088781e-11
1.469999999999999929e+01 3.493735016569438104e-09 3.494865863918822862e-09 3.641142978039804088e-11 3.668441359979133526e-11
1.472499999999999964e+01 3.513545930686209593e-09 3.514555426389470799e-09 3.594459902047027695e-11 3.621109269750682360e-11
1.475000000000000000e+01 3.534993822654275005e-09 3.535894592376349127e-09 3.552647508543265461e-11 3.578723344904484302e-11
1.477500000000000036e+01 3.558091026701148608e-09 3.558895460240366924e-09 3.515607016698107382e-11 3.541183148637959015e-11
1.480000000000000249e+01 3.582851333594492072e-09 3.583571600104855023e-09 3.483248519194323256e-11 3.508397259383391368e-11
1.482499999999999929e+01 3.609289991099245082e-09 3.609938053943858447e-09 3.455490760684514136e-11 3.480283046249658840e-11
1.484999999999999964e+01 3.637423705898229120e-09 3.638011337154062465e-09 3.432260934837350415e-11 3.456766461636782908e-11
1.487500000000000000e+01 3.667270646962515546e-09 3.667809441596053223e-09 3.413494500612076253e-11 3.437781854383964125e-11
1.490000000000000036e+01 3.698850450359899295e-09 3.699351840092650409e-09 3.399135010091748326e-11 3.423271795088842549e-11
1.492500000000000071e+01 3.732184225491658301e-09 3.732659492373982937e-09 3.389133953089909891e-11 3.413186917361520269e-11
1.494999999999999929e+01 3.767294562749267291e-09 3.767754852460460971e-09 3.383450619099657647e-11 3.407485777507813827e-11
1.497499999999999964e+01 3.804205542583915388e-09 3.804661877476013944e-09 3.382051970765320306e-11 3.406134725687986521e-11
