# col1: r[fm],  col2: chargedensity, col3: weak density [fm^-3](normailized to Q=1)
2.101448349307773875e-07 4.474955577433320508e-02 -7.534452724487840369e-02
2.500000000000000139e-02 4.475831418485464591e-02 -7.534405004954834728e-02
5.000000000000000278e-02 4.478458495455008015e-02 -7.534262813210008958e-02
7.499999999999999722e-02 4.482835463845875196e-02 -7.534029042735294890e-02
1.000000000000000056e-01 4.488960063371721931e-02 -7.533708492569847481e-02
1.250000000000000000e-01 4.496829089869127521e-02 -7.533307832750688049e-02
1.499999999999999944e-01 4.506438358083666995e-02 -7.532835557058115139e-02
1.749999999999999889e-01 4.517782657217454118e-02 -7.532301924093158518e-02
2.000000000000000111e-01 4.530855701377624334e-02 -7.531718887873951884e-02
2.250000000000000056e-01 4.545650077138603529e-02 -7.531100019213936292e-02
2.500000000000000000e-01 4.562157190325674683e-02 -7.530460419135973082e-02
2.750000000000000222e-01 4.580367213859472264e-02 -7.529816625488408577e-02
2.999999999999999889e-01 4.600269038100479602e-02 -7.529186513774689671e-02
3.250000000000000111e-01 4.621850224642236327e-02 -7.528589193005295888e-02
3.499999999999999778e-01 4.645096963970347936e-02 -7.528044897151187076e-02
3.750000000000000000e-01 4.669994036883920452e-02 -7.527574872545116091e-02
4.000000000000000222e-01 4.696524779114585185e-02 -7.527201261363063167e-02
4.249999999999999889e-01 4.724671048217757297e-02 -7.526946981143058102e-02
4.500000000000000111e-01 4.754413191580256215e-02 -7.526835600177322894e-02
4.749999999999999778e-01 4.785730014304439423e-02 -7.526891208556037161e-02
5.000000000000000000e-01 4.818598745792173482e-02 -7.527138284649639854e-02
5.250000000000000222e-01 4.852995004048954453e-02 -7.527601556888624534e-02
5.500000000000000444e-01 4.888892757033720671e-02 -7.528305860825777740e-02
5.749999999999999556e-01 4.926264280757828434e-02 -7.529275991632498888e-02
5.999999999999999778e-01 4.965080114247049509e-02 -7.530536552371201731e-02
6.250000000000000000e-01 5.005309011881973330e-02 -7.532111798582284690e-02
6.500000000000000222e-01 5.046917893986217069e-02 -7.534025479909203793e-02
6.750000000000000444e-01 5.089871796807771825e-02 -7.536300679643621880e-02
6.999999999999999556e-01 5.134133823214682285e-02 -7.538959653193043342e-02
7.249999999999999778e-01 5.179665095492540228e-02 -7.542023666548243466e-02
7.500000000000000000e-01 5.226424711589429395e-02 -7.545512835855174016e-02
7.750000000000000222e-01 5.274369706016897308e-02 -7.549445969177763505e-02
8.000000000000000444e-01 5.323455016404574774e-02 -7.553840411480854111e-02
8.249999999999999556e-01 5.373633456448810575e-02 -7.558711893775652002e-02
8.499999999999999778e-01 5.424855695722167331e-02 -7.564074387265047605e-02
8.750000000000000000e-01 5.477070246550249516e-02 -7.569939963214555867e-02
9.000000000000000222e-01 5.530223457940634108e-02 -7.576318659167884106e-02
9.250000000000001554e-01 5.584259516384394023e-02 -7.583218352032872200e-02
9.499999999999999556e-01 5.639120453255275917e-02 -7.590644638490746943e-02
9.749999999999999778e-01 5.694746158506797107e-02 -7.598600723131933299e-02
1.000000000000000000e+00 5.751074400407662351e-02 -7.607087314695598623e-02
1.024999999999999911e+00 5.808040851147633354e-02 -7.616102530783931679e-02
1.050000000000000044e+00 5.865579118271092157e-02 -7.625641811431280170e-02
1.074999999999999956e+00 5.923620782033545140e-02 -7.635697841924986295e-02
1.100000000000000089e+00 5.982095438905919715e-02 -7.646260485292165343e-02
1.125000000000000000e+00 6.040930751554911965e-02 -7.657316724877229197e-02
1.149999999999999911e+00 6.100052505690378019e-02 -7.668850617432960981e-02
1.175000000000000044e+00 6.159384674185058861e-02 -7.680843257128983081e-02
1.199999999999999956e+00 6.218849488835621192e-02 -7.693272750844021290e-02
1.225000000000000089e+00 6.278367520051589268e-02 -7.706114205052233546e-02
1.250000000000000000e+00 6.337857764639667768e-02 -7.719339724542075010e-02
1.274999999999999911e+00 6.397237741708618197e-02 -7.732918423122341067e-02
1.300000000000000044e+00 6.456423596569346723e-02 -7.746816446379685417e-02
1.324999999999999956e+00 6.515330212361385154e-02 -7.760997006460407244e-02
1.350000000000000089e+00 6.573871329014147058e-02 -7.775420428762205849e-02
1.375000000000000000e+00 6.631959669058522244e-02 -7.790044210343029241e-02
1.399999999999999911e+00 6.689507069748186485e-02 -7.804823089787539525e-02
1.425000000000000044e+00 6.746424620930323302e-02 -7.819709128218339800e-02
1.449999999999999956e+00 6.802622808119646036e-02 -7.834651801099039303e-02
1.475000000000000089e+00 6.858011660269694443e-02 -7.849598100447828519e-02
1.500000000000000000e+00 6.912500901791607255e-02 -7.864492647060873642e-02
1.524999999999999911e+00 6.966000108431949500e-02 -7.879277812331147990e-02
1.550000000000000044e+00 7.018418866676580381e-02 -7.893893849236582883e-02
1.574999999999999956e+00 7.069666936388052658e-02 -7.908279032058750102e-02
1.600000000000000089e+00 7.119654416403065067e-02 -7.922369804376720726e-02
1.625000000000000000e+00 7.168291912811063094e-02 -7.936100934859174894e-02
1.649999999999999911e+00 7.215490709605691666e-02 -7.949405680350551950e-02
1.675000000000000044e+00 7.261162941351533007e-02 -7.962215955715216953e-02
1.699999999999999956e+00 7.305221767445450876e-02 -7.974462509868571192e-02
1.725000000000000311e+00 7.347581547483836295e-02 -7.986075107388836136e-02
1.750000000000000000e+00 7.388158017181915838e-02 -7.996982715069886338e-02
1.774999999999999911e+00 7.426868464237960932e-02 -8.007113692747534761e-02
1.800000000000000044e+00 7.463631903499376441e-02 -8.016395987710783766e-02
1.824999999999999956e+00 7.498369250773903594e-02 -8.024757331997570131e-02
1.850000000000000311e+00 7.531003494638073559e-02 -8.032125441872063620e-02
1.875000000000000000e+00 7.561459865625615173e-02 -8.038428218787464774e-02
1.899999999999999911e+00 7.589666002225957386e-02 -8.043593951152948340e-02
1.925000000000000044e+00 7.615552113181775495e-02 -8.047551516244472181e-02
1.949999999999999956e+00 7.639051135637227319e-02 -8.050230581623787907e-02
1.975000000000000089e+00 7.660098888748426149e-02 -8.051561805455909049e-02
2.000000000000000000e+00 7.678634222418249944e-02 -8.051477035140001959e-02
2.024999999999999911e+00 7.694599160854180553e-02 -8.049909503690323709e-02
2.049999999999999822e+00 7.707939040668153330e-02 -8.046794023321031386e-02
2.075000000000000178e+00 7.718602643240915495e-02 -8.042067175701074488e-02
2.100000000000000089e+00 7.726542321062268570e-02 -8.035667498353016303e-02
2.125000000000000000e+00 7.731714117736741831e-02 -8.027535666673792092e-02
2.149999999999999911e+00 7.734077881316862857e-02 -8.017614671057017584e-02
2.174999999999999822e+00 7.733597370598795095e-02 -8.005849988598003064e-02
2.200000000000000178e+00 7.730240353993363123e-02 -7.992189748865261012e-02
2.225000000000000089e+00 7.723978700573688738e-02 -7.976584893227914308e-02
2.250000000000000000e+00 7.714788462902032184e-02 -7.958989327238347178e-02
2.274999999999999911e+00 7.702649951253780214e-02 -7.939360065583868364e-02
2.299999999999999822e+00 7.687547798885731309e-02 -7.917657369140759793e-02
2.325000000000000178e+00 7.669471018035856069e-02 -7.893844873687658192e-02
2.350000000000000089e+00 7.648413046389405945e-02 -7.867889709862357916e-02
2.375000000000000000e+00 7.624371783796729529e-02 -7.839762613975100047e-02
2.399999999999999911e+00 7.597349619077177485e-02 -7.809438029321144614e-02
2.424999999999999822e+00 7.567353446786877214e-02 -7.776894197664310782e-02
2.450000000000000178e+00 7.534394673862816749e-02 -7.742113240590557666e-02
2.475000000000000089e+00 7.498489216080272968e-02 -7.705081230455604335e-02
2.500000000000000000e+00 7.459657484274967443e-02 -7.665788250673452597e-02
2.524999999999999911e+00 7.417924360286970442e-02 -7.624228445113399866e-02
2.549999999999999822e+00 7.373319162583437392e-02 -7.580400056393191144e-02
2.575000000000000178e+00 7.325875601514962587e-02 -7.534305452876079168e-02
2.600000000000000089e+00 7.275631724160377956e-02 -7.485951144201563601e-02
2.625000000000000000e+00 7.222629848720585333e-02 -7.435347785204547699e-02
2.649999999999999911e+00 7.166916488436900212e-02 -7.382510168106974635e-02
2.674999999999999822e+00 7.108542265035655561e-02 -7.327457202900382327e-02
2.700000000000000178e+00 7.047561811738771442e-02 -7.270211885877726765e-02
2.725000000000000089e+00 6.984033665929523238e-02 -7.210801256318101482e-02
2.750000000000000000e+00 6.918020151621323555e-02 -7.149256341377982493e-02
2.774999999999999911e+00 6.849587251942527988e-02 -7.085612089296589033e-02
2.799999999999999822e+00 6.778804471917990182e-02 -7.019907291078995859e-02
2.825000000000000178e+00 6.705744691895043630e-02 -6.952184490878191014e-02
2.850000000000000089e+00 6.630484012024089047e-02 -6.882489885353935966e-02
2.875000000000000000e+00 6.553101588259266364e-02 -6.810873212341612970e-02
2.899999999999999911e+00 6.473679460391490448e-02 -6.737387629216667895e-02
2.924999999999999822e+00 6.392302372663137555e-02 -6.662089581389317450e-02
2.950000000000000178e+00 6.309057587542267476e-02 -6.585038661409726990e-02
2.975000000000000089e+00 6.224034693255246775e-02 -6.506297459205512279e-02
3.000000000000000000e+00 6.137325405692535540e-02 -6.425931404011803183e-02
3.024999999999999911e+00 6.049023365315701201e-02 -6.344008598589612191e-02
3.049999999999999822e+00 5.959223929706507217e-02 -6.260599646361027226e-02
3.075000000000000178e+00 5.868023962413399658e-02 -6.175777472120611011e-02
3.100000000000000089e+00 5.775521618767950893e-02 -6.089617137011246739e-02
3.125000000000000000e+00 5.681816129363919526e-02 -6.002195648479471957e-02
3.149999999999999911e+00 5.587007581914191917e-02 -5.913591765949988144e-02
3.174999999999999822e+00 5.491196702224040299e-02 -5.823885802980621057e-02
3.200000000000000178e+00 5.394484635040983772e-02 -5.733159426677040399e-02
3.225000000000000089e+00 5.296972725559369322e-02 -5.641495455159974831e-02
3.250000000000000000e+00 5.198762302369139277e-02 -5.548977653885661665e-02
3.274999999999999911e+00 5.099954462640961250e-02 -5.455690531622096190e-02
3.299999999999999822e+00 5.000649860332294361e-02 -5.361719136878680125e-02
3.325000000000000178e+00 4.900948498180572599e-02 -5.267148855574952521e-02
3.350000000000000089e+00 4.800949524220442938e-02 -5.172065210715129369e-02
3.375000000000000444e+00 4.700751033523273281e-02 -5.076553664809824867e-02
3.399999999999999911e+00 4.600449875810703332e-02 -4.980699425755024529e-02
3.424999999999999822e+00 4.500141469542043304e-02 -4.884587256842168324e-02
3.450000000000000622e+00 4.399919623021036202e-02 -4.788301291533383214e-02
3.475000000000000533e+00 4.299876363012505170e-02 -4.691924853593027606e-02
3.500000000000000000e+00 4.200101771306712084e-02 -4.595540283122420688e-02
3.524999999999999911e+00 4.100683829619954091e-02 -4.499228768999556649e-02
3.549999999999999822e+00 4.001708273174743591e-02 -4.403070188180283062e-02
3.575000000000000622e+00 3.903258453262212907e-02 -4.307142952272535047e-02
3.600000000000000089e+00 3.805415209052280534e-02 -4.211523861751029219e-02
3.625000000000000000e+00 3.708256748882253484e-02 -4.116287968135833031e-02
3.649999999999999911e+00 3.611858541220996921e-02 -4.021508444415260175e-02
3.674999999999999822e+00 3.516293215471114758e-02 -3.927256463950121873e-02
3.700000000000000622e+00 3.421630472735303491e-02 -3.833601088053610606e-02
3.725000000000000089e+00 3.327937006633706341e-02 -3.740609162398034204e-02
3.750000000000000000e+00 3.235276434216430991e-02 -3.648345222356431244e-02
3.774999999999999911e+00 3.143709236970017307e-02 -3.556871407344583402e-02
3.799999999999999822e+00 3.053292711868851872e-02 -3.466247384186348784e-02
3.825000000000000178e+00 2.964080932374483363e-02 -3.376530279484323688e-02
3.850000000000000089e+00 2.876124719238410538e-02 -3.287774620938191394e-02
3.875000000000000000e+00 2.789471620919572667e-02 -3.200032287515819363e-02
3.899999999999999911e+00 2.704165903387788228e-02 -3.113352468347815524e-02
3.924999999999999822e+00 2.620248549049998890e-02 -3.027781630184955483e-02
3.950000000000000178e+00 2.537757264508345295e-02 -2.943363493230278030e-02
3.975000000000000089e+00 2.456726496837621093e-02 -2.860139015133588217e-02
4.000000000000000000e+00 2.377187458054361852e-02 -2.778146382915486559e-02
4.025000000000000355e+00 2.299168157439439655e-02 -2.697421012570661372e-02
4.049999999999999822e+00 2.222693441369276435e-02 -2.617995556085392361e-02
4.075000000000000178e+00 2.147785040305966175e-02 -2.539899915591615348e-02
4.099999999999999645e+00 2.074461622592343665e-02 -2.463161264368900552e-02
4.125000000000000000e+00 2.002738854692542522e-02 -2.387804074395583412e-02
4.150000000000000355e+00 1.932629467511609231e-02 -2.313850150141092896e-02
4.174999999999999822e+00 1.864143328418027892e-02 -2.241318668282341400e-02
4.200000000000000178e+00 1.797287518581474480e-02 -2.170226223018454151e-02
4.224999999999999645e+00 1.732066415224840089e-02 -2.100586876649757420e-02
4.250000000000000000e+00 1.668481778375810118e-02 -2.032412215079080695e-02
4.275000000000000355e+00 1.606532841690501423e-02 -1.965711407886731876e-02
4.299999999999999822e+00 1.546216406910858737e-02 -1.900491272624804315e-02
4.325000000000000178e+00 1.487526941510381590e-02 -1.836756342972654249e-02
4.349999999999999645e+00 1.430456679079901081e-02 -1.774508940393389189e-02
4.375000000000000000e+00 1.374995722007180989e-02 -1.713749248931280625e-02
4.400000000000000355e+00 1.321132146011311237e-02 -1.654475392792422242e-02
4.424999999999999822e+00 1.268852106104377715e-02 -1.596683516355161536e-02
4.450000000000000178e+00 1.218139943568253593e-02 -1.540367866263070602e-02
4.474999999999999645e+00 1.168978293552174266e-02 -1.485520875260826559e-02
4.500000000000000000e+00 1.121348192915761280e-02 -1.432133247442007179e-02
4.525000000000000355e+00 1.075229187961307571e-02 -1.380194044587325364e-02
4.549999999999999822e+00 1.030599441717034402e-02 -1.329690773281439441e-02
4.575000000000000178e+00 9.874358404493698699e-03 -1.280609472506384280e-02
4.599999999999999645e+00 9.457140990964544094e-03 -1.232934801419432146e-02
4.625000000000000000e+00 9.054088653273549905e-03 -1.186650127032851630e-02
4.650000000000000355e+00 8.664938219424326432e-03 -1.141737611522878650e-02
4.674999999999999822e+00 8.289417873406314599e-03 -1.098178298905139183e-02
4.700000000000000178e+00 7.927248137903387948e-03 -1.055952200824353433e-02
4.724999999999999645e+00 7.578142832527934129e-03 -1.015038381217487837e-02
4.750000000000000000e+00 7.241810005216535971e-03 -9.754150396218233196e-03
4.775000000000000355e+00 6.917952834600353020e-03 -9.370595929130821553e-03
4.799999999999999822e+00 6.606270501370571820e-03 -8.999487552735037019e-03
4.825000000000000178e+00 6.306459026897862780e-03 -8.640586162058519828e-03
4.849999999999999645e+00 6.018212077626775014e-03 -8.293647164263591789e-03
4.875000000000000000e+00 5.741221734043349886e-03 -7.958421214873140359e-03
4.900000000000000355e+00 5.475179223296439655e-03 -7.634654929981546032e-03
4.924999999999999822e+00 5.219775614826886734e-03 -7.322091573318359990e-03
4.950000000000000178e+00 4.974702478614831912e-03 -7.020471717208496068e-03
4.974999999999999645e+00 4.739652505883568123e-03 -6.729533876639767938e-03
5.000000000000000000e+00 4.514320092293288081e-03 -6.449015115805030278e-03
5.025000000000000355e+00 4.298401883818229845e-03 -6.178651626631550750e-03
5.049999999999999822e+00 4.091597285626843994e-03 -5.918179278942260757e-03
5.075000000000000178e+00 3.893608934383017365e-03 -5.667334142015098900e-03
5.099999999999999645e+00 3.704143134464089188e-03 -5.425852977418576736e-03
5.125000000000000000e+00 3.522910258657402545e-03 -5.193473703105822362e-03
5.150000000000000355e+00 3.349625113961290229e-03 -4.969935828849548869e-03
5.174999999999999822e+00 3.184007273185474225e-03 -4.754980863196961623e-03
5.200000000000000178e+00 3.025781373126077301e-03 -4.548352692219957867e-03
5.224999999999999645e+00 2.874677380184034389e-03 -4.349797930431462643e-03
5.250000000000000000e+00 2.730430824401174333e-03 -4.159066244333568460e-03
5.275000000000000355e+00 2.592783003002458505e-03 -3.975910649156770039e-03
5.299999999999999822e+00 2.461481154648171611e-03 -3.800087779438807937e-03
5.325000000000000178e+00 2.336278605709017891e-03 -3.631358134175287529e-03
5.349999999999999645e+00 2.216934889971091446e-03 -3.469486297349048953e-03
5.375000000000000000e+00 2.103215843249093241e-03 -3.314241134708875020e-03
5.400000000000000355e+00 1.994893674429655105e-03 -3.165395967719314505e-03
5.424999999999999822e+00 1.891747014478865419e-03 -3.022728725640376046e-03
5.450000000000000178e+00 1.793560944929779204e-03 -2.886022076719463054e-03
5.474999999999999645e+00 1.700127007320181415e-03 -2.755063539488440769e-03
5.500000000000000000e+00 1.611243194984043501e-03 -2.629645575158377421e-03
5.525000000000000355e+00 1.526713928520519658e-03 -2.509565662095886423e-03
5.549999999999999822e+00 1.446350016180081473e-03 -2.394626353350431339e-03
5.575000000000000178e+00 1.369968600327754575e-03 -2.284635318184852736e-03
5.599999999999999645e+00 1.297393091074766636e-03 -2.179405368543861372e-03
5.625000000000000000e+00 1.228453088117594395e-03 -2.078754471379089339e-03
5.650000000000000355e+00 1.162984291789196474e-03 -1.982505747735902567e-03
5.674999999999999822e+00 1.100828404309999852e-03 -1.890487459496173256e-03
5.700000000000000178e+00 1.041833022222664286e-03 -1.802532984662236215e-03
5.724999999999999645e+00 9.858515209986498662e-04 -1.718480782058853969e-03
5.750000000000000000e+00 9.327429328093143511e-04 -1.638174346320056020e-03
5.775000000000000355e+00 8.823718184526742987e-04 -1.561462154014838432e-03
5.799999999999999822e+00 8.346081344124839938e-04 -1.488197601747463404e-03
5.825000000000000178e+00 7.893270959948681283e-04 -1.418238937043832335e-03
5.849999999999999645e+00 7.464090374369274344e-04 -1.351449182804180874e-03
5.875000000000000000e+00 7.057392698124005442e-04 -1.287696056064393212e-03
5.900000000000000355e+00 6.672079374748044476e-04 -1.226851881764830362e-03
5.924999999999999822e+00 6.307098736836370696e-04 -1.168793502177877842e-03
5.950000000000000178e+00 5.961444559614315379e-04 -1.113402182596259175e-03
5.974999999999999645e+00 5.634154616354473694e-04 -1.060563513835150254e-03
6.000000000000000000e+00 5.324309239347500746e-04 -1.010167312055003548e-03
6.025000000000000355e+00 5.031029889464858551e-04 -9.621075163704301617e-04
6.049999999999999822e+00 4.753477736875792140e-04 -9.162820846745232863e-04
6.075000000000000178e+00 4.490852255207434108e-04 -8.725928880785328553e-04
6.099999999999999645e+00 4.242389831346418520e-04 -8.309456043430666185e-04
6.125000000000000000e+00 4.007362393133457310e-04 -7.912496106583337407e-04
6.150000000000000355e+00 3.785076057341203466e-04 -7.534178761155679383e-04
6.174999999999999822e+00 3.574869800485527957e-04 -7.173668541979283083e-04
6.200000000000000178e+00 3.376114155136302072e-04 -6.830163756048805799e-04
6.224999999999999645e+00 3.188209934409759537e-04 -6.502895417076399748e-04
6.250000000000000000e+00 3.010586987204746435e-04 -6.191126189134981469e-04
6.275000000000000355e+00 2.842702986470342272e-04 -5.894149341931712981e-04
6.299999999999999822e+00 2.684042252373654617e-04 -5.611287719978040470e-04
6.325000000000000178e+00 2.534114611700122159e-04 -5.341892727617020232e-04
6.349999999999999645e+00 2.392454294215330451e-04 -5.085343331547034166e-04
6.375000000000000000e+00 2.258618866103311300e-04 -4.841045082159100687e-04
6.400000000000000355e+00 2.132188200033938445e-04 -4.608429154702736882e-04
6.424999999999999822e+00 2.012763480954961283e-04 -4.386951411028204139e-04
6.450000000000000178e+00 1.899966246395688035e-04 -4.176091482435733337e-04
6.474999999999999645e+00 1.793437459929874561e-04 -3.975351874001706526e-04
6.500000000000000000e+00 1.692836616476755846e-04 -3.784257090649376207e-04
6.525000000000000355e+00 1.597840878298681074e-04 -3.602352785182030034e-04
6.549999999999999822e+00 1.508144240842993985e-04 -3.429204928488896052e-04
6.575000000000000178e+00 1.423456727919681806e-04 -3.264399002151273052e-04
6.599999999999999645e+00 1.343503616048356602e-04 -3.107539213703509840e-04
6.625000000000000000e+00 1.268024688091148704e-04 -2.958247734820627201e-04
6.650000000000000355e+00 1.196773516466343367e-04 -2.816163962698038040e-04
6.674999999999999822e+00 1.129516776282675001e-04 -2.680943804849973753e-04
6.700000000000000178e+00 1.066033588634175070e-04 -2.552258987475354698e-04
6.724999999999999645e+00 1.006114894063848736e-04 -2.429796387427063430e-04
6.750000000000000888e+00 9.495628558703729863e-05 -2.313257387679564761e-04
6.775000000000001243e+00 8.961902925393373147e-05 -2.202357256033876719e-04
6.799999999999999822e+00 8.458201381841482088e-05 -2.096824546642392980e-04
6.825000000000001066e+00 7.982849295327091753e-05 -1.996400523795727449e-04
6.849999999999999645e+00 7.534263177420349328e-05 -1.900838607303361697e-04
6.875000000000000000e+00 7.110946031975923850e-05 -1.809903838728963473e-04
6.900000000000001243e+00 6.711482914721556209e-05 -1.723372367717891055e-04
6.924999999999999822e+00 6.334536687765069329e-05 -1.641030957673429735e-04
6.950000000000001066e+00 5.978843955103356201e-05 -1.562676510099675592e-04
6.974999999999999645e+00 5.643211168744353886e-05 -1.488115607014834209e-04
7.000000000000000000e+00 5.326510898904655340e-05 -1.417164070941200071e-04
7.025000000000001243e+00 5.027678265370579864e-05 -1.349646542076228929e-04
7.049999999999999822e+00 4.745707530053910916e-05 -1.285396072331770954e-04
7.075000000000001066e+00 4.479648852647508778e-05 -1.224253735981902880e-04
7.099999999999999645e+00 4.228605211873263697e-05 -1.166068256677047133e-04
7.125000000000000000e+00 3.991729494078043465e-05 -1.110695650560731429e-04
7.150000000000001243e+00 3.768221749008675433e-05 -1.057998885169277113e-04
7.174999999999999822e+00 3.557326609798242071e-05 -1.007847553711996747e-04
7.200000000000000178e+00 3.358330870941340641e-05 -9.601175642324627773e-05
7.224999999999999645e+00 3.170561214810264320e-05 -9.146908430545033092e-05
7.250000000000000000e+00 2.993382074534121006e-05 -8.714550518338659861e-05
7.275000000000001243e+00 2.826193619229523543e-05 -8.303033174798259662e-05
7.299999999999999822e+00 2.668429846902338901e-05 -7.911339741902665584e-05
7.325000000000000178e+00 2.519556770939225109e-05 -7.538503168607479541e-05
7.349999999999999645e+00 2.379070687905436595e-05 -7.183603651835592007e-05
7.375000000000000000e+00 2.246496517127369077e-05 -6.845766378381045445e-05
7.400000000000001243e+00 2.121386205900372863e-05 -6.524159362801654248e-05
7.424999999999999822e+00 2.003317197678547302e-05 -6.217991377503900884e-05
7.450000000000000178e+00 1.891890963820622780e-05 -5.926509972286194235e-05
7.474999999999999645e+00 1.786731601970365123e-05 -5.648999581467459719e-05
7.500000000000000000e+00 1.687484505627081396e-05 -5.384779717295195916e-05
7.525000000000000355e+00 1.593815109760234470e-05 -5.133203248543134642e-05
7.549999999999999822e+00 1.505407716423511195e-05 -4.893654763058876496e-05
7.575000000000000178e+00 1.421964402411547072e-05 -4.665549012559369515e-05
7.599999999999999645e+00 1.343204008352531641e-05 -4.448329437272284704e-05
7.625000000000000000e+00 1.268861205664433421e-05 -4.241466767207271044e-05
7.650000000000000355e+00 1.198685634927227907e-05 -4.044457696035392435e-05
7.674999999999999822e+00 1.132441106878940026e-05 -3.856823622892983721e-05
7.700000000000000178e+00 1.069904855742863873e-05 -3.678109457005882102e-05
7.724999999999999645e+00 1.010866834166676456e-05 -3.507882479924200595e-05
7.750000000000000000e+00 9.551290397494249795e-06 -3.345731260392298715e-05
7.775000000000000355e+00 9.025048648716873058e-06 -3.191264617428022309e-05
7.799999999999999822e+00 8.528184640725296645e-06 -3.044110627990039288e-05
7.825000000000000178e+00 8.059041362092074338e-06 -2.903915676564513027e-05
7.849999999999999645e+00 7.616057216740352998e-06 -2.770343544986087422e-05
7.875000000000000000e+00 7.197760176306900679e-06 -2.643074541704102260e-05
7.900000000000000355e+00 6.802762162177688107e-06 -2.521804670394340445e-05
7.924999999999999822e+00 6.429753716922120797e-06 -2.406244838227919282e-05
7.950000000000000178e+00 6.077499024458846746e-06 -2.296120104198107965e-05
7.974999999999999645e+00 5.744831327403453084e-06 -2.191168967675357729e-05
8.000000000000000000e+00 5.430648770601763366e-06 -2.091142696856044592e-05
8.025000000000000355e+00 5.133910674595070776e-06 -1.995804696084742624e-05
8.050000000000000711e+00 4.853634215450335783e-06 -1.904929910257742597e-05
8.074999999999999289e+00 4.588891461870946869e-06 -1.818304263781762205e-05
8.099999999999999645e+00 4.338806700411568252e-06 -1.735724130984069740e-05
8.125000000000000000e+00 4.102553967674681115e-06 -1.656995834513715131e-05
8.150000000000000355e+00 3.879354706289580544e-06 -1.581935168224817172e-05
8.175000000000000711e+00 3.668475469444390713e-06 -1.510366941271271843e-05
8.199999999999999289e+00 3.469225615647084916e-06 -1.442124540668303366e-05
8.224999999999999645e+00 3.280954958850980008e-06 -1.377049510298399811e-05
8.250000000000000000e+00 3.103051365828507130e-06 -1.314991145180516772e-05
8.275000000000000355e+00 2.934938319122194070e-06 -1.255806100662028677e-05
8.300000000000000711e+00 2.776072486358687875e-06 -1.199358016924333752e-05
8.324999999999999289e+00 2.625941352278249690e-06 -1.145517159730075876e-05
8.349999999999999645e+00 2.484060976462081848e-06 -1.094160078604863714e-05
8.375000000000000000e+00 2.349973936688049789e-06 -1.045169283626097009e-05
8.400000000000000355e+00 2.223247505700869374e-06 -9.984329416839878314e-06
8.425000000000000711e+00 2.103472089780692198e-06 -9.538445925511876051e-06
8.449999999999999289e+00 1.990259933638550667e-06 -9.113028844140464167e-06
8.474999999999999645e+00 1.883244071267128905e-06 -8.707113277950697731e-06
8.500000000000000000e+00 1.782077479870175364e-06 -8.319780661286011256e-06
8.525000000000000355e+00 1.686432377066669210e-06 -7.950156607385940776e-06
8.550000000000000711e+00 1.595999592460662521e-06 -7.597408876883809318e-06
8.574999999999999289e+00 1.510487944631012098e-06 -7.260745439547210364e-06
8.599999999999999645e+00 1.429623563505372964e-06 -6.939412606429955819e-06
8.625000000000000000e+00 1.353149114704101940e-06 -6.632693214471994910e-06
8.650000000000000355e+00 1.280822904345781881e-06 -6.339904852362057759e-06
8.675000000000000711e+00 1.212417866994700901e-06 -6.060398123800631316e-06
8.699999999999999289e+00 1.147720462532660419e-06 -5.793554951623009310e-06
8.724999999999999645e+00 1.086529526611131787e-06 -5.538786932275479516e-06
8.750000000000000000e+00 1.028655131449948951e-06 -5.295533754207645678e-06
8.775000000000000355e+00 9.739175175430925592e-07 -5.063261695401208953e-06
8.800000000000000711e+00 9.221461518504712089e-07 -4.841462214170769976e-06
8.824999999999999289e+00 8.731789551763530624e-07 -4.629650643908204513e-06
8.849999999999999645e+00 8.268617224925139049e-07 -4.427364997064573698e-06
8.875000000000000000e+00 7.830477376660426633e-07 -4.234164877092349899e-06
8.900000000000000355e+00 7.415975615723433025e-07 -4.049630490404976203e-06
8.925000000000000711e+00 7.023789529461345616e-07 -3.873361744460007689e-06
8.949999999999999289e+00 6.652668673588217826e-07 -3.704977413698044311e-06
8.974999999999999645e+00 6.301434731621776416e-07 -3.544114352974846884e-06
9.000000000000000000e+00 5.968981250323710904e-07 -3.390426738393288811e-06
9.025000000000000355e+00 5.654272455164977817e-07 -3.243585318298777802e-06
9.050000000000000711e+00 5.356340812925338066e-07 -3.103276661939962563e-06
9.074999999999999289e+00 5.074283214178122716e-07 -2.969202399516777136e-06
9.099999999999999645e+00 4.807255867554617703e-07 -2.841078454028350382e-06
9.125000000000000000e+00 4.554468200261230494e-07 -2.718634271610651907e-06
9.150000000000000355e+00 4.315176217502367631e-07 -2.601612062100953333e-06
9.175000000000000711e+00 4.088675865971684576e-07 -2.489766064685795569e-06
9.199999999999999289e+00 3.874296961478034159e-07 -2.382861854277462999e-06
9.224999999999999645e+00 3.671398177092446835e-07 -2.280675702676669407e-06
9.250000000000000000e+00 3.479363455155323696e-07 -2.182994004837093394e-06
9.275000000000000355e+00 3.297600024125639837e-07 -2.089612775260781688e-06
9.300000000000000711e+00 3.125537994341012550e-07 -2.000337213370744977e-06
9.324999999999999289e+00 2.962631304903296441e-07 -1.914981330645118629e-06
9.349999999999999645e+00 2.808359625048436890e-07 -1.833367627087429132e-06
9.375000000000000000e+00 2.662230699571573152e-07 -1.755326800996700037e-06
9.400000000000000355e+00 2.523782585799573391e-07 -1.680697474525999841e-06
9.425000000000000711e+00 2.392585262778601980e-07 -1.609325918319412512e-06
9.449999999999999289e+00 2.268241197772190110e-07 -1.541065761447346631e-06
9.474999999999999645e+00 2.150384614756770547e-07 -1.475777677603878522e-06
9.500000000000000000e+00 2.038679402203741536e-07 -1.413329044249723938e-06
9.525000000000000355e+00 1.932815796141538956e-07 -1.353593577495329348e-06
9.550000000000000711e+00 1.832506151731251805e-07 -1.296450950953706103e-06
9.574999999999999289e+00 1.737480247946339369e-07 -1.241786411016089664e-06
9.599999999999999645e+00 1.647480638438467046e-07 -1.189490403307678390e-06
9.625000000000000000e+00 1.562258557571909838e-07 -1.139458225243424385e-06
9.650000000000000355e+00 1.481570816267965960e-07 -1.091589717604508067e-06
9.675000000000000711e+00 1.405177987835788205e-07 -1.045789004216047965e-06
9.699999999999999289e+00 1.332844009417339962e-07 -1.001964283648871739e-06
9.724999999999999645e+00 1.264337133996373148e-07 -9.600276711690046954e-07
9.750000000000000000e+00 1.199431987654284772e-07 -9.198950836541965028e-07
9.775000000000000355e+00 1.137912342472114541e-07 -8.814861557237617171e-07
9.800000000000000711e+00 1.079574125500075473e-07 -8.447241724308320352e-07
9.824999999999999289e+00 1.024228161746663308e-07 -8.095360029553386936e-07
9.849999999999999645e+00 9.717021954078392643e-08 -7.758520209652386956e-07
9.875000000000000000e+00 9.218418426258584432e-08 -7.436060003979929571e-07
9.900000000000000355e+00 8.745102842030608875e-08 -7.127349800013186346e-07
9.925000000000000711e+00 8.295866868168996723e-08 -6.831790953869264037e-07
9.949999999999999289e+00 7.869635208170585533e-08 -6.548813828059760780e-07
9.974999999999999645e+00 7.465430968598020426e-08 -6.277875636469581926e-07
1.000000000000000000e+01 7.082337519226574096e-08 -6.018458221035146169e-07
1.002500000000000036e+01 6.719461621799728019e-08 -5.770065901265557434e-07
1.005000000000000071e+01 6.375902410419446558e-08 -5.532223533810687267e-07
1.007499999999999929e+01 6.050729980272620206e-08 -5.304474896882217197e-07
1.009999999999999964e+01 5.742975999997527889e-08 -5.086381474921150073e-07
1.012500000000000000e+01 5.451637104490422655e-08 -4.877521670234698363e-07
1.015000000000000036e+01 5.175690071940320668e-08 -4.677490414852791035e-07
1.017500000000000071e+01 4.914116193461703228e-08 -4.485899107427154001e-07
1.019999999999999929e+01 4.665931019070096532e-08 -4.302375761507778615e-07
1.022499999999999964e+01 4.430214976918786631e-08 -4.126565228998359492e-07
1.025000000000000000e+01 4.206140305951148401e-08 -3.958129358820638488e-07
1.027500000000000036e+01 3.992990312966587456e-08 -3.796746966402070354e-07
1.030000000000000071e+01 3.790168081410364286e-08 -3.642113521458698577e-07
1.032499999999999929e+01 3.597193261687354594e-08 -3.493940506308185838e-07
1.034999999999999964e+01 3.413687248035713781e-08 -3.351954447324467279e-07
1.037500000000000000e+01 3.239348662699505638e-08 -3.215895671153319274e-07
1.040000000000000036e+01 3.073922404215031170e-08 -3.085516879275183076e-07
1.042500000000000071e+01 2.917166385590292395e-08 -2.960581662221830251e-07
1.044999999999999929e+01 2.768820380353978208e-08 -2.840863085537879166e-07
1.047499999999999964e+01 2.628581073165437113e-08 -2.726142472068318976e-07
1.050000000000000000e+01 2.496086521709722539e-08 -2.616208479600078044e-07
1.052500000000000036e+01 2.370911918723750216e-08 -2.510856534796160094e-07
1.055000000000000071e+01 2.252576969020598340e-08 -2.409888636929735832e-07
1.057499999999999929e+01 2.140563597522290623e-08 -2.313113496694037271e-07
1.059999999999999964e+01 2.034341297667679051e-08 -2.220346932250415538e-07
1.062500000000000000e+01 1.933396403641079457e-08 -2.131412411975866774e-07
1.065000000000000036e+01 1.837261073103969287e-08 -2.046141616829602402e-07
1.067500000000000071e+01 1.745537850829705467e-08 -1.964374896048455293e-07
1.069999999999999929e+01 1.657916342427368281e-08 -1.885961507956604172e-07
1.072499999999999964e+01 1.574179655817267691e-08 -1.810759570524854991e-07
1.075000000000000000e+01 1.494199711182748811e-08 -1.738635689327266044e-07
1.077500000000000036e+01 1.417922072220376929e-08 -1.669464277093721785e-07
1.080000000000000071e+01 1.345342402392220155e-08 -1.603126623713532258e-07
1.082499999999999929e+01 1.276477789070178929e-08 -1.539509811038131625e-07
1.084999999999999964e+01 1.211336868176236395e-08 -1.478505589149856919e-07
1.087500000000000000e+01 1.149892811163930754e-08 -1.420009336849827568e-07
1.090000000000000036e+01 1.092062809900827452e-08 -1.363919217183889177e-07
1.092500000000000071e+01 1.037696766347878035e-08 -1.310135613115742207e-07
1.094999999999999929e+01 9.865766003351287829e-09 -1.258560889680376790e-07
1.097499999999999964e+01 9.384261091737743215e-09 -1.209099484820681410e-07
1.100000000000000000e+01 8.929298622972378222e-09 -1.161658287195328439e-07
1.102500000000000036e+01 8.497583747120268191e-09 -1.116147220471158318e-07
1.105000000000000071e+01 8.085959691500870549e-09 -1.072479927643685594e-07
1.107499999999999929e+01 7.691673977694683325e-09 -1.030574436603912886e-07
1.109999999999999964e+01 7.312595020801764146e-09 -9.903536930973096596e-08
1.112500000000000000e+01 6.947349174415396873e-09 -9.517458676274428571e-08
1.115000000000000036e+01 6.595359516210644868e-09 -9.146843756731945991e-08
1.117500000000000071e+01 6.256781502717227970e-09 -8.791075920466751039e-08
1.119999999999999929e+01 5.932344920203244280e-09 -8.449582831509754262e-08
1.122499999999999964e+01 5.623124467258227735e-09 -8.121828208345737243e-08
1.125000000000000000e+01 5.330270995711139607e-09 -7.807302719676030654e-08
1.127500000000000036e+01 5.054740599920082406e-09 -7.505514746124785731e-08
1.130000000000000071e+01 4.797058745093685308e-09 -7.215982136835394740e-08
1.132499999999999929e+01 4.557151454235633926e-09 -6.938225946347052013e-08
1.134999999999999964e+01 4.334266031757030119e-09 -6.671766861547244563e-08
1.137500000000000000e+01 4.126991247364816828e-09 -6.416124656789693891e-08
1.140000000000000036e+01 3.933373043995018004e-09 -6.170820597890724368e-08
1.142500000000000071e+01 3.751108700224702667e-09 -5.935382315880641197e-08
1.144999999999999929e+01 3.577791671995152299e-09 -5.709350337691739805e-08
1.147499999999999964e+01 3.411172570502320720e-09 -5.492285244459197089e-08
1.150000000000000000e+01 3.249399855176787773e-09 -5.283774356447955164e-08
1.152500000000000036e+01 3.091206895238023746e-09 -5.083436920557981201e-08
1.155000000000000071e+01 2.936019823977591431e-09 -4.890926999352021594e-08
1.157499999999999929e+01 2.783971779196937825e-09 -4.705933590177489560e-08
1.159999999999999964e+01 2.635822182375476495e-09 -4.528177890188252287e-08
1.162500000000000000e+01 2.492792923348175462e-09 -4.357408029468128928e-08
1.165000000000000036e+01 2.356344656435781961e-09 -4.193391937928067507e-08
1.167500000000000071e+01 2.227924541917516179e-09 -4.035909274853327964e-08
1.169999999999999929e+01 2.108720456997963153e-09 -3.884743469391217732e-08
1.172499999999999964e+01 1.999455492944935872e-09 -3.739674902745114339e-08
1.175000000000000000e+01 1.900250721236768430e-09 -3.600476097980571914e-08
1.177500000000000036e+01 1.810574506962476897e-09 -3.466909500849054391e-08
1.180000000000000071e+01 1.729284561525440054e-09 -3.338728074097864825e-08
1.182499999999999929e+01 1.654756017190868206e-09 -3.215678541221511088e-08
1.184999999999999964e+01 1.585076972978938998e-09 -3.097506749654165491e-08
1.187500000000000000e+01 1.518283808953746256e-09 -2.983964340669824060e-08
1.190000000000000036e+01 1.452603273307718891e-09 -2.874815739243424972e-08
1.192500000000000071e+01 1.386667705997367587e-09 -2.769844443368132578e-08
1.194999999999999929e+01 1.319673774747662989e-09 -2.668857702047695114e-08
1.197499999999999964e+01 1.251463139156020659e-09 -2.571688901725956911e-08
1.200000000000000000e+01 1.182514481199387884e-09 -2.478197307071720696e-08
1.202500000000000036e+01 1.113848669602992706e-09 -2.388265171365477263e-08
1.205000000000000071e+01 1.046860831900197047e-09 -2.301792599977696327e-08
1.207499999999999929e+01 9.831031451815989176e-10 -2.218690856918150633e-08
1.209999999999999964e+01 9.240487273575034535e-10 -2.138875017670105541e-08
1.212500000000000000e+01 8.708694343815772110e-10 -2.062256956466706010e-08
1.215000000000000036e+01 8.242581265659351287e-10 -1.988739600938918669e-08
1.217500000000000071e+01 7.843196040600186644e-10 -1.918213207384818538e-08
1.219999999999999929e+01 7.505446866577192266e-10 -1.850554125714354890e-08
1.222499999999999964e+01 7.218702998664928450e-10 -1.785626173207799824e-08
1.225000000000000000e+01 6.968165170800299858e-10 -1.723284379817874287e-08
1.227500000000000036e+01 6.736809100646426290e-10 -1.663380538390487128e-08
1.230000000000000071e+01 6.507628150049103121e-10 -1.605769752295274506e-08
1.232499999999999929e+01 6.265861909758625947e-10 -1.550317040521351556e-08
1.234999999999999964e+01 6.000902058955584908e-10 -1.496903062999417755e-08
1.237500000000000000e+01 5.707614007587926628e-10 -1.445428157119811240e-08
1.240000000000000036e+01 5.386895813386713823e-10 -1.395814119958815041e-08
1.242500000000000071e+01 5.045402847292683607e-10 -1.348003485744042935e-08
1.244999999999999929e+01 4.694482776267240658e-10 -1.301956400025886958e-08
1.247499999999999964e+01 4.348474426473997948e-10 -1.257645523153627981e-08
1.250000000000000000e+01 4.022610709694559100e-10 -1.215049665791537559e-08
1.252500000000000036e+01 3.730819000315408659e-10 -1.174147030748588702e-08
1.255000000000000071e+01 3.483723880645395428e-10 -1.134908982423901254e-08
1.257499999999999929e+01 3.287126990231072731e-10 -1.097295186356147602e-08
1.259999999999999964e+01 3.141170461316652438e-10 -1.061250765178931395e-08
1.262500000000000000e+01 3.040293994988094560e-10 -1.026705834344294900e-08
1.265000000000000036e+01 2.973985210034097365e-10 -9.935774475672875950e-09
1.267500000000000071e+01 2.928212856716579025e-10 -9.617736520684318795e-09
1.269999999999999929e+01 2.887338968678916711e-10 -9.311990604067804180e-09
1.272499999999999964e+01 2.836241395140309095e-10 -9.017611453584518832e-09
1.275000000000000000e+01 2.762350882422853653e-10 -8.733763669166814315e-09
1.277500000000000036e+01 2.657321510145384527e-10 -8.459752750083052986e-09
1.280000000000000071e+01 2.518105611619613838e-10 -8.195058776641518471e-09
1.282499999999999929e+01 2.347289227228661691e-10 -7.939348116283109195e-09
1.284999999999999964e+01 2.152647032354081277e-10 -7.692461611478282662e-09
1.287500000000000000e+01 1.945984435333761837e-10 -7.454380964317786632e-09
1.290000000000000036e+01 1.741432573808339980e-10 -7.225178058958978833e-09
1.292500000000000071e+01 1.553436397236512466e-10 -7.004954272193202068e-09
1.294999999999999929e+01 1.394716646225076577e-10 -6.793778166219143122e-09
1.297499999999999964e+01 1.274488122338406206e-10 -6.591630129674848820e-09
1.300000000000000000e+01 1.197178734291159512e-10 -6.398361482905157775e-09
1.302500000000000036e+01 1.161822940025970361e-10 -6.213673533186034109e-09
1.305000000000000071e+01 1.162208199833731870e-10 -6.037119245472377806e-09
1.307499999999999929e+01 1.187748325928678147e-10 -5.868127052964404355e-09
1.309999999999999964e+01 1.224957338838385837e-10 -5.706043279404711207e-09
1.312500000000000000e+01 1.259314794945857953e-10 -5.550187085032793143e-09
1.315000000000000036e+01 1.277261603231707681e-10 -5.399910182148980690e-09
1.317500000000000071e+01 1.268048612789875470e-10 -5.254652943337721037e-09
1.319999999999999929e+01 1.225183094326830891e-10 -5.113989121011089173e-09
1.322499999999999964e+01 1.147276000333141030e-10 -4.977653013571756826e-09
1.325000000000000000e+01 1.038176726109152982e-10 -4.845545388923930689e-09
1.327500000000000036e+01 9.063824580695967658e-11 -4.717717475679175813e-09
1.330000000000000071e+01 7.638090243753131977e-11 -4.594335337306549380e-09
1.332499999999999929e+01 6.240982976805042625e-11 -4.475629669252872024e-09
1.334999999999999964e+01 5.007001337195344226e-11 -4.361838038906781828e-09
1.337500000000000000e+01 4.049959339563098734e-11 -4.253147557791393672e-09
1.340000000000000036e+01 3.447236250256297568e-11 -4.149645896640412117e-09
1.342500000000000071e+01 3.229197450225486037e-11 -4.051287299539305009e-09
1.344999999999999929e+01 3.375214289127631341e-11 -3.957878154632262524e-09
1.347499999999999964e+01 3.816785310625033236e-11 -3.869083932001969375e-09
1.350000000000000178e+01 4.447272116922608608e-11 -3.784456317050721982e-09
1.352500000000000213e+01 5.136855121421837196e-11 -3.703476611493575212e-09
1.355000000000000249e+01 5.750594217426405288e-11 -3.625609190775183796e-09
1.357499999999999929e+01 6.167075582840333574e-11 -3.550357575447980529e-09
1.359999999999999964e+01 6.295050488910635809e-11 -3.477315221356428914e-09
1.362500000000000000e+01 6.085778794605301214e-11 -3.406204047004619493e-09
1.365000000000000213e+01 5.539398586478566680e-11 -3.336895417551043075e-09
1.367500000000000249e+01 4.704480109348447508e-11 -3.269410751219593456e-09
1.369999999999999929e+01 3.670878407400816374e-11 -3.203901816022847694e-09
1.372499999999999964e+01 2.556920642724097305e-11 -3.140613529715839660e-09
1.375000000000000000e+01 1.492746305449788953e-11 -3.079834518867748949e-09
1.377500000000000213e+01 6.021367057261976655e-12 -3.021842346950221792e-09
1.380000000000000249e+01 -1.463852552814930335e-13 -2.966850968987561045e-09
1.382499999999999929e+01 -2.945857613617641738e-12 -2.914967663306811905e-09
1.384999999999999964e+01 -2.204814416096055324e-12 -2.866165262128097299e-09
1.387500000000000000e+01 1.770454744203545700e-12 -2.820273391430865530e-09
1.390000000000000213e+01 8.240856872181084693e-12 -2.776989743045380013e-09
1.392500000000000249e+01 1.613993524135241000e-11 -2.735909629996571049e-09
1.394999999999999929e+01 2.422401228609620947e-11 -2.696569557334226459e-09
1.397499999999999964e+01 3.124587297238388796e-11 -2.658498633331894435e-09
1.400000000000000000e+01 3.612776046598473562e-11 -2.621270601310358492e-09
1.402500000000000213e+01 3.810969045312394332e-11 -2.584549259526470269e-09
1.405000000000000249e+01 3.685268542877743249e-11 -2.548120977401806576e-09
1.407499999999999929e+01 3.248292444820767453e-11 -2.511909885058856866e-09
1.409999999999999964e+01 2.557109077829111163e-11 -2.475973710255482451e-09
1.412500000000000000e+01 1.705022164512101305e-11 -2.440480959104867296e-09
1.415000000000000213e+01 8.083880761410612947e-12 -2.405672701568998315e-09
1.417500000000000249e+01 -9.672701990115141360e-14 -2.371814325972856254e-09
1.419999999999999929e+01 -6.363892389560396665e-12 -2.339143990677707049e-09
1.422499999999999964e+01 -9.848998458572926174e-12 -2.307824884474858334e-09
1.425000000000000000e+01 -1.006110266077626217e-11 -2.277907837925712616e-09
1.427500000000000036e+01 -6.952304544173454445e-12 -2.249309364189786852e-09
1.430000000000000249e+01 -9.212117474045460115e-13 -2.221807995567940207e-09
1.432499999999999929e+01 7.245526588051986927e-12 -2.195059278082533059e-09
1.434999999999999964e+01 1.648507917788455631e-11 -2.168627188351409890e-09
1.437500000000000000e+01 2.560769893811562212e-11 -2.142027485852549994e-09
1.440000000000000036e+01 3.346241499826197544e-11 -2.114776950808038692e-09
1.442500000000000249e+01 3.909590250382573868e-11 -2.086441688311702827e-09
1.444999999999999929e+01 4.188244725536653209e-11 -2.056677899037848873e-09
1.447499999999999964e+01 4.160702635305875536e-11 -2.025259674245898720e-09
1.450000000000000000e+01 3.849015153203468361e-11 -1.992090219387252356e-09
1.452500000000000036e+01 3.315132226251905125e-11 -1.957195331884083657e-09
1.455000000000000249e+01 2.651645097014627857e-11 -1.920700427199471105e-09
1.457499999999999929e+01 1.968244379218488367e-11 -1.882794766210320227e-09
1.459999999999999964e+01 1.375803128415889394e-11 -1.843688311143532310e-09
1.462500000000000000e+01 9.703155060991690682e-12 -1.803567641611036441e-09
1.465000000000000036e+01 8.189398339127862437e-12 -1.762557505184120594e-09
1.467500000000000249e+01 9.500919478499214280e-12 -1.720693710464044978e-09
1.469999999999999929e+01 1.348970089181566689e-11 -1.677911487221995047e-09
1.472499999999999964e+01 1.959135901593206049e-11 -1.634051208044299743e-09
1.475000000000000000e+01 2.689934139945984133e-11 -1.588880903064824395e-09
1.477500000000000036e+01 3.428729692626895460e-11 -1.542132618503732032e-09
1.480000000000000249e+01 4.056273783820268110e-11 -1.493547665652983941e-09
1.482499999999999929e+01 4.463084538650403978e-11 -1.442924507291476749e-09
1.484999999999999964e+01 4.564591993374007578e-11 -1.390162613699872928e-09
1.487500000000000000e+01 4.312971052216920448e-11 -1.335296071805517107e-09
1.490000000000000036e+01 3.704047077350179500e-11 -1.278512095538644804e-09
1.492500000000000071e+01 2.778337113717661240e-11 -1.220151583932156047e-09
1.494999999999999929e+01 1.616096117685468000e-11 -1.160691273296342164e-09
1.497499999999999964e+01 3.270559558499401047e-12 -1.100709488391616389e-09
