# col1: r[fm],  col2: chargedensity, col3: weak density [fm^-3](normailized to Q=1)
2.101448349307773875e-07 9.308516989131745967e-02 -9.073247597319693269e-02
2.500000000000000139e-02 9.307840525235512585e-02 -9.072643605609713446e-02
5.000000000000000278e-02 9.305812768907346932e-02 -9.070833269664692333e-02
7.499999999999999722e-02 9.302438615485097984e-02 -9.067821496756219013e-02
1.000000000000000056e-01 9.297726188501095890e-02 -9.063616431789121852e-02
1.250000000000000000e-01 9.291686788172619227e-02 -9.058229407837500857e-02
1.499999999999999944e-01 9.284334822225996653e-02 -9.051674879491489190e-02
1.749999999999999889e-01 9.275687721688238851e-02 -9.043970341345340669e-02
2.000000000000000111e-01 9.265765844632263548e-02 -9.035136234271982925e-02
2.250000000000000056e-01 9.254592370966653603e-02 -9.025195842227592968e-02
2.500000000000000000e-01 9.242193191217151771e-02 -9.014175182209206716e-02
2.750000000000000222e-01 9.228596791875039174e-02 -9.002102889668150976e-02
2.999999999999999889e-01 9.213834139329378503e-02 -8.989010101197407454e-02
3.250000000000000111e-01 9.197938563712944327e-02 -8.974930335713020291e-02
3.499999999999999778e-01 9.180945643243769438e-02 -8.959899374697490038e-02
3.750000000000000000e-01 9.162893088907186900e-02 -8.943955141429441036e-02
4.000000000000000222e-01 9.143820628664531269e-02 -8.927137578548215158e-02
4.249999999999999889e-01 9.123769889852620385e-02 -8.909488522845385172e-02
4.500000000000000111e-01 9.102784278095427117e-02 -8.891051575875351387e-02
4.749999999999999778e-01 9.080908850909556740e-02 -8.871871968855074564e-02
5.000000000000000000e-01 9.058190184252457033e-02 -8.851996420382644837e-02
5.250000000000000222e-01 9.034676230519876616e-02 -8.831472985731458891e-02
5.500000000000000444e-01 9.010416166913605418e-02 -8.810350896842528146e-02
5.749999999999999556e-01 8.985460233625261472e-02 -8.788680392600943525e-02
5.999999999999999778e-01 8.959859561861791000e-02 -8.766512539496137957e-02
6.250000000000000000e-01 8.933665992317219029e-02 -8.743899043279816652e-02
6.500000000000000222e-01 8.906931885219367129e-02 -8.720892052703339836e-02
6.750000000000000444e-01 8.879709923506251545e-02 -8.697543956799562437e-02
6.999999999999999556e-01 8.852052910983058964e-02 -8.673907177444448169e-02
7.249999999999999778e-01 8.824013567460418928e-02 -8.650033959076451617e-02
7.500000000000000000e-01 8.795644322878830301e-02 -8.625976157466309913e-02
7.750000000000000222e-01 8.766997112295714378e-02 -8.601785029327915777e-02
8.000000000000000444e-01 8.738123173378591069e-02 -8.577511024365544468e-02
8.249999999999999556e-01 8.709072847744769863e-02 -8.553203581094472041e-02
8.499999999999999778e-01 8.679895387154794306e-02 -8.528910927484566196e-02
8.750000000000000000e-01 8.650638765242227302e-02 -8.504679887194226129e-02
9.000000000000000222e-01 8.621349495181604428e-02 -8.480555691915223071e-02
9.250000000000001554e-01 8.592072453484814187e-02 -8.456581800160324625e-02
9.499999999999999556e-01 8.562850709991152998e-02 -8.432799722710056234e-02
9.749999999999999778e-01 8.533725364081393150e-02 -8.409248854896331227e-02
1.000000000000000000e+00 8.504735387195894170e-02 -8.385966315934330340e-02
1.024999999999999911e+00 8.475917471854381435e-02 -8.362986795605870105e-02
1.050000000000000044e+00 8.447305887538127112e-02 -8.340342408728404489e-02
1.074999999999999956e+00 8.418932343976653909e-02 -8.318062557990407724e-02
1.100000000000000089e+00 8.390825862553795422e-02 -8.296173805872429641e-02
1.125000000000000000e+00 8.363012656687168755e-02 -8.274699756483117064e-02
1.149999999999999911e+00 8.335516022122242685e-02 -8.253660948203314640e-02
1.175000000000000044e+00 8.308356238104976088e-02 -8.233074758039746199e-02
1.199999999999999956e+00 8.281550480352527221e-02 -8.212955318538979477e-02
1.225000000000000089e+00 8.255112746634026000e-02 -8.193313448006445121e-02
1.250000000000000000e+00 8.229053795614514610e-02 -8.174156594624208683e-02
1.274999999999999911e+00 8.203381099421910849e-02 -8.155488794879470205e-02
1.300000000000000044e+00 8.178098810188359769e-02 -8.137310646520191926e-02
1.324999999999999956e+00 8.153207740613897803e-02 -8.119619296062334513e-02
1.350000000000000089e+00 8.128705358419203997e-02 -8.102408440700394066e-02
1.375000000000000000e+00 8.104585794409398247e-02 -8.085668344331010948e-02
1.399999999999999911e+00 8.080839863770242215e-02 -8.069385867296234582e-02
1.425000000000000044e+00 8.057455100163812833e-02 -8.053544509390177242e-02
1.449999999999999956e+00 8.034415802179037391e-02 -8.038124465647533690e-02
1.475000000000000089e+00 8.011703091714665603e-02 -8.023102694437614368e-02
1.500000000000000000e+00 7.989294983915834480e-02 -8.008452997412350560e-02
1.524999999999999911e+00 7.967166468336440988e-02 -7.994146110889685519e-02
1.550000000000000044e+00 7.945289601044612515e-02 -7.980149808282833990e-02
1.574999999999999956e+00 7.923633607415098146e-02 -7.966429013200897191e-02
1.600000000000000089e+00 7.902164995352742305e-02 -7.952945922840227999e-02
1.625000000000000000e+00 7.880847678660952982e-02 -7.939660141254836767e-02
1.649999999999999911e+00 7.859643110208437700e-02 -7.926528822038730882e-02
1.675000000000000044e+00 7.838510424461898884e-02 -7.913506819877198784e-02
1.699999999999999956e+00 7.817406588849473703e-02 -7.900546850334816407e-02
1.725000000000000311e+00 7.796286563310712847e-02 -7.887599657154656385e-02
1.750000000000000000e+00 7.775103467284284753e-02 -7.874614186254942638e-02
1.774999999999999911e+00 7.753808753295875211e-02 -7.861537765535950295e-02
1.800000000000000044e+00 7.732352386243726561e-02 -7.848316289558358860e-02
1.824999999999999956e+00 7.710683027443876458e-02 -7.834894408129031151e-02
1.850000000000000311e+00 7.688748222493228812e-02 -7.821215717833548964e-02
1.875000000000000000e+00 7.666494592034210631e-02 -7.807222955584630641e-02
1.899999999999999911e+00 7.643868024555157403e-02 -7.792858193307711234e-02
1.925000000000000044e+00 7.620813870427874115e-02 -7.778063032952944877e-02
1.949999999999999956e+00 7.597277136459364144e-02 -7.762778801098595138e-02
1.975000000000000089e+00 7.573202680309167045e-02 -7.746946742486501836e-02
2.000000000000000000e+00 7.548535404188917719e-02 -7.730508211898673432e-02
2.024999999999999911e+00 7.523220447310582926e-02 -7.713404863839501413e-02
2.049999999999999822e+00 7.497203376580341416e-02 -7.695578839527304760e-02
2.075000000000000178e+00 7.470430375046178961e-02 -7.676972950721432098e-02
2.100000000000000089e+00 7.442848427600469441e-02 -7.657530859917999200e-02
2.125000000000000000e+00 7.414405503419518872e-02 -7.637197256443392646e-02
2.149999999999999911e+00 7.385050734595885458e-02 -7.615918027964022063e-02
2.174999999999999822e+00 7.354734590393643967e-02 -7.593640426920389430e-02
2.200000000000000178e+00 7.323409046538482958e-02 -7.570313231388453579e-02
2.225000000000000089e+00 7.291027748948818166e-02 -7.545886899876619314e-02
2.250000000000000000e+00 7.257546171325356121e-02 -7.520313719585480783e-02
2.274999999999999911e+00 7.222921766045499459e-02 -7.493547947691052424e-02
2.299999999999999822e+00 7.187114107855512024e-02 -7.465545945259757787e-02
2.325000000000000178e+00 7.150085029913458290e-02 -7.436266303462159277e-02
2.350000000000000089e+00 7.111798751805495367e-02 -7.405669961818169000e-02
2.375000000000000000e+00 7.072221999230818290e-02 -7.373720318274314123e-02
2.399999999999999911e+00 7.031324115120497764e-02 -7.340383330978068888e-02
2.424999999999999822e+00 6.989077162017372225e-02 -7.305627611671045019e-02
2.450000000000000178e+00 6.945456015593559629e-02 -7.269424510667853168e-02
2.475000000000000089e+00 6.900438449217023706e-02 -7.231748193419268445e-02
2.500000000000000000e+00 6.854005209498399698e-02 -7.192575708675998103e-02
2.524999999999999911e+00 6.806140082755797460e-02 -7.151887048274994940e-02
2.549999999999999822e+00 6.756829952331698530e-02 -7.109665198566192390e-02
2.575000000000000178e+00 6.706064846687154191e-02 -7.065896183488071247e-02
2.600000000000000089e+00 6.653837978189051927e-02 -7.020569099289852844e-02
2.625000000000000000e+00 6.600145772501329888e-02 -6.973676140890620878e-02
2.649999999999999911e+00 6.544987888494795125e-02 -6.925212619865050989e-02
2.674999999999999822e+00 6.488367228605237957e-02 -6.875176974053859302e-02
2.700000000000000178e+00 6.430289939597218229e-02 -6.823570768816100696e-02
2.725000000000000089e+00 6.370765403730424548e-02 -6.770398689969048256e-02
2.750000000000000000e+00 6.309806220374844510e-02 -6.715668528498341949e-02
2.774999999999999911e+00 6.247428178176581831e-02 -6.659391157163220554e-02
2.799999999999999822e+00 6.183650217933989862e-02 -6.601580499165332627e-02
2.825000000000000178e+00 6.118494386399336155e-02 -6.542253489091705287e-02
2.850000000000000089e+00 6.051985781270705078e-02 -6.481430026378801057e-02
2.875000000000000000e+00 5.984152487679160470e-02 -6.419132921573489359e-02
2.899999999999999911e+00 5.915025506505627861e-02 -6.355387835686028553e-02
2.924999999999999822e+00 5.844638674880040657e-02 -6.290223212940007635e-02
2.950000000000000178e+00 5.773028579223505458e-02 -6.223670207225334011e-02
2.975000000000000089e+00 5.700234461194354091e-02 -6.155762602554973317e-02
3.000000000000000000e+00 5.626298116894607598e-02 -6.086536727816802689e-02
3.024999999999999911e+00 5.551263789687760353e-02 -6.016031366101894789e-02
3.049999999999999822e+00 5.475178056975483348e-02 -5.944287658882468905e-02
3.075000000000000178e+00 5.398089711282377801e-02 -5.871349005309386276e-02
3.100000000000000089e+00 5.320049636006475569e-02 -5.797260956901700846e-02
3.125000000000000000e+00 5.241110676208936281e-02 -5.722071107910266935e-02
3.149999999999999911e+00 5.161327504839086783e-02 -5.645828981653033818e-02
3.174999999999999822e+00 5.080756484818700625e-02 -5.568585913140123439e-02
3.200000000000000178e+00 4.999455527439403829e-02 -5.490394928329737911e-02
3.225000000000000089e+00 4.917483947556672286e-02 -5.411310620378811942e-02
3.250000000000000000e+00 4.834902316089379620e-02 -5.331389023272465472e-02
3.274999999999999911e+00 4.751772310352929407e-02 -5.250687483231216562e-02
3.299999999999999822e+00 4.668156562764304990e-02 -5.169264528302983802e-02
3.325000000000000178e+00 4.584118508458129293e-02 -5.087179736547168402e-02
3.350000000000000089e+00 4.499722232343849465e-02 -5.004493603210626029e-02
3.375000000000000444e+00 4.415032316116964534e-02 -4.921267407281301742e-02
3.399999999999999911e+00 4.330113685713449928e-02 -4.837563077786098675e-02
3.424999999999999822e+00 4.245031459669177526e-02 -4.753443060177840740e-02
3.450000000000000622e+00 4.159850798818058581e-02 -4.668970183134387580e-02
3.475000000000000533e+00 4.074636757736215670e-02 -4.584207526073048877e-02
3.500000000000000000e+00 3.989454138317476833e-02 -4.499218287667940130e-02
3.524999999999999911e+00 3.904367345848953202e-02 -4.414065655647581021e-02
3.549999999999999822e+00 3.819440247944941996e-02 -4.328812678145424475e-02
3.575000000000000622e+00 3.734736036692407057e-02 -4.243522136876634598e-02
3.600000000000000089e+00 3.650317094360622239e-02 -4.158256422419315257e-02
3.625000000000000000e+00 3.566244863028748130e-02 -4.073077411885242527e-02
3.649999999999999911e+00 3.482579718486366466e-02 -3.988046349272564989e-02
3.674999999999999822e+00 3.399380848760179263e-02 -3.903223728798088654e-02
3.700000000000000622e+00 3.316706137613804201e-02 -3.818669181508276694e-02
3.725000000000000089e+00 3.234612053354898875e-02 -3.734441365464515050e-02
3.750000000000000000e+00 3.153153543264062414e-02 -3.650597859788558275e-02
3.774999999999999911e+00 3.072383933933675940e-02 -3.567195062839017411e-02
3.799999999999999822e+00 2.992354837772289236e-02 -3.484288094769300015e-02
3.825000000000000178e+00 2.913116065893833068e-02 -3.401930704693708479e-02
3.850000000000000089e+00 2.834715547572312297e-02 -3.320175182662507551e-02
3.875000000000000000e+00 2.757199256404254881e-02 -3.239072276620998114e-02
3.899999999999999911e+00 2.680611143285141149e-02 -3.158671114503486949e-02
3.924999999999999822e+00 2.604993076273816321e-02 -3.079019131591890709e-02
3.950000000000000178e+00 2.530384787391651291e-02 -3.000162003251491058e-02
3.975000000000000089e+00 2.456823826381215187e-02 -2.922143583143071641e-02
4.000000000000000000e+00 2.384345521431799342e-02 -2.845005847000939628e-02
4.025000000000000355e+00 2.312982946865421024e-02 -2.768788842059111480e-02
4.049999999999999822e+00 2.242766897764918860e-02 -2.693530642201698647e-02
4.075000000000000178e+00 2.173725871513905103e-02 -2.619267308906637198e-02
4.099999999999999645e+00 2.105886056204694587e-02 -2.546032858042894531e-02
4.125000000000000000e+00 2.039271325853235853e-02 -2.473859232568495839e-02
4.150000000000000355e+00 1.973903242338935840e-02 -2.402776281159734947e-02
4.174999999999999822e+00 1.909801063961233045e-02 -2.332811742779879183e-02
4.200000000000000178e+00 1.846981760474732115e-02 -2.263991237169496462e-02
4.224999999999999645e+00 1.785460034431392631e-02 -2.196338261210568563e-02
4.250000000000000000e+00 1.725248348623252201e-02 -2.129874191084436125e-02
4.275000000000000355e+00 1.666356959384584363e-02 -2.064618290111073021e-02
4.299999999999999822e+00 1.608793955479808496e-02 -2.000587722125503690e-02
4.325000000000000178e+00 1.552565302275030028e-02 -1.937797570218480203e-02
4.349999999999999645e+00 1.497674890867940756e-02 -1.876260860643572809e-02
4.375000000000000000e+00 1.444124591833736287e-02 -1.815988591672573413e-02
4.400000000000000355e+00 1.391914313234189626e-02 -1.756989767165900718e-02
4.424999999999999822e+00 1.341042062532111535e-02 -1.699271434613837048e-02
4.450000000000000178e+00 1.291504012053629365e-02 -1.642838727397574403e-02
4.474999999999999645e+00 1.243294567644250177e-02 -1.587694911014697619e-02
4.500000000000000000e+00 1.196406440170129891e-02 -1.533841433010834851e-02
4.525000000000000355e+00 1.150830719521916956e-02 -1.481277976356477899e-02
4.549999999999999822e+00 1.106556950783413665e-02 -1.430002516004285837e-02
4.575000000000000178e+00 1.063573212230636833e-02 -1.380011378357069891e-02
4.599999999999999645e+00 1.021866194828033488e-02 -1.331299303369753301e-02
4.625000000000000000e+00 9.814212828879783496e-03 -1.283859509000192384e-02
4.650000000000000355e+00 9.422226355581125867e-03 -1.237683757714705748e-02
4.674999999999999822e+00 9.042532687993955903e-03 -1.192762424745211561e-02
4.700000000000000178e+00 8.674951375176452595e-03 -1.149084567787548444e-02
4.724999999999999645e+00 8.319292175138555401e-03 -1.106637997825846327e-02
4.750000000000000000e+00 7.975355869250284543e-03 -1.065409350766770985e-02
4.775000000000000355e+00 7.642935068384010266e-03 -1.025384159570993936e-02
4.799999999999999822e+00 7.321815007779996012e-03 -9.865469265773706836e-03
4.825000000000000178e+00 7.011774327833080259e-03 -9.488811957281309550e-03
4.849999999999999645e+00 6.712585838246788901e-03 -9.123696244201414882e-03
4.875000000000000000e+00 6.424017263277254780e-03 -8.769940547270370021e-03
4.900000000000000355e+00 6.145831966080684237e-03 -8.427355837586053555e-03
4.924999999999999822e+00 5.877789650466556937e-03 -8.095746329457753632e-03
4.950000000000000178e+00 5.619647038632765573e-03 -7.774910160608327313e-03
4.974999999999999645e+00 5.371158523704844256e-03 -7.464640058019544715e-03
5.000000000000000000e+00 5.132076796112242274e-03 -7.164723987881148858e-03
5.025000000000000355e+00 4.902153443008235370e-03 -6.874945788247772971e-03
5.049999999999999822e+00 4.681139520077078585e-03 -6.595085783124272558e-03
5.075000000000000178e+00 4.468786095180391112e-03 -6.324921376797350975e-03
5.099999999999999645e+00 4.264844763383432262e-03 -6.064227627315591125e-03
5.125000000000000000e+00 4.069068132981948707e-03 -5.812777798101246424e-03
5.150000000000000355e+00 3.881210282234417216e-03 -5.570343886765573467e-03
5.174999999999999822e+00 3.701027186600613396e-03 -5.336697130301768129e-03
5.200000000000000178e+00 3.528277116403956588e-03 -5.111608485952314970e-03
5.224999999999999645e+00 3.362721004973410512e-03 -4.894849087192340749e-03
5.250000000000000000e+00 3.204122787479471608e-03 -4.686190674434860190e-03
5.275000000000000355e+00 3.052249710852820985e-03 -4.485406000243994003e-03
5.299999999999999822e+00 2.906872615353269657e-03 -4.292269209028192790e-03
5.325000000000000178e+00 2.767766188530943090e-03 -4.106556191369278852e-03
5.349999999999999645e+00 2.634709192479076350e-03 -3.928044913313343683e-03
5.375000000000000000e+00 2.507484665408105280e-03 -3.756515721097367783e-03
5.400000000000000355e+00 2.385880098666797334e-03 -3.591751621904390197e-03
5.424999999999999822e+00 2.269687590392924052e-03 -3.433538541325272669e-03
5.450000000000000178e+00 2.158703976994484977e-03 -3.281665558257205670e-03
5.474999999999999645e+00 2.052730943645974734e-03 -3.135925117990794129e-03
5.500000000000000000e+00 1.951575114940749941e-03 -2.996113224234993756e-03
5.525000000000000355e+00 1.855048126780255114e-03 -2.862029610811394394e-03
5.549999999999999822e+00 1.762966680514478461e-03 -2.733477893724879908e-03
5.575000000000000178e+00 1.675152580286874606e-03 -2.610265704296467135e-03
5.599999999999999645e+00 1.591432754489611025e-03 -2.492204804033243230e-03
5.625000000000000000e+00 1.511639262207585890e-03 -2.379111181914913848e-03
5.650000000000000355e+00 1.435609285524892375e-03 -2.270805134799175166e-03
5.674999999999999822e+00 1.363185108583337465e-03 -2.167111331686729075e-03
5.700000000000000178e+00 1.294214084314933852e-03 -2.067858862638024056e-03
5.724999999999999645e+00 1.228548589811129721e-03 -1.972881273190746181e-03
5.750000000000000000e+00 1.166045971331518575e-03 -1.882016585181621720e-03
5.775000000000000355e+00 1.106568479985358148e-03 -1.795107304920961089e-03
5.799999999999999822e+00 1.049983199131179420e-03 -1.712000419695704819e-03
5.825000000000000178e+00 9.961619645283024613e-04 -1.632547383582098844e-03
5.849999999999999645e+00 9.449812782356407015e-04 -1.556604093529914126e-03
5.875000000000000000e+00 8.963222171890186836e-04 -1.484030856636903454e-03
5.900000000000000355e+00 8.500703373024061371e-04 -1.414692349468977140e-03
5.924999999999999822e+00 8.061155738377987195e-04 -1.348457570203704737e-03
5.950000000000000178e+00 7.643521386820612126e-04 -1.285199784290621053e-03
5.974999999999999645e+00 7.246784150660162552e-04 -1.224796464238980375e-03
6.000000000000000000e+00 6.869968501704419063e-04 -1.167129224069998923e-03
6.025000000000000355e+00 6.512138459924284419e-04 -1.112083748912565465e-03
6.049999999999999822e+00 6.172396487978312188e-04 -1.059549720182221709e-03
6.075000000000000178e+00 5.849882374627254173e-04 -1.009420736764554986e-03
6.099999999999999645e+00 5.543772110063961613e-04 -9.615942326237290590e-04
6.125000000000000000e+00 5.253276756352501329e-04 -9.159713912707385898e-04
6.150000000000000355e+00 4.977641316441975368e-04 -8.724570575477964829e-04
6.174999999999999822e+00 4.716143605505952133e-04 -8.309596472079067717e-04
6.200000000000000178e+00 4.468093128579375792e-04 -7.913910547851778178e-04
6.224999999999999645e+00 4.232829968547485722e-04 -7.536665602556707989e-04
6.250000000000000000e+00 4.009723688438004280e-04 -7.177047349762863187e-04
6.275000000000000355e+00 3.798172251657545980e-04 -6.834273473589322139e-04
6.299999999999999822e+00 3.597600963307138978e-04 -6.507592686894490483e-04
6.325000000000000178e+00 3.407461435046720737e-04 -6.196283794392183240e-04
6.349999999999999645e+00 3.227230575219317368e-04 -5.899654763471766762e-04
6.375000000000000000e+00 3.056409605165854660e-04 -5.617041804777926509e-04
6.400000000000000355e+00 2.894523101942220807e-04 -5.347808463932049797e-04
6.424999999999999822e+00 2.741118067062890684e-04 -5.091344725215746648e-04
6.450000000000000178e+00 2.595763020493611862e-04 -4.847066127632807127e-04
6.474999999999999645e+00 2.458047118930314153e-04 -4.614412893547998750e-04
6.500000000000000000e+00 2.327579297432788065e-04 -4.392849070069287823e-04
6.525000000000000355e+00 2.203987433703077600e-04 -4.181861683472775488e-04
6.549999999999999822e+00 2.086917534658796385e-04 -3.980959907223888413e-04
6.575000000000000178e+00 1.976032945382218272e-04 -3.789674244465401627e-04
6.599999999999999645e+00 1.871013580952762877e-04 -3.607555726159282364e-04
6.625000000000000000e+00 1.771555182019741092e-04 -3.434175126321726006e-04
6.650000000000000355e+00 1.677368595186141140e-04 -3.269122195930153243e-04
6.674999999999999822e+00 1.588179079313959807e-04 -3.112004917071918108e-04
6.700000000000000178e+00 1.503725638713877225e-04 -2.962448778737360308e-04
6.724999999999999645e+00 1.423760383862636165e-04 -2.820096075345357033e-04
6.750000000000000888e+00 1.348047919838312510e-04 -2.684605228661797027e-04
6.775000000000001243e+00 1.276364762134731240e-04 -2.555650133278524632e-04
6.799999999999999822e+00 1.208498778980231111e-04 -2.432919525321708680e-04
6.825000000000001066e+00 1.144248658811534134e-04 -2.316116373613056625e-04
6.849999999999999645e+00 1.083423401201045257e-04 -2.204957292167074941e-04
6.875000000000000000e+00 1.025841829349172745e-04 -2.099171972710373176e-04
6.900000000000001243e+00 9.713321222528593555e-05 -1.998502635872819713e-04
6.924999999999999822e+00 9.197313648419596971e-05 -1.902703499821956827e-04
6.950000000000001066e+00 8.708851147084263860e-05 -1.811540265366563568e-04
6.974999999999999645e+00 8.246469844895203745e-05 -1.724789616901312270e-04
7.000000000000000000e+00 7.808782394425818510e-05 -1.642238738948135449e-04
7.025000000000001243e+00 7.394474102005194223e-05 -1.563684848414838464e-04
7.049999999999999822e+00 7.002299210590259989e-05 -1.488934742983620996e-04
7.075000000000001066e+00 6.631077343736282797e-05 -1.417804366219963582e-04
7.099999999999999645e+00 6.279690117049961889e-05 -1.350118390030469813e-04
7.125000000000000000e+00 5.947077922408571286e-05 -1.285709814990801142e-04
7.150000000000001243e+00 5.632236887600139999e-05 -1.224419588828518524e-04
7.174999999999999822e+00 5.334216010277137779e-05 -1.166096243010979135e-04
7.200000000000000178e+00 5.052114460764728772e-05 -1.110595547005151842e-04
7.224999999999999645e+00 4.785079043948904708e-05 -1.057780179393780267e-04
7.250000000000000000e+00 4.532301806793936292e-05 -1.007519414706078384e-04
7.275000000000001243e+00 4.293017775516271174e-05 -9.596888245927602209e-05
7.299999999999999822e+00 4.066502805435892321e-05 -9.141699918764808737e-05
7.325000000000000178e+00 3.852071527149937541e-05 -8.708502360513978551e-05
7.349999999999999645e+00 3.649075374866098473e-05 -8.296223489820765196e-05
7.375000000000000000e+00 3.456900686174579126e-05 -7.903843398378456223e-05
7.400000000000001243e+00 3.274966866764666474e-05 -7.530391886529745604e-05
7.424999999999999822e+00 3.102724618036086592e-05 -7.174946082777674281e-05
7.450000000000000178e+00 2.939654229624003622e-05 -6.836628148304469321e-05
7.474999999999999645e+00 2.785263942011630885e-05 -6.514603070274956314e-05
7.500000000000000000e+00 2.639088386251103291e-05 -6.208076549278085941e-05
7.525000000000000355e+00 2.500687108135296100e-05 -5.916292986539129032e-05
7.549999999999999822e+00 2.369643182953307423e-05 -5.638533575512549444e-05
7.575000000000000178e+00 2.245561924435365798e-05 -5.374114500314500887e-05
7.599999999999999645e+00 2.128069688023367091e-05 -5.122385240496134750e-05
7.625000000000000000e+00 2.016812764714289710e-05 -4.882726978338527995e-05
7.650000000000000355e+00 1.911456357958220306e-05 -4.654551101625287521e-05
7.674999999999999822e+00 1.811683633002746609e-05 -4.437297792199775573e-05
7.700000000000000178e+00 1.717194826078958803e-05 -4.230434688889878395e-05
7.724999999999999645e+00 1.627706400211914624e-05 -4.033455612843812454e-05
7.750000000000000000e+00 1.542950235280705161e-05 -3.845879344023072336e-05
7.775000000000000355e+00 1.462672842140474426e-05 -3.667248439449680082e-05
7.799999999999999822e+00 1.386634593842514881e-05 -3.497128086554683135e-05
7.825000000000000178e+00 1.314608970803068774e-05 -3.335104988229231361e-05
7.849999999999999645e+00 1.246381820668433674e-05 -3.180786279517390416e-05
7.875000000000000000e+00 1.181750637064234062e-05 -3.033798478842538183e-05
7.900000000000000355e+00 1.120523863962745148e-05 -2.893786478853960754e-05
7.924999999999999822e+00 1.062520233710064090e-05 -2.760412583127260221e-05
7.950000000000000178e+00 1.007568146691600964e-05 -2.633355594918391620e-05
7.974999999999999645e+00 9.555050992015464597e-06 -2.512309963001230548e-05
8.000000000000000000e+00 9.061771635538233449e-06 -2.396984987473285534e-05
8.025000000000000355e+00 8.594385212031876783e-06 -2.287104085651832830e-05
8.050000000000000711e+00 8.151510460956002936e-06 -2.182404115158687150e-05
8.074999999999999289e+00 7.731839321554597410e-06 -2.082634748480049935e-05
8.099999999999999645e+00 7.334133561953083897e-06 -1.987557891048321606e-05
8.125000000000000000e+00 6.957221659662977737e-06 -1.896947133562062963e-05
8.150000000000000355e+00 6.599995827736330528e-06 -1.810587229008068561e-05
8.175000000000000711e+00 6.261409090815309483e-06 -1.728273585707585993e-05
8.199999999999999289e+00 5.940472336934794606e-06 -1.649811769562099711e-05
8.224999999999999645e+00 5.636251301014490182e-06 -1.575017011249459651e-05
8.250000000000000000e+00 5.347863470404602988e-06 -1.503713717078720229e-05
8.275000000000000355e+00 5.074474936862769127e-06 -1.435734985134809353e-05
8.300000000000000711e+00 4.815297248330625390e-06 -1.370922130842595653e-05
8.324999999999999289e+00 4.569584333982052614e-06 -1.309124227823394919e-05
8.349999999999999645e+00 4.336629584607466481e-06 -1.250197670675912861e-05
8.375000000000000000e+00 4.115763166507764965e-06 -1.194005766007295026e-05
8.400000000000000355e+00 3.906349631457156726e-06 -1.140418356728034187e-05
8.425000000000000711e+00 3.707785860255113884e-06 -1.089311482504546856e-05
8.449999999999999289e+00 3.519499346597861999e-06 -1.040567076647958434e-05
8.474999999999999645e+00 3.340946795794107030e-06 -9.940726969748692700e-06
8.500000000000000000e+00 3.171612983737371857e-06 -9.497212856944605574e-06
8.525000000000000355e+00 3.011009799539170484e-06 -9.074109514979445022e-06
8.550000000000000711e+00 2.858675383368566912e-06 -8.670447660136100952e-06
8.574999999999999289e+00 2.714173270808706415e-06 -8.285305667698410448e-06
8.599999999999999645e+00 2.577091466426230395e-06 -7.917807597835398265e-06
8.625000000000000000e+00 2.447041390551191907e-06 -7.567121167137417713e-06
8.650000000000000355e+00 2.323656671487702444e-06 -7.232455639409401850e-06
8.675000000000000711e+00 2.206591786511073245e-06 -6.913059636023978280e-06
8.699999999999999289e+00 2.095520584855495456e-06 -6.608218891809949550e-06
8.724999999999999645e+00 1.990134750282835173e-06 -6.317254003440359480e-06
8.750000000000000000e+00 1.890142276519423851e-06 -6.039518230922158633e-06
8.775000000000000355e+00 1.795266033839624073e-06 -5.774395417218259992e-06
8.800000000000000711e+00 1.705242498739792432e-06 -5.521298085818381756e-06
8.824999999999999289e+00 1.619820702088642276e-06 -5.279665762061169894e-06
8.849999999999999645e+00 1.538761426781204968e-06 -5.048963543332167209e-06
8.875000000000000000e+00 1.461836657121364167e-06 -4.828680918684990097e-06
8.900000000000000355e+00 1.388829253164839884e-06 -4.618330813718788103e-06
8.925000000000000711e+00 1.319532797861280563e-06 -4.417448814806973039e-06
8.949999999999999289e+00 1.253751546714205221e-06 -4.225592511286631163e-06
8.974999999999999645e+00 1.191300401137260212e-06 -4.042340886846275392e-06
9.000000000000000000e+00 1.132004828888906089e-06 -3.867293693209665329e-06
9.025000000000000355e+00 1.075700667464299537e-06 -3.700070749866438507e-06
9.050000000000000711e+00 1.022233767282165861e-06 -3.540311131527014207e-06
9.074999999999999289e+00 9.714594580149228520e-07 -3.387672227653526502e-06
9.099999999999999645e+00 9.232418496480763274e-07 -3.241828682667932167e-06
9.125000000000000000e+00 8.774530060382838354e-07 -3.102471247891890049e-06
9.150000000000000355e+00 8.339720491995029578e-07 -2.969305593906094390e-06
9.175000000000000711e+00 7.926842645603380605e-07 -2.842051142448772748e-06
9.199999999999999289e+00 7.534802794671037311e-07 -2.720439978802603739e-06
9.224999999999999645e+00 7.162553790572682702e-07 -2.604215898850445066e-06
9.250000000000000000e+00 6.809090065643825738e-07 -2.493133630412152386e-06
9.275000000000000355e+00 6.473444716114743461e-07 -2.386958248516123358e-06
9.300000000000000711e+00 6.154688633817164529e-07 -2.285464781448606447e-06
9.324999999999999289e+00 5.851931395180716275e-07 -2.188437982156441492e-06
9.349999999999999645e+00 5.564323397113051039e-07 -2.095672220842822906e-06
9.375000000000000000e+00 5.291058582571635580e-07 -2.006971441952841832e-06
9.400000000000000355e+00 5.031377042756298946e-07 -1.922149123938297132e-06
9.425000000000000711e+00 4.784566825296249712e-07 -1.841028183717125928e-06
9.449999999999999289e+00 4.549964411392306618e-07 -1.763440779159933307e-06
9.474999999999999645e+00 4.326953530295486726e-07 -1.689227980452372263e-06
9.500000000000000000e+00 4.114962227661589352e-07 -1.618239302443675725e-06
9.525000000000000355e+00 3.913458360719408936e-07 -1.550332112051036512e-06
9.550000000000000711e+00 3.721943922007876216e-07 -1.485370944442642109e-06
9.574999999999999289e+00 3.539948763718403315e-07 -1.423226776397007014e-06
9.599999999999999645e+00 3.367024383738998184e-07 -1.363776312947150563e-06
9.625000000000000000e+00 3.202738429789652199e-07 -1.306901343141693191e-06
9.650000000000000355e+00 3.046670483458062562e-07 -1.252488212764984346e-06
9.675000000000000711e+00 2.898409512624493094e-07 -1.200427447091139382e-06
9.699999999999999289e+00 2.757553156275511740e-07 -1.150613537614755467e-06
9.724999999999999645e+00 2.623708759748873136e-07 -1.102944885633990755e-06
9.750000000000000000e+00 2.496495845721669328e-07 -1.057323875669350338e-06
9.775000000000000355e+00 2.375549519812225467e-07 -1.013657035656815212e-06
9.800000000000000711e+00 2.260524192595311095e-07 -9.718552308085003366e-07
9.824999999999999289e+00 2.151096970400330117e-07 -9.318338353960702123e-07
9.849999999999999645e+00 2.046970126113892155e-07 -8.935128317228890035e-07
9.875000000000000000e+00 1.947872201060853045e-07 -8.568167974004871766e-07
9.900000000000000355e+00 1.853557488865757751e-07 -8.216747591905346914e-07
9.925000000000000711e+00 1.763803884285173559e-07 -7.880199114443639988e-07
9.949999999999999289e+00 1.678409311544999892e-07 -7.557892171014387453e-07
9.974999999999999645e+00 1.597187146203813009e-07 -7.249229262810319614e-07
1.000000000000000000e+01 1.519961184399397918e-07 -6.953640595921705879e-07
1.002500000000000036e+01 1.446560775028766149e-07 -6.670579086315361457e-07
1.005000000000000071e+01 1.376816706109859834e-07 -6.399516041923901980e-07
1.007499999999999929e+01 1.310558330687052863e-07 -6.139937936833625731e-07
1.009999999999999964e+01 1.247612245429283263e-07 -5.891344546275827437e-07
1.012500000000000000e+01 1.187802621022568809e-07 -5.653248527965826663e-07
1.015000000000000036e+01 1.130953057846706122e-07 -5.425176342315831590e-07
1.017500000000000071e+01 1.076889634034262323e-07 -5.206670227046474102e-07
1.019999999999999929e+01 1.025444654878948696e-07 -4.997290806020321480e-07
1.022499999999999964e+01 9.764605233110744526e-08 -4.796619834444222942e-07
1.025000000000000000e+01 9.297931429861489027e-08 -4.604262575574221939e-07
1.027500000000000036e+01 8.853143387623619102e-08 -4.419849365101825054e-07
1.030000000000000071e+01 8.429129226038263693e-08 -4.243036042109067090e-07
1.032499999999999929e+01 8.024942263188392008e-08 -4.073503090392545911e-07
1.034999999999999964e+01 7.639781386938269594e-08 -3.910953518838334833e-07
1.037500000000000000e+01 7.272958928239131649e-08 -3.755109688393306878e-07
1.040000000000000036e+01 6.923860223137713552e-08 -3.605709441480180433e-07
1.042500000000000071e+01 6.591900174380191839e-08 -3.462501986773352403e-07
1.044999999999999929e+01 6.276482509151826408e-08 -3.325244026222526337e-07
1.047499999999999964e+01 5.976967017545100916e-08 -3.193696576928058833e-07
1.050000000000000000e+01 5.692648919678977832e-08 -3.067622843514166607e-07
1.052500000000000036e+01 5.422752808240603816e-08 -2.946787352215819192e-07
1.055000000000000071e+01 5.166441590289982771e-08 -2.830956384222323648e-07
1.057499999999999929e+01 4.922838787691299079e-08 -2.719899569601845200e-07
1.059999999999999964e+01 4.691060737399906595e-08 -2.613392346812210170e-07
1.062500000000000000e+01 4.470253911824993728e-08 -2.511218879039831056e-07
1.065000000000000036e+01 4.259631924236572489e-08 -2.413174961912540727e-07
1.067500000000000071e+01 4.058506894675223457e-08 -2.319070465604715581e-07
1.069999999999999929e+01 3.866310690707003463e-08 -2.228730925445584905e-07
1.072499999999999964e+01 3.682603008978381619e-08 -2.141998018888406589e-07
1.075000000000000000e+01 3.507065123415996344e-08 -2.058728825610965433e-07
1.077500000000000036e+01 3.339480125617241108e-08 -1.978793938671435650e-07
1.080000000000000071e+01 3.179702354133775818e-08 -1.902074655172242545e-07
1.082499999999999929e+01 3.027620185796521154e-08 -1.828459601955225033e-07
1.084999999999999964e+01 2.883117250227831245e-08 -1.757841228588868559e-07
1.087500000000000000e+01 2.746037308684239918e-08 -1.690112616126826188e-07
1.090000000000000036e+01 2.616157486427070910e-08 -1.625165003875868032e-07
1.092500000000000071e+01 2.493173360933391493e-08 -1.562886335385751490e-07
1.094999999999999929e+01 2.376697739365202382e-08 -1.503160982368814117e-07
1.097499999999999964e+01 2.266273055975357626e-08 -1.445870642691900255e-07
1.100000000000000000e+01 2.161395444714134029e-08 -1.390896247765098271e-07
1.102500000000000036e+01 2.061546945953348608e-08 -1.338120577422188692e-07
1.105000000000000071e+01 1.966231224418658665e-08 -1.287431187307621190e-07
1.107499999999999929e+01 1.875007732736377553e-08 -1.238723214856515404e-07
1.109999999999999964e+01 1.787519521279451102e-08 -1.191901652041376404e-07
1.112500000000000000e+01 1.703510823740476791e-08 -1.146882751716764452e-07
1.115000000000000036e+01 1.622831996784605780e-08 -1.103594358095462523e-07
1.117500000000000071e+01 1.545431171592397692e-08 -1.061975103792164040e-07
1.119999999999999929e+01 1.471333818914067141e-08 -1.021972573877915664e-07
1.122499999999999964e+01 1.400613095554323941e-08 -9.835406804885239061e-08
1.125000000000000000e+01 1.333355093894055429e-08 -9.466365993456960722e-08
1.127500000000000036e+01 1.269623784140504639e-08 -9.112176777033132343e-08
1.130000000000000071e+01 1.209430446177014740e-08 -8.772387245929518250e-08
1.132499999999999929e+01 1.152711724195950475e-08 -8.446500383304386057e-08
1.134999999999999964e+01 1.099319211467293793e-08 -8.133964218817706205e-08
1.137500000000000000e+01 1.049021856260820055e-08 -7.834172986400536725e-08
1.140000000000000036e+01 1.001520693567778258e-08 -7.546478885165366388e-08
1.142500000000000071e+01 9.564737138171280554e-09 -7.270212587022306981e-08
1.144999999999999929e+01 9.135272951521286622e-09 -7.004709446426302203e-08
1.147499999999999964e+01 8.723497529838407656e-09 -6.749337611873938970e-08
1.150000000000000000e+01 8.326623082058829390e-09 -6.503524015138423975e-08
1.152500000000000036e+01 7.942631756233437511e-09 -6.266774545831260415e-08
1.155000000000000071e+01 7.570414639265892209e-09 -6.038685563123212671e-08
1.157499999999999929e+01 7.209790208252288633e-09 -5.818945123906632819e-08
1.159999999999999964e+01 6.861400394903516523e-09 -5.607323743383811406e-08
1.162500000000000000e+01 6.526499418002348123e-09 -5.403655966372641921e-08
1.165000000000000036e+01 6.206665230305864178e-09 -5.207815282071167008e-08
1.167500000000000071e+01 5.903473910421557224e-09 -5.019685826026000892e-08
1.169999999999999929e+01 5.618182116535341663e-09 -4.839134727011724626e-08
1.172499999999999964e+01 5.351461220305043222e-09 -4.665988839273945170e-08
1.175000000000000000e+01 5.103219252999867945e-09 -4.500018966277410158e-08
1.177500000000000036e+01 4.872534318334763147e-09 -4.340933621239463950e-08
1.180000000000000071e+01 4.657707537285822548e-09 -4.188383036294418650e-08
1.182499999999999929e+01 4.456426982721453450e-09 -4.041972713853903758e-08
1.184999999999999964e+01 4.266018787674547460e-09 -3.901284497926968941e-08
1.187500000000000000e+01 4.083749772240951078e-09 -3.765902128673868849e-08
1.190000000000000036e+01 3.907139080830614911e-09 -3.635437645945950601e-08
1.192500000000000071e+01 3.734235495968933325e-09 -3.509554927103103215e-08
1.194999999999999929e+01 3.563822154326172043e-09 -3.387987072968027910e-08
1.197499999999999964e+01 3.395520819344899640e-09 -3.270545236933074948e-08
1.200000000000000000e+01 3.229781966501373295e-09 -3.157117698373829631e-08
1.202500000000000036e+01 3.067762877107712706e-09 -3.047659343949714133e-08
1.205000000000000071e+01 2.911111414153237217e-09 -2.942173045515860729e-08
1.207499999999999929e+01 2.761686082603515115e-09 -2.840685538726660111e-08
1.209999999999999964e+01 2.621251504383681172e-09 -2.743221141731529727e-08
1.212500000000000000e+01 2.491191583079523900e-09 -2.649776931093665882e-08
1.215000000000000036e+01 2.372279780468639024e-09 -2.560302759039402424e-08
1.217500000000000071e+01 2.264537743710615991e-09 -2.474688801600082349e-08
1.219999999999999929e+01 2.167201032654857641e-09 -2.392762264003568696e-08
1.222499999999999964e+01 2.078795710573362738e-09 -2.314293591097187114e-08
1.225000000000000000e+01 1.997314221864712617e-09 -2.239011213987084501e-08
1.227500000000000036e+01 1.920465302546196175e-09 -2.166622692383605121e-08
1.230000000000000071e+01 1.845962666207583072e-09 -2.096839245718026496e-08
1.232499999999999929e+01 1.771812108318954545e-09 -2.029400223268793481e-08
1.234999999999999964e+01 1.696557234307872514e-09 -1.964094101826566137e-08
1.237500000000000000e+01 1.619450067020935419e-09 -1.900773106976528718e-08
1.240000000000000036e+01 1.540523461078527173e-09 -1.839359463216468546e-08
1.242500000000000071e+01 1.460556026068259243e-09 -1.779842451734114964e-08
1.244999999999999929e+01 1.380935236123378853e-09 -1.722266735005623218e-08
1.247499999999999964e+01 1.303438427909850079e-09 -1.666713613538022375e-08
1.250000000000000000e+01 1.229962614453774102e-09 -1.613277843165140946e-08
1.252500000000000036e+01 1.162240878240615480e-09 -1.562043239654156359e-08
1.255000000000000071e+01 1.101584671939671695e-09 -1.513060434927110208e-08
1.257499999999999929e+01 1.048687436763768552e-09 -1.466329829118740748e-08
1.259999999999999964e+01 1.003516212527463944e-09 -1.421792039566526068e-08
1.262500000000000000e+01 9.653054953382897186e-10 -1.379327090943175338e-08
1.265000000000000036e+01 9.326533473048219287e-10 -1.338762374011723201e-08
1.267500000000000071e+01 9.037056110559714922e-10 -1.299888186992875033e-08
1.269999999999999929e+01 8.764019881992148472e-10 -1.262478633472243676e-08
1.272499999999999964e+01 8.487493959167565014e-10 -1.226314929302660271e-08
1.275000000000000000e+01 8.190845053149282739e-10 -1.191207859665554960e-08
1.277500000000000036e+01 7.862891696327047231e-10 -1.157016272787883971e-08
1.280000000000000071e+01 7.499292435302695839e-10 -1.123659069542578570e-08
1.282499999999999929e+01 7.102981596542369432e-10 -1.091119068682974491e-08
1.284999999999999964e+01 6.683599291440747105e-10 -1.059438265001365591e-08
1.287500000000000000e+01 6.256002245800209229e-10 -1.028705193382046360e-08
1.290000000000000036e+01 5.838068527453592055e-10 -9.990361979767847163e-09
1.292500000000000071e+01 5.448105467888302403e-10 -9.705532373039878510e-09
1.294999999999999929e+01 5.102222438943325879e-10 -9.433613129039038373e-09
1.297499999999999964e+01 4.812032514911825352e-10 -9.175286407999031483e-09
1.300000000000000000e+01 4.582998482423616701e-10 -8.930722784953290195e-09
1.302500000000000036e+01 4.413647162613626264e-10 -8.699511468312618151e-09
1.305000000000000071e+01 4.295753950228985716e-10 -8.480673470353037984e-09
1.307499999999999929e+01 4.215464547253505845e-10 -8.272755186917500442e-09
1.309999999999999964e+01 4.155191077626370648e-10 -8.073988742099297461e-09
1.312500000000000000e+01 4.096014031828486121e-10 -7.882496314310218066e-09
1.315000000000000036e+01 4.020253343805982218e-10 -7.696509761558486954e-09
1.317500000000000071e+01 3.913851061195395772e-10 -7.514574955052990722e-09
1.319999999999999929e+01 3.768236924296031620e-10 -7.335712592724997482e-09
1.322499999999999964e+01 3.581422205933582948e-10 -7.159513507778893025e-09
1.325000000000000000e+01 3.358176027507496235e-10 -6.986155702289095446e-09
1.327500000000000036e+01 3.109266506848060764e-10 -6.816341298786234934e-09
1.330000000000000071e+01 2.849878789477422830e-10 -6.651162673524799932e-09
1.332499999999999929e+01 2.597435158831389345e-10 -6.491916786220585751e-09
1.334999999999999964e+01 2.369123618299840555e-10 -6.339893739114682059e-09
1.337500000000000000e+01 2.179479343913952318e-10 -6.196168972364051047e-09
1.340000000000000036e+01 2.038353674582488682e-10 -6.061427780266697775e-09
1.342500000000000071e+01 1.949548976945540265e-10 -5.935846141106565932e-09
1.344999999999999929e+01 1.910303614712850231e-10 -5.819043883412313705e-09
1.347499999999999964e+01 1.911691876196476400e-10 -5.710116076605059312e-09
1.350000000000000178e+01 1.939876763938300178e-10 -5.607737666199461678e-09
1.352500000000000213e+01 1.978035745273230003e-10 -5.510326280425420136e-09
1.355000000000000249e+01 2.008687261370108635e-10 -5.416240162448973041e-09
1.357499999999999929e+01 2.016093274125670530e-10 -5.323983574230795190e-09
1.359999999999999964e+01 1.988403628279467602e-10 -5.232391076999461280e-09
1.362500000000000000e+01 1.919247302107539085e-10 -5.140765325609276817e-09
1.365000000000000213e+01 1.808553911241729849e-10 -5.048949596691514019e-09
1.367500000000000249e+01 1.662497109343371257e-10 -4.957325436057189675e-09
1.369999999999999929e+01 1.492574209499344937e-10 -4.866736272079363127e-09
1.372499999999999964e+01 1.313955620617506777e-10 -4.778348055322566387e-09
1.375000000000000000e+01 1.143338295576836580e-10 -4.693466636628984491e-09
1.377500000000000213e+01 9.966043179793514262e-11 -4.613337434461364763e-09
1.380000000000000249e+01 8.866104571780485598e-11 -4.538955190776510926e-09
1.382499999999999929e+01 8.214144167093309500e-11 -4.470910037305387597e-09
1.384999999999999964e+01 8.031803778247289431e-11 -4.409290841505521861e-09
1.387500000000000000e+01 8.279108432766854679e-11 -4.353658739642534115e-09
1.390000000000000213e+01 8.860360662826203845e-11 -4.303093958688538781e-09
1.392500000000000249e+01 9.637732370833793903e-11 -4.256308828814508442e-09
1.394999999999999929e+01 1.045061438924796324e-10 -4.211810818953681551e-09
1.397499999999999964e+01 1.113799864410277830e-10 -4.168092585124209093e-09
1.400000000000000000e+01 1.156076695978975404e-10 -4.123822473308502808e-09
1.402500000000000213e+01 1.162079419974915809e-10 -4.078009048176813456e-09
1.405000000000000249e+01 1.127423671331756709e-10 -4.030116999731558810e-09
1.407499999999999929e+01 1.053720207770504786e-10 -3.980118684271964364e-09
1.409999999999999964e+01 9.483064529934235722e-11 -3.928474579510534808e-09
1.412500000000000000e+01 8.231855200101872220e-11 -3.876045818461690210e-09
1.415000000000000213e+01 6.933254069305643040e-11 -3.823951364338629390e-09
1.417500000000000249e+01 5.745584956924166652e-11 -3.773389925566548318e-09
1.419999999999999929e+01 4.813757786884310056e-11 -3.725451485783359573e-09
1.422499999999999964e+01 4.249225162629012725e-11 -3.680944544037827430e-09
1.425000000000000000e+01 4.114720789945287366e-11 -3.640262810105959672e-09
1.427500000000000036e+01 4.415865978008306227e-11 -3.603309480940346984e-09
1.430000000000000249e+01 5.100759886437728622e-11 -3.569489097363516447e-09
1.432499999999999929e+01 6.067553262608934472e-11 -3.537767583974888065e-09
1.434999999999999964e+01 7.178894317606502722e-11 -3.506791655722651944e-09
1.437500000000000000e+01 8.281184850097214435e-11 -3.475050603809537395e-09
1.440000000000000036e+01 9.225929387292789982e-11 -3.441057832830056766e-09
1.442500000000000249e+01 9.890181980498243136e-11 -3.403526934438250300e-09
1.444999999999999929e+01 1.019323752655762601e-10 -3.361518112871678520e-09
1.447499999999999964e+01 1.010725578627830888e-10 -3.314535136658478881e-09
1.450000000000000000e+01 9.660357983488961199e-11 -3.262560027155500286e-09
1.452500000000000036e+01 8.931799293545664098e-11 -3.206021537821156939e-09
1.455000000000000249e+01 8.039922052486451999e-11 -3.145702730802483446e-09
1.457499999999999929e+01 7.124603539405779801e-11 -3.082601451886923604e-09
1.459999999999999964e+01 6.326674250642722739e-11 -3.017764011030119869e-09
1.462500000000000000e+01 5.767197336804161998e-11 -2.952115983391880796e-09
1.465000000000000036e+01 5.529518197754952634e-11 -2.886314343758020522e-09
1.467500000000000249e+01 5.646599218133963888e-11 -2.820642017570705159e-09
1.469999999999999929e+01 6.095419977082459784e-11 -2.754959890537831483e-09
1.472499999999999964e+01 6.799241362158669973e-11 -2.688723221895135788e-09
1.475000000000000000e+01 7.637440489555213048e-11 -2.621060329723171669e-09
1.477500000000000036e+01 8.461577954543193636e-11 -2.550902709843535712e-09
1.480000000000000249e+01 9.115499400324257769e-11 -2.477148533010350275e-09
1.482499999999999929e+01 9.456716613293449840e-11 -2.398836800130286917e-09
1.484999999999999964e+01 9.376141675269123847e-11 -2.315307915282998606e-09
1.487500000000000000e+01 8.813474288661433532e-11 -2.226328276884268189e-09
1.490000000000000036e+01 7.766141275181155416e-11 -2.132161422407213792e-09
1.492500000000000071e+01 6.290570523415085740e-11 -2.033575568909899861e-09
1.494999999999999929e+01 4.495629856200190901e-11 -1.931786098104898200e-09
1.497499999999999964e+01 2.529126449539255268e-11 -1.828340393180891609e-09
