# col1: r[fm],  col2: chargedensity, col3: weak density [fm^-3](normailized to Q=1)
2.101448349307773875e-07 9.320854608895759452e-02 -8.970195201390696038e-02
2.500000000000000139e-02 9.320142157865984878e-02 -8.969473980557300663e-02
5.000000000000000278e-02 9.318006714037659066e-02 -8.967312216894267329e-02
7.499999999999999722e-02 9.314453993673892096e-02 -8.963715596019201926e-02
1.000000000000000056e-01 9.309493485929860868e-02 -8.958693558046690320e-02
1.250000000000000000e-01 9.303138397469402909e-02 -8.952259245081717332e-02
1.499999999999999944e-01 9.295405577874878145e-02 -8.944429430321754193e-02
1.749999999999999889e-01 9.286315428493030488e-02 -8.935224431111529753e-02
2.000000000000000111e-01 9.275891797712937370e-02 -8.924668008611466585e-02
2.250000000000000056e-01 9.264161865778089422e-02 -8.912787256839647954e-02
2.500000000000000000e-01 9.251156022091303055e-02 -8.899612483727072088e-02
2.750000000000000222e-01 9.236907737599238388e-02 -8.885177086504152111e-02
2.999999999999999889e-01 9.221453434284859751e-02 -8.869517423250407318e-02
3.250000000000000111e-01 9.204832353108947929e-02 -8.852672681838817670e-02
3.499999999999999778e-01 9.187086420994038105e-02 -8.834684746852092263e-02
3.750000000000000000e-01 9.168260116707624419e-02 -8.815598064402614675e-02
4.000000000000000222e-01 9.148400334844353221e-02 -8.795459504210789703e-02
4.249999999999999889e-01 9.127556246587341382e-02 -8.774318217840061662e-02
4.500000000000000111e-01 9.105779155589507901e-02 -8.752225491687631864e-02
4.749999999999999778e-01 9.083122347181149525e-02 -8.729234593210556670e-02
5.000000000000000000e-01 9.059640929183131186e-02 -8.705400608929943218e-02
5.250000000000000222e-01 9.035391662870198570e-02 -8.680780272988232460e-02
5.500000000000000444e-01 9.010432783051595951e-02 -8.655431785406085543e-02
5.749999999999999556e-01 8.984823806770100840e-02 -8.629414619655879914e-02
5.999999999999999778e-01 8.958625330710223711e-02 -8.602789319689591041e-02
6.250000000000000000e-01 8.931898817995015394e-02 -8.575617287080461448e-02
6.500000000000000222e-01 8.904706375585155764e-02 -8.547960559413110559e-02
6.750000000000000444e-01 8.877110523929633568e-02 -8.519881581446668573e-02
6.999999999999999556e-01 8.849173960822399876e-02 -8.491442970852015881e-02
7.249999999999999778e-01 8.820959321577923062e-02 -8.462707280472274440e-02
7.500000000000000000e-01 8.792528937649711496e-02 -8.433736759074790534e-02
7.750000000000000222e-01 8.763944595694529716e-02 -8.404593112464740778e-02
8.000000000000000444e-01 8.735267298857114782e-02 -8.375337266638067935e-02
8.249999999999999556e-01 8.706557031752092113e-02 -8.346029134395673010e-02
8.499999999999999778e-01 8.677872530289977571e-02 -8.316727386555597401e-02
8.750000000000000000e-01 8.649271057172762400e-02 -8.287489228619603077e-02
9.000000000000000222e-01 8.620808183605550845e-02 -8.258370183505771289e-02
9.250000000000001554e-01 8.592537577561076834e-02 -8.229423880772160360e-02
9.499999999999999556e-01 8.564510798809497893e-02 -8.200701852643366152e-02
9.749999999999999778e-01 8.536777100891576597e-02 -8.172253337115781280e-02
1.000000000000000000e+00 8.509383240262725911e-02 -8.144125088453699202e-02
1.024999999999999911e+00 8.482373292952213872e-02 -8.116361195483133562e-02
1.050000000000000044e+00 8.455788479243470102e-02 -8.089002908223787147e-02
1.074999999999999956e+00 8.429666997060578093e-02 -8.062088473548660594e-02
1.100000000000000089e+00 8.404043864915476669e-02 -8.035652980701413206e-02
1.125000000000000000e+00 8.378950775405605289e-02 -8.009728217612678558e-02
1.149999999999999911e+00 8.354415960333345936e-02 -7.984342539020965190e-02
1.175000000000000044e+00 8.330464068534983169e-02 -7.959520747411494290e-02
1.199999999999999956e+00 8.307116057454641544e-02 -7.935283987733832145e-02
1.225000000000000089e+00 8.284389099381915533e-02 -7.911649656750464887e-02
1.250000000000000000e+00 8.262296503102818657e-02 -7.888631327713328811e-02
1.274999999999999911e+00 8.240847651508836913e-02 -7.866238690878550599e-02
1.300000000000000044e+00 8.220047955487796987e-02 -7.844477510167915946e-02
1.324999999999999956e+00 8.199898824203276371e-02 -7.823349596086817681e-02
1.350000000000000089e+00 8.180397651674121973e-02 -7.802852794827612459e-02
1.375000000000000000e+00 8.161537819405920158e-02 -7.782980993337379472e-02
1.399999999999999911e+00 8.143308714710831286e-02 -7.763724140016765862e-02
1.425000000000000044e+00 8.125695764282835076e-02 -7.745068280644619441e-02
1.449999999999999956e+00 8.108680482568916825e-02 -7.726995609088427308e-02
1.475000000000000089e+00 8.092240534484244907e-02 -7.709484532355982689e-02
1.500000000000000000e+00 8.076349812049017640e-02 -7.692509749558772147e-02
1.524999999999999911e+00 8.060978524562315006e-02 -7.676042344380591687e-02
1.550000000000000044e+00 8.046093301960484390e-02 -7.660049890664025196e-02
1.574999999999999956e+00 8.031657311022571966e-02 -7.644496570732396690e-02
1.600000000000000089e+00 8.017630384074386773e-02 -7.629343306048590179e-02
1.625000000000000000e+00 8.003969159802613864e-02 -7.614547899771063888e-02
1.649999999999999911e+00 7.990627235720636212e-02 -7.600065190701818518e-02
1.675000000000000044e+00 7.977555331733940380e-02 -7.585847218035296491e-02
1.699999999999999956e+00 7.964701464142956433e-02 -7.571843396218061462e-02
1.725000000000000311e+00 7.952011129305985859e-02 -7.558000699126114774e-02
1.750000000000000000e+00 7.939427496075200652e-02 -7.544263852669268189e-02
1.774999999999999911e+00 7.926891606025787684e-02 -7.530575534849469344e-02
1.800000000000000044e+00 7.914342580430563934e-02 -7.516876582240031301e-02
1.824999999999999956e+00 7.901717832894930571e-02 -7.503106201819735588e-02
1.850000000000000311e+00 7.888953286562773448e-02 -7.489202187092003360e-02
1.875000000000000000e+00 7.875983594830070211e-02 -7.475101137442963228e-02
1.899999999999999911e+00 7.862742364555370955e-02 -7.460738679739162271e-02
1.925000000000000044e+00 7.849162380826908703e-02 -7.446049691229218725e-02
1.949999999999999956e+00 7.835175832426252707e-02 -7.430968522886345629e-02
1.975000000000000089e+00 7.820714537208714456e-02 -7.415429222402208920e-02
2.000000000000000000e+00 7.805710166693108354e-02 -7.399365756109792247e-02
2.024999999999999911e+00 7.790094469211497619e-02 -7.382712229168618412e-02
2.049999999999999822e+00 7.773799491009449059e-02 -7.365403103385817496e-02
2.075000000000000178e+00 7.756757794708576959e-02 -7.347373412071207810e-02
2.100000000000000089e+00 7.738902674547259997e-02 -7.328558971334457606e-02
2.125000000000000000e+00 7.720168367807463128e-02 -7.308896587232151243e-02
2.149999999999999911e+00 7.700490261821205107e-02 -7.288324258166603564e-02
2.174999999999999822e+00 7.679805095936134696e-02 -7.266781371932881650e-02
2.200000000000000178e+00 7.658051157813125509e-02 -7.244208896811100973e-02
2.225000000000000089e+00 7.635168473434149339e-02 -7.220549566112184625e-02
2.250000000000000000e+00 7.611098990220636906e-02 -7.195748055610330651e-02
2.274999999999999911e+00 7.585786752701433044e-02 -7.169751153335168770e-02
2.299999999999999822e+00 7.559178070224795154e-02 -7.142507921250292047e-02
2.325000000000000178e+00 7.531221676277245758e-02 -7.113969848409602836e-02
2.350000000000000089e+00 7.501868879048399774e-02 -7.084090995254500867e-02
2.375000000000000000e+00 7.471073702959511731e-02 -7.052828128788274364e-02
2.399999999999999911e+00 7.438793020948099299e-02 -7.020140848433777114e-02
2.424999999999999822e+00 7.404986677366350023e-02 -6.985991702442043150e-02
2.450000000000000178e+00 7.369617601402894680e-02 -6.950346294769081668e-02
2.475000000000000089e+00 7.332651910973474185e-02 -6.913173382373878628e-02
2.500000000000000000e+00 7.294059007046106713e-02 -6.874444962912175383e-02
2.524999999999999911e+00 7.253811658371757398e-02 -6.834136352809375148e-02
2.549999999999999822e+00 7.211886076586085381e-02 -6.792226255694881754e-02
2.575000000000000178e+00 7.168261981635856706e-02 -6.748696821173169602e-02
2.600000000000000089e+00 7.122922657470237562e-02 -6.703533693898437729e-02
2.625000000000000000e+00 7.075854997927465140e-02 -6.656726052913854164e-02
2.649999999999999911e+00 7.027049542745276989e-02 -6.608266641217104553e-02
2.674999999999999822e+00 6.976500503631996586e-02 -6.558151785523447241e-02
2.700000000000000178e+00 6.924205780355469075e-02 -6.506381406216828200e-02
2.725000000000000089e+00 6.870166966838525680e-02 -6.452959017508702599e-02
2.750000000000000000e+00 6.814389347290474019e-02 -6.397891717861017846e-02
2.774999999999999911e+00 6.756881882450828380e-02 -6.341190170771708601e-02
2.799999999999999822e+00 6.697657186070113400e-02 -6.282868576064605526e-02
2.825000000000000178e+00 6.636731491799195692e-02 -6.222944631867304704e-02
2.850000000000000089e+00 6.574124610698997562e-02 -6.161439487496992579e-02
2.875000000000000000e+00 6.509859879614506017e-02 -6.098377687503322986e-02
2.899999999999999911e+00 6.443964100678464813e-02 -6.033787107137424111e-02
2.924999999999999822e+00 6.376467472221498956e-02 -5.967698879527417316e-02
2.950000000000000178e+00 6.307403511367555560e-02 -5.900147314844078617e-02
2.975000000000000089e+00 6.236808968589239305e-02 -5.831169811737906689e-02
3.000000000000000000e+00 6.164723734489779838e-02 -5.760806761323520458e-02
3.024999999999999911e+00 6.091190739071072890e-02 -5.689101443982216150e-02
3.049999999999999822e+00 6.016255843743396892e-02 -5.616099919251515971e-02
3.075000000000000178e+00 5.939967726335193543e-02 -5.541850909074121090e-02
3.100000000000000089e+00 5.862377759372334324e-02 -5.466405674689348709e-02
3.125000000000000000e+00 5.783539881916114483e-02 -5.389817887468419805e-02
3.149999999999999911e+00 5.703510465277250585e-02 -5.312143494020202944e-02
3.174999999999999822e+00 5.622348172957446211e-02 -5.233440575924754035e-02
3.200000000000000178e+00 5.540113815207871328e-02 -5.153769204485653815e-02
3.225000000000000089e+00 5.456870198632260416e-02 -5.073191290926288427e-02
3.250000000000000000e+00 5.372681971297557646e-02 -4.991770432486689058e-02
3.274999999999999911e+00 5.287615463844790725e-02 -4.909571754904161478e-02
3.299999999999999822e+00 5.201738527114580651e-02 -4.826661751780656623e-02
3.325000000000000178e+00 5.115120366814509406e-02 -4.743108121351721773e-02
3.350000000000000089e+00 5.027831375759517912e-02 -4.658979601176028301e-02
3.375000000000000444e+00 4.939942964212457044e-02 -4.574345801261561067e-02
3.399999999999999911e+00 4.851527388842102884e-02 -4.489277036136545690e-02
3.424999999999999822e+00 4.762657580802556745e-02 -4.403844156361905876e-02
3.450000000000000622e+00 4.673406973424274607e-02 -4.318118379970246196e-02
3.475000000000000533e+00 4.583849329994921923e-02 -4.232171124305846716e-02
3.500000000000000000e+00 4.494058572100383120e-02 -4.146073838732896449e-02
3.524999999999999911e+00 4.404108608993691915e-02 -4.059897838676371912e-02
3.549999999999999822e+00 4.314073168462398411e-02 -3.973714141461424237e-02
3.575000000000000622e+00 4.224025629672479437e-02 -3.887593304422472945e-02
3.600000000000000089e+00 4.134038858477765560e-02 -3.801605265761223706e-02
3.625000000000000000e+00 4.044185045695376096e-02 -3.715819188640988313e-02
3.649999999999999911e+00 3.954535548857865401e-02 -3.630303309011535806e-02
3.674999999999999822e+00 3.865160737958293902e-02 -3.545124787661255161e-02
3.700000000000000622e+00 3.776129845703926624e-02 -3.460349566990279790e-02
3.725000000000000089e+00 3.687510822785397546e-02 -3.376042232987895575e-02
3.750000000000000000e+00 3.599370198650608116e-02 -3.292265882879090444e-02
3.774999999999999911e+00 3.511772948246612985e-02 -3.209081998879353276e-02
3.799999999999999822e+00 3.424782365158814817e-02 -3.126550328463691131e-02
3.825000000000000178e+00 3.338459941537354203e-02 -3.044728771517865584e-02
3.850000000000000089e+00 3.252865255157313951e-02 -2.963673274698189197e-02
3.875000000000000000e+00 3.168055863914900905e-02 -2.883437733283305410e-02
3.899999999999999911e+00 3.084087208018329931e-02 -2.804073900759139482e-02
3.924999999999999822e+00 3.001012520091340258e-02 -2.725631306338052035e-02
3.950000000000000178e+00 2.918882743370523544e-02 -2.648157180576368383e-02
3.975000000000000089e+00 2.837746458145100348e-02 -2.571696389221229950e-02
4.000000000000000000e+00 2.757649816559216982e-02 -2.496291375387670389e-02
4.025000000000000355e+00 2.678636485871143530e-02 -2.421982110139488803e-02
4.049999999999999822e+00 2.600747600239417326e-02 -2.348806051521062921e-02
4.075000000000000178e+00 2.524021721081183209e-02 -2.276798112060766585e-02
4.099999999999999645e+00 2.448494806021196679e-02 -2.205990634738376824e-02
4.125000000000000000e+00 2.374200186419440223e-02 -2.136413377377580775e-02
4.150000000000000355e+00 2.301168553430664107e-02 -2.068093505390053433e-02
4.174999999999999822e+00 2.229427952509609873e-02 -2.001055592758894247e-02
4.200000000000000178e+00 2.159003786232346900e-02 -1.935321631107496387e-02
4.224999999999999645e+00 2.089918825257758989e-02 -1.870911046655886895e-02
4.250000000000000000e+00 2.022193227205603891e-02 -1.807840724821766637e-02
4.275000000000000355e+00 1.955844563181003207e-02 -1.746125042179898570e-02
4.299999999999999822e+00 1.890887851631311081e-02 -1.685775905452567905e-02
4.325000000000000178e+00 1.827335599182444009e-02 -1.626802797167663933e-02
4.349999999999999645e+00 1.765197848069118003e-02 -1.569212827590509007e-02
4.375000000000000000e+00 1.704482229747893152e-02 -1.513010792511719840e-02
4.400000000000000355e+00 1.645194024264123520e-02 -1.458199236456605291e-02
4.424999999999999822e+00 1.587336224932745649e-02 -1.404778520871108674e-02
4.450000000000000178e+00 1.530909607888034964e-02 -1.352746896834636225e-02
4.474999999999999645e+00 1.475912806057061433e-02 -1.302100581849831122e-02
4.500000000000000000e+00 1.422342387114193356e-02 -1.252833840262033809e-02
4.525000000000000355e+00 1.370192934978156640e-02 -1.204939066865683139e-02
4.549999999999999822e+00 1.319457134417172453e-02 -1.158406873259722539e-02
4.575000000000000178e+00 1.270125858331048671e-02 -1.113226176518685405e-02
4.599999999999999645e+00 1.222188257281097735e-02 -1.069384289749983168e-02
4.625000000000000000e+00 1.175631850839605440e-02 -1.026867014111076427e-02
4.650000000000000355e+00 1.130442620331137751e-02 -9.856587318634691536e-03
4.674999999999999822e+00 1.086605102538956528e-02 -9.457425000442847354e-03
4.700000000000000178e+00 1.044102483952838271e-02 -9.071001443420465687e-03
4.724999999999999645e+00 1.002916695140690546e-02 -8.697123527719398742e-03
4.750000000000000000e+00 9.630285048366838893e-03 -8.335587687583152078e-03
4.775000000000000355e+00 9.244176133540291454e-03 -7.986180832491628426e-03
4.799999999999999822e+00 8.870627449510304699e-03 -7.648681255087263868e-03
4.825000000000000178e+00 8.509417388046298242e-03 -7.322859522603281102e-03
4.849999999999999645e+00 8.160316382753309006e-03 -7.008479348808934611e-03
4.875000000000000000e+00 7.823087781799888119e-03 -6.705298443806434472e-03
4.900000000000000355e+00 7.497488698230959231e-03 -6.413069339346544329e-03
4.924999999999999822e+00 7.183270835710658074e-03 -6.131540187659808260e-03
4.950000000000000178e+00 6.880181287863741495e-03 -5.860455532115809406e-03
4.974999999999999645e+00 6.587963309678609644e-03 -5.599557048312673105e-03
5.000000000000000000e+00 6.306357059692672094e-03 -5.348584254455208617e-03
5.025000000000000355e+00 6.035100311899263201e-03 -5.107275190101311091e-03
5.049999999999999822e+00 5.773929136494671162e-03 -4.875367062541625766e-03
5.075000000000000178e+00 5.522578548732210921e-03 -4.652596860234212151e-03
5.099999999999999645e+00 5.280783125275677684e-03 -4.438701932850741723e-03
5.125000000000000000e+00 5.048277587558890750e-03 -4.233420537613782376e-03
5.150000000000000355e+00 4.824797351773287175e-03 -4.036492351726063237e-03
5.174999999999999822e+00 4.610079045230263545e-03 -3.847658950819892766e-03
5.200000000000000178e+00 4.403860988987292995e-03 -3.666664253494905223e-03
5.224999999999999645e+00 4.205883646788728149e-03 -3.493254932166916897e-03
5.250000000000000000e+00 4.015890040552044619e-03 -3.327180790618534511e-03
5.275000000000000355e+00 3.833626132823478479e-03 -3.168195108819375338e-03
5.299999999999999822e+00 3.658841176823073894e-03 -3.016054955761437225e-03
5.325000000000000178e+00 3.491288034888784080e-03 -2.870521471225457970e-03
5.349999999999999645e+00 3.330723466300132465e-03 -2.731360117546273447e-03
5.375000000000000000e+00 3.176908385603937224e-03 -2.598340902570969117e-03
5.400000000000000355e+00 3.029608092670741781e-03 -2.471238575096795006e-03
5.424999999999999822e+00 2.888592475775775704e-03 -2.349832794132205790e-03
5.450000000000000178e+00 2.753636189023436504e-03 -2.233908273344923680e-03
5.474999999999999645e+00 2.624518805423187075e-03 -2.123254902048868093e-03
5.500000000000000000e+00 2.501024946884886167e-03 -2.017667844043666021e-03
5.525000000000000355e+00 2.382944392343879728e-03 -1.916947615565895140e-03
5.549999999999999822e+00 2.270072165160901163e-03 -1.820900143549077652e-03
5.575000000000000178e+00 2.162208600880936252e-03 -1.729336805330075133e-03
5.599999999999999645e+00 2.059159396387186605e-03 -1.642074450890613569e-03
5.625000000000000000e+00 1.960735641457446964e-03 -1.558935408689541202e-03
5.650000000000000355e+00 1.866753833723677628e-03 -1.479747476126969021e-03
5.674999999999999822e+00 1.777035878049242415e-03 -1.404343895684120143e-03
5.700000000000000178e+00 1.691409071368227789e-03 -1.332563317799034201e-03
5.724999999999999645e+00 1.609706074069417511e-03 -1.264249751561687075e-03
5.750000000000000000e+00 1.531764869044916237e-03 -1.199252504334683651e-03
5.775000000000000355e+00 1.457428709551105567e-03 -1.137426111420103371e-03
5.799999999999999822e+00 1.386546057038740270e-03 -1.078630256891586689e-03
5.825000000000000178e+00 1.318970510094432443e-03 -1.022729686689043734e-03
5.849999999999999645e+00 1.254560725594169868e-03 -9.695941150286102811e-04
5.875000000000000000e+00 1.193180333101890103e-03 -9.190981251135151714e-04
5.900000000000000355e+00 1.134697843456625773e-03 -8.711210650460237803e-04
5.924999999999999822e+00 1.078986552387284879e-03 -8.255469397423838718e-04
5.950000000000000178e+00 1.025924439883478274e-03 -7.822642995495406254e-04
5.974999999999999645e+00 9.753940659437665937e-04 -7.411661261624109473e-04
6.000000000000000000e+00 9.272824632276124943e-04 -7.021497163512611895e-04
6.025000000000000355e+00 8.814810270619709764e-04 -6.651165639366821754e-04
6.049999999999999822e+00 8.378854032015400997e-04 -6.299722403980750549e-04
6.075000000000000178e+00 7.963953737148940807e-04 -5.966262744720895366e-04
6.099999999999999645e+00 7.569147413645377093e-04 -5.649920310876336074e-04
6.125000000000000000e+00 7.193512128624396070e-04 -5.349865899901193583e-04
6.150000000000000355e+00 6.836162814063566134e-04 -5.065306244226834174e-04
6.174999999999999822e+00 6.496251089280490098e-04 -4.795482802495859586e-04
6.200000000000000178e+00 6.172964085037190582e-04 -4.539670559191008375e-04
6.224999999999999645e+00 5.865523273827212515e-04 -4.297176836642984375e-04
6.250000000000000000e+00 5.573183310777802147e-04 -4.067340123254587544e-04
6.275000000000000355e+00 5.295230889263702334e-04 -3.849528921460154121e-04
6.299999999999999822e+00 5.030983614797959660e-04 -3.643140618453348111e-04
6.325000000000000178e+00 4.779788900074282668e-04 -3.447600382097980635e-04
6.349999999999999645e+00 4.541022883248153137e-04 -3.262360083737634187e-04
6.375000000000000000e+00 4.314089370737578776e-04 -3.086897248906409603e-04
6.400000000000000355e+00 4.098418805076063155e-04 -2.920714036281619021e-04
6.424999999999999822e+00 3.893467257735286737e-04 -2.763336244674909265e-04
6.450000000000000178e+00 3.698715446406236401e-04 -2.614312347474663772e-04
6.474999999999999645e+00 3.513667776017165615e-04 -2.473212553758715989e-04
6.500000000000000000e+00 3.337851402775018710e-04 -2.339627895292177139e-04
6.525000000000000355e+00 3.170815320717930192e-04 -2.213169338787918366e-04
6.549999999999999822e+00 3.012129470610606799e-04 -2.093466923094262965e-04
6.575000000000000178e+00 2.861383871430059843e-04 -1.980168921325700714e-04
6.599999999999999645e+00 2.718187775105523657e-04 -1.872941028304163954e-04
6.625000000000000000e+00 2.582168845516147034e-04 -1.771465573967950487e-04
6.650000000000000355e+00 2.452972362956817583e-04 -1.675440763580387008e-04
6.674999999999999822e+00 2.330260455314756452e-04 -1.584579945598574616e-04
6.700000000000000178e+00 2.213711357045422404e-04 -1.498610907930888071e-04
6.724999999999999645e+00 2.103018696708291709e-04 -1.417275203032842016e-04
6.750000000000000888e+00 1.997890813360806870e-04 -1.340327501897640625e-04
6.775000000000001243e+00 1.898050101568678899e-04 -1.267534976537922097e-04
6.799999999999999822e+00 1.803232384242064589e-04 -1.198676710089752813e-04
6.825000000000001066e+00 1.713186312018305784e-04 -1.133543133255448572e-04
6.849999999999999645e+00 1.627672787545068585e-04 -1.071935485493319770e-04
6.875000000000000000e+00 1.546464412815396936e-04 -1.013665299194603547e-04
6.900000000000001243e+00 1.469344957691790052e-04 -9.585539050822648678e-05
6.924999999999999822e+00 1.396108847923608243e-04 -9.064319572159888685e-05
6.950000000000001066e+00 1.326560671285023402e-04 -8.571389762706628816e-05
6.974999999999999645e+00 1.260514700887990129e-04 -8.105229101286478915e-05
7.000000000000000000e+00 1.197794435196358596e-04 -7.664397112361051383e-05
7.025000000000001243e+00 1.138232154715134998e-04 -7.247529305628897954e-05
7.049999999999999822e+00 1.081668495691389640e-04 -6.853333283216395892e-05
7.075000000000001066e+00 1.027952041390945115e-04 -6.480585018010828042e-05
7.099999999999999645e+00 9.769389315787808893e-05 -6.128125307274248851e-05
7.125000000000000000e+00 9.284924907232980969e-05 -5.794856404795165761e-05
7.150000000000001243e+00 8.824828751855427961e-05 -5.479738832648449785e-05
7.174999999999999822e+00 8.387867392788657200e-05 -5.181788370457265529e-05
7.200000000000000178e+00 7.972869196505867726e-05 -4.900073216374158650e-05
7.224999999999999645e+00 7.578721370039910349e-05 -4.633711310330370064e-05
7.250000000000000000e+00 7.204367138080351935e-05 -4.381867806977636607e-05
7.275000000000001243e+00 6.848803063862551953e-05 -4.143752683609870267e-05
7.299999999999999822e+00 6.511076496690650171e-05 -3.918618467497720183e-05
7.325000000000000178e+00 6.190283129509201252e-05 -3.705758067623387056e-05
7.349999999999999645e+00 5.885564652065531510e-05 -3.504502697695238385e-05
7.375000000000000000e+00 5.596106488595671677e-05 -3.314219880290813174e-05
7.400000000000001243e+00 5.321135613152366069e-05 -3.134311525627080330e-05
7.424999999999999822e+00 5.059918440113948053e-05 -2.964212082292922888e-05
7.450000000000000178e+00 4.811758791470043006e-05 -2.803386760806015081e-05
7.474999999999999645e+00 4.575995945646347027e-05 -2.651329833594975380e-05
7.500000000000000000e+00 4.352002774498161538e-05 -2.507563016636087886e-05
7.525000000000000355e+00 4.139183975455680288e-05 -2.371633938283851113e-05
7.549999999999999822e+00 3.936974404634074957e-05 -2.243114699840883302e-05
7.575000000000000178e+00 3.744837514233468841e-05 -2.121600530274760546e-05
7.599999999999999645e+00 3.562263894115829500e-05 -2.006708534546643838e-05
7.625000000000000000e+00 3.388769913586879567e-05 -1.898076531704766837e-05
7.650000000000000355e+00 3.223896455659100343e-05 -1.795361975689289599e-05
7.674999999999999822e+00 3.067207732986153588e-05 -1.698240949160005682e-05
7.700000000000000178e+00 2.918290172656556417e-05 -1.606407218968080176e-05
7.724999999999999645e+00 2.776751356404359020e-05 -1.519571341380491370e-05
7.750000000000000000e+00 2.642219003620505303e-05 -1.437459805912466401e-05
7.775000000000000355e+00 2.514339986701895845e-05 -1.359814208518987553e-05
7.799999999999999822e+00 2.392779371489029739e-05 -1.286390447689442986e-05
7.825000000000000178e+00 2.277219479333422513e-05 -1.216957940293722581e-05
7.849999999999999645e+00 2.167358971225339526e-05 -1.151298857397285935e-05
7.875000000000000000e+00 2.062911957856813894e-05 -1.089207383255160926e-05
7.900000000000000355e+00 1.963607142045065203e-05 -1.030489002904734781e-05
7.924999999999999822e+00 1.869187001272272725e-05 -9.749598249318110535e-06
7.950000000000000178e+00 1.779407018056229208e-05 -9.224459459571685352e-06
7.974999999999999645e+00 1.694034964478567591e-05 -8.727828621939136831e-06
8.000000000000000000e+00 1.612850244701507371e-05 -8.258149312785683112e-06
8.025000000000000355e+00 1.535643296052158444e-05 -7.813948847724064628e-06
8.050000000000000711e+00 1.462215045730680858e-05 -7.393833886986400085e-06
8.074999999999999289e+00 1.392376416892458901e-05 -6.996486466299150527e-06
8.099999999999999645e+00 1.325947875239766149e-05 -6.620660375957421594e-06
8.125000000000000000e+00 1.262759005689784767e-05 -6.265177797313577095e-06
8.150000000000000355e+00 1.202648108381312289e-05 -5.928926103381625220e-06
8.175000000000000711e+00 1.145461804275028781e-05 -5.610854738914392251e-06
8.199999999999999289e+00 1.091054642747577580e-05 -5.309972113941907350e-06
8.224999999999999645e+00 1.039288706583186432e-05 -5.025342470739137982e-06
8.250000000000000000e+00 9.900332131965895049e-06 -4.756082713900738598e-06
8.275000000000000355e+00 9.431641143284737218e-06 -4.501359222654722056e-06
8.300000000000000711e+00 8.985636993522234600e-06 -4.260384689613475206e-06
8.324999999999999289e+00 8.561202093590119543e-06 -4.032415047683474888e-06
8.349999999999999645e+00 8.157274700574150208e-06 -3.816746554395374990e-06
8.375000000000000000e+00 7.772845511592669758e-06 -3.612713099769547141e-06
8.400000000000000355e+00 7.406954583773904017e-06 -3.419683790487752822e-06
8.425000000000000711e+00 7.058688616788027852e-06 -3.237060841746855244e-06
8.449999999999999289e+00 6.727178603742192435e-06 -3.064277781696153732e-06
8.474999999999999645e+00 6.411597824112753103e-06 -2.900797945685593012e-06
8.500000000000000000e+00 6.111160123390615504e-06 -2.746113212463595024e-06
8.525000000000000355e+00 5.825118402061855407e-06 -2.599742915524333932e-06
8.550000000000000711e+00 5.552763224663372502e-06 -2.461232852487965933e-06
8.574999999999999289e+00 5.293421459344391765e-06 -2.330154315204007594e-06
8.599999999999999645e+00 5.046454869628636898e-06 -2.206103072993611643e-06
8.625000000000000000e+00 4.811258601327806050e-06 -2.088698259814352874e-06
8.650000000000000355e+00 4.587259535647461361e-06 -1.977581140406498427e-06
8.675000000000000711e+00 4.373914510690510652e-06 -1.872413757389858871e-06
8.699999999999999289e+00 4.170708443388662728e-06 -1.772877487037910621e-06
8.724999999999999645e+00 3.977152408327100362e-06 -1.678671552575345913e-06
8.750000000000000000e+00 3.792781745772734694e-06 -1.589511557500538113e-06
8.775000000000000355e+00 3.617154276292220028e-06 -1.505128105849616173e-06
8.800000000000000711e+00 3.449848693183903891e-06 -1.425265570987163088e-06
8.824999999999999289e+00 3.290463187542673321e-06 -1.349681060352133705e-06
8.849999999999999645e+00 3.138614336545894335e-06 -1.278143602668392507e-06
8.875000000000000000e+00 2.993936256826098586e-06 -1.210433559355689635e-06
8.900000000000000355e+00 2.856079995900325743e-06 -1.146342236898403422e-06
8.925000000000000711e+00 2.724713109201295632e-06 -1.085671655013054923e-06
8.949999999999999289e+00 2.599519352135938364e-06 -1.028234409791632488e-06
8.974999999999999645e+00 2.480198407980969006e-06 -9.738535635744474839e-07
9.000000000000000000e+00 2.366465574526426291e-06 -9.223624951024587530e-07
9.025000000000000355e+00 2.258051344813409265e-06 -8.736046542337808110e-07
9.050000000000000711e+00 2.154700838170795049e-06 -8.274331835159220479e-07
9.074999999999999289e+00 2.056173064206961508e-06 -7.837103917384663093e-07
9.099999999999999645e+00 1.962240030643964610e-06 -7.423070889412064468e-07
9.125000000000000000e+00 1.872685732074163662e-06 -7.031018149790107442e-07
9.150000000000000355e+00 1.787305077242967924e-06 -6.659800114692995296e-07
9.175000000000000711e+00 1.705902824563753918e-06 -6.308331973632126989e-07
9.199999999999999289e+00 1.628292597721371667e-06 -5.975582102897076387e-07
9.224999999999999645e+00 1.554296045187831715e-06 -5.660565688579492620e-07
9.250000000000000000e+00 1.483742190526057674e-06 -5.362339964865902738e-07
9.275000000000000355e+00 1.416466996944287827e-06 -5.080001271393878280e-07
9.300000000000000711e+00 1.352313142966635673e-06 -4.812683903721687579e-07
9.324999999999999289e+00 1.291129980049275005e-06 -4.559560506083662532e-07
9.349999999999999645e+00 1.232773621087680192e-06 -4.319843567274734062e-07
9.375000000000000000e+00 1.177107094003684200e-06 -4.092787452148627414e-07
9.400000000000000355e+00 1.124000488964326288e-06 -3.877690353353569975e-07
9.425000000000000711e+00 1.073331031917551799e-06 -3.673895582829485446e-07
9.449999999999999289e+00 1.024983030408312858e-06 -3.480791737590612123e-07
9.474999999999999645e+00 9.788476581203940154e-07 -3.297811450576479540e-07
9.500000000000000000e+00 9.348225693308279387e-07 -3.124428651259898782e-07
9.525000000000000355e+00 8.928113601416295953e-07 -2.960154481835817698e-07
9.550000000000000711e+00 8.527229162028656795e-07 -2.804532212485931431e-07
9.574999999999999289e+00 8.144707037866673667e-07 -2.657131646786820829e-07
9.599999999999999645e+00 7.779720700166363778e-07 -2.517543585943445372e-07
9.625000000000000000e+00 7.431476177279015405e-07 -2.385374917444395968e-07
9.650000000000000355e+00 7.099207110377479491e-07 -2.260244813100605237e-07
9.675000000000000711e+00 6.782171505119640567e-07 -2.141782372652211697e-07
9.699999999999999289e+00 6.479650343782804507e-07 -2.029625855962671151e-07
9.724999999999999645e+00 6.190947977289657699e-07 -1.923423435006785178e-07
9.750000000000000000e+00 5.915393983400284081e-07 -1.822835195895675108e-07
9.775000000000000355e+00 5.652345990759191858e-07 -1.727535959770246580e-07
9.800000000000000711e+00 5.401192850860561078e-07 -1.637218390113664544e-07
9.824999999999999289e+00 5.161357509440624804e-07 -1.551595827394334389e-07
9.849999999999999645e+00 4.932298987126212369e-07 -1.470404342071249512e-07
9.875000000000000000e+00 4.713513017969542980e-07 -1.393403616925361113e-07
9.900000000000000355e+00 4.504531093824566196e-07 -1.320376441381546073e-07
9.925000000000000711e+00 4.304917894287078492e-07 -1.251126800423903137e-07
9.949999999999999289e+00 4.114267313259063281e-07 -1.185476740597237959e-07
9.974999999999999645e+00 3.932197493504099725e-07 -1.123262368045170601e-07
1.000000000000000000e+01 3.758345420296399688e-07 -1.064329454561351531e-07
1.002500000000000036e+01 3.592361688550748919e-07 -1.008529182099069307e-07
1.005000000000000071e+01 3.433906033967472911e-07 -9.557145356549778210e-08
1.007499999999999929e+01 3.282644113851056628e-07 -9.057377642964593061e-08
1.009999999999999964e+01 3.138245851931461133e-07 -8.584491819234938250e-08
1.012500000000000000e+01 3.000385447822376708e-07 -8.136973954331258115e-08
1.015000000000000036e+01 2.868742926284393454e-07 -7.713308530853656574e-08
1.017500000000000071e+01 2.743006895160297024e-07 -7.312004279205156462e-08
1.019999999999999929e+01 2.622878021905247311e-07 -6.931626139096819097e-08
1.022499999999999964e+01 2.508072648932899809e-07 -6.570828349861571444e-08
1.025000000000000000e+01 2.398325958933918422e-07 -6.228383591294584911e-08
1.027500000000000036e+01 2.293394173668466247e-07 -5.903203720135501523e-08
1.030000000000000071e+01 2.193055412188035337e-07 -5.594348876360338837e-08
1.032499999999999929e+01 2.097109027588684173e-07 -5.301023397322968717e-08
1.034999999999999964e+01 2.005373456830361704e-07 -5.022558838059126278e-08
1.037500000000000000e+01 1.917682827016917724e-07 -4.758386197716182798e-08
1.040000000000000036e+01 1.833882734415080474e-07 -4.508000943346739376e-08
1.042500000000000071e+01 1.753825725783329326e-07 -4.270925401895878481e-08
1.044999999999999929e+01 1.677367050888423778e-07 -4.046673429129221741e-08
1.047499999999999964e+01 1.604361214816207206e-07 -3.834721921349949786e-08
1.050000000000000000e+01 1.534659745808901040e-07 -3.634492758003527688e-08
1.052500000000000036e+01 1.468110424942343779e-07 -3.445347305974029353e-08
1.055000000000000071e+01 1.404558021830456929e-07 -3.266593871565917896e-08
1.057499999999999929e+01 1.343846374371709379e-07 -3.097506706224997590e-08
1.059999999999999964e+01 1.285821468471807609e-07 -2.937353602247215120e-08
1.062500000000000000e+01 1.230335040693454384e-07 -2.785427965896735562e-08
1.065000000000000036e+01 1.177248160928733622e-07 -2.641080686599415871e-08
1.067500000000000071e+01 1.126434262222775076e-07 -2.503747204814340657e-08
1.069999999999999929e+01 1.077781167793878485e-07 -2.372965898500847493e-08
1.072499999999999964e+01 1.031191810112397367e-07 -2.248385153824503179e-08
1.075000000000000000e+01 9.865835221743509343e-08 -2.129758085127940630e-08
1.077500000000000036e+01 9.438859810968970449e-08 -2.016925594272240691e-08
1.080000000000000071e+01 9.030380713901069355e-08 -1.909790073960026577e-08
1.082499999999999929e+01 8.639840833922932503e-08 -1.808283340320505061e-08
1.084999999999999964e+01 8.266697519659680728e-08 -1.712333150459508954e-08
1.087500000000000000e+01 7.910386591856446088e-08 -1.621832826368575910e-08
1.090000000000000036e+01 7.570294705567920055e-08 -1.536618036377218050e-08
1.092500000000000071e+01 7.245743563276732212e-08 -1.456453771059704715e-08
1.094999999999999929e+01 6.935987830922864858e-08 -1.381033113899533613e-08
1.097499999999999964e+01 6.640226708350232479e-08 -1.309987768584064047e-08
1.100000000000000000e+01 6.357627230541555025e-08 -1.242908687278899996e-08
1.102500000000000036e+01 6.087355774978682909e-08 -1.179373761547712696e-08
1.105000000000000071e+01 5.828613163202017362e-08 -1.118978600045083251e-08
1.107499999999999929e+01 5.580668293907380642e-08 -1.061366026275554857e-08
1.109999999999999964e+01 5.342885502690313452e-08 -1.006250151464422731e-08
1.112500000000000000e+01 5.114741764265688572e-08 -9.534316721791953706e-09
1.115000000000000036e+01 4.895831296806028469e-08 -9.028022844668582407e-09
1.117500000000000071e+01 4.685856901585527341e-08 -8.543376392583569777e-09
1.119999999999999929e+01 4.484609218840885999e-08 -8.080798543355829726e-09
1.122499999999999964e+01 4.291936744127794380e-08 -7.641120363659496379e-09
1.125000000000000000e+01 4.107710713220922577e-08 -7.225283552247307023e-09
1.127500000000000036e+01 3.931789637816541810e-08 -6.834037954022107698e-09
1.130000000000000071e+01 3.763988287763623473e-08 -6.467677236878573835e-09
1.132499999999999929e+01 3.604055263568341150e-08 -6.125848479929237746e-09
1.134999999999999964e+01 3.451662082230010990e-08 -5.807460915928572860e-09
1.137500000000000000e+01 3.306405086630965709e-08 -5.510705165140811533e-09
1.140000000000000036e+01 3.167819707562992488e-08 -5.233178909183288413e-09
1.142500000000000071e+01 3.035404908085370941e-08 -4.972100333217169114e-09
1.144999999999999929e+01 2.908654253671957548e-08 -4.724578660118929197e-09
1.147499999999999964e+01 2.787089171988704199e-08 -4.487903532482842569e-09
1.150000000000000000e+01 2.670289704400684690e-08 -4.259812720162534492e-09
1.152500000000000036e+01 2.557918441911329796e-08 -4.038700994817843774e-09
1.155000000000000071e+01 2.449734324391417282e-08 -3.823741515906596671e-09
1.157499999999999929e+01 2.345594414645169259e-08 -3.614903413026715991e-09
1.159999999999999964e+01 2.245443440447597018e-08 -3.412863772816155609e-09
1.162500000000000000e+01 2.149292597145634181e-08 -3.218826877202159492e-09
1.165000000000000036e+01 2.057190576689755564e-08 -3.034276266450570597e-09
1.167500000000000071e+01 1.969190842147646330e-08 -2.860694284406722835e-09
1.169999999999999929e+01 1.885319654458210836e-08 -2.699287979249327586e-09
1.172499999999999964e+01 1.805549217399644911e-08 -2.550759030401644174e-09
1.175000000000000000e+01 1.729779564451213209e-08 -2.415148969975037800e-09
1.177500000000000036e+01 1.657831572195534314e-08 -2.291780287230434255e-09
1.180000000000000071e+01 1.589451928742715415e-08 -2.179300585043011874e-09
1.182499999999999929e+01 1.524329225436786859e-08 -2.075822652906277152e-09
1.184999999999999964e+01 1.462118812089781103e-08 -1.979140092504484560e-09
1.187500000000000000e+01 1.402472863531884632e-08 -1.886987902584595377e-09
1.190000000000000036e+01 1.345071417682699409e-08 -1.797311441211025994e-09
1.192500000000000071e+01 1.289650046605480643e-08 -1.708506353994258931e-09
1.194999999999999929e+01 1.236020327794603455e-08 -1.619596400293933627e-09
1.197499999999999964e+01 1.184080311303131078e-08 -1.530324959955287077e-09
1.200000000000000000e+01 1.133813587324637237e-08 -1.441148205524110010e-09
1.202500000000000036e+01 1.085277150221753350e-08 -1.353131562049165206e-09
1.205000000000000071e+01 1.038579802047648511e-08 -1.267764518246534108e-09
1.207499999999999929e+01 9.938541383967682893e-09 -1.186719985623572429e-09
1.209999999999999964e+01 9.512260180024491127e-09 -1.111591879996494599e-09
1.212500000000000000e+01 9.107857400414135024e-09 -1.043647330964100827e-09
1.215000000000000036e+01 8.725648777457533722e-09 -9.836276077420987939e-10
1.217500000000000071e+01 8.365219072964024689e-09 -9.316248318695871516e-10
1.219999999999999929e+01 8.025385258046389761e-09 -8.870508425654970214e-10
1.222499999999999964e+01 7.704270607515575374e-09 -8.487016948129312207e-10
1.225000000000000000e+01 7.399478358800540865e-09 -8.149080232740433176e-10
1.227500000000000036e+01 7.108339893879740124e-09 -7.837496973299787680e-10
1.230000000000000071e+01 6.828202338533666996e-09 -7.533044845428332988e-10
1.232499999999999929e+01 6.556715270743459491e-09 -7.218959729052129905e-10
1.234999999999999964e+01 6.292076723916973500e-09 -6.883064063849740242e-10
1.237500000000000000e+01 6.033204619133317082e-09 -6.519252118673780224e-10
1.240000000000000036e+01 5.779810352035756243e-09 -6.128131347012503658e-10
1.242500000000000071e+01 5.532365007926391273e-09 -5.716737511139147150e-10
1.244999999999999929e+01 5.291963609153735656e-09 -5.297369967469636050e-10
1.247499999999999964e+01 5.060106880012333234e-09 -4.885715102992292829e-10
1.250000000000000000e+01 4.838431261921617530e-09 -4.498522802353716331e-10
1.252500000000000036e+01 4.628424850679712428e-09 -4.151160889428758580e-10
1.255000000000000071e+01 4.431168560946046371e-09 -3.855386557145153558e-10
1.257499999999999929e+01 4.247138038472153809e-09 -3.617641124767879344e-10
1.259999999999999964e+01 4.076093146058009068e-09 -3.438099764871356701e-10
1.262500000000000000e+01 3.917069526618168612e-09 -3.310601329578452065e-10
1.265000000000000036e+01 3.768472506237693194e-09 -3.223460746599362464e-10
1.267500000000000071e+01 3.628259450289098250e-09 -3.161044360894430147e-10
1.269999999999999929e+01 3.494184538013012477e-09 -3.105883831706967980e-10
1.272499999999999964e+01 3.364071520974096672e-09 -3.041031625547152465e-10
1.275000000000000000e+01 3.236076403709299082e-09 -2.952329858190450671e-10
1.277500000000000036e+01 3.108903705290250387e-09 -2.830279069064787702e-10
1.280000000000000071e+01 2.981946658618988504e-09 -2.671251079298754851e-10
1.282499999999999929e+01 2.855332470383342322e-09 -2.477883110298481845e-10
1.284999999999999964e+01 2.729867057483911313e-09 -2.258604749469903942e-10
1.287500000000000000e+01 2.606887625094606661e-09 -2.026369928219437899e-10
1.290000000000000036e+01 2.488044153028970072e-09 -1.796775304957831103e-10
1.292500000000000071e+01 2.375040529938979489e-09 -1.585830263669015558e-10
1.294999999999999929e+01 2.269371420059039716e-09 -1.407689612097655169e-10
1.297499999999999964e+01 2.172091270772673302e-09 -1.272663052002896328e-10
1.300000000000000000e+01 2.083647131684143213e-09 -1.185774659174897583e-10
1.302500000000000036e+01 2.003797891932991594e-09 -1.146067397660628772e-10
1.305000000000000071e+01 1.931630397867723597e-09 -1.146743097988679159e-10
1.307499999999999929e+01 1.865669443224807683e-09 -1.176111985181464026e-10
1.309999999999999964e+01 1.804065636921214085e-09 -1.219214086835466341e-10
1.312500000000000000e+01 1.744834517314393465e-09 -1.259882702074654206e-10
1.315000000000000036e+01 1.686113382355591434e-09 -1.282961008952895363e-10
1.317500000000000071e+01 1.626400111338655711e-09 -1.276363561641043889e-10
1.319999999999999929e+01 1.564741023265184327e-09 -1.232698469289765408e-10
1.322499999999999964e+01 1.500842127716226228e-09 -1.150228992394624223e-10
1.325000000000000000e+01 1.435088899333076444e-09 -1.033046265460091943e-10
1.327500000000000036e+01 1.368472525640233978e-09 -8.904352319014105567e-11
1.330000000000000071e+01 1.302433483718266615e-09 -7.355275281685410870e-11
1.332499999999999929e+01 1.238644718056253681e-09 -5.834330638301230613e-11
1.334999999999999964e+01 1.178764851190497018e-09 -4.491129880614223287e-11
1.337500000000000000e+01 1.124195788674647142e-09 -3.452901005562987338e-11
1.340000000000000036e+01 1.075878219817045993e-09 -2.806859329202305987e-11
1.342500000000000071e+01 1.034153018189892662e-09 -2.588258675083578606e-11
1.344999999999999929e+01 9.987072083297510521e-10 -2.775735430886036524e-11
1.347499999999999964e+01 9.686113361832230120e-10 -3.294534465309427518e-11
1.350000000000000178e+01 9.424423651832027147e-10 -4.027111741337569698e-11
1.352500000000000213e+01 9.184744342628356021e-10 -4.829591493854135089e-11
1.355000000000000249e+01 8.949105259453079246e-10 -5.551752266171879923e-11
1.357499999999999929e+01 8.701227075732818999e-10 -6.057754739360752098e-11
1.359999999999999964e+01 8.428675334054584978e-10 -6.244729102065453989e-11
1.362500000000000000e+01 8.124470030495407047e-10 -6.056667675388498937e-11
1.365000000000000213e+01 7.787931661483399909e-10 -5.491733758361911994e-11
1.367500000000000249e+01 7.424651879499468977e-10 -4.602020109837951074e-11
1.369999999999999929e+01 7.045599335176481035e-10 -3.485848864256663317e-11
1.372499999999999964e+01 6.665490466147812785e-10 -2.273730466010710374e-11
1.375000000000000000e+01 6.300656085142253836e-10 -1.109972755043942859e-11
1.377500000000000213e+01 5.966702765469211683e-10 -1.325186738144562585e-12
1.380000000000000249e+01 5.676293961143364932e-10 5.461847416856184650e-12
1.382499999999999929e+01 5.437357338540090396e-10 8.546430268302088079e-12
1.384999999999999964e+01 5.251963039834948956e-10 7.719848186663904812e-12
1.387500000000000000e+01 5.116023402055577455e-10 3.305489460301809504e-12
1.390000000000000213e+01 5.019849584869006750e-10 -3.889202247069348077e-12
1.392500000000000249e+01 4.949481742956753223e-10 -1.268748067733088103e-11
1.394999999999999929e+01 4.888602996425922123e-10 -2.170841328093415924e-11
1.397499999999999964e+01 4.820767781214344490e-10 -2.955910962063168325e-11
1.400000000000000000e+01 4.731633683536860705e-10 -3.502726396433275859e-11
1.402500000000000213e+01 4.610887833137031642e-10 -3.724734152678326889e-11
1.405000000000000249e+01 4.453602880198889492e-10 -3.581758197831648016e-11
1.407499999999999929e+01 4.260839148698846013e-10 -3.085197177745065875e-11
1.409999999999999964e+01 4.039414517274751507e-10 -2.296044001309874372e-11
1.412500000000000000e+01 3.800879972082556729e-10 -1.316053241101610548e-11
1.415000000000000213e+01 3.559848156361368803e-10 -2.733286392124114000e-12
1.417500000000000249e+01 3.331910773881419234e-10 6.956356845191810596e-12
1.419999999999999929e+01 3.131436215900336762e-10 1.464947350816516019e-11
1.422499999999999964e+01 2.969552976439046282e-10 1.936703794197438135e-11
1.425000000000000000e+01 2.852596747710845950e-10 2.054381114383819161e-11
1.427500000000000036e+01 2.781232990243543068e-10 1.810395906675122185e-11
1.430000000000000249e+01 2.750371529471043514e-10 1.246835015830332377e-11
1.432499999999999929e+01 2.749879473556807189e-10 4.493000772739009215e-12
1.434999999999999964e+01 2.765988128153978569e-10 -4.652333681127695342e-12
1.437500000000000000e+01 2.783194033332885682e-10 -1.364816588679449818e-11
1.440000000000000036e+01 2.786387648243847590e-10 -2.120889170425495274e-11
1.442500000000000249e+01 2.762913082403077444e-10 -2.626042429873742285e-11
1.444999999999999929e+01 2.704274318582217932e-10 -2.808727919158307194e-11
1.447499999999999964e+01 2.607254056979249478e-10 -2.642895903374988294e-11
1.450000000000000000e+01 2.474294378772544532e-10 -2.151260370630761321e-11
1.452500000000000036e+01 2.313091802231755447e-10 -1.401784339376035805e-11
1.455000000000000249e+01 2.135468328679662603e-10 -4.979163759560461133e-12
1.457499999999999929e+01 1.955679976445017327e-10 4.360266498309042857e-12
1.459999999999999964e+01 1.788401199200760946e-10 1.272271288956770119e-11
1.462500000000000000e+01 1.646666715179534701e-10 1.897364991296125819e-11
1.465000000000000036e+01 1.540056432790921267e-10 2.227851000016449803e-11
1.467500000000000249e+01 1.473373386419285319e-10 2.221684479023185607e-11
1.469999999999999929e+01 1.445994730269728053e-10 1.883834012612444577e-11
1.472499999999999964e+01 1.451981409159884671e-10 1.265330717565343383e-11
1.475000000000000000e+01 1.480926257352464789e-10 4.559379827100437561e-12
1.477500000000000036e+01 1.519418425048200151e-10 -4.285025256243821446e-12
1.480000000000000249e+01 1.552917163733905397e-10 -1.262263089645279833e-11
1.482499999999999929e+01 1.567772794376952411e-10 -1.927195100618457121e-11
1.484999999999999964e+01 1.553113941140513734e-10 -2.329042550370343096e-11
1.487500000000000000e+01 1.502340438155540935e-10 -2.410351934516903934e-11
1.490000000000000036e+01 1.414017594215269089e-10 -2.158214736726506416e-11
1.492500000000000071e+01 1.292051684527916764e-10 -1.605802446571388145e-11
1.494999999999999929e+01 1.145126772217059381e-10 -8.275226981015016228e-12
1.497499999999999964e+01 9.854853957286688155e-11 7.149361464725889288e-13
