# raxis[fm], SN, VN, SP, VP
2.101448349307773875e-07 1.025281273253000197e-01 1.073490172123716530e-01 9.782959963842617623e-02 1.024215840829937330e-01
2.500000000000000139e-02 1.025263385059529825e-01 1.073493554951245738e-01 9.782835909197054591e-02 1.024222742545302656e-01
5.000000000000000278e-02 1.024806960044112175e-01 1.073081920036222658e-01 9.778662552278935549e-02 1.023845349322334564e-01
7.499999999999999722e-02 1.024035856671984268e-01 1.072385198214079599e-01 9.771610012014550484e-02 1.023206409536779882e-01
1.000000000000000056e-01 1.022956280359511860e-01 1.071409292469402835e-01 9.761735862071739545e-02 1.022311414822536652e-01
1.250000000000000000e-01 1.021571950227944808e-01 1.070157552582869515e-01 9.749074516077516073e-02 1.021163477237678752e-01
1.499999999999999944e-01 1.019886887128352848e-01 1.068633446936575887e-01 9.733663085672417115e-02 1.019765812891183926e-01
1.749999999999999889e-01 1.017905783070985615e-01 1.066841031379250626e-01 9.715544880640675229e-02 1.018122183150697302e-01
2.000000000000000111e-01 1.015634071143097922e-01 1.064784983570722793e-01 9.694770015283037112e-02 1.016236922942070908e-01
2.250000000000000056e-01 1.013077951496895585e-01 1.062470642603019905e-01 9.671395687881623182e-02 1.014114980995218657e-01
2.500000000000000000e-01 1.010244425353024056e-01 1.059904040838714062e-01 9.645486487153785704e-02 1.011761948741032868e-01
2.750000000000000222e-01 1.007141239712669029e-01 1.057091873372510427e-01 9.617113872300619981e-02 1.009184031354444372e-01
2.999999999999999889e-01 1.003776850607760729e-01 1.054041436776078644e-01 9.586355797673870582e-02 1.006387987396407391e-01
3.250000000000000111e-01 1.000160481977682564e-01 1.050760716199078681e-01 9.553297310869755810e-02 1.003381214137676336e-01
3.499999999999999778e-01 9.963019268194753253e-02 1.047258216480059928e-01 9.518028642166073694e-02 1.000171585067805013e-01
3.750000000000000000e-01 9.922116030380764840e-02 1.043542949285201915e-01 9.480645743015152227e-02 9.967674390736211421e-02
4.000000000000000222e-01 9.879006652944026523e-02 1.039624589393288306e-01 9.441251355770623188e-02 9.931777298738833637e-02
4.249999999999999889e-01 9.833808440131636130e-02 1.035513345717675310e-01 9.399953483302379842e-02 9.894119009932117459e-02
4.500000000000000111e-01 9.786644138815035754e-02 1.031219912128495675e-01 9.356865123952395891e-02 9.854798434269793073e-02
4.749999999999999778e-01 9.737641826320216076e-02 1.026755458793521536e-01 9.312104121807443513e-02 9.813918834708670880e-02
5.000000000000000000e-01 9.686934425866051968e-02 1.022131604442963193e-01 9.265792756040101830e-02 9.771587594690396561e-02
5.250000000000000222e-01 9.634659149737592743e-02 1.017360357466821352e-01 9.218057201280778490e-02 9.727915653911843596e-02
5.500000000000000444e-01 9.580957255715137622e-02 1.012454100482607644e-01 9.169027321410830322e-02 9.683017382408111440e-02
5.749999999999999556e-01 9.525973386758830597e-02 1.007425531174628575e-01 9.118836037597650990e-02 9.637010008831879693e-02
5.999999999999999778e-01 9.469855561830067825e-02 1.002287658169903617e-01 9.067619344198529774e-02 9.590013605654867934e-02
6.250000000000000000e-01 9.412754229383503424e-02 9.970537355989274320e-02 9.015515411042970828e-02 9.542150459507868498e-02
6.500000000000000222e-01 9.354821686637991573e-02 9.917372031655824482e-02 8.962664067918539590e-02 9.493544526317408694e-02
6.750000000000000444e-01 9.296211655772693150e-02 9.863516287631377000e-02 8.909206405088146430e-02 9.444320904361425129e-02
6.999999999999999556e-01 9.237079236374243218e-02 9.809107184006640723e-02 8.855284718764837304e-02 9.394605916675421997e-02
7.249999999999999778e-01 9.177580037338692320e-02 9.754282538908250200e-02 8.801041729782617395e-02 9.344526527621802026e-02
7.500000000000000000e-01 9.117869079851788350e-02 9.699179915967005849e-02 8.746619591331282473e-02 9.294209439156882191e-02
7.750000000000000222e-01 9.058100673127748859e-02 9.643936134647659864e-02 8.692159730067912371e-02 9.243780603132921436e-02
8.000000000000000444e-01 8.998428554326885764e-02 9.588687706664560106e-02 8.637803039368828484e-02 9.193365662854897924e-02
8.249999999999999556e-01 8.939004573121780983e-02 9.533569582816756038e-02 8.583688639668676790e-02 9.143088789060889454e-02
8.499999999999999778e-01 8.879978567917563848e-02 9.478715143185671710e-02 8.529953784146167284e-02 9.093072668044198392e-02
8.750000000000000000e-01 8.821497103298464593e-02 9.424255014158335053e-02 8.476732700032468815e-02 9.043437420756254841e-02
9.000000000000000222e-01 8.763703596472627311e-02 9.370316877952343526e-02 8.424156692313528039e-02 8.994300419369749555e-02
9.250000000000001554e-01 8.706737588008789386e-02 9.317025240251172735e-02 8.372353504652878253e-02 8.945776086123161108e-02
9.499999999999999556e-01 8.650733770953172863e-02 9.264500279476851896e-02 8.321446413159698519e-02 8.897974827940560716e-02
9.749999999999999778e-01 8.595821901760614114e-02 9.212857679681410450e-02 8.271554159733532363e-02 8.851002893178873399e-02
1.000000000000000000e+00 8.542126307768858895e-02 9.162208336635023487e-02 8.222790524470018070e-02 8.804962116893830237e-02
1.024999999999999911e+00 8.489765213449447512e-02 9.112657690862957516e-02 8.175263700394763688e-02 8.759949312697846990e-02
1.050000000000000044e+00 8.438850300159823903e-02 9.064305264607455670e-02 8.129075864048126987e-02 8.716055817066341305e-02
1.074999999999999956e+00 8.389486456856949659e-02 9.017244427621085023e-02 8.084322978879042443e-02 8.673367292180041155e-02
1.100000000000000089e+00 8.341771164654912529e-02 8.971561963495949810e-02 8.041094241990423552e-02 8.631963340482873281e-02
1.125000000000000000e+00 8.295793899573611352e-02 8.927337283275972590e-02 7.999471539786452701e-02 8.591916788522618864e-02
1.149999999999999911e+00 8.251636436492597315e-02 8.884642783321562709e-02 7.959529718626555395e-02 8.553294015790988136e-02
1.175000000000000044e+00 8.209372030581893465e-02 8.843543223861720370e-02 7.921335823589707725e-02 8.516154357114877338e-02
1.199999999999999956e+00 8.169065101202073464e-02 8.804095298328867836e-02 7.884948848332652693e-02 8.480549741728346524e-02
1.225000000000000089e+00 8.130771247115990696e-02 8.766347591594976507e-02 7.850419739159544830e-02 8.446524664196791710e-02
1.250000000000000000e+00 8.094537212799508830e-02 8.730340664407240658e-02 7.817791343469476795e-02 8.414116234569865571e-02
1.274999999999999911e+00 8.060400287828609067e-02 8.696106600484260207e-02 7.787097870081756412e-02 8.383353761481875110e-02
1.300000000000000044e+00 8.028388049604574805e-02 8.663668550545500224e-02 7.758364648769983107e-02 8.354258340676412598e-02
1.324999999999999956e+00 7.998518622800912525e-02 8.633040997903651537e-02 7.731608375924377274e-02 8.326843103727399331e-02
1.350000000000000089e+00 7.970800566067626214e-02 8.604229783520553343e-02 7.706837006626925113e-02 8.301113243638696959e-02
1.375000000000000000e+00 7.945232686252183540e-02 8.577231868878393284e-02 7.684049547204740982e-02 8.277065756471194136e-02
1.399999999999999911e+00 7.921804294227494103e-02 8.552035538726479591e-02 7.663236320481998931e-02 8.254689657265434910e-02
1.425000000000000044e+00 7.900495350732372746e-02 8.528620626574792696e-02 7.644379091718504771e-02 8.233966185250832237e-02
1.449999999999999956e+00 7.881276314600688115e-02 8.506958389160071410e-02 7.627450919300998722e-02 8.214868680970582870e-02
1.475000000000000089e+00 7.864108443788810077e-02 8.487011676000161264e-02 7.612416408286358516e-02 8.197362722298680293e-02
1.500000000000000000e+00 7.848944216951844743e-02 8.468735488517194210e-02 7.599232099441546873e-02 8.181406642067233503e-02
1.524999999999999911e+00 7.835727088673115348e-02 8.452076654650500509e-02 7.587846217187335651e-02 8.166951201665915983e-02
1.550000000000000044e+00 7.824392412114800077e-02 8.436974713930522896e-02 7.578199545911236401e-02 8.153940441122813076e-02
1.574999999999999956e+00 7.814867321357145402e-02 8.423361909133907088e-02 7.570225276129993741e-02 8.142311626787673839e-02
1.600000000000000089e+00 7.807070829277738822e-02 8.411163151719136533e-02 7.563849104285801095e-02 8.131995234529815209e-02
1.625000000000000000e+00 7.800914359591611114e-02 8.400296573251081478e-02 7.558989677818998831e-02 8.122915417820977813e-02
1.649999999999999911e+00 7.796301829673049633e-02 8.390673567834425195e-02 7.555558669947046169e-02 8.114990046296939596e-02
1.675000000000000044e+00 7.793130603527399780e-02 8.382199696871732442e-02 7.553461657345171554e-02 8.108131544407351510e-02
1.699999999999999956e+00 7.791292246383699216e-02 8.374775484049903906e-02 7.552598821276462759e-02 8.102247634148131150e-02
1.725000000000000311e+00 7.790672408089381606e-02 8.368296264908224591e-02 7.552864806467084191e-02 8.097241169266110317e-02
1.750000000000000000e+00 7.791151102643710524e-02 8.362652376100630780e-02 7.554148954699189955e-02 8.093010287020044324e-02
1.774999999999999911e+00 7.792603824792253275e-02 8.357730264937822395e-02 7.556336349916546735e-02 8.089449451149698100e-02
1.800000000000000044e+00 7.794901910584378646e-02 8.353412822032309226e-02 7.559308134497220999e-02 8.086449747953727840e-02
1.824999999999999956e+00 7.797913050856229711e-02 8.349579841197649066e-02 7.562941971484712922e-02 8.083899302287984867e-02
1.850000000000000311e+00 7.801501739617842934e-02 8.346108423189378678e-02 7.567112448077682740e-02 8.081683644306761338e-02
1.875000000000000000e+00 7.805529627868841580e-02 8.342873277502121931e-02 7.571691387453222122e-02 8.079685977158193588e-02
1.899999999999999911e+00 7.809856046221234915e-02 8.339747186829789272e-02 7.576548321133881603e-02 8.077787597461943969e-02
1.925000000000000044e+00 7.814339042212782582e-02 8.336602000395570977e-02 7.581551462116442597e-02 8.075868830723312297e-02
1.949999999999999956e+00 7.818835778612964749e-02 8.333308987908229215e-02 7.586568063913702586e-02 8.073809355779801300e-02
1.975000000000000089e+00 7.823202563147445276e-02 8.329738797948292583e-02 7.591464420986739070e-02 8.071488140287007285e-02
2.000000000000000000e+00 7.827295548932927671e-02 8.325762099111987113e-02 7.596106524448206776e-02 8.068784043019222585e-02
2.024999999999999911e+00 7.830971255513037577e-02 8.321250046842959547e-02 7.600360541168972583e-02 8.065576246015238038e-02
2.049999999999999822e+00 7.834087146796234191e-02 8.316074799471324941e-02 7.604093349317074535e-02 8.061744733727443935e-02
2.075000000000000178e+00 7.836502300220471451e-02 8.310110122821919021e-02 7.607173168115326234e-02 8.057170864386176135e-02
2.100000000000000089e+00 7.838077857779665591e-02 8.303231803824430435e-02 7.609469973715786428e-02 8.051737755223421777e-02
2.125000000000000000e+00 7.838677120467787973e-02 8.295317665852709743e-02 7.610855575719675803e-02 8.045330284431284618e-02
2.149999999999999911e+00 7.838166339144707340e-02 8.286248296054113394e-02 7.611204371784040246e-02 8.037835787033248414e-02
2.174999999999999822e+00 7.836414997686499961e-02 8.275907291153625223e-02 7.610393606608671646e-02 8.029144281706183939e-02
2.200000000000000178e+00 7.833296236311199090e-02 8.264181609692992925e-02 7.608303769703800290e-02 8.019148801260687909e-02
2.225000000000000089e+00 7.828687148964362519e-02 8.250961834434122899e-02 7.604818875317038984e-02 8.007745640820715383e-02
2.250000000000000000e+00 7.822469090359771005e-02 8.236142415223951518e-02 7.599826754959108921e-02 7.994834589967486638e-02
2.274999999999999911e+00 7.814528175227176965e-02 8.219622091515177420e-02 7.593219532094497293e-02 7.980319333827440298e-02
2.299999999999999822e+00 7.804755638401023043e-02 8.201304274112596049e-02 7.584893971262329782e-02 7.964107824709204531e-02
2.325000000000000178e+00 7.793047772079214619e-02 8.181096919345030860e-02 7.574751410384532313e-02 7.946112153937487377e-02
2.350000000000000089e+00 7.779306443518338443e-02 8.158912957547442835e-02 7.562698264706070594e-02 7.926248968425507468e-02
2.375000000000000000e+00 7.763439377600371560e-02 8.134670597402024472e-02 7.548646301580637374e-02 7.904439767571630471e-02
2.399999999999999911e+00 7.745360325158523462e-02 8.108293462669588503e-02 7.532512803915682176e-02 7.880611034899830114e-02
2.424999999999999822e+00 7.724989238446874906e-02 8.079710705279563587e-02 7.514220745318722638e-02 7.854694352446757455e-02
2.450000000000000178e+00 7.702252553870000962e-02 8.048857302699284622e-02 7.493699065355431677e-02 7.826626689449760199e-02
2.475000000000000089e+00 7.677083206161086637e-02 8.015674082026293112e-02 7.470882691202367087e-02 7.796350430562537515e-02
2.500000000000000000e+00 7.649420565020929874e-02 7.980107684660744938e-02 7.445712483470236231e-02 7.763813347846863777e-02
2.524999999999999911e+00 7.619210671311422989e-02 7.942110588761593093e-02 7.418135467407128980e-02 7.728968625486519473e-02
2.549999999999999822e+00 7.586406811431269104e-02 7.901641819484529761e-02 7.388105403720401920e-02 7.691775557368521476e-02
2.575000000000000178e+00 7.550968979983566087e-02 7.858666562697390334e-02 7.355582274721636504e-02 7.652199177569904420e-02
2.600000000000000089e+00 7.512863979166078954e-02 7.813156107871872813e-02 7.320532384246168645e-02 7.610210207477167976e-02
2.625000000000000000e+00 7.472065401824432018e-02 7.765087835912135028e-02 7.282928354233765555e-02 7.565785053864507170e-02
2.649999999999999911e+00 7.428554150402089107e-02 7.714445611486618615e-02 7.242749637126426332e-02 7.518906198730491985e-02
2.674999999999999822e+00 7.382318220267078401e-02 7.661220001123929257e-02 7.199982320928688395e-02 7.469562416545615091e-02
2.700000000000000178e+00 7.333351961194159441e-02 7.605407346693383863e-02 7.154618420576278059e-02 7.417747884365788469e-02
2.725000000000000089e+00 7.281656777152567539e-02 7.547010276241684912e-02 7.106656563630757428e-02 7.363462685265408092e-02
2.750000000000000000e+00 7.227240946134140531e-02 7.486037882204921168e-02 7.056101829030370087e-02 7.306712985181229580e-02
2.774999999999999911e+00 7.170119217442871840e-02 7.422505134872624255e-02 7.002965372067732064e-02 7.247510480711333303e-02
2.799999999999999822e+00 7.110313035084210587e-02 7.356433237701291705e-02 6.947264647600930043e-02 7.185872747147846462e-02
2.825000000000000178e+00 7.047850099763067200e-02 7.287849299049463381e-02 6.889022998539451326e-02 7.121822927434072470e-02
2.850000000000000089e+00 6.982764266898773553e-02 7.216786126814586644e-02 6.828269567341210822e-02 7.055389543970927435e-02
2.875000000000000000e+00 6.915095715421806788e-02 7.143282291990955823e-02 6.765039470667279231e-02 6.986606570662681759e-02
2.899999999999999911e+00 6.844890592205034319e-02 7.067382233432632777e-02 6.699373473298302073e-02 6.915513542958923177e-02
2.924999999999999822e+00 6.772200760939935116e-02 6.989135606961358049e-02 6.631317746831157101e-02 6.842154935115422887e-02
2.950000000000000178e+00 6.697084058724162015e-02 6.908597743220376564e-02 6.560924138038939923e-02 6.766580617928633079e-02
2.975000000000000089e+00 6.619603102688279006e-02 6.825828968320517276e-02 6.488249023480553712e-02 6.688845199898621474e-02
3.000000000000000000e+00 6.539825723933750945e-02 6.740894163468463818e-02 6.413353733315893535e-02 6.609007617887523167e-02
3.024999999999999911e+00 6.457824860570640646e-02 6.653863336803712836e-02 6.336304466684733461e-02 6.527131697982498093e-02
3.049999999999999822e+00 6.373677901454588568e-02 6.564810802953036095e-02 6.257171665910009339e-02 6.443285369427501075e-02
3.075000000000000178e+00 6.287466800005606093e-02 6.473815220090481382e-02 6.176030141500369469e-02 6.357540717780538198e-02
3.100000000000000089e+00 6.199277478078061426e-02 6.380959365425700747e-02 6.092958504416400023e-02 6.269973768243966572e-02
3.125000000000000000e+00 6.109199639838457097e-02 6.286329693513433015e-02 6.008038996971787338e-02 6.180664071732047682e-02
3.149999999999999911e+00 6.017326947411024557e-02 6.190016165481036087e-02 5.921357674060154924e-02 6.089694555791342473e-02
3.174999999999999822e+00 5.923756701229161703e-02 6.092112705387861538e-02 5.833004118253654752e-02 5.997151977924359417e-02
3.200000000000000178e+00 5.828588815429483483e-02 5.992716211747940724e-02 5.743070444957368292e-02 5.903125963188392278e-02
3.225000000000000089e+00 5.731926005808396507e-02 5.891925940494473907e-02 5.651651504128322318e-02 5.807708435900923311e-02
3.250000000000000000e+00 5.633873369728222003e-02 5.789843804092726504e-02 5.558844487534935624e-02 5.710993916952912530e-02
3.274999999999999911e+00 5.534538241098507783e-02 5.686573908409078143e-02 5.464748794559427802e-02 5.613079081210350235e-02
3.299999999999999822e+00 5.434030024940882109e-02 5.582222424115471093e-02 5.369465892660311296e-02 5.514062653818189302e-02
3.325000000000000178e+00 5.332459570655280479e-02 5.476897237158052933e-02 5.273098720219206170e-02 5.414045076860412448e-02
3.350000000000000089e+00 5.229939115370955266e-02 5.370707510060981210e-02 5.175751645750661240e-02 5.313128101699854389e-02
3.375000000000000444e+00 5.126582137271418899e-02 5.263763796083535673e-02 5.077530341056317453e-02 5.211414912408211114e-02
3.399999999999999911e+00 5.022502657872578852e-02 5.156177487627206651e-02 4.978541116422797314e-02 5.109009599660953999e-02
3.424999999999999822e+00 4.917815126142868060e-02 5.048060221235353001e-02 4.878890821294305097e-02 5.006016601839901464e-02
3.450000000000000622e+00 4.812634404506863084e-02 4.939524215749934583e-02 4.778686853009678909e-02 4.902541050175723836e-02
3.475000000000000533e+00 4.707074922000136635e-02 4.830681690556410529e-02 4.678036337691968832e-02 4.798688206698042275e-02
3.500000000000000000e+00 4.601250664586535588e-02 4.721644138050695716e-02 4.577046135508908847e-02 4.694562776724606201e-02
3.524999999999999911e+00 4.495275291145311297e-02 4.612522854840139103e-02 4.475822977846535822e-02 4.590269445362095413e-02
3.549999999999999822e+00 4.389261322616422323e-02 4.503428288806116814e-02 4.374472684466235162e-02 4.485912248517890527e-02
3.575000000000000622e+00 4.283319994711395212e-02 4.394469684071140164e-02 4.273100036008355834e-02 4.381594242157704766e-02
3.600000000000000089e+00 4.177561103077283983e-02 4.285754843596924213e-02 4.171808633425004575e-02 4.277417285117934842e-02
3.625000000000000000e+00 4.072092773920998193e-02 4.177390023864123447e-02 4.070700692833241485e-02 4.173481951887286767e-02
3.649999999999999911e+00 3.967021246536688028e-02 4.069479677810925594e-02 3.969876843202352346e-02 4.069887292045636790e-02
3.674999999999999822e+00 3.862450495957295976e-02 3.962126189912063695e-02 3.869435770949521125e-02 3.966730585785741003e-02
3.700000000000000622e+00 3.758481861230590637e-02 3.855429424603147581e-02 3.769473862505950262e-02 3.864106907489717885e-02
3.725000000000000089e+00 3.655214323653146330e-02 3.749486781193466650e-02 3.670085490359241420e-02 3.762109196896152447e-02
3.750000000000000000e+00 3.552743937168693217e-02 3.644392949817004679e-02 3.571362468766265535e-02 3.660828029736980238e-02
3.774999999999999911e+00 3.451163612936790359e-02 3.540239641883966698e-02 3.473393847462059175e-02 3.560351359807879118e-02
3.799999999999999822e+00 3.350562805962750690e-02 3.437115202489240962e-02 3.376265610333040873e-02 3.460764146066040714e-02
3.825000000000000178e+00 3.251027632296894093e-02 3.335104654326973006e-02 3.280060794578526506e-02 3.362148402241177392e-02
3.850000000000000089e+00 3.152640685316199232e-02 3.234289493509472091e-02 3.184859316547845876e-02 3.264583003773992992e-02
3.875000000000000000e+00 3.055480747588158047e-02 3.134747601147015728e-02 3.090737696796003880e-02 3.168143605271048213e-02
3.899999999999999911e+00 2.959622668521907224e-02 3.036552965784123162e-02 2.997768935345761221e-02 3.072902367405466392e-02
3.924999999999999822e+00 2.865137186229379379e-02 2.939775650689525205e-02 2.906022337249675874e-02 2.978927925478279046e-02
3.950000000000000178e+00 2.772090892270812415e-02 2.844481486699724365e-02 2.815563471857084749e-02 2.886285083260351977e-02
3.975000000000000089e+00 2.680546437607547045e-02 2.750732327657545717e-02 2.726454384293135538e-02 2.795035073505456116e-02
4.000000000000000000e+00 2.590561897830969892e-02 2.658585869137080129e-02 2.638752958364903173e-02 2.705235364546580354e-02
4.025000000000000355e+00 2.502190966127573052e-02 2.568095274275781700e-02 2.552513094390385442e-02 2.616939286277844903e-02
4.049999999999999822e+00 2.415483008045143237e-02 2.479309384867652011e-02 2.467784763185509878e-02 2.530196236978747570e-02
4.075000000000000178e+00 2.330482930597024133e-02 2.392272711611773822e-02 2.384613865170901598e-02 2.445051662093740419e-02
4.099999999999999645e+00 2.247231188224542084e-02 2.307025342487360395e-02 2.303042223960022339e-02 2.361546953391479436e-02
4.125000000000000000e+00 2.165763727471192376e-02 2.223602891464703316e-02 2.223107519677575139e-02 2.279719387223365715e-02
4.150000000000000355e+00 2.086112125941200213e-02 2.142036675042977012e-02 2.144843412015876027e-02 2.199602284688669321e-02
4.174999999999999822e+00 2.008303537978942468e-02 2.062353637986592478e-02 2.068279468791546852e-02 2.121224923038482479e-02
4.200000000000000178e+00 1.932360716009683815e-02 1.984576311186459288e-02 1.993441170582001959e-02 2.044612478629206226e-02
4.224999999999999645e+00 1.858302227099898479e-02 1.908723023266607061e-02 1.920350109061384411e-02 1.969786220739971547e-02
4.250000000000000000e+00 1.786142444300969911e-02 1.834807978051931909e-02 1.849023961405818137e-02 1.896763571134220741e-02
4.275000000000000355e+00 1.715891531410543638e-02 1.762841267662687214e-02 1.779476452034101097e-02 1.825558095268695752e-02
4.299999999999999822e+00 1.647555655458180987e-02 1.692828933295425012e-02 1.711717539430315446e-02 1.756179541614582770e-02
4.325000000000000178e+00 1.581137130788104472e-02 1.624773116168455600e-02 1.645753543990732121e-02 1.688633974854084063e-02
4.349999999999999645e+00 1.516634536387968454e-02 1.558672306908779996e-02 1.581587242427124132e-02 1.622924002428871235e-02
4.375000000000000000e+00 1.454042818202954356e-02 1.494521318623197488e-02 1.519217943724464337e-02 1.559048724294903598e-02
4.400000000000000355e+00 1.393353489262351939e-02 1.432311534927491366e-02 1.458641670293260237e-02 1.497003960556849561e-02
4.424999999999999822e+00 1.334554743980318793e-02 1.372031039288505901e-02 1.399851247320449237e-02 1.436782356761065124e-02
4.450000000000000178e+00 1.277631654250505587e-02 1.313664734893012914e-02 1.342836475626878016e-02 1.378373482921026877e-02
4.474999999999999645e+00 1.222566341023277083e-02 1.257194578469665418e-02 1.287584282657740740e-02 1.321764044780499893e-02
4.500000000000000000e+00 1.169338151904295020e-02 1.202599732045363419e-02 1.234078878428436846e-02 1.266938015105275803e-02
4.525000000000000355e+00 1.117923838687431143e-02 1.149856743732974133e-02 1.182301910643697093e-02 1.213876792742526849e-02
4.549999999999999822e+00 1.068297746814017568e-02 1.098939723252935312e-02 1.132232635255773188e-02 1.162559358640866645e-02
4.575000000000000178e+00 1.020431994397698848e-02 1.049820532775527088e-02 1.083848073804961898e-02 1.112962446802089923e-02
4.599999999999999645e+00 9.742966589974330280e-03 1.002468966972600538e-02 1.037123182637734141e-02 1.065060704948952303e-02
4.625000000000000000e+00 9.298599719343478287e-03 9.568529380095707609e-03 9.920310305855266353e-03 1.018826863289986825e-02
4.650000000000000355e+00 8.870884922442440895e-03 9.129386617338522067e-03 9.485429543432814456e-03 9.742319033816020449e-03
4.674999999999999822e+00 8.459472925319346318e-03 8.706908329279229933e-03 9.066287303683003354e-03 9.312452175748778954e-03
4.700000000000000178e+00 8.064001361616390806e-03 8.300728086610772646e-03 8.662567376566721739e-03 8.898347787934029682e-03
4.724999999999999645e+00 7.684096533320044879e-03 7.910467768103704791e-03 8.273941203941988232e-03 8.499672951413191069e-03
4.750000000000000000e+00 7.319375112436314959e-03 7.535739331129314572e-03 7.900069471010739974e-03 8.116083757594474632e-03
4.775000000000000355e+00 6.969445651826972066e-03 7.176146366739531539e-03 7.540603496635056753e-03 7.747226743763256131e-03
4.799999999999999822e+00 6.633910295701206383e-03 6.831285676988587026e-03 7.195186863729666898e-03 7.392740378469579536e-03
4.825000000000000178e+00 6.312366278892804494e-03 6.500748866907712052e-03 6.863456842533195539e-03 7.052256575607233555e-03
4.849999999999999645e+00 6.004407335268467302e-03 6.184123798495731912e-03 6.545045724688886360e-03 6.725402077217955236e-03
4.875000000000000000e+00 5.709625003651937550e-03 5.880995922031538765e-03 6.239582067900585789e-03 6.411799716295756360e-03
4.900000000000000355e+00 5.427609959213746532e-03 5.590949533363778930e-03 5.946691986966123888e-03 6.111069627236672547e-03
4.924999999999999822e+00 5.157953250478837168e-03 5.313569086523674267e-03 5.666000356170457740e-03 5.822830522453946618e-03
4.950000000000000178e+00 4.900247347351063647e-03 5.048440293909030319e-03 5.397131831332193513e-03 5.546700762690167860e-03
4.974999999999999645e+00 4.654087269177256334e-03 4.795151164582503976e-03 5.139711962442795531e-03 5.282299374500276125e-03
5.000000000000000000e+00 4.419071541142380148e-03 4.553293101295776378e-03 4.893368152516803377e-03 5.029247145699309966e-03
5.025000000000000355e+00 4.194803027600690383e-03 4.322461724970139141e-03 4.657730485875730825e-03 4.787167442919988171e-03
5.049999999999999822e+00 3.980889777477374623e-03 4.102257699253503836e-03 4.432432589058581465e-03 4.555687045364716428e-03
5.075000000000000178e+00 3.776945749799299774e-03 3.892287508320892240e-03 4.217112372969788157e-03 4.334436937963678620e-03
5.099999999999999645e+00 3.582591487521361376e-03 3.692164149271797129e-03 4.011412732377451010e-03 4.123053025884694349e-03
5.125000000000000000e+00 3.397454677489305380e-03 3.501507721102956484e-03 3.814982134726901692e-03 3.921176749048856970e-03
5.150000000000000355e+00 3.221170698100283940e-03 3.319945978483940068e-03 3.627475204485619206e-03 3.728455669952643586e-03
5.174999999999999822e+00 3.053383005127331511e-03 3.147114760590693627e-03 3.448553149183480708e-03 3.544543937725267487e-03
5.200000000000000178e+00 2.893743558257205056e-03 2.982658411483987953e-03 3.277884233743757428e-03 3.369102754035057171e-03
5.224999999999999645e+00 2.741913158424448375e-03 2.826230142357624275e-03 3.115144161592882550e-03 3.201800780687811144e-03
5.250000000000000000e+00 2.597561668122108387e-03 2.677492283999993727e-03 2.960016346980589436e-03 3.042314437974181617e-03
5.275000000000000355e+00 2.460368250252571807e-03 2.536116531055654030e-03 2.812192207940228655e-03 2.890328202520484058e-03
5.299999999999999822e+00 2.330021524416232923e-03 2.401784117475972650e-03 2.671371375128027241e-03 2.745534834641177781e-03
5.325000000000000178e+00 2.206219656519150824e-03 2.274185922938487970e-03 2.537261837087608288e-03 2.607635537791551817e-03
5.349999999999999645e+00 2.088670450912165182e-03 2.153022569794073131e-03 2.409580088725866206e-03 2.476340111595220096e-03
5.375000000000000000e+00 1.977091359335482208e-03 2.038004450009914259e-03 2.288051198777880154e-03 2.351367034117583799e-03
5.400000000000000355e+00 1.871209493234836634e-03 1.928851738187964187e-03 2.172408879968328477e-03 2.232443533317393040e-03
5.424999999999999822e+00 1.770761574537743589e-03 1.825294372740993978e-03 2.062395494771542166e-03 2.119305624152203592e-03
5.450000000000000178e+00 1.675493849912218633e-03 1.727071961894049382e-03 1.957762026788171551e-03 2.011698068021336092e-03
5.474999999999999645e+00 1.585162007341401127e-03 1.633933709463207540e-03 1.858268054955415161e-03 1.909374356799647910e-03
5.500000000000000000e+00 1.499531030368687944e-03 1.545638290517655508e-03 1.763681657466336164e-03 1.812096640957744148e-03
5.525000000000000355e+00 1.418375063732100474e-03 1.461953700051008258e-03 1.673779332426304171e-03 1.719635629319857684e-03
5.549999999999999822e+00 1.341477253979496929e-03 1.382657109872227012e-03 1.588345893233784585e-03 1.631770501400173169e-03
5.575000000000000178e+00 1.268629556515548772e-03 1.307534680289017997e-03 1.507174322313919925e-03 1.548288767666384765e-03
5.599999999999999645e+00 1.199632542851276039e-03 1.236381365076721396e-03 1.430065628634105820e-03 1.468986123202084418e-03
5.625000000000000000e+00 1.134295190550986890e-03 1.169000707963189275e-03 1.356828681987229954e-03 1.393666291105022902e-03
5.650000000000000355e+00 1.072434666823613835e-03 1.105204617417868823e-03 1.287280043038497917e-03 1.322140841012566957e-03
5.674999999999999822e+00 1.013876104566475414e-03 1.044813156228308190e-03 1.221243783225861666e-03 1.254229025207014361e-03
5.700000000000000178e+00 9.584523619419817479e-04 9.876542931909833463e-04 1.158551282220432639e-03 1.189757568388851664e-03
5.724999999999999645e+00 9.060037934001933689e-04 9.335636665973620456e-04 1.099041040590046118e-03 1.128560471941587396e-03
5.750000000000000000e+00 8.563780064186560584e-04 8.823843547520172047e-04 1.042558471682583036e-03 1.070478822641897669e-03
5.775000000000000355e+00 8.094296164032555507e-04 8.339666165658195631e-04 9.889556915288848487e-04 1.015360566818806608e-03
5.799999999999999822e+00 7.650200085199742673e-04 7.881676508046592863e-04 9.380913145165027407e-04 9.630603041558013057e-04
5.825000000000000178e+00 7.230170943460766933e-04 7.448513568040755848e-04 8.898302411583168233e-04 9.134390810600756918e-04
5.849999999999999645e+00 6.832950693307026334e-04 7.038880848778768153e-04 8.440434435506272669e-04 8.663641696801897135e-04
5.875000000000000000e+00 6.457341737224884561e-04 6.651543927834183611e-04 8.006077540745551316e-04 8.217088521790302368e-04
5.900000000000000355e+00 6.102204578468554486e-04 6.285328078278352298e-04 7.594056558448842578e-04 7.793522092058982392e-04
5.924999999999999822e+00 5.766455497488746570e-04 5.939115902380608190e-04 7.203250742127665328e-04 7.391789073914024162e-04
5.950000000000000178e+00 5.449064273826774831e-04 5.611845013442024258e-04 6.832591712595517588e-04 7.010789905297421572e-04
5.974999999999999645e+00 5.149051954652319628e-04 5.302505757104385370e-04 6.481061425079222022e-04 6.649476725080006104e-04
6.000000000000000000e+00 4.865488675278101184e-04 5.010138986008339564e-04 6.147690185763048099e-04 6.306851343620093354e-04
6.025000000000000355e+00 4.597491532153436975e-04 4.733833890854237825e-04 5.831554694516195283e-04 5.981963256128724430e-04
6.049999999999999822e+00 4.344222514993769432e-04 4.472725880776701342e-04 5.531776133990379089e-04 5.673907683949729486e-04
6.075000000000000178e+00 4.104886501820168183e-04 4.225994533058957062e-04 5.247518315256594762e-04 5.381823678811900342e-04
6.099999999999999645e+00 3.878729305166206138e-04 3.992861596193252971e-04 4.977985855885415584e-04 5.104892263903923651e-04
6.125000000000000000e+00 3.665035795029625548e-04 3.772589057981656931e-04 4.722422425105866949e-04 4.842334629848174597e-04
6.150000000000000355e+00 3.463128077682255048e-04 3.564477284701343370e-04 4.480109032821133204e-04 4.593410388536174182e-04
6.174999999999999822e+00 3.272363731841697191e-04 3.367863213261639704e-04 4.250362369449318836e-04 4.357415871919668852e-04
6.200000000000000178e+00 3.092134119901045978e-04 3.182118610826655046e-04 4.032533201037740095e-04 4.133682484464383934e-04
6.224999999999999645e+00 2.921862758834284585e-04 3.006648404577364668e-04 3.826004823787968758e-04 3.921575117097757550e-04
6.250000000000000000e+00 2.761003750915098161e-04 2.840889070661763963e-04 3.630191566849270382e-04 3.720490613353614876e-04
6.275000000000000355e+00 2.609040278344903628e-04 2.684307084483896909e-04 3.444537349819563085e-04 3.529856286025247376e-04
6.299999999999999822e+00 2.465483161631898922e-04 2.536397438642689034e-04 3.268514299431661031e-04 3.349128496637048262e-04
6.325000000000000178e+00 2.329869474059181975e-04 2.396682217921646950e-04 3.101621408207186955e-04 3.177791281113917965e-04
6.349999999999999645e+00 2.201761218013265260e-04 2.264709234958257010e-04 2.943383256955006797e-04 3.015355030302533214e-04
6.375000000000000000e+00 2.080744057450995335e-04 2.140050726817404496e-04 2.793348784535213563e-04 2.861355228664732328e-04
6.400000000000000355e+00 1.966426106545961087e-04 2.022302106423967477e-04 2.651090103218927264e-04 2.715351237227666185e-04
6.424999999999999822e+00 1.858436773071465281e-04 1.911080770959089489e-04 2.516201371534509566e-04 2.576925130580600787e-04
6.450000000000000178e+00 1.756425652872803335e-04 1.806024963844576566e-04 2.388297709273754042e-04 2.445680583583563624e-04
6.474999999999999645e+00 1.660061477797153406e-04 1.706792686982147166e-04 2.267014160691741193e-04 2.321241801309794706e-04
6.500000000000000000e+00 1.569031112331689009e-04 1.613060668246540496e-04 2.152004706447722862e-04 2.203252502434375462e-04
6.525000000000000355e+00 1.483038597190970123e-04 1.524523374915590828e-04 2.042941315261142382e-04 2.091374944350516036e-04
6.549999999999999822e+00 1.401804240053769273e-04 1.440892074576525877e-04 1.939513038350969612e-04 1.985288990150972915e-04
6.575000000000000178e+00 1.325063748825390823e-04 1.361893941098868085e-04 1.841425149206714362e-04 1.884691219505845328e-04
6.599999999999999645e+00 1.252567409440812041e-04 1.287271206368325574e-04 1.748398320793434805e-04 1.789294084022018214e-04
6.625000000000000000e+00 1.184079303146679869e-04 1.216780352361512189e-04 1.660167839298806497e-04 1.698825096887948834e-04
6.650000000000000355e+00 1.119376563291727008e-04 1.150191343084582668e-04 1.576482859219864509e-04 1.613026062817846725e-04
6.674999999999999822e+00 1.058248669867347053e-04 1.087286896677534549e-04 1.497105690150501674e-04 1.531652345229055729e-04
6.700000000000000178e+00 1.000496779976279605e-04 1.027861793315623781e-04 1.421811120305569364e-04 1.454472167205118080e-04
6.724999999999999645e+00 9.459330924777588606e-05 9.717222200090138329e-05 1.350385771907572970e-04 1.381265948455948718e-04
6.750000000000000888e+00 8.943802450528040701e-05 9.186851468390685776e-05 1.282627487667429168e-04 1.311825671501452937e-04
6.775000000000001243e+00 8.456707433738351706e-05 8.685777375816006835e-05 1.218344747927519345e-04 1.245954281557469902e-04
6.799999999999999822e+00 7.996464197169876403e-05 8.212367901577437962e-05 1.157356115959698342e-04 1.183465114331434836e-04
6.825000000000001066e+00 7.561579201555487925e-05 7.765082069183599958e-05 1.099489712819877658e-04 1.124181353683245888e-04
6.849999999999999645e+00 7.150642184444270806e-05 7.342464923980603444e-05 1.044582716058980321e-04 1.067935515808745000e-04
6.875000000000000000e+00 6.762321566299836408e-05 6.943142784492216271e-05 9.924808855347482428e-05 1.014568959545238412e-04
6.900000000000001243e+00 6.395360092244510748e-05 6.565818736976552334e-05 9.430381129905991016e-05 9.639314212983394060e-05
6.924999999999999822e+00 6.048570718726608441e-05 6.209268382390047353e-05 8.961159942705484700e-05 9.158805743559140318e-05
6.950000000000001066e+00 5.720832713647203718e-05 5.872335810403883362e-05 8.515834230460745660e-05 8.702816103454069033e-05
6.974999999999999645e+00 5.411138325784787970e-05 5.553879430791768722e-05 8.093292403562837205e-05 8.269938070853162374e-05
7.000000000000000000e+00 5.118354303575214237e-05 5.252939899499906615e-05 7.692183604854768437e-05 7.859323614420287687e-05
7.025000000000001243e+00 4.841628050713721744e-05 4.968530948061447816e-05 7.311432700424466452e-05 7.469590775798206619e-05
7.049999999999999822e+00 4.580068224672073553e-05 4.699733542622546849e-05 6.949983825162411237e-05 7.099654323753771298e-05
7.075000000000001066e+00 4.332833377136867327e-05 4.445680169394634527e-05 6.606836806276631877e-05 6.748486376307315812e-05
7.099999999999999645e+00 4.099129158098308040e-05 4.205551943563013177e-05 6.281044201210923632e-05 6.415113349605366477e-05
7.125000000000000000e+00 3.878205673735460373e-05 3.978575879065746962e-05 5.971708489363409194e-05 6.098613062482402216e-05
7.150000000000001243e+00 3.669354991722538614e-05 3.764022309316332644e-05 5.677979423068423763e-05 5.798111999279425101e-05
7.174999999999999822e+00 3.471908785246580518e-05 3.561202451807871978e-05 5.399051511391297372e-05 5.512782717439403953e-05
7.200000000000000178e+00 3.285236107918387632e-05 3.369466108523063824e-05 5.134161635729266661e-05 5.241841390775961408e-05
7.224999999999999645e+00 3.108741292818971100e-05 3.188199494341530940e-05 4.882586794787598648e-05 4.984545481939919859e-05
7.250000000000000000e+00 2.941861968935423894e-05 3.016823187147865530e-05 4.643641969908866846e-05 4.740191541967615362e-05
7.275000000000001243e+00 2.784067189021519168e-05 2.854790192736934764e-05 4.416678102356381291e-05 4.508113124707131402e-05
7.299999999999999822e+00 2.634855661998465452e-05 2.701584118237812510e-05 4.201080181007706620e-05 4.287678814762863684e-05
7.325000000000000178e+00 2.493754084723756917e-05 2.556717448245707862e-05 3.996265425051045858e-05 4.078290357794459356e-05
7.349999999999999645e+00 2.360315567566609131e-05 2.419729917976507749e-05 3.801681572449439771e-05 3.879380891605209512e-05
7.375000000000000000e+00 2.234118148060307244e-05 2.290186977618339164e-05 3.616805258928646491e-05 3.690413275759172170e-05
7.400000000000001243e+00 2.114763388823741135e-05 2.167678343487429340e-05 3.441140476077907893e-05 3.510878506527972200e-05
7.424999999999999822e+00 2.001875054157203494e-05 2.051816631115203711e-05 3.274217120276858841e-05 3.340294217475021525e-05
7.450000000000000178e+00 1.895097861175434883e-05 1.942236065015649605e-05 3.115589616868904416e-05 3.178203263160186970e-05
7.474999999999999645e+00 1.794096301656579803e-05 1.838591261660899005e-05 2.964835613338651869e-05 3.024172374926446246e-05
7.500000000000000000e+00 1.698553530183757952e-05 1.740556081207546597e-05 2.821554749687711259e-05 2.877790890819086016e-05
7.525000000000000355e+00 1.608170314898254858e-05 1.647822544002115720e-05 2.685367492626527882e-05 2.738669555378039618e-05
7.549999999999999822e+00 1.522664047770431066e-05 1.560099808192225490e-05 2.555914029742678662e-05 2.606439381970889583e-05
7.575000000000000178e+00 1.441767811253429255e-05 1.477113205897036343e-05 2.432853224541244497e-05 2.480750576276515918e-05
7.599999999999999645e+00 1.365229496716064720e-05 1.398603333392939516e-05 2.315861627654451665e-05 2.361271517834359965e-05
7.625000000000000000e+00 1.292810973310441247e-05 1.324325192693076152e-05 2.204632541404362751e-05 2.247687796462860687e-05
7.650000000000000355e+00 1.224287303850430896e-05 1.254047382200947719e-05 2.098875134374923358e-05 2.139701301032193080e-05
7.674999999999999822e+00 1.159446004738428798e-05 1.187551332820691079e-05 1.998313604400766484e-05 2.037029356968280457e-05
7.700000000000000178e+00 1.098086348003661115e-05 1.124630587439738649e-05 1.902686384615529357e-05 1.939403910384976062e-05
7.724999999999999645e+00 1.040018702659083779e-05 1.065090121289575567e-05 1.811745391828043110e-05 1.846570754401493777e-05
7.750000000000000000e+00 9.850639133331583482e-06 1.008745700668484698e-05 1.725255316926002180e-05 1.758288798353643186e-05
7.775000000000000355e+00 9.330527140812197500e-06 9.554232780589273883e-06 1.642992953367598767e-05 1.674329376129198325e-05
7.799999999999999822e+00 8.838251752750749061e-06 9.049584215276054554e-06 1.564746560341442311e-05 1.594475592379723979e-05
7.825000000000000178e+00 8.372301817389088397e-06 8.571957763108635828e-06 1.490315260032271605e-05 1.518521701699869568e-05
7.849999999999999645e+00 7.931249403852427842e-06 8.119885569448753422e-06 1.419508468810128416e-05 1.446272523524246211e-05
7.875000000000000000e+00 7.513745156174147919e-06 7.691980680551186797e-06 1.352145355721740967e-05 1.377542886002635664e-05
7.900000000000000355e+00 7.118513910126885076e-06 7.286932522672691206e-06 1.288054334484724583e-05 1.312157101695160146e-05
7.924999999999999822e+00 6.744350557265287616e-06 6.903502637300745176e-06 1.227072577941216847e-05 1.249948470582535762e-05
7.950000000000000178e+00 6.390116142208271349e-06 6.540520656639950189e-06 1.169045560649527989e-05 1.190758808578916536e-05
7.974999999999999645e+00 6.054734180110030986e-06 6.196880507149690660e-06 1.113826626768021094e-05 1.134438003063727111e-05
8.000000000000000000e+00 5.737187181242454581e-06 5.871536826730460879e-06 1.061276578687659825e-05 1.080843590957998322e-05
8.025000000000000355e+00 5.436513371796641972e-06 5.563501584015345693e-06 1.011263289228655617e-05 1.029840359460120923e-05
8.050000000000000711e+00 5.151803599203662707e-06 5.271840889098512114e-06 9.636613333413785088e-06 9.812999681998484038e-06
8.074999999999999289e+00 4.882198411360817277e-06 4.995671983188634230e-06 9.183516405066864295e-06 9.351005912745789827e-06
8.099999999999999645e+00 4.626885300433402353e-06 4.734160398412518647e-06 8.752211652896149161e-06 8.911265791809233063e-06
8.125000000000000000e+00 4.385096101150427860e-06 4.486517277134843454e-06 8.341625742410202271e-06 8.492681375328866374e-06
8.150000000000000355e+00 4.156104535559361863e-06 4.251996842131417470e-06 7.950739511562123068e-06 8.094210235936717969e-06
8.175000000000000711e+00 3.939223895534646647e-06 4.029894009307892162e-06 7.578585165204692321e-06 7.714862587898000136e-06
8.199999999999999289e+00 3.733804855218559566e-06 3.819542134336505200e-06 7.224243618931560745e-06 7.353698559613221320e-06
8.224999999999999645e+00 3.539233406084767440e-06 3.620310885854947919e-06 6.886841996623311376e-06 7.009825616131438294e-06
8.250000000000000000e+00 3.354928907698853207e-06 3.431604237974416870e-06 6.565551246975492103e-06 6.682396120345246470e-06
8.275000000000000355e+00 3.180342247570454568e-06 3.252858575424203409e-06 6.259583883890967960e-06 6.370605012692377026e-06
8.300000000000000711e+00 3.014954103949269390e-06 3.083540904800170782e-06 5.968191858323266516e-06 6.073687622538868136e-06
8.324999999999999289e+00 2.858273305708993955e-06 2.923147166023241959e-06 5.690664532363046877e-06 5.790917591665291731e-06
8.349999999999999645e+00 2.709835283823604505e-06 2.771200638201933737e-06 5.426326761187722005e-06 5.521604907485800404e-06
8.375000000000000000e+00 2.569200609294389572e-06 2.627250434672652379e-06 5.174537075409499868e-06 5.265094036475491859e-06
8.400000000000000355e+00 2.435953612566349441e-06 2.490870082074918631e-06 4.934685964818815595e-06 5.020762161640587855e-06
8.425000000000000711e+00 2.309701079913353389e-06 2.361656178739552770e-06 4.706194242920393636e-06 4.788017508330437852e-06
8.449999999999999289e+00 2.190071022367070328e-06 2.239227127890634314e-06 4.488511499962611216e-06 4.566297757318395479e-06
8.474999999999999645e+00 2.076711513179480036e-06 2.123221941478212915e-06 4.281114640291521776e-06 4.355068541719795200e-06
8.500000000000000000e+00 1.969289589851085754e-06 2.013299110586129233e-06 4.083506494126385789e-06 4.153822025496258500e-06
8.525000000000000355e+00 1.867490217184748575e-06 1.909135538663807460e-06 3.895214499468784209e-06 3.962075551734082454e-06
8.550000000000000711e+00 1.771015307870342667e-06 1.810425534106890838e-06 3.715789456149624493e-06 3.779370365119541913e-06
8.574999999999999289e+00 1.679582797358807753e-06 1.716879858749509405e-06 3.544804339207928478e-06 3.605270397019685575e-06
8.599999999999999645e+00 1.592925770020586413e-06 1.628224829176276343e-06 3.381853179201040579e-06 3.439361116232829908e-06
8.625000000000000000e+00 1.510791633652403026e-06 1.544201467855454041e-06 3.226549997407621834e-06 3.281248438352803386e-06
8.650000000000000355e+00 1.432941339654876964e-06 1.464564701308054328e-06 3.078527799933454007e-06 3.130557693529198543e-06
8.675000000000000711e+00 1.359148646290827601e-06 1.389082602657106095e-06 2.937437618868403072e-06 2.986932646479117611e-06
8.699999999999999289e+00 1.289199422626462919e-06 1.317535676047457260e-06 2.802947605494784644e-06 2.850034566092560853e-06
8.724999999999999645e+00 1.222890990875441696e-06 1.249716180627773290e-06 2.674742170820884052e-06 2.719541345039276832e-06
8.750000000000000000e+00 1.160031504979718801e-06 1.185427491843457832e-06 2.552521167552524608e-06 2.595146663011338290e-06
8.775000000000000355e+00 1.100439363417192570e-06 1.124483497952543131e-06 2.435999118047316563e-06 2.476559194088279604e-06
8.800000000000000711e+00 1.043942654323169971e-06 1.066708029805404558e-06 2.324904479997342135e-06 2.363501855792929102e-06
8.824999999999999289e+00 9.903786311105714314e-07 1.011934322023467462e-06 2.218978948387819677e-06 2.255711094942194205e-06
8.849999999999999645e+00 9.395932168843931660e-07 9.600045038144245574e-07 2.117976794962255032e-06 2.152936210710154564e-06
8.875000000000000000e+00 8.914405360606812609e-07 9.107691177722431361e-07 2.021664242260074844e-06 2.054938713071712079e-06
8.900000000000000355e+00 8.457824716635390988e-07 8.640866650963021695e-07 1.929818867523460509e-06 1.961491714089278114e-06
8.925000000000000711e+00 8.024882468795675602e-07 8.198231757824108661e-07 1.842229037518850138e-06 1.872379348770798188e-06
8.949999999999999289e+00 7.614340295040269686e-07 7.778518023536135633e-07 1.758693374551193870e-06 1.787396227802719151e-06
8.974999999999999645e+00 7.225025580262921467e-07 7.380524358506990250e-07 1.679020245152453646e-06 1.706346916366744950e-06
9.000000000000000000e+00 6.855827881390026370e-07 7.003113428333215483e-07 1.603027278533467280e-06 1.629045439512576235e-06
9.025000000000000355e+00 6.505695585478423479e-07 6.645208222226256576e-07 1.530540909431078421e-06 1.555314814569530039e-06
9.050000000000000711e+00 6.173632750082443692e-07 6.305788808967046396e-07 1.461395940915189863e-06 1.484986605449255665e-06
9.074999999999999289e+00 5.858696115786271152e-07 5.983889269838687064e-07 1.395435131792372932e-06 1.417900499446892910e-06
9.099999999999999645e+00 5.559992281385169997e-07 5.678594798825089834e-07 1.332508805297339076e-06 1.353903906768391922e-06
9.125000000000000000e+00 5.276675032706213167e-07 5.389038960704728096e-07 1.272474476488388447e-06 1.292851579884255966e-06
9.150000000000000355e+00 5.007942816676040964e-07 5.114401098441439337e-07 1.215196498136220716e-06 1.234605251763878764e-06
9.175000000000000711e+00 4.753036352527773211e-07 4.853903881635905555e-07 1.160545724893946290e-06 1.179033292145858141e-06
9.199999999999999289e+00 4.511236372562869080e-07 4.606810988050539737e-07 1.108399195265252381e-06 1.126010381980008400e-06
9.224999999999999645e+00 4.281861485436873417e-07 4.372424911021615434e-07 1.058639827940912431e-06 1.075417203787017430e-06
9.250000000000000000e+00 4.064266155184739724e-07 4.150084885854648085e-07 1.011156134081046721e-06 1.027140147177716964e-06
9.275000000000000355e+00 3.857838789590447856e-07 3.939164928562703210e-07 9.658419449003903411e-07 9.810710300014517752e-07
9.300000000000000711e+00 3.661999931918074457e-07 3.739071980785377861e-07 9.225961508146267106e-07 9.371068328668456842e-07
9.324999999999999289e+00 3.476200550336003937e-07 3.549244155063490222e-07 8.813224553836673502e-07 8.951494465992735013e-07
9.349999999999999645e+00 3.299920419677414927e-07 3.369149074967283137e-07 8.419291413927314614e-07 8.551054336094117128e-07
9.375000000000000000e+00 3.132666590471138808e-07 3.198282304862990958e-07 8.043288471378059107e-07 8.168857996811310745e-07
9.400000000000000355e+00 2.973971940468182523e-07 3.036165864399641779e-07 7.684383563409615021e-07 7.804057783618191982e-07
9.425000000000000711e+00 2.823393804162687832e-07 2.882346823088868409e-07 7.341783959383437094e-07 7.455846255981544761e-07
9.449999999999999289e+00 2.680512676033964253e-07 2.736395970589574912e-07 7.014734451257475438e-07 7.123454240304941059e-07
9.474999999999999645e+00 2.544930983493223822e-07 2.597906558560376678e-07 6.702515543402871043e-07 6.806148979991506749e-07
9.500000000000000000e+00 2.416271925726838514e-07 2.466493110164284063e-07 6.404441724094092219e-07 6.503232372196783709e-07
9.525000000000000355e+00 2.294178374852287408e-07 2.341790293543306849e-07 6.119859823676031926e-07 6.214039292914136957e-07
9.550000000000000711e+00 2.178311835988330922e-07 2.223451855768863797e-07 5.848147453446797431e-07 5.937936001147958423e-07
9.574999999999999289e+00 2.068351463042183275e-07 2.111149613976572582e-07 5.588711528630127773e-07 5.674318628871089587e-07
9.599999999999999645e+00 1.963993127180538945e-07 2.004572500577471990e-07 5.340986854100950174e-07 5.422611740886696954e-07
9.625000000000000000e+00 1.864948535119112433e-07 1.903425659592324232e-07 5.104434783167017812e-07 5.182266965263454607e-07
9.650000000000000355e+00 1.770944394539498530e-07 1.807429591343943000e-07 4.878541945354794966e-07 4.952761691841379731e-07
9.675000000000000711e+00 1.681721624071588222e-07 1.716319342880507690e-07 4.662819038207580231e-07 4.733597839142114002e-07
9.699999999999999289e+00 1.597034605427213908e-07 1.629843741644050243e-07 4.456799670502774841e-07 4.524300677000452688e-07
9.724999999999999645e+00 1.516650475406537851e-07 1.547764670045191415e-07 4.260039268175751303e-07 4.324417707693652023e-07
9.750000000000000000e+00 1.440348455621674813e-07 1.469856378730219531e-07 4.072114029566161491e-07 4.133517601955707596e-07
9.775000000000000355e+00 1.367919217899579379e-07 1.395904836445267451e-07 3.892619936232638986e-07 3.951189186673685237e-07
9.800000000000000711e+00 1.299164283437369823e-07 1.325707114519171842e-07 3.721171810961599622e-07 3.777040485266333851e-07
9.824999999999999289e+00 1.233895453892281686e-07 1.259070804100253459e-07 3.557402417148083069e-07 3.610697800217990671e-07
9.849999999999999645e+00 1.171934272683194936e-07 1.195813464374302090e-07 3.400961609275004700e-07 3.451804843590585170e-07
9.875000000000000000e+00 1.113111514877839224e-07 1.135762100096581524e-07 3.251515518077086863e-07 3.300021908896251721e-07
9.900000000000000355e+00 1.057266704129554800e-07 1.078752666858536188e-07 3.108745780249208348e-07 3.155025082567913571e-07
9.925000000000000711e+00 1.004247655207079544e-07 1.024629602595932806e-07 2.972348802486694338e-07 3.016505495858581044e-07
9.949999999999999289e+00 9.539100407447360994e-08 9.732453839279919233e-08 2.842035060815802079e-07 2.884168609165012719e-07
9.974999999999999645e+00 9.061169809144250792e-08 9.244601059937840967e-08 2.717528438500283448e-07 2.757733535850402838e-07
1.000000000000000000e+01 8.607386547879128314e-08 8.781410845248704130e-08 2.598565589149718786e-07 2.636932395093499197e-07
1.002500000000000036e+01 8.176519322282982093e-08 8.341624789585722993e-08 2.484895336985612771e-07 2.521509697943052646e-07
1.005000000000000071e+01 7.767400252133377584e-08 7.924049354678817133e-08 2.376278099900876112e-07 2.411221762122142945e-07
1.007499999999999929e+01 7.378921575496810133e-08 7.527552488404800813e-08 2.272485344573005706e-07 2.305836153921540746e-07
1.009999999999999964e+01 7.010032519952221070e-08 7.151060421966628570e-08 2.173299068861916553e-07 2.205131160692992673e-07
1.012500000000000000e+01 6.659736338612640508e-08 6.793554635942335781e-08 2.078511303366198611e-07 2.108895285048731010e-07
1.015000000000000036e+01 6.327087502137202539e-08 6.454068986181455113e-08 1.987923642498474766e-07 2.016926764496696424e-07
1.017500000000000071e+01 6.011189038423504331e-08 6.131686981000520009e-08 1.901346795753381315e-07 1.929033115185542917e-07
1.019999999999999929e+01 5.711190012123361224e-08 5.825539201632639503e-08 1.818600160409341844e-07 1.845030696242564330e-07
1.022499999999999964e+01 5.426283136517528934e-08 5.534800858282202604e-08 1.739511415262771896e-07 1.764744295849364592e-07
1.025000000000000000e+01 5.155702510726639399e-08 5.258689474559926847e-08 1.663916133212236904e-07 1.688006736388217756e-07
1.027500000000000036e+01 4.898721475589751849e-08 4.996462693477720702e-08 1.591657412271351910e-07 1.614658498973799036e-07
1.030000000000000071e+01 4.654650581909762616e-08 4.747416198538204187e-08 1.522585523884296722e-07 1.544547364807530683e-07
1.032499999999999929e+01 4.422835665104417267e-08 4.510881743797521522e-08 1.456557580837484898e-07 1.477528075725199197e-07
1.034999999999999964e+01 4.202656020619861870e-08 4.286225287124004826e-08 1.393437216703149553e-07 1.413462009714826656e-07
1.037500000000000000e+01 3.993522674767552511e-08 4.072845221181792382e-08 1.333094282586208477e-07 1.352216870869903839e-07
1.040000000000000036e+01 3.794876745929838758e-08 3.870170696945412644e-08 1.275404559379065845e-07 1.293666395991074727e-07
1.042500000000000071e+01 3.606187891358405765e-08 3.677660034862097066e-08 1.220249481395137437e-07 1.237690073956155792e-07
1.044999999999999929e+01 3.426952835033643704e-08 3.494799219006540583e-08 1.167515874403098112e-07 1.184172878477174190e-07
1.047499999999999964e+01 3.256693972312017990e-08 3.321100469853706681e-08 1.117095706428599179e-07 1.133005013953536402e-07
1.050000000000000000e+01 3.094958047298329799e-08 3.156100891508505960e-08 1.068885849211194895e-07 1.084081673335385168e-07
1.052500000000000036e+01 2.941314899111956886e-08 2.999361189456663186e-08 1.022787851296433158e-07 1.037302806611587664e-07
1.055000000000000071e+01 2.795356273414874995e-08 2.850464455124302200e-08 9.787077224272517587e-08 9.925729013263743826e-08
1.057499999999999929e+01 2.656694695763196643e-08 2.709015013717351286e-08 9.365557271304041910e-08 9.498007725100244675e-08
1.059999999999999964e+01 2.524962403528346880e-08 2.574637332009419166e-08 8.962461895398094266e-08 9.088993635225743940e-08
1.062500000000000000e+01 2.399810333307035570e-08 2.446974982920629463e-08 8.576973051296761933e-08 8.697855553806927685e-08
1.065000000000000036e+01 2.280907160903685451e-08 2.325689663899791755e-08 8.208309631141257498e-08 8.323799850494899032e-08
1.067500000000000071e+01 2.167938391123949861e-08 2.210460266281320137e-08 7.855725772422911709e-08 7.966068732491850726e-08
1.069999999999999929e+01 2.060605494765181242e-08 2.100981992939039688e-08 7.518509228114312346e-08 7.623938593552699791e-08
1.072499999999999964e+01 1.958625090327408978e-08 1.996965521700208414e-08 7.195979829783805168e-08 7.296718441199093595e-08
1.075000000000000000e+01 1.861728168102015491e-08 1.898136212119974672e-08 6.887488017755758862e-08 6.983748404512116787e-08
1.077500000000000036e+01 1.769659354417815550e-08 1.804233353342831983e-08 6.592413436356960766e-08 6.684398304022766336e-08
1.080000000000000071e+01 1.682176213942565339e-08 1.715009450898107055e-08 6.310163600928992115e-08 6.398066294759171980e-08
1.082499999999999929e+01 1.599048588049698098e-08 1.630229550391454545e-08 6.040172617347292910e-08 6.124177565934825151e-08
1.084999999999999964e+01 1.520057967364762210e-08 1.549670596161626390e-08 5.781899973613352360e-08 5.862183106524579268e-08
1.087500000000000000e+01 1.444996896706435840e-08 1.473120823074735377e-08 5.534829376855127277e-08 5.611558526833566464e-08
1.090000000000000036e+01 1.373668410731135786e-08 1.400379179724675316e-08 5.298467651899088111e-08 5.371802933550075496e-08
1.092500000000000071e+01 1.305885498679085184e-08 1.331254781399510810e-08 5.072343689269095827e-08 5.142437861606106422e-08
1.094999999999999929e+01 1.241470596705129806e-08 1.265566391260984702e-08 4.856007436764508507e-08 4.923006249501808292e-08
1.097499999999999964e+01 1.180255106357170934e-08 1.203141928266064164e-08 4.649028943765652156e-08 4.713071465596487500e-08
1.100000000000000000e+01 1.122078937840691571e-08 1.143818000436811654e-08 4.450997448693732888e-08 4.512216378824224426e-08
1.102500000000000036e+01 1.066790076779875354e-08 1.087439462158681864e-08 4.261520509727373079e-08 4.320042475353771445e-08
1.105000000000000071e+01 1.014244173253607996e-08 1.033858994256822717e-08 4.080223167738161279e-08 4.136169010303114599e-08
1.107499999999999929e+01 9.643041519487916032e-09 9.829367056657285469e-09 3.906747159539231263e-08 3.960232201958957210e-08
1.109999999999999964e+01 9.168398423345165435e-09 9.345397555699804285e-09 3.740750162205127174e-08 3.791884466137811538e-08
1.112500000000000000e+01 8.717276278179028349e-09 8.885419949528646529e-09 3.581905067111874996e-08 3.630793679968630959e-08
1.115000000000000036e+01 8.288501128970626602e-09 8.448236265451272918e-09 3.429899295346270892e-08 3.476642482161758265e-08
1.117500000000000071e+01 7.880958073786538298e-09 8.032708822198403892e-09 3.284434142653467602e-08 3.329127607595947826e-08
1.119999999999999929e+01 7.493588267758442197e-09 7.637757169287055829e-09 3.145224153343617417e-08 3.187959251151464767e-08
1.122499999999999964e+01 7.125386080491367878e-09 7.262355183226920251e-09 3.011996520060311711e-08 3.052860459466783293e-08
1.125000000000000000e+01 6.775396398962863662e-09 6.905528312451805475e-09 2.884490515169735799e-08 2.923566549903718041e-08
1.127500000000000036e+01 6.442712068390700984e-09 6.566350963278929794e-09 2.762456949906882388e-08 2.799824560726966276e-08
1.130000000000000071e+01 6.126471463938771995e-09 6.243944019602498737e-09 2.645657651065804577e-08 2.681392721871406904e-08
1.132499999999999929e+01 5.825856186505694788e-09 5.937472489410666796e-09 2.533864968580812042e-08 2.568039951364237117e-08
1.134999999999999964e+01 5.540088876191478500e-09 5.646143271575564407e-09 2.426861302850094428e-08 2.459545376136715677e-08
1.137500000000000000e+01 5.268431137372400281e-09 5.369203036707273905e-09 2.324438653506577304e-08 2.355697873097398841e-08
1.140000000000000036e+01 5.010181569630961151e-09 5.105936216188199912e-09 2.226398189632114655e-08 2.256295632304131373e-08
1.142500000000000071e+01 4.764673899086929348e-09 4.855663093809291701e-09 2.132549838562863428e-08 2.161145739055097125e-08
1.144999999999999929e+01 4.531275204960552721e-09 4.617737994722527725e-09 2.042711894633863283e-08 2.070063776043444076e-08
1.147499999999999964e+01 4.309384236466496315e-09 4.391547566697442454e-09 1.956710643545769248e-08 1.982873442394221653e-08
1.150000000000000000e+01 4.098429815393371514e-09 4.176509148930799391e-09 1.874380006688844622e-08 1.899406190810884105e-08
1.152500000000000036e+01 3.897869319964395431e-09 3.972069223906716290e-09 1.795561200169451010e-08 1.819500881868889984e-08
1.155000000000000071e+01 3.707187245803799449e-09 3.777701948037217137e-09 1.720102409062262633e-08 1.743003452865040370e-08
1.157499999999999929e+01 3.525893840050192756e-09 3.592907757035902606e-09 1.647858477253101751e-08 1.669766602569194968e-08
1.159999999999999964e+01 3.353523804863458236e-09 3.417212042187624734e-09 1.578690609825405585e-08 1.599649489322170192e-08
1.162500000000000000e+01 3.189635066766490932e-09 3.250163893874833728e-09 1.512466090242999612e-08 1.532517443166171033e-08
1.165000000000000036e+01 3.033807608447562930e-09 3.091334908912517714e-09 1.449058010671635652e-08 1.468241691464111762e-08
1.167500000000000071e+01 2.885642359822981014e-09 2.940318058419121859e-09 1.388345013968205480e-08 1.406699097177574545e-08
1.169999999999999929e+01 2.744760145326832777e-09 2.796726613123104479e-09 1.330211046385625818e-08 1.347771907972416680e-08
1.172499999999999964e+01 2.610800684549937824e-09 2.660193123164026987e-09 1.274545122496086572e-08 1.291347516993981201e-08
1.175000000000000000e+01 2.483421643499869784e-09 2.530368449598592971e-09 1.221241101014986586e-08 1.237318234809222082e-08
1.177500000000000036e+01 2.362297733894557838e-09 2.406920844967888578e-09 1.170197470294952560e-08 1.185581071846135569e-08
1.180000000000000071e+01 2.247119858035428455e-09 2.289535080417259616e-09 1.121317142644267382e-08 1.136037529776535437e-08
1.182499999999999929e+01 2.137594296932824611e-09 2.177911616990487139e-09 1.074507258941010582e-08 1.088593402620956626e-08
1.184999999999999964e+01 2.033441939476314352e-09 2.071765818842350975e-09 1.029679001605483657e-08 1.043158586923613134e-08
1.187500000000000000e+01 1.934397550556395909e-09 1.970827206230204271e-09 9.867474166577963124e-09 9.996469006003949449e-09
1.190000000000000036e+01 1.840209076151781290e-09 1.874838746255217012e-09 9.456312427674209923e-09 9.579759099733530111e-09
1.192500000000000071e+01 1.750636983498904150e-09 1.783556179428937391e-09 9.062527481616641867e-09 9.180667637936631599e-09
1.194999999999999929e+01 1.665453634556756958e-09 1.696747380239264133e-09 8.685375759120708022e-09 8.798440358268887186e-09
1.197499999999999964e+01 1.584442691072509095e-09 1.614191749984260951e-09 8.324145945518156766e-09 8.432355737335408958e-09
1.200000000000000000e+01 1.507398549640206355e-09 1.535679640231388953e-09 7.978157563667867698e-09 8.081723547946859530e-09
1.202500000000000036e+01 1.434125805227353813e-09 1.461011805343788443e-09 7.646759617641995656e-09 7.745883482472833205e-09
1.205000000000000071e+01 1.364438741722646294e-09 1.389998882595548349e-09 7.329329297683502765e-09 7.424203837435127790e-09
1.207499999999999929e+01 1.298160848132192939e-09 1.322460898473675041e-09 7.025270741917136308e-09 7.116080256650259750e-09
1.209999999999999964e+01 1.235124359122010806e-09 1.258226799836436739e-09 6.734013857415384244e-09 6.820934531575102904e-09
1.212500000000000000e+01 1.175169818671365347e-09 1.197134008666025117e-09 6.455013188035010088e-09 6.538213455718898216e-09
1.215000000000000036e+01 1.118145665664621356e-09 1.139027999218056994e-09 6.187746829932413142e-09 6.267387723718174354e-09
1.217500000000000071e+01 1.063907840309491481e-09 1.083761896431862309e-09 5.931715408756045150e-09 6.007950886796405748e-09
1.219999999999999929e+01 1.012319410326378104e-09 1.031196094523681064e-09 5.686441090276994411e-09 5.759418354354059378e-09
1.222499999999999964e+01 9.632502159073633490e-10 9.811978947399132334e-10 5.451466634969840578e-09 5.521326433453773966e-09
1.225000000000000000e+01 9.165765324947844854e-10 9.336411613000310597e-10 5.226354502845140282e-09 5.293231416795348915e-09
1.227500000000000036e+01 8.721807504776709671e-10 8.884059946082572720e-10 5.010685992103715012e-09 5.074708710421156100e-09
1.230000000000000071e+01 8.299510709505108876e-10 8.453784208601864875e-10 4.804060417435397920e-09 4.865351999167229893e-09
1.232499999999999929e+01 7.897812167223459288e-10 8.044500972151761949e-10 4.606094324438021657e-09 4.664772449302465232e-09
1.234999999999999964e+01 7.515701578056727558e-10 7.655180317475845546e-10 4.416420738917325552e-09 4.472597946442098293e-09
1.237500000000000000e+01 7.152218506539031360e-10 7.284843174301308476e-10 4.234688449213648512e-09 4.288472367154462906e-09
1.240000000000000036e+01 6.806449904533417499e-10 6.932558794406614960e-10 4.060561320818195336e-09 4.112054882947818075e-09
1.242500000000000071e+01 6.477527758110563986e-10 6.597442351197655001e-10 3.893717638744893529e-09 3.943019294309096318e-09
1.244999999999999929e+01 6.164626852134718727e-10 6.278652659409197296e-10 3.733849482745373622e-09 3.781053393975467963e-09
1.247499999999999964e+01 5.866962646623496913e-10 5.975390008873134151e-10 3.580662129362277348e-09 3.625858361338943881e-09
1.250000000000000000e+01 5.583789259249874384e-10 5.686894106603473673e-10 3.433873476088116933e-09 3.477148179128598613e-09
1.252500000000000036e+01 5.314397548640774973e-10 5.412442121740349865e-10 3.293213497170315134e-09 3.334649078787360971e-09
1.255000000000000071e+01 5.058113293398295972e-10 5.151346828172656225e-10 3.158423719402727585e-09 3.198099009929434756e-09
1.257499999999999929e+01 4.814295462027188538e-10 4.902954839922233196e-10 3.029256722254902011e-09 3.067247132611269365e-09
1.259999999999999964e+01 4.582334569196481431e-10 4.666644934621836483e-10 2.905475658301744314e-09 2.941853331657321577e-09
1.262500000000000000e+01 4.361651113995382458e-10 4.441826460656504821e-10 2.786853795914289139e-09 2.821687751689313028e-09
1.265000000000000036e+01 4.151694096063188790e-10 4.227937823762254402e-10 2.673174083833959558e-09 2.706530354610561082e-09
1.267500000000000071e+01 3.951939605682053740e-10 4.024445049089461986e-10 2.564228732843649946e-09 2.596170495848983411e-09
1.269999999999999929e+01 3.761889484119339374e-10 3.830840414940620908e-10 2.459818814860116402e-09 2.490406518348382629e-09
1.272499999999999964e+01 3.581070050694433258e-10 3.646641154584140747e-10 2.359753881796132703e-09 2.389045364304229919e-09
1.275000000000000000e+01 3.409030893223170776e-10 3.471388222727976080e-10 2.263851601013797819e-09 2.291902205900112833e-09
1.277500000000000036e+01 3.245343718662331914e-10 3.304645123409861135e-10 2.171937402643345238e-09 2.198800089024381914e-09
1.280000000000000071e+01 3.089601260937274930e-10 3.145996796224892448e-10 2.083844148400790413e-09 2.109569594363458608e-09
1.282499999999999929e+01 2.941416243088352605e-10 2.995048557966846518e-10 1.999411812000942275e-09 2.024048514790204205e-09
1.284999999999999964e+01 2.800420391016293140e-10 2.851425096907561225e-10 1.918487171965534647e-09 1.942081544042809068e-09
1.287500000000000000e+01 2.666263496244106432e-10 2.714769517078706466e-10 1.840923520269525690e-09 1.863519980489648433e-09
1.290000000000000036e+01 2.538612525243430841e-10 2.584742430053431089e-10 1.766580382295243756e-09 1.788221443239548911e-09
1.292500000000000071e+01 2.417150772996861287e-10 2.461021091851747243e-10 1.695323250687992684e-09 1.716049601575386942e-09
1.294999999999999929e+01 2.301577058585245247e-10 2.343298582713188749e-10 1.627023329408443624e-09 1.646873915830068804e-09
1.297499999999999964e+01 2.191604960700429380e-10 2.231283027594318303e-10 1.561557288521977404e-09 1.580569389047038329e-09
1.300000000000000000e+01 2.086962091089574868e-10 2.124696855356464763e-10 1.498807030335672293e-09 1.517016329230782402e-09
1.302500000000000036e+01 1.987389404037689959e-10 2.023276094711596441e-10 1.438659466041633668e-09 1.456100122834225888e-09
1.305000000000000071e+01 1.892640540090309012e-10 1.926769705091652837e-10 1.381006301315348934e-09 1.397711017375726617e-09
1.307499999999999929e+01 1.802481202308679426e-10 1.834938940698899279e-10 1.325743832669381232e-09 1.341743914353305366e-09
1.309999999999999964e+01 1.716688563435776606e-10 1.747556746082625295e-10 1.272772750760652118e-09 1.288098170635602526e-09
1.312500000000000000e+01 1.635050702432951150e-10 1.664407181670722180e-10 1.221997953168224672e-09 1.236677408038790704e-09
1.315000000000000036e+01 1.557366068924437820e-10 1.585284877763665778e-10 1.173328365498851303e-09 1.187389331952804356e-09
1.317500000000000071e+01 1.483442974160488363e-10 1.509994515573500010e-10 1.126676769654264938e-09 1.140145557234398041e-09
1.319999999999999929e+01 1.413099107179581990e-10 1.438350333961607963e-10 1.081959640711541697e-09 1.094861442346785726e-09
1.322499999999999964e+01 1.346161074916497682e-10 1.370175660596662560e-10 1.039096989334190219e-09 1.051455930263709596e-09
1.325000000000000000e+01 1.282463965065869237e-10 1.305302466318369353e-10 9.980122117745893124e-10 1.009851395913093341e-09
1.327500000000000036e+01 1.221850930570604935e-10 1.243570941553570433e-10 9.586319465053201398e-10 9.699735008580336125e-10
1.330000000000000071e+01 1.164172794661232900e-10 1.184829093689121164e-10 9.208859366978957389e-10 9.317510538184567210e-10
1.332499999999999929e+01 1.109287675426097676e-10 1.128932364360955039e-10 8.847068990366090889e-10 8.951158776361286952e-10
1.334999999999999964e+01 1.057060628943452137e-10 1.075743265670883767e-10 8.500303978302828506e-10 8.600026816182037895e-10
1.337500000000000000e+01 1.007363310055048621e-10 1.025131034392267834e-10 8.167947249353067066e-10 8.263489397683863042e-10
1.340000000000000036e+01 9.600736499069375022e-11 9.769713032727229698e-11 7.849407845195791483e-10 7.940947739383720693e-10
1.342500000000000071e+01 9.150755494269681087e-11 9.311457885867220091e-11 7.544119831481658805e-10 7.631828423687820042e-10
1.344999999999999929e+01 8.722585879500713074e-11 8.875419931333823043e-11 7.251541242940729964e-10 7.335582327291766269e-10
1.347499999999999964e+01 8.315177462418970980e-11 8.460529239150293159e-11 6.971153077283137409e-10 7.051683600948695412e-10
1.350000000000000178e+01 7.927531432088819369e-11 8.065768237703956228e-11 6.702458329356987055e-10 6.779628690319646621e-10
1.352500000000000213e+01 7.558697856184504206e-11 7.690169162726677597e-11 6.444981070772522812e-10 6.518935402278542008e-10
1.355000000000000249e+01 7.207773301868981131e-11 7.332811632371256231e-11 6.198265562822244309e-10 6.269142007777489755e-10
1.357499999999999929e+01 6.873898574246148715e-11 6.992820342158911792e-11 5.961875415658743933e-10 6.029806385690492749e-10
1.359999999999999964e+01 6.556256566588714479e-11 6.669362873884681413e-11 5.735392783020983289e-10 5.800505206734703109e-10
1.362500000000000000e+01 6.254070216833724143e-11 6.361647612863422746e-11 5.518417586184523621e-10 5.580833149549035421e-10
1.365000000000000213e+01 5.966600565113100030e-11 6.068921768179978738e-11 5.310566771776650448e-10 5.370402148098216281e-10
1.367500000000000249e+01 5.693144907348541411e-11 5.790469490874218202e-11 5.111473607454228707e-10 5.168840674666331386e-10
1.369999999999999929e+01 5.433035040188534177e-11 5.525610085245237209e-11 4.920787005444417176e-10 4.975793055653065609e-10
1.372499999999999964e+01 5.185635592801467737e-11 5.273696308699962081e-11 4.738170871639037223e-10 4.790918813127969950e-10
1.375000000000000000e+01 4.950342441263253069e-11 5.034112755800335753e-11 4.563303489160913969e-10 4.613892036971917977e-10
1.377500000000000213e+01 4.726581201491060390e-11 4.806274322380727289e-11 4.395876925656536742e-10 4.444400785791880120e-10
1.380000000000000249e+01 4.513805796877416662e-11 4.589624745813985283e-11 4.235596465475661634e-10 4.282146511075029678e-10
1.382499999999999929e+01 4.311497096971342223e-11 4.383635217700815456e-11 4.082180068658497675e-10 4.126843508531160405e-10
1.384999999999999964e+01 4.119161623736182689e-11 4.187803065443785690e-11 3.935357849392717166e-10 3.978218390819321987e-10
1.387500000000000000e+01 3.936330322087728330e-11 4.001650499344752093e-11 3.794871582331762956e-10 3.836009584731998841e-10
1.390000000000000213e+01 3.762557391581244055e-11 3.824723422032754026e-11 3.660474228440934221e-10 3.699966851770724675e-10
1.392500000000000249e+01 3.597419176273289862e-11 3.656590297189912003e-11 3.531929478808590756e-10 3.569850826739084048e-10
1.394999999999999929e+01 3.440513109933324503e-11 3.496841074694867134e-11 3.409011322945778226e-10 3.445432578052656445e-10
1.397499999999999964e+01 3.291456713922035103e-11 3.345086169448158215e-11 3.291503633801531633e-10 3.326493188427732419e-10
1.400000000000000000e+01 3.149886645188265442e-11 3.200955491281498523e-11 3.179199770718697479e-10 3.212823352057196745e-10
1.402500000000000213e+01 3.015457791964517456e-11 3.064097523483598551e-11 3.071902199659820411e-10 3.104222990571587118e-10
1.405000000000000249e+01 2.887842414863100763e-11 2.934178447599691012e-11 2.969422129837051257e-10 3.000500883951454835e-10
1.407499999999999929e+01 2.766729331190808364e-11 2.810881312280030647e-11 2.871579169716021397e-10 2.901474321193436979e-10
1.409999999999999964e+01 2.651823140410340652e-11 2.693905244065160882e-11 2.778200994756196133e-10 2.806968764459600068e-10
1.412500000000000000e+01 2.542843488781519754e-11 2.582964698102657640e-11 2.689123031918652120e-10 2.716817529021759758e-10
1.415000000000000213e+01 2.439524371315085855e-11 2.477788746891761828e-11 2.604188155807585563e-10 2.630861476073921565e-10
1.417500000000000249e+01 2.341613469266778037e-11 2.378120405249118003e-11 2.523246400580054757e-10 2.548948719935730194e-10
1.419999999999999929e+01 2.248871521489652397e-11 2.283715989780868622e-11 2.446154684112951632e-10 2.470934348769923190e-10
1.422499999999999964e+01 2.161071728048507167e-11 2.194344511233948190e-11 2.372776545814983901e-10 2.396680158208324755e-10
1.425000000000000000e+01 2.077999184582053591e-11 2.109787098182836284e-11 2.302981895484818060e-10 2.326054397540252979e-10
1.427500000000000036e+01 1.999450345976274470e-11 2.029836450587325672e-11 2.236646773275634046e-10 2.258931526249181686e-10
1.430000000000000249e+01 1.925232517986499518e-11 1.954296321832444728e-11 2.173653120703059605e-10 2.195191982469989460e-10
1.432499999999999929e+01 1.855163375516317205e-11 1.882981027933613477e-11 2.113888561798797737e-10 2.134721960753977859e-10
1.434999999999999964e+01 1.789070506328561982e-11 1.815714982658591560e-11 2.057246196951764927e-10 2.077413202667090186e-10
1.437500000000000000e+01 1.726790979027727138e-11 1.752332257383103301e-11 2.003624403389236655e-10 2.023162795560732877e-10
1.440000000000000036e+01 1.668170934214039845e-11 1.692676164559138886e-11 1.952926646627232692e-10 1.971872980984205057e-10
1.442500000000000249e+01 1.613065197767668786e-11 1.636598863734287672e-11 1.905061301356818399e-10 1.923450972900066473e-10
1.444999999999999929e+01 1.561336915276904815e-11 1.583960989116907929e-11 1.859941480721101023e-10 1.877808785031744056e-10
1.447499999999999964e+01 1.512857206677040353e-11 1.534631297735881130e-11 1.817484872667983742e-10 1.834863065345996224e-10
1.450000000000000000e+01 1.467504840217120617e-11 1.488486337295093628e-11 1.777613585569712966e-10 1.794534939200699498e-10
1.452500000000000036e+01 1.425165924919855635e-11 1.445410132871878182e-11 1.740254001229194522e-10 1.756749860538758454e-10
1.455000000000000249e+01 1.385733620745956144e-11 1.405293891655497575e-11 1.705336636100858260e-10 1.721437470889913063e-10
1.457499999999999929e+01 1.349107865718058439e-11 1.368035724966509940e-11 1.672796008834486349e-10 1.688531465764563889e-10
1.459999999999999964e+01 1.315195119301371151e-11 1.333540386840648651e-11 1.642570514318078159e-10 1.657969466721643226e-10
1.462500000000000000e+01 1.283908121378278764e-11 1.301719028501721371e-11 1.614602306336447197e-10 1.629692902215315286e-10
1.465000000000000036e+01 1.255165666192536064e-11 1.272488968087181764e-11 1.588837184495272317e-10 1.603646893576253485e-10
1.467500000000000249e+01 1.228892390675422165e-11 1.245773475027474593e-11 1.565224488863502738e-10 1.579780147709841694e-10
1.469999999999999929e+01 1.205018576601437856e-11 1.221501568516143250e-11 1.543717000109336005e-10 1.558044856343622189e-10
1.472499999999999964e+01 1.183479966054852485e-11 1.199607829542080905e-11 1.524270844386132508e-10 1.538396599623921232e-10
1.475000000000000000e+01 1.164217589720792013e-11 1.180032225988296255e-11 1.506845405986133941e-10 1.520794257134006049e-10
1.477500000000000036e+01 1.147177607545632781e-11 1.162719950333260900e-11 1.491403244779182501e-10 1.505199924616678621e-10
1.480000000000000249e+01 1.132311161341340160e-11 1.147621269521328833e-11 1.477910017959933092e-10 1.491578834749175846e-10
1.482499999999999929e+01 1.119574238937110423e-11 1.134691386598022184e-11 1.466334407566728847e-10 1.479899283558110504e-10
1.484999999999999964e+01 1.108927549509346431e-11 1.123890313734152413e-11 1.456648053021026375e-10 1.470132562086256365e-10
1.487500000000000000e+01 1.100336409747664921e-11 1.115182756289950679e-11 1.448825488496667861e-10 1.462252892928134678e-10
1.490000000000000036e+01 1.093770640540351756e-11 1.108538007596575619e-11 1.442844085034011602e-10 1.456237371573370573e-10
1.492500000000000071e+01 1.089204473887568417e-11 1.103929854157743415e-11 1.438683997173277732e-10 1.452065912343513684e-10
1.494999999999999929e+01 1.086616469774642852e-11 1.101336490998706190e-11 1.436328114371064565e-10 1.449721199125350081e-10
1.497499999999999964e+01 1.085989442761109397e-11 1.100740446913596587e-11 1.435762016758117895e-10 1.449188640610638354e-10
