# col1: q[fm^-1] col2: weakFF col3: chargeFF [unitless]
9.999999999999999547e-07 9.999999998451342131e-01
9.999999776482582092e-03 9.998104051915889245e-01
1.999999955296516418e-02 9.992418071817755765e-01
2.999999932944774628e-02 9.982947634034210482e-01
3.999999910593032837e-02 9.969702022246786921e-01
4.999999701976776123e-02 9.952694217371113039e-01
5.999999865889549255e-02 9.931940860263746007e-01
7.000000029802322388e-02 9.907462256724109961e-01
7.999999821186065674e-02 9.879282336071932846e-01
8.999999612569808960e-02 9.847428589739682936e-01
9.999999403953552246e-02 9.811932057749297442e-01
1.099999994039535522e-01 9.772827242946607873e-01
1.199999973177909851e-01 9.730152178183059108e-01
1.299999952316284180e-01 9.683948194328497738e-01
1.400000005960464478e-01 9.634259933755182637e-01
1.499999910593032837e-01 9.581135447150022078e-01
1.599999964237213135e-01 9.524625695471938824e-01
1.700000017881393433e-01 9.464784981978936473e-01
1.799999922513961792e-01 9.401670656505187740e-01
1.899999976158142090e-01 9.335342726188239348e-01
1.999999880790710449e-01 9.265864436876197763e-01
2.099999934434890747e-01 9.193301390135242279e-01
2.199999988079071045e-01 9.117722159768684165e-01
2.299999892711639404e-01 9.039197901505803268e-01
2.399999946355819702e-01 8.957801878507148929e-01
2.500000000000000000e-01 8.873610057247526273e-01
2.599999904632568359e-01 8.786700665993389947e-01
2.699999809265136719e-01 8.697153810992042100e-01
2.800000011920928955e-01 8.605051462511229543e-01
2.899999916553497314e-01 8.510478320441395850e-01
2.999999821186065674e-01 8.413520048379161675e-01
3.100000023841857910e-01 8.314263944689455066e-01
3.199999928474426270e-01 8.212799739928081655e-01
3.299999833106994629e-01 8.109217698302547683e-01
3.400000035762786865e-01 8.003609352282261558e-01
3.499999940395355225e-01 7.896068349925373653e-01
3.599999845027923584e-01 7.786688440118872956e-01
3.700000047683715820e-01 7.675564265792825802e-01
3.799999952316284180e-01 7.562792255579428025e-01
3.899999856948852539e-01 7.448468509847313568e-01
3.999999761581420898e-01 7.332689994310892523e-01
4.099999964237213135e-01 7.215553734642747852e-01
4.199999868869781494e-01 7.097158091889022025e-01
4.299999773502349854e-01 6.977600543336637262e-01
4.399999976158142090e-01 6.856978591183876537e-01
4.499999880790710449e-01 6.735390734859466599e-01
4.599999785423278809e-01 6.612934193513395620e-01
4.699999988079071045e-01 6.489705854329508306e-01
4.799999892711639404e-01 6.365803269339254111e-01
4.899999797344207764e-01 6.241322336992928266e-01
5.000000000000000000e-01 6.116358283889206104e-01
5.099999904632568359e-01 5.991006679956850656e-01
5.199999809265136719e-01 5.865361096239225525e-01
5.299999713897705078e-01 5.739514488934562841e-01
5.399999618530273438e-01 5.613558725981813158e-01
5.500000119209289551e-01 5.487583737661227978e-01
5.600000023841857910e-01 5.361680424730456140e-01
5.699999928474426270e-01 5.235936060167102335e-01
5.799999833106994629e-01 5.110437204253125421e-01
5.899999737739562988e-01 4.985268868251486185e-01
5.999999642372131348e-01 4.860514432549343788e-01
6.100000143051147461e-01 4.736254829449265680e-01
6.200000047683715820e-01 4.612571428378441918e-01
6.299999952316284180e-01 4.489541520651579853e-01
6.399999856948852539e-01 4.367241218736356845e-01
6.499999761581420898e-01 4.245744651149370719e-01
6.599999666213989258e-01 4.125123903503821188e-01
6.699999570846557617e-01 4.005448963544722685e-01
6.800000071525573730e-01 3.886786966072944827e-01
6.899999976158142090e-01 3.769204969147638695e-01
6.999999880790710449e-01 3.652765666956447888e-01
7.099999785423278809e-01 3.537530186592048875e-01
7.199999690055847168e-01 3.423557342883666865e-01
7.299999594688415527e-01 3.310903607613056576e-01
7.400000095367431641e-01 3.199622423640822722e-01
7.500000000000000000e-01 3.089766827083029188e-01
7.599999904632568359e-01 2.981385448258656590e-01
7.699999809265136719e-01 2.874525158384601542e-01
7.799999713897705078e-01 2.769230390989274038e-01
7.899999618530273438e-01 2.665543134537793901e-01
7.999999523162841797e-01 2.563502928776922318e-01
8.100000023841857910e-01 2.463146271651172892e-01
8.199999928474426270e-01 2.364509005539882358e-01
8.299999833106994629e-01 2.267622735003027856e-01
8.399999737739562988e-01 2.172517240232155755e-01
8.499999642372131348e-01 2.079219887635584962e-01
8.599999547004699707e-01 1.987755646878607008e-01
8.700000047683715820e-01 1.898146582519853742e-01
8.799999952316284180e-01 1.810414002602623862e-01
8.899999856948852539e-01 1.724575279952750007e-01
8.999999761581420898e-01 1.640646028776931165e-01
9.099999666213989258e-01 1.558639596661567928e-01
9.199999570846557617e-01 1.478567098826738813e-01
9.300000071525573730e-01 1.400436994974142146e-01
9.399999976158142090e-01 1.324256979556078240e-01
9.499999880790710449e-01 1.250031228913923709e-01
9.599999785423278809e-01 1.177762319127170082e-01
9.699999690055847168e-01 1.107450799980489731e-01
9.799999594688415527e-01 1.039095242294168636e-01
9.899999499320983887e-01 9.726922870073428928e-02
1.000000000000000000e+00 9.082363174954209695e-02
1.009999990463256836e+00 8.457210369095446989e-02
1.019999980926513672e+00 7.851372167275402769e-02
1.029999971389770508e+00 7.264742999226482534e-02
1.039999961853027344e+00 6.697200669796130046e-02
1.049999952316284180e+00 6.148606929110011360e-02
1.059999942779541016e+00 5.618808051709755363e-02
1.069999933242797852e+00 5.107635423482539960e-02
1.079999923706054688e+00 4.614906135216225586e-02
1.090000033378601074e+00 4.140418033293670474e-02
1.100000023841857910e+00 3.683972730147269670e-02
1.110000014305114746e+00 3.245342276979414076e-02
1.120000004768371582e+00 2.824292612362836602e-02
1.129999995231628418e+00 2.420578407501643159e-02
1.139999985694885254e+00 2.033943676198851983e-02
1.149999976158142090e+00 1.664122383895886084e-02
1.159999966621398926e+00 1.310839054810723769e-02
1.169999957084655762e+00 9.738093762318971586e-03
1.179999947547912598e+00 6.527407990568236638e-03
1.189999938011169434e+00 3.473331336953152954e-03
1.199999928474426270e+00 5.727914049233707788e-04
1.209999918937683105e+00 -2.177348861420792293e-03
1.220000028610229492e+00 -4.780315571631661535e-03
1.230000019073486328e+00 -7.239295840336697554e-03
1.240000009536743164e+00 -9.557618298460367895e-03
1.250000000000000000e+00 -1.173862175006799152e-02
1.259999990463256836e+00 -1.378568165569202600e-02
1.269999980926513672e+00 -1.570220481945614616e-02
1.279999971389770508e+00 -1.749162418605568550e-02
1.289999961853027344e+00 -1.915739375284956220e-02
1.299999952316284180e+00 -2.070298360195422030e-02
1.309999942779541016e+00 -2.213187505686768641e-02
1.319999933242797852e+00 -2.344755596779152240e-02
1.329999923706054688e+00 -2.465351612946112617e-02
1.339999914169311523e+00 -2.575324283494000860e-02
1.350000023841857910e+00 -2.675022785468629191e-02
1.360000014305114746e+00 -2.764791696351724670e-02
1.370000004768371582e+00 -2.844977716662785983e-02
1.379999995231628418e+00 -2.915924410889688886e-02
1.389999985694885254e+00 -2.977973083869399351e-02
1.399999976158142090e+00 -3.031462423082460084e-02
1.409999966621398926e+00 -3.076728156014824425e-02
1.419999957084655762e+00 -3.114102722669397083e-02
1.429999947547912598e+00 -3.143914963279979824e-02
1.439999938011169434e+00 -3.166489821251520370e-02
1.449999928474426270e+00 -3.182148061322564309e-02
1.459999918937683105e+00 -3.191206002918979545e-02
1.469999909400939941e+00 -3.193975268641790349e-02
1.480000019073486328e+00 -3.190762475055902020e-02
1.490000009536743164e+00 -3.181869236239760063e-02
1.500000000000000000e+00 -3.167591721899049723e-02
1.509999990463256836e+00 -3.148220551454181809e-02
1.519999980926513672e+00 -3.124040613251648571e-02
1.529999971389770508e+00 -3.095330901323280898e-02
1.539999961853027344e+00 -3.062364366233927965e-02
1.549999952316284180e+00 -3.025407779788282653e-02
1.559999942779541016e+00 -2.984721613350586888e-02
1.569999933242797852e+00 -2.940559929515197679e-02
1.579999923706054688e+00 -2.893170286851164813e-02
1.589999914169311523e+00 -2.842793657430328635e-02
1.599999904632568359e+00 -2.789664356835620806e-02
1.610000014305114746e+00 -2.734009308715761033e-02
1.620000004768371582e+00 -2.676050683094971516e-02
1.629999995231628418e+00 -2.616001877225822975e-02
1.639999985694885254e+00 -2.554070119101830086e-02
1.649999976158142090e+00 -2.490455806096704416e-02
1.659999966621398926e+00 -2.425352502901180832e-02
1.669999957084655762e+00 -2.358946949545459582e-02
1.679999947547912598e+00 -2.291419079137907433e-02
1.689999938011169434e+00 -2.222942044946468743e-02
1.699999928474426270e+00 -2.153682256446090917e-02
1.709999918937683105e+00 -2.083799423952997776e-02
1.719999909400939941e+00 -2.013446611465070230e-02
1.730000019073486328e+00 -1.942769453433029064e-02
1.740000009536743164e+00 -1.871909597063961886e-02
1.750000000000000000e+00 -1.800999719820334591e-02
1.759999990463256836e+00 -1.730166979526529328e-02
1.769999980926513672e+00 -1.659532261641385661e-02
1.779999971389770508e+00 -1.589210273345040628e-02
1.789999961853027344e+00 -1.519309643183989686e-02
1.799999952316284180e+00 -1.449933025906557753e-02
1.809999942779541016e+00 -1.381177212125473709e-02
1.819999933242797852e+00 -1.313133242449088071e-02
1.829999923706054688e+00 -1.245886525728271202e-02
1.839999914169311523e+00 -1.179516961071871463e-02
1.849999904632568359e+00 -1.114099063290005520e-02
1.860000014305114746e+00 -1.049701330103794752e-02
1.870000004768371582e+00 -9.863894320558520487e-03
1.879999995231628418e+00 -9.242217390817784872e-03
1.889999985694885254e+00 -8.632525401895678463e-03
1.899999976158142090e+00 -8.035314072888224968e-03
1.909999966621398926e+00 -7.451033344468815586e-03
1.919999957084655762e+00 -6.880088783951415418e-03
1.929999947547912598e+00 -6.322843000076591377e-03
1.939999938011169434e+00 -5.779617064831123023e-03
1.949999928474426270e+00 -5.250691939703226729e-03
1.959999918937683105e+00 -4.736309903868155848e-03
1.969999909400939941e+00 -4.236675981892774195e-03
1.979999899864196777e+00 -3.751959368642337599e-03
1.990000009536743164e+00 -3.282289340480640076e-03
2.000000000000000000e+00 -2.827778883892177741e-03
2.009999990463256836e+00 -2.388492504194673297e-03
2.019999980926513672e+00 -1.964470194477020704e-03
2.029999971389770508e+00 -1.555723126323358416e-03
2.039999961853027344e+00 -1.162235014644800958e-03
2.049999952316284180e+00 -7.839634661786820712e-04
2.059999942779541016e+00 -4.208413101034629597e-04
2.069999933242797852e+00 -7.277790931082144834e-05
2.079999923706054688e+00 2.603395490306907047e-04
2.089999914169311523e+00 5.786447848947088093e-04
2.099999904632568359e+00 8.822911799828220486e-04
2.109999895095825195e+00 1.171450556572137865e-03
2.119999885559082031e+00 1.446311981632594475e-03
2.129999876022338867e+00 1.707080597136108715e-03
2.139999866485595703e+00 1.953976477395921469e-03
2.149999856948852539e+00 2.187233514192069798e-03
2.159999847412109375e+00 2.407098330359168283e-03
2.169999837875366211e+00 2.613829222434018492e-03
2.180000066757202148e+00 2.807699603842537476e-03
2.190000057220458984e+00 2.988978826636216717e-03
2.200000047683715820e+00 3.157958936920449849e-03
2.210000038146972656e+00 3.314934950608686669e-03
2.220000028610229492e+00 3.460208722146920161e-03
2.230000019073486328e+00 3.594088069964702058e-03
2.240000009536743164e+00 3.716885933162467504e-03
2.250000000000000000e+00 3.828919559486887881e-03
2.259999990463256836e+00 3.930509724587912673e-03
2.269999980926513672e+00 4.021979982496008341e-03
2.279999971389770508e+00 4.103655947205140167e-03
2.289999961853027344e+00 4.175864605196763849e-03
2.299999952316284180e+00 4.238933658691802775e-03
2.309999942779541016e+00 4.293190899372302874e-03
2.319999933242797852e+00 4.338963612271037190e-03
2.329999923706054688e+00 4.376578009486713390e-03
2.339999914169311523e+00 4.406358693343977694e-03
2.349999904632568359e+00 4.428628148581345569e-03
2.359999895095825195e+00 4.443706263116520283e-03
2.369999885559082031e+00 4.451909876907095102e-03
2.379999876022338867e+00 4.453552358395371051e-03
2.389999866485595703e+00 4.448943207999338581e-03
2.399999856948852539e+00 4.438387688086630443e-03
2.409999847412109375e+00 4.422186478846156996e-03
2.419999837875366211e+00 4.400635359451006250e-03
2.429999828338623047e+00 4.374024913888105610e-03
2.440000057220458984e+00 4.342639457862020567e-03
2.450000047683715820e+00 4.306759899944557525e-03
2.460000038146972656e+00 4.266659017881398522e-03
2.470000028610229492e+00 4.222604143659545659e-03
2.480000019073486328e+00 4.174856290308621119e-03
2.490000009536743164e+00 4.123669991818098950e-03
2.500000000000000000e+00 4.069293162989183650e-03
2.509999990463256836e+00 4.011966978515338692e-03
2.519999980926513672e+00 3.951925770582440968e-03
2.529999971389770508e+00 3.889396944278528459e-03
2.539999961853027344e+00 3.824600910103147407e-03
2.549999952316284180e+00 3.757751032867853117e-03
2.559999942779541016e+00 3.689053596282181480e-03
2.569999933242797852e+00 3.618707782523425485e-03
2.579999923706054688e+00 3.546905666093551346e-03
2.589999914169311523e+00 3.473832221273067192e-03
2.599999904632568359e+00 3.399665342488665965e-03
2.609999895095825195e+00 3.324575876919835977e-03
2.619999885559082031e+00 3.248727668678792757e-03
2.629999876022338867e+00 3.172277613907935161e-03
2.639999866485595703e+00 3.095375726149972653e-03
2.649999856948852539e+00 3.018165211357336317e-03
2.659999847412109375e+00 2.940782551919592785e-03
2.669999837875366211e+00 2.863357599100635822e-03
2.679999828338623047e+00 2.786013673290559968e-03
2.690000057220458984e+00 2.708865835436278721e-03
2.700000047683715820e+00 2.632028354038450264e-03
2.710000038146972656e+00 2.555603785632550376e-03
2.720000028610229492e+00 2.479690465752747239e-03
2.730000019073486328e+00 2.404380797718735918e-03
2.740000009536743164e+00 2.329761388091500848e-03
2.750000000000000000e+00 2.255913186191713972e-03
2.759999990463256836e+00 2.182911627207460067e-03
2.769999980926513672e+00 2.110826778434582961e-03
2.779999971389770508e+00 2.039723488209187283e-03
2.789999961853027344e+00 1.969661537108540091e-03
2.799999952316284180e+00 1.900695791013022867e-03
2.809999942779541016e+00 1.832876355638515592e-03
2.819999933242797852e+00 1.766248732164996376e-03
2.829999923706054688e+00 1.700853973603674461e-03
2.839999914169311523e+00 1.636728841561388773e-03
2.849999904632568359e+00 1.573905963077189838e-03
2.859999895095825195e+00 1.512413987222178567e-03
2.869999885559082031e+00 1.452277741169581519e-03
2.879999876022338867e+00 1.393518385457837580e-03
2.889999866485595703e+00 1.336153568184920851e-03
2.899999856948852539e+00 1.280197577887409646e-03
2.909999847412109375e+00 1.225661494872905309e-03
2.919999837875366211e+00 1.172553340789071882e-03
2.929999828338623047e+00 1.120878226226929182e-03
2.939999818801879883e+00 1.070638496170464148e-03
2.950000047683715820e+00 1.021832726615129255e-03
2.960000038146972656e+00 9.744604853101358462e-04
2.970000028610229492e+00 9.285154882939567920e-04
2.980000019073486328e+00 8.839904236705120556e-04
2.990000009536743164e+00 8.408759032439266359e-04
3.000000000000000000e+00 7.991605918440080865e-04
3.009999990463256836e+00 7.588313335482356481e-04
3.019999980926513672e+00 7.198732747128270279e-04
3.029999971389770508e+00 6.822699837361388773e-04
3.039999961853027344e+00 6.460035674882454431e-04
3.049999952316284180e+00 6.110547843506938586e-04
3.059999942779541016e+00 5.774031538199927548e-04
3.069999933242797852e+00 5.450270626378733068e-04
3.079999923706054688e+00 5.139038674201332419e-04
3.089999914169311523e+00 4.840099937645138016e-04
3.099999904632568359e+00 4.553210318261147280e-04
3.109999895095825195e+00 4.278118283566039056e-04
3.119999885559082031e+00 4.014565752109221469e-04
3.129999876022338867e+00 3.762288943320014575e-04
3.139999866485595703e+00 3.521019192307757082e-04
3.149999856948852539e+00 3.290483729848738058e-04
3.159999847412109375e+00 3.070406427853008581e-04
3.169999837875366211e+00 2.860508510659107661e-04
3.179999828338623047e+00 2.660509232555931681e-04
3.189999818801879883e+00 2.470126521979158036e-04
3.199999809265136719e+00 2.289077592874394094e-04
3.210000038146972656e+00 2.117075528653265695e-04
3.220000028610229492e+00 1.953846015647422725e-04
3.230000019073486328e+00 1.799103264903571060e-04
3.240000009536743164e+00 1.652567108851759118e-04
3.250000000000000000e+00 1.513959249689054748e-04
3.259999990463256836e+00 1.383003686164740152e-04
3.269999980926513672e+00 1.259427111957385937e-04
3.279999971389770508e+00 1.142959286380510755e-04
3.289999961853027344e+00 1.033333378171755272e-04
3.299999952316284180e+00 9.302862831350547661e-05
3.309999942779541016e+00 8.335589164191853329e-05
3.319999933242797852e+00 7.428964802262837575e-05
3.329999923706054688e+00 6.580487077523084730e-05
3.339999914169311523e+00 5.787700841679432212e-05
3.349999904632568359e+00 5.048200454525746280e-05
3.359999895095825195e+00 4.359631558964472949e-05
3.369999885559082031e+00 3.719692650866975362e-05
3.379999876022338867e+00 3.126136451911900894e-05
3.389999866485595703e+00 2.576771093520780108e-05
3.399999856948852539e+00 2.069461119958631250e-05
3.409999847412109375e+00 1.602128318610962049e-05
3.419999837875366211e+00 1.172752385375564992e-05
3.429999828338623047e+00 7.793714330225663675e-06
3.439999818801879883e+00 4.200823502748417556e-06
3.449999809265136719e+00 9.304101925702223018e-07
3.460000038146972656e+00 -2.035443228372548943e-06
3.470000028610229492e+00 -4.713855753878512707e-06
3.480000019073486328e+00 -7.121573013472931497e-06
3.490000009536743164e+00 -9.274680411257931373e-06
3.500000000000000000e+00 -1.118868120282066176e-05
3.509999990463256836e+00 -1.287850128640361652e-05
3.519999980926513672e+00 -1.435849491353946714e-05
3.529999971389770508e+00 -1.564245125450216956e-05
3.539999961853027344e+00 -1.674360175574169402e-05
3.549999952316284180e+00 -1.767462822817354059e-05
3.559999942779541016e+00 -1.844767160715397918e-05
3.569999933242797852e+00 -1.907434132670698436e-05
3.579999923706054688e+00 -1.956572525253610689e-05
3.589999914169311523e+00 -1.993240012020491120e-05
3.599999904632568359e+00 -2.018444242682645575e-05
3.609999895095825195e+00 -2.033143972645503559e-05
3.619999885559082031e+00 -2.038250228138054925e-05
3.629999876022338867e+00 -2.034627502337181787e-05
3.639999866485595703e+00 -2.023094978088555630e-05
3.649999856948852539e+00 -2.004427773012035490e-05
3.659999847412109375e+00 -1.979358202972907136e-05
3.669999837875366211e+00 -1.948577060084913013e-05
3.679999828338623047e+00 -1.912734901599312353e-05
3.689999818801879883e+00 -1.872443346215898075e-05
3.699999809265136719e+00 -1.828276374532618708e-05
3.709999799728393555e+00 -1.780771630533603740e-05
3.720000028610229492e+00 -1.730430490974871400e-05
3.730000019073486328e+00 -1.677724230060355734e-05
3.740000009536743164e+00 -1.623088089208343744e-05
3.750000000000000000e+00 -1.566927301863762037e-05
3.759999990463256836e+00 -1.509617191286202051e-05
3.769999980926513672e+00 -1.451504422633530907e-05
3.779999971389770508e+00 -1.392908239069055466e-05
3.789999961853027344e+00 -1.334121680075186394e-05
3.799999952316284180e+00 -1.275412780326824829e-05
3.809999942779541016e+00 -1.217025747596842820e-05
3.819999933242797852e+00 -1.159182118314435135e-05
3.829999923706054688e+00 -1.102081889521279505e-05
3.839999914169311523e+00 -1.045904626101656048e-05
3.849999904632568359e+00 -9.908105422805155244e-06
3.859999895095825195e+00 -9.369415565037411808e-06
3.869999885559082031e+00 -8.844223189246576487e-06
3.879999876022338867e+00 -8.333612108330557585e-06
3.889999866485595703e+00 -7.838513154605657849e-06
3.899999856948852539e+00 -7.359713596987136225e-06
3.909999847412109375e+00 -6.897866263616577062e-06
3.919999837875366211e+00 -6.453498367092244247e-06
3.929999828338623047e+00 -6.027020030367513285e-06
3.939999818801879883e+00 -5.618732512164095138e-06
3.949999809265136719e+00 -5.228836131504839798e-06
3.959999799728393555e+00 -4.857437891717661990e-06
3.970000028610229492e+00 -4.504550612037694689e-06
3.980000019073486328e+00 -4.170133164428445063e-06
3.990000009536743164e+00 -3.854046726928454154e-06
4.000000000000000000e+00 -3.556095316041820222e-06
4.009999752044677734e+00 -3.276029767966622713e-06
4.019999980926513672e+00 -3.013521268041963807e-06
4.029999732971191406e+00 -2.768237244837464465e-06
4.039999961853027344e+00 -2.539753777456710587e-06
4.049999713897705078e+00 -2.327654287847914763e-06
4.059999942779541016e+00 -2.131447052020932346e-06
4.069999694824218750e+00 -1.950650721672486226e-06
4.079999923706054688e+00 -1.784723618083528835e-06
4.089999675750732422e+00 -1.633136820486203718e-06
4.099999904632568359e+00 -1.495314509735582376e-06
4.110000133514404297e+00 -1.370689807054681947e-06
4.119999885559082031e+00 -1.258683552643191040e-06
4.130000114440917969e+00 -1.158694186865443101e-06
4.139999866485595703e+00 -1.070136571970604600e-06
4.150000095367431641e+00 -9.924063677086592434e-07
4.159999847412109375e+00 -9.249163958605873790e-07
4.170000076293945312e+00 -8.670691125822915318e-07
4.179999828338623047e+00 -8.182845551681226449e-07
4.190000057220458984e+00 -7.779800356081786593e-07
4.199999809265136719e+00 -7.455905978815148013e-07
4.210000038146972656e+00 -7.205550706739185753e-07
4.219999790191650391e+00 -7.023299438259050022e-07
4.230000019073486328e+00 -6.903809429106671390e-07
4.239999771118164062e+00 -6.841912030474307849e-07
4.250000000000000000e+00 -6.832575620936185171e-07
4.259999752044677734e+00 -6.870938707811418868e-07
4.269999980926513672e+00 -6.952312427702474696e-07
4.279999732971191406e+00 -7.072172939209322605e-07
4.289999961853027344e+00 -7.226196346913770284e-07
4.299999713897705078e+00 -7.410217798089844345e-07
4.309999942779541016e+00 -7.620292200589156723e-07
4.319999694824218750e+00 -7.852626882985861963e-07
4.329999923706054688e+00 -8.103662020345370372e-07
4.339999675750732422e+00 -8.369983139075386404e-07
4.349999904632568359e+00 -8.648415726069308625e-07
4.360000133514404297e+00 -8.935937148204198826e-07
4.369999885559082031e+00 -9.229711083797394895e-07
4.380000114440917969e+00 -9.527129226707852673e-07
4.389999866485595703e+00 -9.825710005446370675e-07
4.400000095367431641e+00 -1.012320819863285876e-06
4.409999847412109375e+00 -1.041749781058994754e-06
4.420000076293945312e+00 -1.070668096883021967e-06
4.429999828338623047e+00 -1.098897161737622282e-06
4.440000057220458984e+00 -1.126280065792393309e-06
4.449999809265136719e+00 -1.152670356540706478e-06
4.460000038146972656e+00 -1.177941923585732295e-06
4.469999790191650391e+00 -1.201978411199030746e-06
4.480000019073486328e+00 -1.224682267504059404e-06
4.489999771118164062e+00 -1.245965018120996922e-06
4.500000000000000000e+00 -1.265755317632021501e-06
4.509999752044677734e+00 -1.283990249213871162e-06
4.519999980926513672e+00 -1.300622257062147486e-06
4.529999732971191406e+00 -1.315611595127449423e-06
4.539999961853027344e+00 -1.328932056483419407e-06
4.549999713897705078e+00 -1.340564656357622852e-06
4.559999942779541016e+00 -1.350502107980770287e-06
4.569999694824218750e+00 -1.358743790843161834e-06
4.579999923706054688e+00 -1.365298952628492822e-06
4.589999675750732422e+00 -1.370182983109893233e-06
4.599999904632568359e+00 -1.373419348200652936e-06
4.610000133514404297e+00 -1.375037202175079405e-06
4.619999885559082031e+00 -1.375071887299998907e-06
4.630000114440917969e+00 -1.373564059570931367e-06
4.639999866485595703e+00 -1.370559342250620910e-06
4.650000095367431641e+00 -1.366107258691910299e-06
4.659999847412109375e+00 -1.360261881652794978e-06
4.670000076293945312e+00 -1.353079677965878323e-06
4.679999828338623047e+00 -1.344621274211558438e-06
4.690000057220458984e+00 -1.334948296659971000e-06
4.699999809265136719e+00 -1.324126168695772565e-06
4.710000038146972656e+00 -1.312220038433426930e-06
4.719999790191650391e+00 -1.299298514284350976e-06
4.730000019073486328e+00 -1.285428778983991614e-06
4.739999771118164062e+00 -1.270681163371647912e-06
4.750000000000000000e+00 -1.255123549564969111e-06
4.759999752044677734e+00 -1.238826678972500235e-06
4.769999980926513672e+00 -1.221857949302851054e-06
4.779999732971191406e+00 -1.204287350960507107e-06
4.789999961853027344e+00 -1.186180762515633698e-06
4.799999713897705078e+00 -1.167606409740125645e-06
4.809999942779541016e+00 -1.148627762463617571e-06
4.819999694824218750e+00 -1.129310412215356861e-06
4.829999923706054688e+00 -1.109714670273702605e-06
4.839999675750732422e+00 -1.089902763088783773e-06
4.849999904632568359e+00 -1.069931226932005492e-06
4.859999656677246094e+00 -1.049858324666331505e-06
4.869999885559082031e+00 -1.029736327059303343e-06
4.880000114440917969e+00 -1.009618101514661193e-06
4.889999866485595703e+00 -9.895541558406304910e-07
4.900000095367431641e+00 -9.695896982190019618e-07
4.909999847412109375e+00 -9.497712645457821259e-07
4.920000076293945312e+00 -9.301390677507452527e-07
4.929999828338623047e+00 -9.107345157153280819e-07
4.940000057220458984e+00 -8.915927093936391715e-07
4.949999809265136719e+00 -8.727498260328119725e-07
4.960000038146972656e+00 -8.542358240883122345e-07
4.969999790191650391e+00 -8.360816330279478529e-07
4.980000019073486328e+00 -8.183121151375489086e-07
4.989999771118164062e+00 -8.009530111310377430e-07
5.000000000000000000e+00 -7.840242010610300419e-07
5.009999752044677734e+00 -7.675463628605658859e-07
5.019999980926513672e+00 -7.515345668596025456e-07
5.029999732971191406e+00 -7.360046121421423200e-07
5.039999961853027344e+00 -7.209669816327909290e-07
5.049999713897705078e+00 -7.064328287125322629e-07
5.059999942779541016e+00 -6.924083126748039469e-07
5.069999694824218750e+00 -6.789002152224312855e-07
5.079999923706054688e+00 -6.659106692517704884e-07
5.089999675750732422e+00 -6.534423917512251544e-07
5.099999904632568359e+00 -6.414938124786946547e-07
5.109999656677246094e+00 -6.300639161527501988e-07
5.119999885559082031e+00 -6.191477716792918326e-07
5.130000114440917969e+00 -6.087404982565761696e-07
5.139999866485595703e+00 -5.988356115079778293e-07
5.150000095367431641e+00 -5.894238068090521839e-07
5.159999847412109375e+00 -5.804962985286897038e-07
5.170000076293945312e+00 -5.720413193994813308e-07
5.179999828338623047e+00 -5.640476201925328858e-07
5.190000057220458984e+00 -5.565013329365198089e-07
5.199999809265136719e+00 -5.493891136622963154e-07
5.210000038146972656e+00 -5.426953500785496822e-07
5.219999790191650391e+00 -5.364049662725601415e-07
5.230000019073486328e+00 -5.305009525401655148e-07
5.239999771118164062e+00 -5.249668537936122613e-07
5.250000000000000000e+00 -5.197845968741385398e-07
5.259999752044677734e+00 -5.149366868307858227e-07
5.269999980926513672e+00 -5.104043051373992958e-07
5.279999732971191406e+00 -5.061692398618752189e-07
5.289999961853027344e+00 -5.022122268642626794e-07
5.299999713897705078e+00 -4.985146412362415477e-07
5.309999942779541016e+00 -4.950570526353975176e-07
5.319999694824218750e+00 -4.918207062853797328e-07
5.329999923706054688e+00 -4.887862631580356168e-07
5.339999675750732422e+00 -4.859350992417441876e-07
5.349999904632568359e+00 -4.832482012626068175e-07
5.359999656677246094e+00 -4.807073129607482434e-07
5.369999885559082031e+00 -4.782939574107388070e-07
5.380000114440917969e+00 -4.759903511784360321e-07
5.389999866485595703e+00 -4.737790624919993886e-07
5.400000095367431641e+00 -4.716427606285210121e-07
5.409999847412109375e+00 -4.695649843701532436e-07
5.420000076293945312e+00 -4.675293593861496242e-07
5.429999828338623047e+00 -4.655204274290411560e-07
5.440000057220458984e+00 -4.635228963131699256e-07
5.449999809265136719e+00 -4.615224366518953647e-07
5.460000038146972656e+00 -4.595049407421334009e-07
5.469999790191650391e+00 -4.574573100530597362e-07
5.480000019073486328e+00 -4.553667011145081387e-07
5.489999771118164062e+00 -4.532213251950006098e-07
5.500000000000000000e+00 -4.510096612252205031e-07
5.509999752044677734e+00 -4.487212872352543159e-07
5.519999980926513672e+00 -4.463460423352066835e-07
5.529999732971191406e+00 -4.438749074937447456e-07
5.539999961853027344e+00 -4.412991007179390168e-07
5.549999713897705078e+00 -4.386110226967468391e-07
5.559999942779541016e+00 -4.358032714183930676e-07
5.569999694824218750e+00 -4.328696661234989294e-07
5.579999923706054688e+00 -4.298041697797414002e-07
5.589999675750732422e+00 -4.266020026152528944e-07
5.599999904632568359e+00 -4.232584630328694603e-07
5.609999656677246094e+00 -4.197701399157473113e-07
5.619999885559082031e+00 -4.161336246200351303e-07
5.629999637603759766e+00 -4.123468291913574431e-07
5.639999866485595703e+00 -4.084075841251512485e-07
5.650000095367431641e+00 -4.043148687852666979e-07
5.659999847412109375e+00 -4.000682857094712308e-07
5.670000076293945312e+00 -3.956674023070876072e-07
5.679999828338623047e+00 -3.911131678073918185e-07
5.690000057220458984e+00 -3.864062149173358957e-07
5.699999809265136719e+00 -3.815485764743478155e-07
5.710000038146972656e+00 -3.765418691524435493e-07
5.719999790191650391e+00 -3.713891243825903738e-07
5.730000019073486328e+00 -3.660928568570685953e-07
5.739999771118164062e+00 -3.606570068875933781e-07
5.750000000000000000e+00 -3.550848978906947989e-07
5.759999752044677734e+00 -3.493812859668010486e-07
5.769999980926513672e+00 -3.435502118587067556e-07
5.779999732971191406e+00 -3.375971521946041232e-07
5.789999961853027344e+00 -3.315267726459016865e-07
5.799999713897705078e+00 -3.253451741336839826e-07
5.809999942779541016e+00 -3.190575548861433907e-07
5.819999694824218750e+00 -3.126705439081728088e-07
5.829999923706054688e+00 -3.061897806067418896e-07
5.839999675750732422e+00 -2.996223268975806434e-07
5.849999904632568359e+00 -2.929741737821991453e-07
5.859999656677246094e+00 -2.862527228243102691e-07
5.869999885559082031e+00 -2.794642296462531877e-07
5.879999637603759766e+00 -2.726163448769086873e-07
5.889999866485595703e+00 -2.657155050422826402e-07
5.900000095367431641e+00 -2.587691904754532586e-07
5.909999847412109375e+00 -2.517849353415316287e-07
5.920000076293945312e+00 -2.447692991931633612e-07
5.929999828338623047e+00 -2.377301829006674411e-07
5.940000057220458984e+00 -2.306741357284615214e-07
5.949999809265136719e+00 -2.236090212975111087e-07
5.960000038146972656e+00 -2.165413105543846979e-07
5.969999790191650391e+00 -2.094787590245682620e-07
5.980000019073486328e+00 -2.024276966860350394e-07
5.989999771118164062e+00 -1.953957057075161124e-07
6.000000000000000000e+00 -1.883889180878299852e-07
6.009999752044677734e+00 -1.814146832538121538e-07
6.019999980926513672e+00 -1.744788840311723341e-07
6.029999732971191406e+00 -1.675885837862753290e-07
6.039999961853027344e+00 -1.607493709260591868e-07
6.049999713897705078e+00 -1.539679756101547122e-07
6.059999942779541016e+00 -1.472496525608819308e-07
6.069999694824218750e+00 -1.406007578242084482e-07
6.079999923706054688e+00 -1.340261791310894388e-07
6.089999675750732422e+00 -1.275318636991973350e-07
6.099999904632568359e+00 -1.211223048323679832e-07
6.109999656677246094e+00 -1.148030123114503251e-07
6.119999885559082031e+00 -1.085780632934454306e-07
6.129999637603759766e+00 -1.024525074550271408e-07
6.139999866485595703e+00 -9.642998960155601993e-08
6.150000095367431641e+00 -9.051480292906903776e-08
6.159999847412109375e+00 -8.471098723650593472e-08
6.170000076293945312e+00 -7.902151981738817714e-08
6.179999828338623047e+00 -7.345023780814997794e-08
6.190000057220458984e+00 -6.799966795817711310e-08
6.199999809265136719e+00 -6.267315118025954313e-08
6.210000038146972656e+00 -5.747276446878135722e-08
6.219999790191650391e+00 -5.240135324698514318e-08
6.230000019073486328e+00 -4.746054962351216486e-08
6.239999771118164062e+00 -4.265270849720979363e-08
6.250000000000000000e+00 -3.797902565140403442e-08
6.259999752044677734e+00 -3.344137428394328612e-08
6.269999980926513672e+00 -2.904052571474710612e-08
6.279999732971191406e+00 -2.477788372131518334e-08
6.289999961853027344e+00 -2.065380994465339799e-08
6.299999713897705078e+00 -1.666925409078634470e-08
6.309999942779541016e+00 -1.282418545048156299e-08
6.319999694824218750e+00 -9.119117697255239294e-09
6.329999923706054688e+00 -5.553647285313972066e-09
6.339999675750732422e+00 -2.127872215270830159e-09
6.349999904632568359e+00 1.158962540614501972e-09
6.359999656677246094e+00 4.307152317418705511e-09
6.369999885559082031e+00 7.317780753923910905e-09
6.379999637603759766e+00 1.019151254407286263e-08
6.389999866485595703e+00 1.292973584412405467e-08
6.399999618530273438e+00 1.553345939419547021e-08
6.409999847412109375e+00 1.800435084765951938e-08
6.420000076293945312e+00 2.034384507662533038e-08
6.429999828338623047e+00 2.255353819504730872e-08
6.440000057220458984e+00 2.463546878065333648e-08
6.449999809265136719e+00 2.659138875371591735e-08
6.460000038146972656e+00 2.842355121500304410e-08
6.469999790191650391e+00 3.013395705727681778e-08
6.480000019073486328e+00 3.172504755948475628e-08
6.489999771118164062e+00 3.319904461887125483e-08
6.500000000000000000e+00 3.455855146352097062e-08
6.509999752044677734e+00 3.580598308910332087e-08
6.519999980926513672e+00 3.694407875958831132e-08
6.529999732971191406e+00 3.797541894574293280e-08
6.539999961853027344e+00 3.890285353023396652e-08
6.549999713897705078e+00 3.972910131449902572e-08
6.559999942779541016e+00 4.045709806402012099e-08
6.569999694824218750e+00 4.108967442947018349e-08
6.579999923706054688e+00 4.162982816797852596e-08
6.589999675750732422e+00 4.208047616125501880e-08
6.599999904632568359e+00 4.244465525454828967e-08
6.609999656677246094e+00 4.272534395001172616e-08
6.619999885559082031e+00 4.292559642784473949e-08
6.629999637603759766e+00 4.304842937022207761e-08
6.639999866485595703e+00 4.309689378599357695e-08
6.649999618530273438e+00 4.307402240118292085e-08
6.659999847412109375e+00 4.298284393011676931e-08
6.670000076293945312e+00 4.282637744295165804e-08
6.679999828338623047e+00 4.260763858769526558e-08
6.690000057220458984e+00 4.232958996252268069e-08
6.699999809265136719e+00 4.199521702348401446e-08
6.710000038146972656e+00 4.160741874470787074e-08
6.719999790191650391e+00 4.116913079424998790e-08
6.730000019073486328e+00 4.068317471727691995e-08
6.739999771118164062e+00 4.015242116043703962e-08
6.750000000000000000e+00 3.957960200973373196e-08
6.759999752044677734e+00 3.896750929797170617e-08
6.769999980926513672e+00 3.831877457470046076e-08
6.779999732971191406e+00 3.763609926612743753e-08
6.789999961853027344e+00 3.692200544304617773e-08
6.799999713897705078e+00 3.617909350913827874e-08
6.809999942779541016e+00 3.540976837106263779e-08
6.819999694824218750e+00 3.461652050493448231e-08
6.829999923706054688e+00 3.380163138144519288e-08
6.839999675750732422e+00 3.296747408450141523e-08
6.849999904632568359e+00 3.211620167502412277e-08
6.859999656677246094e+00 3.125006375802650229e-08
6.869999885559082031e+00 3.037108124318014537e-08
6.879999637603759766e+00 2.948137543705516852e-08
6.889999866485595703e+00 2.858283249014935734e-08
6.899999618530273438e+00 2.767744178479959886e-08
6.909999847412109375e+00 2.676695314722881411e-08
6.920000076293945312e+00 2.585317788277236770e-08
6.929999828338623047e+00 2.493785975129164467e-08
6.940000057220458984e+00 2.402254322723991064e-08
6.949999809265136719e+00 2.310887901213291298e-08
6.960000038146972656e+00 2.219827534175334570e-08
6.969999790191650391e+00 2.129224641497802617e-08
6.980000019073486328e+00 2.039206566704765655e-08
6.989999771118164062e+00 1.949911149160762295e-08
7.000000000000000000e+00 1.861452464757290627e-08
7.009999752044677734e+00 1.773954920335217649e-08
7.019999980926513672e+00 1.687519601858239426e-08
7.029999732971191406e+00 1.602257702237303008e-08
7.039999961853027344e+00 1.518257654432971086e-08
7.049999713897705078e+00 1.435617723972041715e-08
7.059999942779541016e+00 1.354414082258847340e-08
7.069999694824218750e+00 1.274732415887684559e-08
7.079999923706054688e+00 1.196637077259198102e-08
7.089999675750732422e+00 1.120201580400370477e-08
7.099999904632568359e+00 1.045478946865392026e-08
7.109999656677246094e+00 9.725309779139921634e-09
7.119999885559082031e+00 9.013998947777092075e-09
7.129999637603759766e+00 8.321362932735798877e-09
7.139999866485595703e+00 7.647721616112160456e-09
7.149999618530273438e+00 6.993474407189333589e-09
7.159999847412109375e+00 6.358844850827027822e-09
7.170000076293945312e+00 5.744102841893412991e-09
7.179999828338623047e+00 5.149468343516156240e-09
7.190000057220458984e+00 4.575032174995879338e-09
7.199999809265136719e+00 4.020953709432645131e-09
7.210000038146972656e+00 3.487243407681709429e-09
7.219999790191650391e+00 2.973975825451641457e-09
7.230000019073486328e+00 2.481087687483324502e-09
7.239999771118164062e+00 2.008575362479139824e-09
7.250000000000000000e+00 1.556308495347639807e-09
7.259999752044677734e+00 1.124211948269248428e-09
7.269999980926513672e+00 7.120949056523954890e-10
7.279999732971191406e+00 3.198173897649898643e-10
7.289999961853027344e+00 -5.286535837753238830e-11
7.299999713897705078e+00 -4.061515753488533670e-10
7.309999942779541016e+00 -7.403336026882397726e-10
7.319999694824218750e+00 -1.055661497750387110e-09
7.329999923706054688e+00 -1.352469038385250850e-09
7.339999675750732422e+00 -1.631051861192537481e-09
7.349999904632568359e+00 -1.891779282154262818e-09
7.359999656677246094e+00 -2.134986514443416400e-09
7.369999885559082031e+00 -2.361072803902593109e-09
7.379999637603759766e+00 -2.570407205172876898e-09
7.389999866485595703e+00 -2.763413588121524673e-09
7.399999618530273438e+00 -2.940489405362336317e-09
7.409999847412109375e+00 -3.102078166371566473e-09
7.419999599456787109e+00 -3.248600580254846726e-09
7.429999828338623047e+00 -3.380515126593036456e-09
7.440000057220458984e+00 -3.498266216057343567e-09
7.449999809265136719e+00 -3.602307095218620658e-09
7.460000038146972656e+00 -3.693110638481316492e-09
7.469999790191650391e+00 -3.771135165347047076e-09
7.480000019073486328e+00 -3.836858204021730806e-09
7.489999771118164062e+00 -3.890745664942374105e-09
7.500000000000000000e+00 -3.933276102526002677e-09
7.509999752044677734e+00 -3.964919164172364331e-09
7.519999980926513672e+00 -3.986151064291832501e-09
7.529999732971191406e+00 -3.997441581819847608e-09
7.539999961853027344e+00 -3.999261471499932638e-09
7.549999713897705078e+00 -3.992077281800660951e-09
7.559999942779541016e+00 -3.976351415190430647e-09
7.569999694824218750e+00 -3.952544056530644837e-09
7.579999923706054688e+00 -3.921106591772709498e-09
7.589999675750732422e+00 -3.882489938432144126e-09
7.599999904632568359e+00 -3.837132018094551684e-09
7.609999656677246094e+00 -3.785471802978123499e-09
7.619999885559082031e+00 -3.727931533933294643e-09
7.629999637603759766e+00 -3.664935796506715220e-09
7.639999866485595703e+00 -3.596889153700967477e-09
7.649999618530273438e+00 -3.524199610383888742e-09
7.659999847412109375e+00 -3.447252300073153342e-09
7.669999599456787109e+00 -3.366436708807839833e-09
7.679999828338623047e+00 -3.282117032488745794e-09
7.690000057220458984e+00 -3.194658337427621175e-09
7.699999809265136719e+00 -3.104415361847827528e-09
7.710000038146972656e+00 -3.011718650284776366e-09
7.719999790191650391e+00 -2.916904734519513352e-09
7.730000019073486328e+00 -2.820280633950670253e-09
7.739999771118164062e+00 -2.722159791203602522e-09
7.750000000000000000e+00 -2.622825146539798274e-09
7.759999752044677734e+00 -2.522566412378624687e-09
7.769999980926513672e+00 -2.421642181689720835e-09
7.779999732971191406e+00 -2.320318085478625476e-09
7.789999961853027344e+00 -2.218828366841144744e-09
7.799999713897705078e+00 -2.117414516015647908e-09
7.809999942779541016e+00 -2.016286682604672603e-09
7.819999694824218750e+00 -1.915662413450303680e-09
7.829999923706054688e+00 -1.815728259177893312e-09
7.839999675750732422e+00 -1.716678268328582784e-09
7.849999904632568359e+00 -1.618676091117982360e-09
7.859999656677246094e+00 -1.521892930778272760e-09
7.869999885559082031e+00 -1.426470420142471259e-09
7.879999637603759766e+00 -1.332557749057344461e-09
7.889999866485595703e+00 -1.240275553206388845e-09
7.899999618530273438e+00 -1.149751982072283492e-09
7.909999847412109375e+00 -1.061087808568098111e-09
7.919999599456787109e+00 -9.743912206835721723e-10
7.929999828338623047e+00 -8.897443270925394791e-10
7.940000057220458984e+00 -8.072326254330664003e-10
7.949999809265136719e+00 -7.269324514830148419e-10
7.960000038146972656e+00 -6.489002501890741319e-10
7.969999790191650391e+00 -5.731994232027407064e-10
7.980000019073486328e+00 -4.998708756938756192e-10
7.989999771118164062e+00 -4.289621867627530587e-10
8.000000000000000000e+00 -3.604999479922415029e-10
8.010000228881835938e+00 -2.945140125984418718e-10
8.019999504089355469e+00 -2.310300798035752589e-10
8.029999732971191406e+00 -1.700494379343970768e-10
8.039999961853027344e+00 -1.115855770816241136e-10
8.050000190734863281e+00 -5.564000383075267865e-11
8.059999465942382812e+00 -2.213661667782892209e-12
8.069999694824218750e+00 4.871294741368806933e-11
8.079999923706054688e+00 9.714892762744067956e-11
8.090000152587890625e+00 1.431133561064482018e-10
8.099999427795410156e+00 1.866257768796626865e-10
8.109999656677246094e+00 2.277223224139349039e-10
8.119999885559082031e+00 2.664305635666005989e-10
8.130000114440917969e+00 3.027860980314465167e-10
8.139999389648437500e+00 3.368249043043395676e-10
8.149999618530273438e+00 3.685958587616851485e-10
8.159999847412109375e+00 3.981410246382009694e-10
8.170000076293945312e+00 4.255086094919302340e-10
8.179999351501464844e+00 4.507470656906509625e-10
8.189999580383300781e+00 4.739142698608724258e-10
8.199999809265136719e+00 4.950628508191157290e-10
8.210000038146972656e+00 5.142497791479937427e-10
8.220000267028808594e+00 5.315336186389982963e-10
8.229999542236328125e+00 5.469729070960032317e-10
8.239999771118164062e+00 5.606316369349251732e-10
8.250000000000000000e+00 5.725702012339237043e-10
8.260000228881835938e+00 5.828512265339865793e-10
8.269999504089355469e+00 5.915370410637591831e-10
8.279999732971191406e+00 5.986926214208881688e-10
8.289999961853027344e+00 6.043804259478695380e-10
8.300000190734863281e+00 6.086636544033792246e-10
8.309999465942382812e+00 6.116049385766532805e-10
8.319999694824218750e+00 6.132671567934764975e-10
8.329999923706054688e+00 6.137115915882026927e-10
8.340000152587890625e+00 6.129990181896845520e-10
8.349999427795410156e+00 6.111894410752235644e-10
8.359999656677246094e+00 6.083411691206580305e-10
8.369999885559082031e+00 6.045117436956786890e-10
8.380000114440917969e+00 5.997572459305805007e-10
8.389999389648437500e+00 5.941329071488324352e-10
8.399999618530273438e+00 5.876908076624377926e-10
8.409999847412109375e+00 5.804830448462252258e-10
8.420000076293945312e+00 5.725596218792743206e-10
8.429999351501464844e+00 5.639697631508547547e-10
8.439999580383300781e+00 5.547585561111322055e-10
8.449999809265136719e+00 5.449718712367490503e-10
8.460000038146972656e+00 5.346531491008575492e-10
8.470000267028808594e+00 5.238442084838892555e-10
8.479999542236328125e+00 5.125863682981623776e-10
8.489999771118164062e+00 5.009161442987247083e-10
8.500000000000000000e+00 4.888717409615292039e-10
8.510000228881835938e+00 4.764888458499361439e-10
8.519999504089355469e+00 4.638029575124770195e-10
8.529999732971191406e+00 4.508445750623361518e-10
8.539999961853027344e+00 4.376465212283450535e-10
8.550000190734863281e+00 4.242391885035817117e-10
8.559999465942382812e+00 4.106530962353619411e-10
8.569999694824218750e+00 3.969137500249287251e-10
8.579999923706054688e+00 3.830494762317549850e-10
8.590000152587890625e+00 3.690863035647486261e-10
8.599999427795410156e+00 3.550506429266514337e-10
8.609999656677246094e+00 3.409639672971074048e-10
8.619999885559082031e+00 3.268508887897584024e-10
8.630000114440917969e+00 3.127338395205781715e-10
8.639999389648437500e+00 2.986357792575131009e-10
8.649999618530273438e+00 2.845748433785161585e-10
8.659999847412109375e+00 2.705724288547578918e-10
8.670000076293945312e+00 2.566478259013996177e-10
8.679999351501464844e+00 2.428208840710999617e-10
8.689999580383300781e+00 2.291067536254005301e-10
8.699999809265136719e+00 2.155237976451543332e-10
8.710000038146972656e+00 2.020883042387792808e-10
8.720000267028808594e+00 1.888158080153462787e-10
8.729999542236328125e+00 1.757223217610432612e-10
8.739999771118164062e+00 1.628193528512898776e-10
8.750000000000000000e+00 1.501213900320122600e-10
8.760000228881835938e+00 1.376408864869807785e-10
8.769999504089355469e+00 1.253906687597025436e-10
8.779999732971191406e+00 1.133792816402873657e-10
8.789999961853027344e+00 1.016180032463966038e-10
8.800000190734863281e+00 9.011614995579630360e-11
8.809999465942382812e+00 7.888332204998757930e-11
8.819999694824218750e+00 6.792515346861245275e-11
8.829999923706054688e+00 5.724975750962566973e-11
8.840000152587890625e+00 4.686343188731359623e-11
8.849999427795410156e+00 3.677271411486924912e-11
8.859999656677246094e+00 2.698058408701341753e-11
8.869999885559082031e+00 1.749227068784954211e-11
8.880000114440917969e+00 8.311404419161464025e-12
8.889999389648437500e+00 -5.581406641532936870e-13
8.899999618530273438e+00 -9.115564443087553866e-12
8.909999847412109375e+00 -1.735802634022220657e-11
8.920000076293945312e+00 -2.528402118138085288e-11
8.929999351501464844e+00 -3.289177043197797201e-11
8.939999580383300781e+00 -4.018205539471443333e-11
8.949999809265136719e+00 -4.715382660907146247e-11
8.960000038146972656e+00 -5.380710382380351293e-11
8.970000267028808594e+00 -6.014220250399894022e-11
8.979999542236328125e+00 -6.615914777764760238e-11
8.989999771118164062e+00 -7.185991170121951815e-11
9.000000000000000000e+00 -7.724495470107772933e-11
9.010000228881835938e+00 -8.231553036652968562e-11
9.019999504089355469e+00 -8.707264840351432212e-11
9.029999732971191406e+00 -9.151885234678603101e-11
9.039999961853027344e+00 -9.565549596566544550e-11
9.050000190734863281e+00 -9.948459015369386910e-11
9.059999465942382812e+00 -1.030080200526960280e-10
9.069999694824218750e+00 -1.062288726143552088e-10
9.079999923706054688e+00 -1.091494345030382335e-10
9.090000152587890625e+00 -1.117725855678962661e-10
9.099999427795410156e+00 -1.141012596484110966e-10
9.109999656677246094e+00 -1.161393304943631490e-10
9.119999885559082031e+00 -1.178903027480206422e-10
9.130000114440917969e+00 -1.193582539936227757e-10
9.139999389648437500e+00 -1.205475245516342446e-10
9.149999618530273438e+00 -1.214631684858824601e-10
9.159999847412109375e+00 -1.221102971602572892e-10
9.170000076293945312e+00 -1.224945788528029987e-10
9.179999351501464844e+00 -1.226221300778564500e-10
9.189999580383300781e+00 -1.224995545093457208e-10
9.199999809265136719e+00 -1.221338784289574854e-10
9.210000038146972656e+00 -1.215326295294973400e-10
9.220000267028808594e+00 -1.207038131813638258e-10
9.229999542236328125e+00 -1.196560147682015135e-10
9.239999771118164062e+00 -1.183979697046536410e-10
9.250000000000000000e+00 -1.169391466121967045e-10
9.260000228881835938e+00 -1.152893458554697501e-10
9.269999504089355469e+00 -1.134589435889377640e-10
9.279999732971191406e+00 -1.114581424716958498e-10
9.289999961853027344e+00 -1.092979844903449117e-10
9.300000190734863281e+00 -1.069896236706511888e-10
9.309999465942382812e+00 -1.045446881549370164e-10
9.319999694824218750e+00 -1.019742818579194654e-10
9.329999923706054688e+00 -9.929033610462803408e-11
9.340000152587890625e+00 -9.650463248074371190e-11
9.349999427795410156e+00 -9.362925277823522283e-11
9.359999656677246094e+00 -9.067541893037290154e-11
9.369999885559082031e+00 -8.765508319106388016e-11
9.380000114440917969e+00 -8.457978569245380834e-11
9.389999389648437500e+00 -8.146117039741605514e-11
9.399999618530273438e+00 -7.830974233770344365e-11
9.409999847412109375e+00 -7.513660586418682170e-11
9.420000076293945312e+00 -7.195223523071446220e-11
9.429999351501464844e+00 -6.876703498720105995e-11
9.439999580383300781e+00 -6.559008997617294943e-11
9.449999809265136719e+00 -6.243095954427046010e-11
9.460000038146972656e+00 -5.929843672460511783e-11
9.469999313354492188e+00 -5.620112789982631677e-11
9.479999542236328125e+00 -5.314625786210544105e-11
9.489999771118164062e+00 -5.014143472539230438e-11
9.500000000000000000e+00 -4.719346042856613453e-11
9.510000228881835938e+00 -4.430862773653928132e-11
9.519999504089355469e+00 -4.149298899752757362e-11
9.529999732971191406e+00 -3.875129796072040605e-11
9.539999961853027344e+00 -3.608863344014122793e-11
9.550000190734863281e+00 -3.350933127569436489e-11
9.559999465942382812e+00 -3.101750738301437168e-11
9.569999694824218750e+00 -2.861613366318312927e-11
9.579999923706054688e+00 -2.630848464270599896e-11
9.590000152587890625e+00 -2.409719762161388102e-11
9.599999427795410156e+00 -2.198473286228294850e-11
9.609999656677246094e+00 -1.997259622770285645e-11
9.619999885559082031e+00 -1.806256785289614453e-11
9.630000114440917969e+00 -1.625590390765580341e-11
9.639999389648437500e+00 -1.455371621472036455e-11
9.649999618530273438e+00 -1.295634848700573753e-11
9.659999847412109375e+00 -1.146435941091092536e-11
9.670000076293945312e+00 -1.007787654572502507e-11
9.679999351501464844e+00 -8.796885304461627849e-12
9.689999580383300781e+00 -7.620756803930535385e-12
9.699999809265136719e+00 -6.548982827150461429e-12
9.710000038146972656e+00 -5.580678813946496278e-12
9.719999313354492188e+00 -4.714787045757127964e-12
9.729999542236328125e+00 -3.949753656094673109e-12
9.739999771118164062e+00 -3.284021383197201504e-12
9.750000000000000000e+00 -2.715683879237684458e-12
9.760000228881835938e+00 -2.242569481922945062e-12
9.769999504089355469e+00 -1.862268252996232053e-12
9.779999732971191406e+00 -1.571993237637762832e-12
9.789999961853027344e+00 -1.368793072551477759e-12
9.800000190734863281e+00 -1.249399457554107586e-12
9.809999465942382812e+00 -1.210266981740349200e-12
9.819999694824218750e+00 -1.247570204038749749e-12
9.829999923706054688e+00 -1.357230661765826358e-12
9.840000152587890625e+00 -1.534903909665634016e-12
9.849999427795410156e+00 -1.775973295120535319e-12
9.859999656677246094e+00 -2.075663086909467186e-12
9.869999885559082031e+00 -2.428918169452240865e-12
9.880000114440917969e+00 -2.830513833350816020e-12
9.889999389648437500e+00 -3.275014148573671800e-12
9.899999618530273438e+00 -3.756976494285851284e-12
9.909999847412109375e+00 -4.270727124272820066e-12
9.920000076293945312e+00 -4.810559789081355599e-12
9.929999351501464844e+00 -5.370678331936672533e-12
9.939999580383300781e+00 -5.945449320961426661e-12
9.949999809265136719e+00 -6.529120615118617037e-12
9.960000038146972656e+00 -7.116071427933519306e-12
9.969999313354492188e+00 -7.700747344330562206e-12
9.979999542236328125e+00 -8.277919309148333566e-12
9.989999771118164062e+00 -8.842389649092634616e-12
1.000000000000000000e+01 -9.389251423765684379e-12
1.001000022888183594e+01 -9.913868821099004287e-12
1.001999950408935547e+01 -1.041186232105720903e-11
1.002999973297119141e+01 -1.087932689612851653e-11
1.003999996185302734e+01 -1.131257284602764420e-11
1.005000019073486328e+01 -1.170833894808563100e-11
1.005999946594238281e+01 -1.206373222231323498e-11
1.006999969482421875e+01 -1.237637260672494121e-11
1.007999992370605469e+01 -1.264419817150469697e-11
1.009000015258789062e+01 -1.286561012570247972e-11
1.009999942779541016e+01 -1.303942260631915307e-11
1.010999965667724609e+01 -1.316492027798000759e-11
1.011999988555908203e+01 -1.324174856040631073e-11
1.013000011444091797e+01 -1.326997320273231053e-11
1.013999938964843750e+01 -1.325004769522913682e-11
1.014999961853027344e+01 -1.318278140793336455e-11
1.015999984741210938e+01 -1.306932635963401621e-11
1.017000007629394531e+01 -1.291114968856965661e-11
1.017999935150146484e+01 -1.271002417864604168e-11
1.018999958038330078e+01 -1.246791874229369353e-11
1.019999980926513672e+01 -1.218708108410985280e-11
1.021000003814697266e+01 -1.186993450399323971e-11
1.021999931335449219e+01 -1.151909719917739317e-11
1.022999954223632812e+01 -1.113721351526445373e-11
1.023999977111816406e+01 -1.072712517454807201e-11
1.025000000000000000e+01 -1.029170985597433206e-11
1.026000022888183594e+01 -9.833885571964350231e-12
1.026999950408935547e+01 -9.356631536256750736e-12
1.027999973297119141e+01 -8.862781334423662685e-12
1.028999996185302734e+01 -8.355274594690623331e-12
1.030000019073486328e+01 -7.836958842142374984e-12
1.030999946594238281e+01 -7.310669922772179605e-12
1.031999969482421875e+01 -6.779016440651374250e-12
1.032999992370605469e+01 -6.244672858211692063e-12
1.034000015258789062e+01 -5.710171233821512064e-12
1.034999942779541016e+01 -5.177998940556283469e-12
1.035999965667724609e+01 -4.650390955396643529e-12
1.036999988555908203e+01 -4.129637041228604325e-12
1.038000011444091797e+01 -3.617879255092080937e-12
1.038999938964843750e+01 -3.117211739413973957e-12
1.039999961853027344e+01 -2.629496960522234902e-12
1.040999984741210938e+01 -2.156656317409621588e-12
1.042000007629394531e+01 -1.700483397704527336e-12
1.042999935150146484e+01 -1.262738799468943224e-12
1.043999958038330078e+01 -8.449886802887516696e-13
1.044999980926513672e+01 -4.488621439997657253e-13
1.046000003814697266e+01 -7.588270398210284749e-14
1.046999931335449219e+01 2.724525109255801989e-13
1.047999954223632812e+01 5.948032527930465332e-13
1.048999977111816406e+01 8.897876554225735640e-13
1.050000000000000000e+01 1.156119370799725653e-12
1.051000022888183594e+01 1.392577862281948736e-12
1.051999950408935547e+01 1.597996651355634460e-12
1.052999973297119141e+01 1.771344275509415472e-12
1.053999996185302734e+01 1.911617534084023243e-12
1.055000019073486328e+01 2.017932836486973641e-12
1.055999946594238281e+01 2.089510638022189280e-12
1.056999969482421875e+01 2.125712653197219626e-12
1.057999992370605469e+01 2.126014232437711770e-12
1.059000015258789062e+01 2.090047628321945836e-12
1.059999942779541016e+01 2.017615240135874552e-12
1.060999965667724609e+01 1.908672203627892434e-12
1.061999988555908203e+01 1.763379722868698619e-12
1.063000011444091797e+01 1.582091258286611054e-12
1.063999938964843750e+01 1.365390543891005428e-12
1.064999961853027344e+01 1.114012656199006551e-12
1.065999984741210938e+01 8.289744750409535275e-13
1.067000007629394531e+01 5.114976842956623202e-13
1.067999935150146484e+01 1.630640673579550087e-13
1.068999958038330078e+01 -2.147218478577765712e-13
1.069999980926513672e+01 -6.199394060487991631e-13
1.071000003814697266e+01 -1.050487973182760069e-12
1.071999931335449219e+01 -1.504021750339003785e-12
1.072999954223632812e+01 -1.978138831928181698e-12
1.073999977111816406e+01 -2.470136748389027343e-12
1.075000000000000000e+01 -2.977202699632220697e-12
1.076000022888183594e+01 -3.496391177107792395e-12
1.076999950408935547e+01 -4.024597971444403798e-12
1.077999973297119141e+01 -4.558785804824304947e-12
1.078999996185302734e+01 -5.095708383171035266e-12
1.080000019073486328e+01 -5.632138994622437949e-12
1.080999946594238281e+01 -6.164798016715351790e-12
1.081999969482421875e+01 -6.690583230621437650e-12
1.082999992370605469e+01 -7.206292732176320051e-12
1.084000015258789062e+01 -7.708857852815441594e-12
1.084999942779541016e+01 -8.195270860762474578e-12
1.085999965667724609e+01 -8.662795603051631331e-12
1.086999988555908203e+01 -9.108711952628028116e-12
1.088000011444091797e+01 -9.530524313795077397e-12
1.088999938964843750e+01 -9.925897453141762916e-12
1.089999961853027344e+01 -1.029282027143422099e-11
1.090999984741210938e+01 -1.062939468429383147e-11
1.092000007629394531e+01 -1.093399808775430085e-11
1.092999935150146484e+01 -1.120522982460747797e-11
1.093999958038330078e+01 -1.144201360213058511e-11
1.094999980926513672e+01 -1.164344628120375716e-11
1.096000003814697266e+01 -1.180890189584951806e-11
1.096999931335449219e+01 -1.193798983549399454e-11
1.097999954223632812e+01 -1.203059397238934428e-11
1.098999977111816406e+01 -1.208678911555700542e-11
1.100000000000000000e+01 -1.210688348003379368e-11
1.101000022888183594e+01 -1.209138900013631281e-11
1.101999950408935547e+01 -1.204101571082380641e-11
1.102999973297119141e+01 -1.195663079783881634e-11
1.103999996185302734e+01 -1.183927193154408775e-11
1.105000019073486328e+01 -1.169011236264481508e-11
1.105999946594238281e+01 -1.151046621663096720e-11
1.106999969482421875e+01 -1.130169882439991432e-11
1.107999992370605469e+01 -1.106531105799732235e-11
1.109000015258789062e+01 -1.080285945583525391e-11
1.109999942779541016e+01 -1.051598246352894644e-11
1.110999965667724609e+01 -1.020627629044612723e-11
1.111999988555908203e+01 -9.875444434891805735e-12
1.113000011444091797e+01 -9.525180866342583226e-12
1.113999938964843750e+01 -9.157220594086395706e-12
1.114999961853027344e+01 -8.773190750482378098e-12
1.115999984741210938e+01 -8.374814710002461659e-12
1.117000007629394531e+01 -7.963767530783178613e-12
1.117999935150146484e+01 -7.541749654422911359e-12
1.118999958038330078e+01 -7.110321536582757289e-12
1.119999980926513672e+01 -6.671146318085382187e-12
1.121000003814697266e+01 -6.225829371741300551e-12
1.121999931335449219e+01 -5.776004360981754535e-12
1.122999954223632812e+01 -5.323162349992497872e-12
1.123999977111816406e+01 -4.868912397025357414e-12
1.125000000000000000e+01 -4.414814679520791373e-12
1.125999927520751953e+01 -3.962468264023806017e-12
1.126999950408935547e+01 -3.513341431387271461e-12
1.127999973297119141e+01 -3.069033194413098277e-12
1.128999996185302734e+01 -2.631102801221339008e-12
1.130000019073486328e+01 -2.201111976084772276e-12
1.130999946594238281e+01 -1.780665530152116020e-12
1.131999969482421875e+01 -1.371248784123544408e-12
1.132999992370605469e+01 -9.744663731889828781e-13
1.134000015258789062e+01 -5.918756708286005954e-13
1.134999942779541016e+01 -2.250556321531517847e-13
1.135999965667724609e+01 1.245386791538301578e-13
1.136999988555908203e+01 4.553750801416067692e-13
1.138000011444091797e+01 7.659951864840457213e-13
1.138999938964843750e+01 1.054964189525147736e-12
1.139999961853027344e+01 1.320989936220898239e-12
1.140999984741210938e+01 1.562770656208217473e-12
1.142000007629394531e+01 1.779120784654000129e-12
1.142999935150146484e+01 1.968938586573471161e-12
1.143999958038330078e+01 2.131289750694933654e-12
1.144999980926513672e+01 2.265311667949476698e-12
1.146000003814697266e+01 2.370301591515479031e-12
1.146999931335449219e+01 2.445702843657197237e-12
1.147999954223632812e+01 2.491141242576734306e-12
1.148999977111816406e+01 2.506392211751789540e-12
1.150000000000000000e+01 2.491419451272751452e-12
1.150999927520751953e+01 2.446378109150595090e-12
1.151999950408935547e+01 2.371599247782368040e-12
1.152999973297119141e+01 2.267617559315946544e-12
1.153999996185302734e+01 2.135156659628571401e-12
1.155000019073486328e+01 1.975129427558270874e-12
1.155999946594238281e+01 1.788652794969454513e-12
1.156999969482421875e+01 1.576967115841803256e-12
1.157999992370605469e+01 1.341533046957890406e-12
1.159000015258789062e+01 1.083952917150619537e-12
1.159999942779541016e+01 8.060009050778379341e-13
1.160999965667724609e+01 5.095001813754100558e-13
1.161999988555908203e+01 1.964658348463987033e-13
1.163000011444091797e+01 -1.310169496174455643e-13
1.163999938964843750e+01 -4.707527607026199011e-13
1.164999961853027344e+01 -8.205875837378804498e-13
1.165999984741210938e+01 -1.178232428024443844e-12
1.167000007629394531e+01 -1.541412889030166845e-12
1.167999935150146484e+01 -1.907822200940089858e-12
1.168999958038330078e+01 -2.275281178816107532e-12
1.169999980926513672e+01 -2.641546702780234718e-12
1.171000003814697266e+01 -3.004469048976420010e-12
1.171999931335449219e+01 -3.361940391226400528e-12
1.172999954223632812e+01 -3.712046588357316331e-12
1.173999977111816406e+01 -4.052874270459177407e-12
1.175000000000000000e+01 -4.382661185710293474e-12
1.175999927520751953e+01 -4.699741821492845654e-12
1.176999950408935547e+01 -5.002675240327508435e-12
1.177999973297119141e+01 -5.290068904342434538e-12
1.178999996185302734e+01 -5.560705448685994355e-12
1.180000019073486328e+01 -5.813514544784897793e-12
1.180999946594238281e+01 -6.047550060142142718e-12
1.181999969482421875e+01 -6.262077197945403629e-12
1.182999992370605469e+01 -6.456434593048888308e-12
1.184000015258789062e+01 -6.630120967654377043e-12
1.184999942779541016e+01 -6.782752045834656420e-12
1.185999965667724609e+01 -6.914109180568223484e-12
1.186999988555908203e+01 -7.024045578723582219e-12
1.188000011444091797e+01 -7.112535656839119830e-12
1.188999938964843750e+01 -7.179646799003164339e-12
1.189999961853027344e+01 -7.225552689418719728e-12
1.190999984741210938e+01 -7.250486251771659710e-12
1.192000007629394531e+01 -7.254757704511356589e-12
1.192999935150146484e+01 -7.238741877349311466e-12
1.193999958038330078e+01 -7.202861888866311476e-12
1.194999980926513672e+01 -7.147590753056704862e-12
1.196000003814697266e+01 -7.073442286913449687e-12
1.196999931335449219e+01 -6.980974582185958002e-12
1.197999954223632812e+01 -6.870750089390411461e-12
1.198999977111816406e+01 -6.743384389157162651e-12
1.200000000000000000e+01 -6.599511486848905933e-12
1.200999927520751953e+01 -6.439806015725732891e-12
1.201999950408935547e+01 -6.264921170165643277e-12
1.202999973297119141e+01 -6.075581039417045637e-12
1.203999996185302734e+01 -5.872522213573320732e-12
1.205000019073486328e+01 -5.656511221521867484e-12
1.205999946594238281e+01 -5.428369003707384378e-12
1.206999969482421875e+01 -5.188885771220963273e-12
1.207999992370605469e+01 -4.938955359425428974e-12
1.209000015258789062e+01 -4.679490925960234325e-12
1.209999942779541016e+01 -4.411476336045388763e-12
1.210999965667724609e+01 -4.135864751668269436e-12
1.211999988555908203e+01 -3.853733981048210799e-12
1.213000011444091797e+01 -3.566185796834734188e-12
1.213999938964843750e+01 -3.274399386271437581e-12
1.214999961853027344e+01 -2.979518854912733047e-12
1.215999984741210938e+01 -2.682817514888091280e-12
1.217000007629394531e+01 -2.385584619219123751e-12
1.217999935150146484e+01 -2.089176404060159624e-12
1.218999958038330078e+01 -1.794897359014500660e-12
1.219999980926513672e+01 -1.504163064397022691e-12
1.221000003814697266e+01 -1.218379320203977040e-12
1.221999931335449219e+01 -9.389870405022497380e-13
1.222999954223632812e+01 -6.673469367460165191e-13
1.223999977111816406e+01 -4.048881941187028553e-13
1.225000000000000000e+01 -1.529899858618278468e-13
1.225999927520751953e+01 8.698146687060364415e-14
1.226999950408935547e+01 3.137759090873489146e-13
1.227999973297119141e+01 5.261334055551472304e-13
1.228999996185302734e+01 7.228901884772173318e-13
1.230000019073486328e+01 9.029665228483220305e-13
1.230999946594238281e+01 1.065363849251157206e-12
1.231999969482421875e+01 1.209236031111636611e-12
1.232999992370605469e+01 1.333805431757209074e-12
1.234000015258789062e+01 1.438436155512346220e-12
1.234999942779541016e+01 1.522617091848775412e-12
1.235999965667724609e+01 1.585998911655320040e-12
1.236999988555908203e+01 1.628349834994014057e-12
1.238000011444091797e+01 1.649592428372096913e-12
1.238999938964843750e+01 1.649797109538283701e-12
1.239999961853027344e+01 1.629179169528145782e-12
1.240999984741210938e+01 1.588096900138714610e-12
1.242000007629394531e+01 1.527048988641623813e-12
1.242999935150146484e+01 1.446677173659761053e-12
1.243999958038330078e+01 1.347726267949358860e-12
1.244999980926513672e+01 1.231081650393896081e-12
1.246000003814697266e+01 1.097730970446181064e-12
1.246999931335449219e+01 9.487742275211396972e-13
1.247999954223632812e+01 7.853549350220819280e-13
1.248999977111816406e+01 6.087315519010974871e-13
1.250000000000000000e+01 4.202100201277770946e-13
1.250999927520751953e+01 2.211627503154710658e-13
1.251999950408935547e+01 1.293896070667377962e-14
1.252999973297119141e+01 -2.030352235439234506e-13
1.253999996185302734e+01 -4.253446799889140921e-13
1.255000019073486328e+01 -6.525787915481281522e-13
1.255999946594238281e+01 -8.833215757532371250e-13
1.256999969482421875e+01 -1.116250920163913533e-12
1.257999992370605469e+01 -1.350016222535645565e-12
1.259000015258789062e+01 -1.583334923200285708e-12
1.259999942779541016e+01 -1.814956585496240816e-12
1.260999965667724609e+01 -2.043757637473410684e-12
1.261999988555908203e+01 -2.268613472659300556e-12
1.263000011444091797e+01 -2.488491232330465230e-12
1.263999938964843750e+01 -2.702409809926119972e-12
1.264999961853027344e+01 -2.909523071353765710e-12
1.265999984741210938e+01 -3.108996246709085396e-12
1.267000007629394531e+01 -3.300088463719636058e-12
1.267999935150146484e+01 -3.482112856225053947e-12
1.268999958038330078e+01 -3.654502700205610697e-12
1.269999980926513672e+01 -3.816703706605494200e-12
1.271000003814697266e+01 -3.968240561315237836e-12
1.271999931335449219e+01 -4.108682320775624505e-12
1.272999954223632812e+01 -4.237690158196231359e-12
1.273999977111816406e+01 -4.354932606926435421e-12
1.275000000000000000e+01 -4.460135793686818640e-12
1.275999927520751953e+01 -4.553057229471233926e-12
1.276999950408935547e+01 -4.633515789174301834e-12
1.277999973297119141e+01 -4.701335650925989267e-12
1.278999996185302734e+01 -4.756380023643069163e-12
1.279999923706054688e+01 -4.798535696795687504e-12
1.280999946594238281e+01 -4.827727365783836512e-12
1.281999969482421875e+01 -4.843891771812922867e-12
1.282999992370605469e+01 -4.846996005295892968e-12
1.284000015258789062e+01 -4.837032837439260044e-12
1.284999942779541016e+01 -4.814025404740634701e-12
1.285999965667724609e+01 -4.778019516081142341e-12
1.286999988555908203e+01 -4.729098814114412435e-12
1.288000011444091797e+01 -4.667381366978373839e-12
1.288999938964843750e+01 -4.593031556969270457e-12
1.289999961853027344e+01 -4.506234853344003084e-12
1.290999984741210938e+01 -4.407243882486558405e-12
1.292000007629394531e+01 -4.296355254363458678e-12
1.292999935150146484e+01 -4.173932146127829618e-12
1.293999958038330078e+01 -4.040359300688557947e-12
1.294999980926513672e+01 -3.896116899150932211e-12
1.296000003814697266e+01 -3.741736445733980517e-12
1.296999931335449219e+01 -3.577830083950095799e-12
1.297999954223632812e+01 -3.405027831265394770e-12
1.298999977111816406e+01 -3.224071439987579727e-12
1.300000000000000000e+01 -3.035751813335738883e-12
1.300999927520751953e+01 -2.840941063625808179e-12
1.301999950408935547e+01 -2.640514348311596447e-12
1.302999973297119141e+01 -2.435457486223471663e-12
1.303999996185302734e+01 -2.226788132564158134e-12
1.304999923706054688e+01 -2.015587975763919814e-12
1.305999946594238281e+01 -1.802915087852699380e-12
1.306999969482421875e+01 -1.589916950777077632e-12
1.307999992370605469e+01 -1.377741233547849427e-12
1.309000015258789062e+01 -1.167547106318020009e-12
1.309999942779541016e+01 -9.605140552583336671e-13
1.310999965667724609e+01 -7.577541920389963656e-13
1.311999988555908203e+01 -5.604196855838074045e-13
1.313000011444091797e+01 -3.696136261503773542e-13
1.313999938964843750e+01 -1.864163770303322870e-13
1.314999961853027344e+01 -1.180660468206944065e-14
1.315999984741210938e+01 1.532428061073022977e-13
1.317000007629394531e+01 3.078452958304815762e-13
1.317999935150146484e+01 4.511766478217325813e-13
1.318999958038330078e+01 5.825368651984484115e-13
1.319999980926513672e+01 7.012735103540310670e-13
1.321000003814697266e+01 8.068433867357340459e-13
1.321999931335449219e+01 8.987936797954784768e-13
1.322999954223632812e+01 9.767988766294409903e-13
1.323999977111816406e+01 1.040609869833099581e-12
1.325000000000000000e+01 1.090089879331912336e-12
1.325999927520751953e+01 1.125202854861187505e-12
1.326999950408935547e+01 1.146021607517637846e-12
1.327999973297119141e+01 1.152706089204600336e-12
1.328999996185302734e+01 1.145512823826176637e-12
1.329999923706054688e+01 1.124788588633983930e-12
1.330999946594238281e+01 1.090955178709268778e-12
1.331999969482421875e+01 1.044513739565030041e-12
1.332999992370605469e+01 9.860318763668301967e-13
1.334000015258789062e+01 9.161354651675978784e-13
1.334999942779541016e+01 8.355098122117532383e-13
1.335999965667724609e+01 7.448589000911702981e-13
1.336999988555908203e+01 6.449431597289571501e-13
1.338000011444091797e+01 5.365416560329005319e-13
1.338999938964843750e+01 4.204620303554928925e-13
1.339999961853027344e+01 2.974887180882629266e-13
1.340999984741210938e+01 1.684412221430139762e-13
1.342000007629394531e+01 3.412474567507105958e-14
1.342999935150146484e+01 -1.046519446852833338e-13
1.343999958038330078e+01 -2.471348637541416270e-13
1.344999980926513672e+01 -3.925497782661333518e-13
1.346000003814697266e+01 -5.401583967952445985e-13
1.346999931335449219e+01 -6.892336407602293524e-13
1.347999954223632812e+01 -8.391185574068133363e-13
1.348999977111816406e+01 -9.891423723682557357e-13
1.350000000000000000e+01 -1.138677358237314790e-12
1.350999927520751953e+01 -1.287110495971126193e-12
1.351999950408935547e+01 -1.433899117375431279e-12
1.352999973297119141e+01 -1.578484685981573908e-12
1.353999996185302734e+01 -1.720347716788284360e-12
1.354999923706054688e+01 -1.858978582936211728e-12
1.355999946594238281e+01 -1.993927816610037226e-12
1.356999969482421875e+01 -2.124724555494838084e-12
1.357999992370605469e+01 -2.250927461604493109e-12
1.359000015258789062e+01 -2.372109339123609027e-12
1.359999942779541016e+01 -2.487844469242895020e-12
1.360999965667724609e+01 -2.597750794015014619e-12
1.361999988555908203e+01 -2.701422383784573461e-12
1.363000011444091797e+01 -2.798473752575956380e-12
1.363999938964843750e+01 -2.888520077713071567e-12
1.364999961853027344e+01 -2.971211287928614211e-12
1.365999984741210938e+01 -3.046181690939399636e-12
1.367000007629394531e+01 -3.113086486411726782e-12
1.367999935150146484e+01 -3.171589868978810703e-12
1.368999958038330078e+01 -3.221389294233352232e-12
1.369999980926513672e+01 -3.262185153961112978e-12
1.371000003814697266e+01 -3.293707449347563968e-12
1.371999931335449219e+01 -3.315712064558647965e-12
1.372999954223632812e+01 -3.327992624830493547e-12
1.373999977111816406e+01 -3.330371967834087506e-12
1.375000000000000000e+01 -3.322716007923575523e-12
1.375999927520751953e+01 -3.304937657086424105e-12
1.376999950408935547e+01 -3.276993238898249472e-12
1.377999973297119141e+01 -3.238896468457690248e-12
1.378999996185302734e+01 -3.190716149698275126e-12
1.379999923706054688e+01 -3.132586537117035676e-12
1.380999946594238281e+01 -3.064686337456012254e-12
1.381999969482421875e+01 -2.987274036417422083e-12
1.382999992370605469e+01 -2.900667526559998197e-12
1.384000015258789062e+01 -2.805249362287164189e-12
1.384999942779541016e+01 -2.701476499350377174e-12
1.385999965667724609e+01 -2.589838421760735779e-12
1.386999988555908203e+01 -2.470914315831159003e-12
1.388000011444091797e+01 -2.345330513642842869e-12
1.388999938964843750e+01 -2.213779725426295815e-12
1.389999961853027344e+01 -2.076964524111215287e-12
1.390999984741210938e+01 -1.935667521845577587e-12
1.392000007629394531e+01 -1.790695442017797190e-12
1.392999935150146484e+01 -1.642898803435769709e-12
1.393999958038330078e+01 -1.493108042121088683e-12
1.394999980926513672e+01 -1.342209961122647720e-12
1.396000003814697266e+01 -1.191084757136432199e-12
1.396999931335449219e+01 -1.040625134887826229e-12
1.397999954223632812e+01 -8.916716216703345981e-13
1.398999977111816406e+01 -7.450905157517808815e-13
1.400000000000000000e+01 -6.017089246604290837e-13
1.400999927520751953e+01 -4.623347670224709907e-13
1.401999950408935547e+01 -3.276968859866375544e-13
1.402999973297119141e+01 -1.985193527412565820e-13
1.403999996185302734e+01 -7.546123708515667568e-14
1.404999923706054688e+01 4.086294720902020321e-14
1.405999946594238281e+01 1.499323586734969932e-13
1.406999969482421875e+01 2.512552618754896672e-13
1.407999992370605469e+01 3.444171362076187201e-13
1.409000015258789062e+01 4.290708533124943355e-13
1.409999942779541016e+01 5.049297583660262658e-13
1.410999965667724609e+01 5.717966779664791437e-13
1.411999988555908203e+01 6.295180721064038018e-13
1.413000011444091797e+01 6.780133387093417551e-13
1.413999938964843750e+01 7.172603600137719726e-13
1.414999961853027344e+01 7.473066733307520205e-13
1.415999984741210938e+01 7.682435489311073529e-13
1.417000007629394531e+01 7.802169408067052187e-13
1.417999935150146484e+01 7.834198657566806823e-13
1.418999958038330078e+01 7.780867114261714257e-13
1.419999980926513672e+01 7.644876991572334064e-13
1.421000003814697266e+01 7.429250069457340109e-13
1.421999931335449219e+01 7.137305446337792141e-13
1.422999954223632812e+01 6.772492803893726505e-13
1.423999977111816406e+01 6.338510233370045281e-13
1.425000000000000000e+01 5.839164206260608284e-13
1.425999927520751953e+01 5.278401909143378318e-13
1.426999950408935547e+01 4.660064383406137286e-13
1.427999973297119141e+01 3.988173716589997449e-13
1.428999996185302734e+01 3.266701352290964833e-13
1.429999923706054688e+01 2.499673684063858615e-13
1.430999946594238281e+01 1.690860304721843041e-13
1.431999969482421875e+01 8.442083430080534456e-14
1.432999992370605469e+01 -3.645687423861022068e-15
1.434000015258789062e+01 -9.473533410192204334e-14
1.434999942779541016e+01 -1.884653109450901020e-13
1.435999965667724609e+01 -2.844828695879766277e-13
1.436999988555908203e+01 -3.824110343059946128e-13
1.438000011444091797e+01 -4.818824887706657276e-13
1.438999938964843750e+01 -5.825197856281602533e-13
1.439999961853027344e+01 -6.839724528776814435e-13
1.440999984741210938e+01 -7.858576297850070859e-13
1.442000007629394531e+01 -8.877973294563267850e-13
1.442999935150146484e+01 -9.893977906992245579e-13
1.443999958038330078e+01 -1.090287460568493427e-12
1.444999980926513672e+01 -1.190058107691827908e-12
1.446000003814697266e+01 -1.288303489179435609e-12
1.446999931335449219e+01 -1.384600718741071244e-12
1.447999954223632812e+01 -1.478547425523812450e-12
1.448999977111816406e+01 -1.569707818308545396e-12
1.450000000000000000e+01 -1.657651121419201320e-12
1.450999927520751953e+01 -1.741936641756903900e-12
1.451999950408935547e+01 -1.822148045669413387e-12
1.452999973297119141e+01 -1.897848174271413210e-12
1.453999996185302734e+01 -1.968614814960425691e-12
1.454999923706054688e+01 -2.034030353531218856e-12
1.455999946594238281e+01 -2.093710166226957231e-12
1.456999969482421875e+01 -2.147269383621572299e-12
1.457999992370605469e+01 -2.194352741558615192e-12
1.458999919891357422e+01 -2.234628946815090837e-12
1.459999942779541016e+01 -2.267809804377736355e-12
1.460999965667724609e+01 -2.293631262670028948e-12
1.461999988555908203e+01 -2.311873566048103551e-12
1.463000011444091797e+01 -2.322360852952294341e-12
1.463999938964843750e+01 -2.324964506285518074e-12
1.464999961853027344e+01 -2.319606294174513018e-12
1.465999984741210938e+01 -2.306259329118930031e-12
1.467000007629394531e+01 -2.284951520670015591e-12
1.467999935150146484e+01 -2.255769272512968170e-12
1.468999958038330078e+01 -2.218846063503862161e-12
1.469999980926513672e+01 -2.174379075819943329e-12
1.471000003814697266e+01 -2.122617734054985815e-12
1.471999931335449219e+01 -2.063870489015022134e-12
1.472999954223632812e+01 -1.998479503976473993e-12
1.473999977111816406e+01 -1.926851356072109507e-12
1.475000000000000000e+01 -1.849431631838820985e-12
1.475999927520751953e+01 -1.766714348399663139e-12
1.476999950408935547e+01 -1.679205154692216859e-12
1.477999973297119141e+01 -1.587463757974334455e-12
1.478999996185302734e+01 -1.492067368530701433e-12
1.479999923706054688e+01 -1.393622289993851381e-12
1.480999946594238281e+01 -1.292720226231053866e-12
1.481999969482421875e+01 -1.189988709346431193e-12
1.482999992370605469e+01 -1.086048086380578970e-12
1.483999919891357422e+01 -9.815246539653840007e-13
1.484999942779541016e+01 -8.770055095417407584e-13
1.485999965667724609e+01 -7.730928125331496251e-13
1.486999988555908203e+01 -6.703590724900888100e-13
1.488000011444091797e+01 -5.693526963501182920e-13
1.488999938964843750e+01 -4.706028213842224409e-13
1.489999961853027344e+01 -3.745788964290085633e-13
1.490999984741210938e+01 -2.817437036288485511e-13
1.492000007629394531e+01 -1.925135841876592208e-13
1.492999935150146484e+01 -1.072737653199698251e-13
1.493999958038330078e+01 -2.634523350146021871e-14
1.494999980926513672e+01 4.996688241085827935e-14
1.496000003814697266e+01 1.214065902610397838e-13
1.496999931335449219e+01 1.877515475455590244e-13
1.497999954223632812e+01 2.488372858553684739e-13
1.498999977111816406e+01 3.045172656352001464e-13
1.500000000000000000e+01 3.546871063913239610e-13
