# raxis[fm], SN, VN, SP, VP
2.101448349307773875e-07 9.924541873404131576e-02 1.047594136279911686e-01 9.492157058928009372e-02 1.002079240585202063e-01
2.500000000000000139e-02 9.924411579540683148e-02 1.047604109818174173e-01 9.492079544379573852e-02 1.002092424755692129e-01
5.000000000000000278e-02 9.920129464262140984e-02 1.047223086807264059e-01 9.488161913959781979e-02 1.001742678118372754e-01
7.499999999999999722e-02 9.912892219793198456e-02 1.046577682538245291e-01 9.481538634156230771e-02 1.001150060665265407e-01
1.000000000000000056e-01 9.902760477330868616e-02 1.045673643753500109e-01 9.472266181139191166e-02 1.000319943034028436e-01
1.250000000000000000e-01 9.889770701130753960e-02 1.044514216970159753e-01 9.460378452393414239e-02 9.992553569149267845e-02
1.499999999999999944e-01 9.873962436715937041e-02 1.043102753025367674e-01 9.445912133108140540e-02 9.979594275862907482e-02
1.749999999999999889e-01 9.855382287604498581e-02 1.041443215293770264e-01 9.428910457456211869e-02 9.964358515990516529e-02
2.000000000000000111e-01 9.834084017426614199e-02 1.039540159829690780e-01 9.409423282119599996e-02 9.946888766303242646e-02
2.250000000000000056e-01 9.810128839872489515e-02 1.037398770948348842e-01 9.387507362598938865e-02 9.927233357164345906e-02
2.500000000000000000e-01 9.783586085703728508e-02 1.035024914695415743e-01 9.363226961940941673e-02 9.905446957891896054e-02
2.750000000000000222e-01 9.754532957502498602e-02 1.032425164763660363e-01 9.336653662850062652e-02 9.881590846599297429e-02
2.999999999999999889e-01 9.723052422893729840e-02 1.029606602435109847e-01 9.307864340458650576e-02 9.855730990726871421e-02
3.250000000000000111e-01 9.689234178940728248e-02 1.026576826295934192e-01 9.276942060330212181e-02 9.827938145169250184e-02
3.499999999999999778e-01 9.653175330144113386e-02 1.023344122052946004e-01 9.243976743159819376e-02 9.798289455558860384e-02
3.750000000000000000e-01 9.614978497942289204e-02 1.019917252271649311e-01 9.209063355623595126e-02 9.766866445981975398e-02
4.000000000000000222e-01 9.574753354463122479e-02 1.016305571989099682e-01 9.172303391020293628e-02 9.733756159888140580e-02
4.249999999999999889e-01 9.532615252553225393e-02 1.012518970319390421e-01 9.133803549859607906e-02 9.699050568430304942e-02
4.500000000000000111e-01 9.488684921350050427e-02 1.008567807204563127e-01 9.093675459577049702e-02 9.662845974129213866e-02
4.749999999999999778e-01 9.443088021952068811e-02 1.004462883463488193e-01 9.052035284618629996e-02 9.625242755407129036e-02
5.000000000000000000e-01 9.395954835934353100e-02 1.000215420373379016e-01 9.009003403422728706e-02 9.586345158785511411e-02
5.250000000000000222e-01 9.347419663479344942e-02 9.958370082386196198e-02 8.964703836352740096e-02 9.546260785684622385e-02
5.500000000000000444e-01 9.297620505574133443e-02 9.913395681050485297e-02 8.919263993833968784e-02 9.505100281673922735e-02
5.749999999999999556e-01 9.246698687871343636e-02 9.867353288413789614e-02 8.872814280251128949e-02 9.462977093672196582e-02
5.999999999999999778e-01 9.194798362900943878e-02 9.820367910054472738e-02 8.825487641841363307e-02 9.420007119136111773e-02
6.250000000000000000e-01 9.142065978456077879e-02 9.772566706077347176e-02 8.777419096147612287e-02 9.376308207254098470e-02
6.500000000000000222e-01 9.088649693077777147e-02 9.724078592365545393e-02 8.728745172786787909e-02 9.331999782242691999e-02
6.750000000000000444e-01 9.034698933023023459e-02 9.675033667703442086e-02 8.679603494819847220e-02 9.287202291595465786e-02
6.999999999999999556e-01 8.980364036583739218e-02 9.625563121048974491e-02 8.630132482438832020e-02 9.242037147698248245e-02
7.249999999999999778e-01 8.925795328895935743e-02 9.575798269946227126e-02 8.580470455543882935e-02 9.196625808524216961e-02
7.500000000000000000e-01 8.871142354169166133e-02 9.525870101450673033e-02 8.530754944670861095e-02 9.151089347536345286e-02
7.750000000000000222e-01 8.816553448099255508e-02 9.475908323563550506e-02 8.481122297127563492e-02 9.105547589215877424e-02
8.000000000000000444e-01 8.762176348759263822e-02 9.426042239384237187e-02 8.431708243355866272e-02 9.060119929567791996e-02
8.249999999999999556e-01 8.708156350130336065e-02 9.376399397938328661e-02 8.382646191240009093e-02 9.014924053243071611e-02
8.499999999999999778e-01 8.654636276753752133e-02 9.327105075826265523e-02 8.334067245713699945e-02 8.970075506356871287e-02
8.750000000000000000e-01 8.601755753755775669e-02 9.278281913849176221e-02 8.286099499919094558e-02 8.925687340133436898e-02
9.000000000000000222e-01 8.549650715805198753e-02 9.230049350150008880e-02 8.238867573953577439e-02 8.881869561947260128e-02
9.250000000000001554e-01 8.498452809160884913e-02 9.182522999144793197e-02 8.192492105468579533e-02 8.838728588920657936e-02
9.499999999999999556e-01 8.448289019387451859e-02 9.135814470999918668e-02 8.147089411513486201e-02 8.796367102683153028e-02
9.749999999999999778e-01 8.399280739749262481e-02 9.090030400083715101e-02 8.102770586850492618e-02 8.754883106717166463e-02
1.000000000000000000e+00 8.351543703340513769e-02 9.045272270551150962e-02 8.059641497104112762e-02 8.714369798485481489e-02
1.024999999999999911e+00 8.305187456013736480e-02 9.001636161104782652e-02 8.017802291832787365e-02 8.674915350381008639e-02
1.050000000000000044e+00 8.260314734551328641e-02 8.959211983906396892e-02 7.977346797745510365e-02 8.636602169575514909e-02
1.074999999999999956e+00 8.217021204566177239e-02 8.918083283838779129e-02 7.938362328832260228e-02 8.599506744024622285e-02
1.100000000000000089e+00 8.175394987413475700e-02 8.878326840993576441e-02 7.900929242573165312e-02 8.563699287038763208e-02
1.125000000000000000e+00 8.135516337480960813e-02 8.840012363424123998e-02 7.865120627202415449e-02 8.529243426203596268e-02
1.149999999999999911e+00 8.097457076084708938e-02 8.803201915558710178e-02 7.831001811689418390e-02 8.496195703118308851e-02
1.175000000000000044e+00 8.061280642924023576e-02 8.767949877172667716e-02 7.798630406300856299e-02 8.464605538710327781e-02
1.199999999999999956e+00 8.027041909482567072e-02 8.734303006061396035e-02 7.768056135701083276e-02 8.434515288107924391e-02
1.225000000000000089e+00 7.994786457566201154e-02 8.702299650971266620e-02 7.739320167809593531e-02 8.405959503345393491e-02
1.250000000000000000e+00 7.964550737934958380e-02 8.671969806762502841e-02 7.712455274353248458e-02 8.378965008141781023e-02
1.274999999999999911e+00 7.936361967958116548e-02 8.643335149882565294e-02 7.687485720707765147e-02 8.353550909165460836e-02
1.300000000000000044e+00 7.910238033229076426e-02 8.616408922883915522e-02 7.664427203456758431e-02 8.329728514790935012e-02
1.324999999999999956e+00 7.886187253294760224e-02 8.591195768143390643e-02 7.643286609851057678e-02 8.307501166222323874e-02
1.350000000000000089e+00 7.864208345721890314e-02 8.567691580900294035e-02 7.624061986932439972e-02 8.286864096737377172e-02
1.375000000000000000e+00 7.844290796734608440e-02 8.545883982645459398e-02 7.606742899475536779e-02 8.267804893332489358e-02
1.399999999999999911e+00 7.826414483231558528e-02 8.525751962323771527e-02 7.591310039198718995e-02 8.250303120461599526e-02
1.425000000000000044e+00 7.810549928080129378e-02 8.507266054191553462e-02 7.577735488834586031e-02 8.234330514264627532e-02
1.449999999999999956e+00 7.796658547612252133e-02 8.490388633203241331e-02 7.565982944007242084e-02 8.219851253466797791e-02
1.475000000000000089e+00 7.784692860975631068e-02 8.475074145037786444e-02 7.556007901354994116e-02 8.206822170813075912e-02
1.500000000000000000e+00 7.774596590564648857e-02 8.461269167276859460e-02 7.547757718354457246e-02 8.195192776527511491e-02
1.524999999999999911e+00 7.766305386480715223e-02 8.448913133694838096e-02 7.541172323768151331e-02 8.184905971174380457e-02
1.550000000000000044e+00 7.759747055005457306e-02 8.437938617250104190e-02 7.536184405662099683e-02 8.175898291377806104e-02
1.574999999999999956e+00 7.754841404584154885e-02 8.428271148985885808e-02 7.532719244610422415e-02 8.168099718020127575e-02
1.600000000000000089e+00 7.751500169951573704e-02 8.419829070378738456e-02 7.530694622345775191e-02 8.161433525836846170e-02
1.625000000000000000e+00 7.749627827000811486e-02 8.412524298575657644e-02 7.530021557626803697e-02 8.155816973915799850e-02
1.649999999999999911e+00 7.749122613269328330e-02 8.406263398144309118e-02 7.530605299245331230e-02 8.151162351157739683e-02
1.675000000000000044e+00 7.749876529449686857e-02 8.400947563514518657e-02 7.532345289209718686e-02 8.147376928481785130e-02
1.699999999999999956e+00 7.751775651233737408e-02 8.396472864674686676e-02 7.535135432175658898e-02 8.144363168718136980e-02
1.725000000000000311e+00 7.754700795661512158e-02 8.392730894779121265e-02 7.538864714104549780e-02 8.142019333301861450e-02
1.750000000000000000e+00 7.758527881407334403e-02 8.389609088323822517e-02 7.543417520921422148e-02 8.140239765327150767e-02
1.774999999999999911e+00 7.763128728391781308e-02 8.386991488840327136e-02 7.548674386595220775e-02 8.138915612483661743e-02
1.800000000000000044e+00 7.768371442847327168e-02 8.384759086271227624e-02 7.554512334191314238e-02 8.137935128244808136e-02
1.824999999999999956e+00 7.774121034509125228e-02 8.382790386595583010e-02 7.560805447795111711e-02 8.137184203709105224e-02
1.850000000000000311e+00 7.780239759238674613e-02 8.380961697968380975e-02 7.567425171706988751e-02 8.136546618272519349e-02
1.875000000000000000e+00 7.786587805752689939e-02 8.379147762096804397e-02 7.574240950693833518e-02 8.135904631264989639e-02
1.899999999999999911e+00 7.793023733452965340e-02 8.377222132966494206e-02 7.581120626358622827e-02 8.135139328723499375e-02
1.925000000000000044e+00 7.799404893042012621e-02 8.375057532251954651e-02 7.587930819297472596e-02 8.134130946370042581e-02
1.949999999999999956e+00 7.805588167599303295e-02 8.372526528513747623e-02 7.594537624927416575e-02 8.132759511093390348e-02
1.975000000000000089e+00 7.811430429291119082e-02 8.369501929037967414e-02 7.600807031026948768e-02 8.130905201938300186e-02
2.000000000000000000e+00 7.816789128761632288e-02 8.365857295798290183e-02 7.606605467359410511e-02 8.128448832165907634e-02
2.024999999999999911e+00 7.821522736957052524e-02 8.361467333351384201e-02 7.611800210802086020e-02 8.125272210270320650e-02
2.049999999999999822e+00 7.825490880086777290e-02 8.356207933223713802e-02 7.616259498962799079e-02 8.121258167630127089e-02
2.075000000000000178e+00 7.828555323040121972e-02 8.349957084717714306e-02 7.619853468953992348e-02 8.116291430182681621e-02
2.100000000000000089e+00 7.830580252851024325e-02 8.342595108902216283e-02 7.622454412715411187e-02 8.110258833023571701e-02
2.125000000000000000e+00 7.831432776796726225e-02 8.334005059609832233e-02 7.623937248185445881e-02 8.103049698563837000e-02
2.149999999999999911e+00 7.830983353971648908e-02 8.324073120630400002e-02 7.624179922418225508e-02 8.094556211935888257e-02
2.174999999999999822e+00 7.829106051586172399e-02 8.312688756152115943e-02 7.623063653005475448e-02 8.084673560482143195e-02
2.200000000000000178e+00 7.825679236313151654e-02 8.299745359278316859e-02 7.620473589762792599e-02 8.073300557794732546e-02
2.225000000000000089e+00 7.820585616380691663e-02 8.285140243110224179e-02 7.616298844362509590e-02 8.060339627112265981e-02
2.250000000000000000e+00 7.813712732034616693e-02 8.268775058123346844e-02 7.610432960837727745e-02 8.045697201440196733e-02
2.274999999999999911e+00 7.804953139769664483e-02 8.250555920051881598e-02 7.602774091960762259e-02 8.029283846568054106e-02
2.299999999999999822e+00 7.794204904847880366e-02 8.230393853104778223e-02 7.593225474129744468e-02 8.011014690243803416e-02
2.325000000000000178e+00 7.781371787552318620e-02 8.208204919478773176e-02 7.581695602719440430e-02 7.990809542812771227e-02
2.350000000000000089e+00 7.766363646865170889e-02 8.183910615578571246e-02 7.568098625188764139e-02 7.968593283848290909e-02
2.375000000000000000e+00 7.749096349709949649e-02 8.157437745848562793e-02 7.552354252402693202e-02 7.944295739016793423e-02
2.399999999999999911e+00 7.729492167892479393e-02 8.128718749423055612e-02 7.534388148473053493e-02 7.917852000955491465e-02
2.424999999999999822e+00 7.707479953218508706e-02 8.097691891837865974e-02 7.514132100709694506e-02 7.889202616191291761e-02
2.450000000000000178e+00 7.682995303128319076e-02 8.064301407867684179e-02 7.491524183813268178e-02 7.858293725042402034e-02
2.475000000000000089e+00 7.655980514501184442e-02 8.028497442593413025e-02 7.466508719508409275e-02 7.825077008303889248e-02
2.500000000000000000e+00 7.626384877693659359e-02 7.990236339265703591e-02 7.439036567340126527e-02 7.789509970345392942e-02
2.524999999999999911e+00 7.594164596042062010e-02 7.949480553930150795e-02 7.409065053302835158e-02 7.751555861224641852e-02
2.549999999999999822e+00 7.559282980280694619e-02 7.906198855921438284e-02 7.376558164878757595e-02 7.711183876084888589e-02
2.575000000000000178e+00 7.521710576091351907e-02 7.860366451995945414e-02 7.341486681079278931e-02 7.668369280221785933e-02
2.600000000000000089e+00 7.481425059742051464e-02 7.811964953977167114e-02 7.303828076520581247e-02 7.623093380899280402e-02
2.625000000000000000e+00 7.438411007397011110e-02 7.760982195459770194e-02 7.263566307379004661e-02 7.575343355171836046e-02
2.649999999999999911e+00 7.392660298035029498e-02 7.707412457882684143e-02 7.220692211783419356e-02 7.525112477698060742e-02
2.674999999999999822e+00 7.344171753282990878e-02 7.651256506894130172e-02 7.175203166719093528e-02 7.472400159684464138e-02
2.700000000000000178e+00 7.292950914396993667e-02 7.592521039813322770e-02 7.127102878307978173e-02 7.417211416737179430e-02
2.725000000000000089e+00 7.239010606046038243e-02 7.531219361714702742e-02 7.076401941841264920e-02 7.359557534886868035e-02
2.750000000000000000e+00 7.182370138407036253e-02 7.467370971140775693e-02 7.023117073518928000e-02 7.299455671227603193e-02
2.774999999999999911e+00 7.123055238424036428e-02 7.401001178385743784e-02 6.967271050377234209e-02 7.236928488225888301e-02
2.799999999999999822e+00 7.061098197395722365e-02 7.332141225846576515e-02 6.908892866226863660e-02 7.172004279898440415e-02
2.825000000000000178e+00 6.996537782277036099e-02 7.260828485170987834e-02 6.848017656109990636e-02 7.104717171017138622e-02
2.850000000000000089e+00 6.929418653423946584e-02 7.187105993353379296e-02 6.784686135376130633e-02 7.035106668378955652e-02
2.875000000000000000e+00 6.859791188048601496e-02 7.111022161710744971e-02 6.718944436022945832e-02 6.963217383375523706e-02
2.899999999999999911e+00 6.787711387930978058e-02 7.032630560726234326e-02 6.650844027292872329e-02 6.889098831312397142e-02
2.924999999999999822e+00 6.713241205509583309e-02 6.951990318987123774e-02 6.580442045654845418e-02 6.812805829001897240e-02
2.950000000000000178e+00 6.636447702191200504e-02 6.869165825398514114e-02 6.507800485088777176e-02 6.734398209177586136e-02
2.975000000000000089e+00 6.557402359398555036e-02 6.784225888563431839e-02 6.432985531893063713e-02 6.653940004749465953e-02
3.000000000000000000e+00 6.476181237599977492e-02 6.697243448593685755e-02 6.356067729994119286e-02 6.571499181166873260e-02
3.024999999999999911e+00 6.392865181987728018e-02 6.608295996367229141e-02 6.277122190491461751e-02 6.487148052147444222e-02
3.049999999999999822e+00 6.307539039618605126e-02 6.517465377147149685e-02 6.196227841294286998e-02 6.400963090229463970e-02
3.075000000000000178e+00 6.220291029896380525e-02 6.424836721895792191e-02 6.113466820775739774e-02 6.313023895582972611e-02
3.100000000000000089e+00 6.131213200467548058e-02 6.330498751837856930e-02 6.028924929731736826e-02 6.223413501708374013e-02
3.125000000000000000e+00 6.040400749675738784e-02 6.234543461633584166e-02 5.942690987269471509e-02 6.132218075780444116e-02
3.149999999999999911e+00 5.947951712044407396e-02 6.137065824415204734e-02 5.854856531124073143e-02 6.039526637724264985e-02
3.174999999999999822e+00 5.853966772060256729e-02 6.038163342575179199e-02 5.765515645276750312e-02 5.945430631856910703e-02
3.200000000000000178e+00 5.758548839851741069e-02 5.937936066118913031e-02 5.674764560761572096e-02 5.850023953688063272e-02
3.225000000000000089e+00 5.661802773940201317e-02 5.836486025734115290e-02 5.582701384231069514e-02 5.753402398636692228e-02
3.250000000000000000e+00 5.563835089120983818e-02 5.733917010924970831e-02 5.489425836894919197e-02 5.655663463787264506e-02
3.274999999999999911e+00 5.464753369143449807e-02 5.630333998460265027e-02 5.395038685298775977e-02 5.556905797513932155e-02
3.299999999999999822e+00 5.364666511148419997e-02 5.525843275931725113e-02 5.299641987916280106e-02 5.457229328615657848e-02
3.325000000000000178e+00 5.263684103488734667e-02 5.420551970250916257e-02 5.203338504746676807e-02 5.356734815665038091e-02
3.350000000000000089e+00 5.161916323526351269e-02 5.314567899760464648e-02 5.106231613842895922e-02 5.255523719585933340e-02
3.375000000000000444e+00 5.059473365536875517e-02 5.207999162651024555e-02 5.008424754996768091e-02 5.153697806425713152e-02
3.399999999999999911e+00 4.956465327484430028e-02 5.100953770431874978e-02 4.910021329612485746e-02 5.051358799724874060e-02
3.424999999999999822e+00 4.853002052147426665e-02 4.993539550769586499e-02 4.811124560282094287e-02 4.948608296676067914e-02
3.450000000000000622e+00 4.749192891857124954e-02 4.885863862534259305e-02 4.711837275366570488e-02 4.845547506145453376e-02
3.475000000000000533e+00 4.645146248771185593e-02 4.778033377506839957e-02 4.612261471809189078e-02 4.742277043988269575e-02
3.500000000000000000e+00 4.540969286262116350e-02 4.670153665321899461e-02 4.512498039718546711e-02 4.638896536070396398e-02
3.524999999999999911e+00 4.436767826266732606e-02 4.562328912613829862e-02 4.412646676036360155e-02 4.535504357438630701e-02
3.549999999999999822e+00 4.332646317855110701e-02 4.454661867109022122e-02 4.312805867786140973e-02 4.432197593985004458e-02
3.575000000000000622e+00 4.228707496227638446e-02 4.347253840513434775e-02 4.213072569805240142e-02 4.329072051710852742e-02
3.600000000000000089e+00 4.125051936115335660e-02 4.240204038298919093e-02 4.113541780145336946e-02 4.226221613908956454e-02
3.625000000000000000e+00 4.021778343572914027e-02 4.133609613114389014e-02 4.014306834341514751e-02 4.123738308964838145e-02
3.649999999999999911e+00 3.918983147438197256e-02 4.027565736555219905e-02 3.915459019751287711e-02 4.021712386831524655e-02
3.674999999999999822e+00 3.816759996391579091e-02 3.922164819385724754e-02 3.817087093829764355e-02 3.920231568736242539e-02
3.700000000000000622e+00 3.715200097415733566e-02 3.817496788774353556e-02 3.719277624416285344e-02 3.819381329546844839e-02
3.725000000000000089e+00 3.614391902680773316e-02 3.713648880307598293e-02 3.622114693579646383e-02 3.719244703940444846e-02
3.750000000000000000e+00 3.514420827316127455e-02 3.610705338115549612e-02 3.525679633161386828e-02 3.619902004761946235e-02
3.774999999999999911e+00 3.415369162328844854e-02 3.508747325136277184e-02 3.430050945717687955e-02 3.521430741718047791e-02
3.799999999999999822e+00 3.317316081692489593e-02 3.407852942188888123e-02 3.335304315492344795e-02 3.423905646545000875e-02
3.825000000000000178e+00 3.220337386257103585e-02 3.308096882077637274e-02 3.241512366766087505e-02 3.327398341505731494e-02
3.850000000000000089e+00 3.124505566592941999e-02 3.209550497694996923e-02 3.148744737808303190e-02 3.231977418598892815e-02
3.875000000000000000e+00 3.029889696232274457e-02 3.112281785770133063e-02 3.057067975258036599e-02 3.137708426033979092e-02
3.899999999999999911e+00 2.936555180355665540e-02 3.016355111714301776e-02 2.966545295870361837e-02 3.044653604344336670e-02
3.924999999999999822e+00 2.844563810215141458e-02 2.921831289148739755e-02 2.877236640314317917e-02 2.952871965494784437e-02
3.950000000000000178e+00 2.753973789254885590e-02 2.828767483847182893e-02 2.789198699705894985e-02 2.862419202917818040e-02
3.975000000000000089e+00 2.664839383839060633e-02 2.737217072548617583e-02 2.702484576961200827e-02 2.773347554105000390e-02
4.000000000000000000e+00 2.577211118685271765e-02 2.647229640442775450e-02 2.617143972301792798e-02 2.685705795342104366e-02
4.025000000000000355e+00 2.491135785137317191e-02 2.558851018066097063e-02 2.533223194629822053e-02 2.599539281176893590e-02
4.049999999999999822e+00 2.406656250023318788e-02 2.472123159474723733e-02 2.450764969953486694e-02 2.514889821427386193e-02
4.075000000000000178e+00 2.323811579663483118e-02 2.387084252158399103e-02 2.369808558751333380e-02 2.431795785263560217e-02
4.099999999999999645e+00 2.242636994848609330e-02 2.303768672429970868e-02 2.290389704813690364e-02 2.350292051213908467e-02
4.125000000000000000e+00 2.163163861627705881e-02 2.222206969462572901e-02 2.212540619885337498e-02 2.270409986391879603e-02
4.150000000000000355e+00 2.085419693474762498e-02 2.142425874802117436e-02 2.136289975990384934e-02 2.192177446544618311e-02
4.174999999999999822e+00 2.009428246364297621e-02 2.064448334268756055e-02 2.061662991087880037e-02 2.115618800682990755e-02
4.200000000000000178e+00 1.935209618569301224e-02 1.988293605119685961e-02 1.988681519025079295e-02 2.040755018750099042e-02
4.224999999999999645e+00 1.862780304639839735e-02 1.913977422194365965e-02 1.917364091364114759e-02 1.967603825355735900e-02
4.250000000000000000e+00 1.792153047821747752e-02 1.841511866971044797e-02 1.847725755724211050e-02 1.896179553880680477e-02
4.275000000000000355e+00 1.723337153329574170e-02 1.770905508980368664e-02 1.779778371245929053e-02 1.826493275058522006e-02
4.299999999999999822e+00 1.656338461216792096e-02 1.702163489450198020e-02 1.713530568915124994e-02 1.758552866781101787e-02
4.325000000000000178e+00 1.591159369761177209e-02 1.635287574617892703e-02 1.648987758839473572e-02 1.692363050511003220e-02
4.349999999999999645e+00 1.527799048199632824e-02 1.570276273765316977e-02 1.586152322584651400e-02 1.627925492241383970e-02
4.375000000000000000e+00 1.466253542015281269e-02 1.507124945787894320e-02 1.525023703715959640e-02 1.565238894384494636e-02
4.400000000000000355e+00 1.406515876942077657e-02 1.445826020310110420e-02 1.465598493043141631e-02 1.504299197319494512e-02
4.424999999999999822e+00 1.348576121302574350e-02 1.386368965733335464e-02 1.407870470238809651e-02 1.445099528273076014e-02
4.450000000000000178e+00 1.292421604839661710e-02 1.328740420310654466e-02 1.351830807012479284e-02 1.387630318079724999e-02
4.474999999999999645e+00 1.238037062763586160e-02 1.272924519326819846e-02 1.297468193545292699e-02 1.331879609571925277e-02
4.500000000000000000e+00 1.185404685201823724e-02 1.218902872236725561e-02 1.244768864956076644e-02 1.277833013233984315e-02
4.525000000000000355e+00 1.134504311049328723e-02 1.166654692347520068e-02 1.193716778379610120e-02 1.225473820553334842e-02
4.549999999999999822e+00 1.085313582333179323e-02 1.116157011796260930e-02 1.144293749813513235e-02 1.174783201221377311e-02
4.575000000000000178e+00 1.037808096224062879e-02 1.067384805765752599e-02 1.096479588061593374e-02 1.125740310000697235e-02
4.599999999999999645e+00 9.919615494206064643e-03 1.020311155005076964e-02 1.050252221590519675e-02 1.078322431960401957e-02
4.625000000000000000e+00 9.477458783304561207e-03 9.749073772986869418e-03 1.005587822025343948e-02 1.032505096997396801e-02
4.650000000000000355e+00 9.051314287564017277e-03 9.311431872405372123e-03 9.624609579308248189e-03 9.882622241540845245e-03
4.674999999999999822e+00 8.640871093398260969e-03 8.889868486618166324e-03 9.208447326277719933e-03 9.455662588240943897e-03
4.700000000000000178e+00 8.245805354020896080e-03 8.484053296754790960e-03 8.807109144326807915e-03 9.043883134873512489e-03
4.724999999999999645e+00 7.865781746785965173e-03 8.093644465984064368e-03 8.420300686261577433e-03 8.646982980606992414e-03
4.750000000000000000e+00 7.500454952794983685e-03 7.718289996446366097e-03 8.047716927090766900e-03 8.264650429254371752e-03
4.775000000000000355e+00 7.149471113974513979e-03 7.357629229004913202e-03 7.689043506040897126e-03 7.896564374841517214e-03
4.799999999999999822e+00 6.812469210537038140e-03 7.011294268626338567e-03 7.343957997432290323e-03 7.542395617356313121e-03
4.825000000000000178e+00 6.489082380779889574e-03 6.678911275460614437e-03 7.012131138865674608e-03 7.201808057367680566e-03
4.849999999999999645e+00 6.178939221050925440e-03 6.360101747821021202e-03 6.693228044736614438e-03 6.874459893068337463e-03
4.875000000000000000e+00 5.881665032747607907e-03 6.054483800835474584e-03 6.386909379517980052e-03 6.560004822694559534e-03
4.900000000000000355e+00 5.596882951532846512e-03 5.761673305534053928e-03 6.092832416526011013e-03 6.258093113175658244e-03
4.924999999999999822e+00 5.324215118647966649e-03 5.481285025842807732e-03 5.810652156999068611e-03 5.968372678317577888e-03
4.950000000000000178e+00 5.063283750155093445e-03 5.212933725865118335e-03 5.540022359806789747e-03 5.690490142911975094e-03
4.974999999999999645e+00 4.813712082895943954e-03 4.956235143149130377e-03 5.280596444350350166e-03 5.424091774720338904e-03
5.000000000000000000e+00 4.575125327063210047e-03 4.710806938083065762e-03 5.032028417128498431e-03 5.168824402014304473e-03
5.025000000000000355e+00 4.347151539502590659e-03 4.476269548291413741e-03 4.793973730477930732e-03 4.924336247936172105e-03
5.049999999999999822e+00 4.129422436486757976e-03 4.252247038842514940e-03 4.566090083371389732e-03 4.690277770066504127e-03
5.075000000000000178e+00 3.921574099894743239e-03 4.038367836937994775e-03 4.348038122444638012e-03 4.466302385911168592e-03
5.099999999999999645e+00 3.723247647383235402e-03 3.834265402005143479e-03 4.139482118571788556e-03 4.252067144824664413e-03
5.125000000000000000e+00 3.534089853795133358e-03 3.639578849707780783e-03 3.940090595025253287e-03 4.047233358964387635e-03
5.150000000000000355e+00 3.353753704542593653e-03 3.453953527565444947e-03 3.749536898269601858e-03 3.851467192213688887e-03
5.174999999999999822e+00 3.181898878780774556e-03 3.277041497530460475e-03 3.567499705517101789e-03 3.664440162208871914e-03
5.200000000000000178e+00 3.018192175743133424e-03 3.108502005725462605e-03 3.393663476402155460e-03 3.485829636703830468e-03
5.224999999999999645e+00 2.862307854368831023e-03 2.948001823084243998e-03 3.227718821567647327e-03 3.315319198436413733e-03
5.250000000000000000e+00 2.713927994324192520e-03 2.795215599003998512e-03 3.069362901263608407e-03 3.152599034898579539e-03
5.275000000000000355e+00 2.572742741776404447e-03 2.649826136580107124e-03 2.918299706610769963e-03 2.997366247665101541e-03
5.299999999999999822e+00 2.438450531367639552e-03 2.511524623608050837e-03 2.774240324425424325e-03 2.849325123727857161e-03
5.325000000000000178e+00 2.310758262586643397e-03 2.380010825634692670e-03 2.636903154932485147e-03 2.708187369233176073e-03
5.349999999999999645e+00 2.189381435804315171e-03 2.254993210051335975e-03 2.506014094843776480e-03 2.573672277340486887e-03
5.375000000000000000e+00 2.074044218334486923e-03 2.136189050121782302e-03 2.381306646410795251e-03 2.445506876925515344e-03
5.400000000000000355e+00 1.964479520584891913e-03 2.023324477152451187e-03 2.262522041958770110e-03 2.323426029566725767e-03
5.424999999999999822e+00 1.860429020637817659e-03 1.916134544499892116e-03 2.149409318329130545e-03 2.207172543992677160e-03
5.450000000000000178e+00 1.761643116281652079e-03 1.814363176113140391e-03 2.041725314719951799e-03 2.096497168149435899e-03
5.474999999999999645e+00 1.667880912916897950e-03 1.717763146075037672e-03 1.939234711028358336e-03 1.991158619137269048e-03
5.500000000000000000e+00 1.578910146586992537e-03 1.626096027615428225e-03 1.841709996774224109e-03 1.890923579171743850e-03
5.525000000000000355e+00 1.494507096074196295e-03 1.539132086293847415e-03 1.748931433916964652e-03 1.795566635405430704e-03
5.549999999999999822e+00 1.414456464619729108e-03 1.456650181922393254e-03 1.660686984232171001e-03 1.704870230476055598e-03
5.575000000000000178e+00 1.338551250936521235e-03 1.378437646600693496e-03 1.576772225140004018e-03 1.618624585366894211e-03
5.599999999999999645e+00 1.266592599830438119e-03 1.304290125491906196e-03 1.496990247196546128e-03 1.536627584524174984e-03
5.625000000000000000e+00 1.198389642449840080e-03 1.234011416626171632e-03 1.421151537764678329e-03 1.458684660418955656e-03
5.650000000000000355e+00 1.133759319096179410e-03 1.167413304982302391e-03 1.349073845892541238e-03 1.384608670482202807e-03
5.674999999999999822e+00 1.072526193544314334e-03 1.104315370980061585e-03 1.280582037896053861e-03 1.314219746136292008e-03
5.700000000000000178e+00 1.014522261484355342e-03 1.044544796604132382e-03 1.215507946814737726e-03 1.247345139512602607e-03
5.724999999999999645e+00 9.595867479025642181e-04 9.879361689520353273e-04 1.153690207264845878e-03 1.183819066370158301e-03
5.750000000000000000e+00 9.075658958891267072e-04 9.343312642070161246e-04 1.094974078714660952e-03 1.123482524958834515e-03
5.775000000000000355e+00 8.583127562844060495e-04 8.835788347529436237e-04 1.039211271281221399e-03 1.066183118408231848e-03
5.799999999999999822e+00 8.116869747159945973e-04 8.355343880892558001e-04 9.862597668123030716e-04 1.011774867499811142e-03
5.825000000000000178e+00 7.675545785100614058e-04 7.900599810120852249e-04 9.359836367476346945e-04 9.601180385320806686e-04
5.849999999999999645e+00 7.257877538873297148e-04 7.470239901969516483e-04 8.882528476955185628e-04 9.110789417953643046e-04
5.875000000000000000e+00 6.862646337224682881e-04 7.063008933079832326e-04 8.429430792602115360e-04 8.645297423148877837e-04
5.900000000000000355e+00 6.488690784847688658e-04 6.677710525036559914e-04 7.999355305557983957e-04 8.203482706068240989e-04
5.924999999999999822e+00 6.134904640376581892e-04 6.313204924776861203e-04 7.591167330829899293e-04 7.784178256797487459e-04
5.950000000000000178e+00 5.800234704505984398e-04 5.968406895703081468e-04 7.203783625504171307e-04 7.386269883298871540e-04
5.974999999999999645e+00 5.483678729198090442e-04 5.642283569857141617e-04 6.836170522192379102e-04 7.008694284397784611e-04
6.000000000000000000e+00 5.184283376371588226e-04 5.333852365329960332e-04 6.487342088932155368e-04 6.650437179806054522e-04
6.025000000000000355e+00 4.901142206832262947e-04 5.042178941680336163e-04 6.156358302749312828e-04 6.310531456167456756e-04
6.049999999999999822e+00 4.633393712770505026e-04 4.766375182639177540e-04 5.842323264269379561e-04 5.988055330877104735e-04
6.075000000000000178e+00 4.380219412028118413e-04 4.505597243234524068e-04 5.544383452052956433e-04 5.682130568768246773e-04
6.099999999999999645e+00 4.140841979653480547e-04 4.259043648012378358e-04 5.261726001543557806e-04 5.391920733816159663e-04
6.125000000000000000e+00 3.914523430351208493e-04 4.025953422967127877e-04 4.993577029850502407e-04 5.116629462550626633e-04
6.150000000000000355e+00 3.700563365823060892e-04 3.805604299791701638e-04 4.739200008104418990e-04 4.855498802693014571e-04
6.174999999999999822e+00 3.498297263133865105e-04 3.597310966417928369e-04 4.497894164133578693e-04 4.607807580749760461e-04
6.200000000000000178e+00 3.307094830697321049e-04 3.400423373182358245e-04 4.268992947900596656e-04 4.372869820407123678e-04
6.224999999999999645e+00 3.126358417363943624e-04 3.214325104852381958e-04 4.051862530706854264e-04 4.150033213164432849e-04
6.250000000000000000e+00 2.955521471747812380e-04 3.038431800329495242e-04 3.845900355328025328e-04 3.938677627919509702e-04
6.275000000000000355e+00 2.794047061112018139e-04 2.872189627884362160e-04 3.650533734963976582e-04 3.738213669884690575e-04
6.299999999999999822e+00 2.641426449791503084e-04 2.715073825534191059e-04 3.465218498164066149e-04 3.548081295140912057e-04
6.325000000000000178e+00 2.497177729410532789e-04 2.566587292263611481e-04 3.289437680682564548e-04 3.367748464932423884e-04
6.349999999999999645e+00 2.360844502834953977e-04 2.426259234341092918e-04 3.122700269105009715e-04 3.196709852165334443e-04
6.375000000000000000e+00 2.231994626761694197e-04 2.293643871996439243e-04 2.964539990364676637e-04 3.034485601275302403e-04
6.400000000000000355e+00 2.110219001078688663e-04 2.168319194784854411e-04 2.814514146456076164e-04 2.880620128939352762e-04
6.424999999999999822e+00 1.995130409910086413e-04 2.049885767886638649e-04 2.672202491379084706e-04 2.734680971358545540e-04
6.450000000000000178e+00 1.886362417524209802e-04 1.937965594082262160e-04 2.537206158129358857e-04 2.596257679104143831e-04
6.474999999999999645e+00 1.783568309277515026e-04 1.832201022526829621e-04 2.409146629064525815e-04 2.464960756595752501e-04
6.500000000000000000e+00 1.686420080827855962e-04 1.732253709163688769e-04 2.287664747226047168e-04 2.340420647397200747e-04
6.525000000000000355e+00 1.594607473121159656e-04 1.637803621638048125e-04 2.172419771508600256e-04 2.222286760956457372e-04
6.549999999999999822e+00 1.507837053794924018e-04 1.548548091266342425e-04 2.063088471548261786e-04 2.110226540755048309e-04
6.575000000000000178e+00 1.425831338152311670e-04 1.464200908152916991e-04 1.959364262588955739e-04 2.003924573444763380e-04
6.599999999999999645e+00 1.348327955004680013e-04 1.384491459460950415e-04 1.860956378916710978e-04 1.903081737658028616e-04
6.625000000000000000e+00 1.275078850169236082e-04 1.309163910238179171e-04 1.767589082222614533e-04 1.807414391579638695e-04
6.650000000000000355e+00 1.205849529242240359e-04 1.237976420159713994e-04 1.679000909186854646e-04 1.716653593908361189e-04
6.674999999999999822e+00 1.140418338808338241e-04 1.170700401706802610e-04 1.594943953277435105e-04 1.630544365251913614e-04
6.700000000000000178e+00 1.078575781106435927e-04 1.107119815125636662e-04 1.515183177008383290e-04 1.548844982208500364e-04
6.724999999999999645e+00 1.020123863696464802e-04 1.047030495525603686e-04 1.439495760212578055e-04 1.471326302550196282e-04
6.750000000000000888e+00 9.648754816590440504e-05 9.902395158708925430e-05 1.367670477183585481e-04 1.397771124969113634e-04
6.775000000000001243e+00 9.126538309937905756e-05 9.365645813701335123e-05 1.299507103173347508e-04 1.327973577807555524e-04
6.799999999999999822e+00 8.632918527624084835e-05 8.858334547121707900e-05 1.234815851407792739e-04 1.261738537173280996e-04
6.825000000000001066e+00 8.166317047988767396e-05 8.378834123261653586e-05 1.173416836386465066e-04 1.198881075985516249e-04
6.849999999999999645e+00 7.725242601189004235e-05 7.925607259722112347e-05 1.115139561322143108e-04 1.139225935545236580e-04
6.875000000000000000e+00 7.308286329723713928e-05 7.497201725648425946e-05 1.059822434244697253e-04 1.082607025266471909e-04
6.900000000000001243e+00 6.914117288347157084e-05 7.092245699714425187e-05 1.007312306494035698e-04 1.028866947768176384e-04
6.924999999999999822e+00 6.541478182566867966e-05 6.709443369604795168e-05 9.574640346911212523e-05 9.778565473105244130e-05
6.950000000000001066e+00 6.189181329608441702e-05 6.347570762388139080e-05 9.101400635064861046e-05 9.294344804422167235e-05
6.974999999999999645e+00 5.856146597944615460e-05 6.005430029698105273e-05 8.652221228099594584e-05 8.834547158664412007e-05
7.000000000000000000e+00 5.541181467352981703e-05 5.681965273121146064e-05 8.225698885312226290e-05 8.398231564677863584e-05
7.025000000000001243e+00 5.243385103558290426e-05 5.376160293853992489e-05 7.820707303043946204e-05 7.983985253587008463e-05
7.049999999999999822e+00 4.961810793421305880e-05 5.087039745342180377e-05 7.436136415091207646e-05 7.590668049492588589e-05
7.075000000000001066e+00 4.695564405075462267e-05 4.813682531195239334e-05 7.070934276602803452e-05 7.217199587237764264e-05
7.099999999999999645e+00 4.443801470886061172e-05 4.555218795116458091e-05 6.724104008881627483e-05 6.862556168579267261e-05
7.125000000000000000e+00 4.205724429314398281e-05 4.310827070541536058e-05 6.394700897075888523e-05 6.525767768780405573e-05
7.150000000000001243e+00 3.980580018148128564e-05 4.079731588648729900e-05 6.081829645612142382e-05 6.205915208061753210e-05
7.174999999999999822e+00 3.767656810368101729e-05 3.861199733093155165e-05 5.784641767237629393e-05 5.902127463061373114e-05
7.200000000000000178e+00 3.566282885370372819e-05 3.654539634615840452e-05 5.502333117197734494e-05 5.613579122728115320e-05
7.224999999999999645e+00 3.375823628832009133e-05 3.459097899040275474e-05 5.234141552671856917e-05 5.339487977252044336e-05
7.250000000000000000e+00 3.195679653416045842e-05 3.274257459985804310e-05 4.979344716734639381e-05 5.079112734571269202e-05
7.275000000000001243e+00 3.025284834832944912e-05 3.099435550437860216e-05 4.737257936715421383e-05 4.831750854856958007e-05
7.299999999999999822e+00 2.864104456781234724e-05 2.934081787305985926e-05 4.507232236751193479e-05 4.596736502288465570e-05
7.325000000000000178e+00 2.711633458332752782e-05 2.777676361773318686e-05 4.288652446747819079e-05 4.373438600807479993e-05
7.349999999999999645e+00 2.567394779367306677e-05 2.629728330558252117e-05 4.080935421404399601e-05 4.161258993883184908e-05
7.375000000000000000e+00 2.430937797545027929e-05 2.489774002680841312e-05 3.883528351755047747e-05 3.959630706734297312e-05
7.400000000000001243e+00 2.301836852240354394e-05 2.357375415363924259e-05 3.695907160006352770e-05 3.768016295340351576e-05
7.424999999999999822e+00 2.179689851147496933e-05 2.232118895589233027e-05 3.517574982899383909e-05 3.585906284017252214e-05
7.450000000000000178e+00 2.064116954276989672e-05 2.113613701760907332e-05 3.348060735209535863e-05 3.412817685428053111e-05
7.474999999999999645e+00 1.954759332128629170e-05 2.001490741712252640e-05 3.186917753275590065e-05 3.248292602275442011e-05
7.500000000000000000e+00 1.851277992519906115e-05 1.895401362145544992e-05 3.033722504755374414e-05 3.091896901618756716e-05
7.525000000000000355e+00 1.753352673365200554e-05 1.795016206010009358e-05 2.888073368149575990e-05 2.943218958340053821e-05
7.549999999999999822e+00 1.660680797607962713e-05 1.700024133890422389e-05 2.749589481045005068e-05 2.801868467218261884e-05
7.575000000000000178e+00 1.572976486631962108e-05 1.610131205963012064e-05 2.617909647062163314e-05 2.667475319229938846e-05
7.599999999999999645e+00 1.489969628767625800e-05 1.525059721214363115e-05 2.492691300663468274e-05 2.539688536283188540e-05
7.625000000000000000e+00 1.411405000169405657e-05 1.444547310346582700e-05 2.373609527173119605e-05 2.418175263308122865e-05
7.650000000000000355e+00 1.337041434944070805e-05 1.368346079692242484e-05 2.260356133373102005e-05 2.302619812210011892e-05
7.674999999999999822e+00 1.266651041770609574e-05 1.296221803317943784e-05 2.152638772876909131e-05 2.192722759589411881e-05
7.700000000000000178e+00 1.200018464587235838e-05 1.227953160428398198e-05 2.050180112973263026e-05 2.088200092255603551e-05
7.724999999999999645e+00 1.136940184773299899e-05 1.163331015677784652e-05 1.952717046596160253e-05 1.988782396123372982e-05
7.750000000000000000e+00 1.077223862446947086e-05 1.102157739998479728e-05 1.859999947834900110e-05 1.894214090199146933e-05
7.775000000000000355e+00 1.020687714649051038e-05 1.044246569537764555e-05 1.771791966918735554e-05 1.804252700998444422e-05
7.799999999999999822e+00 9.671599284566035926e-06 9.894210005275673483e-06 1.687868361550414663e-05 1.718668176267334189e-05
7.825000000000000178e+00 9.164781071248195431e-06 9.375142182891566710e-06 1.608015863748044598e-05 1.637242233351428935e-05
7.849999999999999645e+00 8.684887472106210239e-06 8.883685583420019148e-06 1.532032082955406092e-05 1.559767745024771046e-05
7.875000000000000000e+00 8.230467450326257287e-06 8.418349977273044315e-06 1.459724936324066768e-05 1.486048155682656002e-05
7.900000000000000355e+00 7.800149307883092308e-06 7.977726748874350518e-06 1.390912112492784362e-05 1.415896929020070919e-05
7.924999999999999822e+00 7.392636288359464355e-06 7.560484365155573489e-06 1.325420563834660207e-05 1.349137025849129479e-05
7.950000000000000178e+00 7.006702426243785704e-06 7.165364099197129488e-06 1.263086024303786612e-05 1.285600409717927300e-05
7.974999999999999645e+00 6.641188628318994175e-06 6.791175993396303778e-06 1.203752553132441607e-05 1.225127577688993953e-05
8.000000000000000000e+00 6.294998974661066610e-06 6.436795048674716558e-06 1.147272104149396914e-05 1.167567117446391795e-05
8.025000000000000355e+00 5.967097226828898718e-06 6.101157628093676079e-06 1.093504115605676574e-05 1.112775286978013135e-05
8.050000000000000711e+00 5.656503531089286767e-06 5.783258061485557805e-06 1.042315123213796273e-05 1.060615616571645298e-05
8.074999999999999289e+00 5.362291306339925236e-06 5.482145440230598024e-06 9.935783927229319400e-06 1.010958531943235140e-05
8.099999999999999645e+00 5.083584306064228337e-06 5.196920592263300517e-06 9.471735724506248594e-06 9.636809971659744288e-06
8.125000000000000000e+00 4.819553844078478716e-06 4.926733225766929376e-06 9.029863646680820716e-06 9.186661770717475536e-06
8.150000000000000355e+00 4.569416175401493351e-06 4.670779232704358161e-06 8.609082135667223492e-06 8.758031172497691828e-06
8.175000000000000711e+00 4.332430023312368362e-06 4.428298143053213318e-06 8.208360094316755938e-06 8.349864406594109903e-06
8.199999999999999289e+00 4.107894244463517567e-06 4.198570721767723462e-06 7.826718088356520754e-06 7.961160601996093616e-06
8.224999999999999645e+00 3.895145623768189631e-06 3.980916699494946747e-06 7.463225695700675502e-06 7.590969067983413254e-06
8.250000000000000000e+00 3.693556792305312660e-06 3.774692629770306891e-06 7.116998992122160309e-06 7.238386714267015170e-06
8.275000000000000355e+00 3.502534261158014429e-06 3.579289866022873762e-06 6.787198172608665740e-06 6.902555610571449408e-06
8.300000000000000711e+00 3.321516564545818538e-06 3.394132651140141814e-06 6.473025290552283853e-06 6.582660670129310954e-06
8.324999999999999289e+00 3.149972506206851713e-06 3.218676313475330471e-06 6.173722121230983298e-06 6.277927456204115595e-06
8.349999999999999645e+00 2.987399503177796001e-06 3.052405563193152046e-06 5.888568137996937211e-06 5.987620105220204473e-06
8.375000000000000000e+00 2.833322021538704260e-06 2.894832883424952794e-06 5.616878592566932508e-06 5.711039359898161744e-06
8.400000000000000355e+00 2.687290098851359971e-06 2.745497010708208238e-06 5.358002687772773881e-06 5.447520699912094137e-06
8.425000000000000711e+00 2.548877948553528314e-06 2.603961499867685056e-06 5.111321856128132542e-06 5.196432571435890368e-06
8.449999999999999289e+00 2.417682641621131569e-06 2.469813368488185163e-06 4.876248127290736212e-06 4.957174714567967056e-06
8.474999999999999645e+00 2.293322861170483115e-06 2.342661816533554111e-06 4.652222573273258487e-06 4.729176572816249764e-06
8.500000000000000000e+00 2.175437725921994843e-06 2.222137016872373096e-06 4.438713837081165730e-06 4.511895785150462074e-06
8.525000000000000355e+00 2.063685678699702754e-06 2.107888972746781080e-06 4.235216740825914585e-06 4.304816757022608545e-06
8.550000000000000711e+00 1.957743436260057673e-06 1.999586438438181602e-06 4.041250965438408649e-06 4.107449308988715706e-06
8.574999999999999289e+00 1.857304997058363544e-06 1.896915899557576982e-06 3.856359791161762520e-06 3.919327389642822663e-06
8.599999999999999645e+00 1.762080703682868243e-06 1.799580609619791753e-06 3.680108914732878814e-06 3.740007858356842807e-06
8.625000000000000000e+00 1.671796356946209009e-06 1.707299679769229949e-06 3.512085321669650503e-06 3.569069333569779038e-06
8.650000000000000355e+00 1.586192378712545544e-06 1.619807218683267879e-06 3.351896214054165714e-06 3.406111095550734893e-06
8.675000000000000711e+00 1.505023020747385936e-06 1.536851519839547775e-06 3.199167998288606958e-06 3.250752048479276209e-06
8.699999999999999289e+00 1.428055617027499745e-06 1.458194293499397939e-06 3.053545320612810272e-06 3.102629734522353596e-06
8.724999999999999645e+00 1.355069877071349450e-06 1.383609940892523309e-06 2.914690156465526018e-06 2.961399399558600201e-06
8.750000000000000000e+00 1.285857218033214989e-06 1.312884868286438502e-06 2.782280946190656681e-06 2.826733108543669585e-06
8.775000000000000355e+00 1.220220133393785680e-06 1.245816838702234451e-06 2.656011770358411179e-06 2.698318904229047059e-06
8.800000000000000711e+00 1.157971596197848743e-06 1.182214359154984774e-06 2.535591570106988348e-06 2.575860007481523047e-06
8.824999999999999289e+00 1.098934494933886386e-06 1.121896101470709072e-06 2.420743411137885524e-06 2.459074062497771644e-06
8.849999999999999645e+00 1.042941100242121629e-06 1.064690354814162881e-06 2.311203778456939060e-06 2.347692418595407633e-06
8.875000000000000000e+00 9.898325607354354950e-07 1.010434508139222911e-06 2.206721909155819486e-06 2.241459446602397666e-06
8.900000000000000355e+00 9.394584263262523461e-07 9.589745609178566423e-07 2.107059163124097424e-06 2.140131893122811755e-06
8.925000000000000711e+00 8.916761975347028059e-07 9.101646605936156268e-07 2.011988422261918362e-06 2.043478267733908777e-06
8.949999999999999289e+00 8.463508993274680564e-07 8.638666652418866608e-07 1.921293519706316238e-06 1.951278259516029277e-06
8.974999999999999645e+00 8.033546781491808516e-07 8.199497300606253841e-07 1.834768698410151299e-06 1.863322183503371897e-06
9.000000000000000000e+00 7.625664208639973915e-07 7.782899163860745231e-07 1.752218098649445928e-06 1.779410455432841863e-06
9.025000000000000355e+00 7.238713943852010015e-07 7.387698219757399507e-07 1.673455270776580663e-06 1.699353094389944833e-06
9.050000000000000711e+00 6.871609048561093459e-07 7.012782313661053006e-07 1.598302711596978021e-06 1.622969248775180207e-06
9.074999999999999289e+00 6.523319753197279745e-07 6.657097852291993444e-07 1.526591425672026035e-06 1.550086747757053998e-06
9.099999999999999645e+00 6.192870408404752626e-07 6.319646676686370000e-07 1.458160506331341460e-06 1.480541673733629558e-06
9.125000000000000000e+00 5.879336601227719595e-07 5.999483104533492713e-07 1.392856740754768639e-06 1.414177957560289983e-06
9.150000000000000355e+00 5.581842427255147634e-07 5.695711132667802777e-07 1.330534232391335670e-06 1.350846993826258776e-06
9.175000000000000711e+00 5.299557910169749047e-07 5.407481790994170313e-07 1.271054043322372525e-06 1.290407274909674300e-06
9.199999999999999289e+00 5.031696560540977126e-07 5.133990639426130124e-07 1.214283855448172279e-06 1.232724044427916858e-06
9.224999999999999645e+00 4.777513066283650119e-07 4.874475399961922269e-07 1.160097646854237018e-06 1.177668967495647412e-06
9.250000000000000000e+00 4.536301107572840310e-07 4.628213716590916968e-07 1.108375385283185578e-06 1.125119817104320184e-06
9.275000000000000355e+00 4.307391289380792658e-07 4.394521035944326740e-07 1.059002737044306833e-06 1.074960176880401428e-06
9.300000000000000711e+00 4.090149185225342352e-07 4.172748602093588350e-07 1.011870789853492445e-06 1.027079158117164429e-06
9.324999999999999289e+00 3.883973486038898886e-07 3.962281559291752636e-07 9.668757906368549175e-07 9.813711315667997519e-07
9.349999999999999645e+00 3.688294248435748058e-07 3.762537156658085282e-07 9.239188944420673312e-07 9.377354720582995479e-07
9.375000000000000000e+00 3.502571237007002306e-07 3.572963049404195899e-07 8.829059268301524817e-07 8.960763152737525129e-07
9.400000000000000355e+00 3.326292355422685463e-07 3.393035691224378750e-07 8.437471593830823360e-07 8.563023279898372316e-07
9.425000000000000711e+00 3.158972161577143872e-07 3.222258812855733281e-07 8.063570938859916109e-07 8.183264889622146199e-07
9.449999999999999289e+00 3.000150462203654530e-07 3.060161982210437385e-07 7.706542584091655877e-07 7.820658801070925970e-07
9.474999999999999645e+00 2.849390982619380232e-07 2.906299241576512988e-07 7.365610139987252136e-07 7.474414890823631309e-07
9.500000000000000000e+00 2.706280107543133489e-07 2.760247817724008591e-07 7.040033700279384286e-07 7.143780210677126505e-07
9.525000000000000355e+00 2.570425689122732534e-07 2.621606900950433183e-07 6.729108087792718744e-07 6.828037199370580348e-07
9.550000000000000711e+00 2.441455918534275364e-07 2.489996489326424215e-07 6.432161185734785336e-07 6.526501978172170542e-07
9.574999999999999289e+00 2.319018257711144510e-07 2.365056294610743293e-07 6.148552359778567239e-07 6.238522738248535527e-07
9.599999999999999645e+00 2.202778427954334651e-07 2.246444706491718417e-07 5.877670942117487822e-07 5.963478200929685856e-07
9.625000000000000000e+00 2.092419452346027163e-07 2.133837811999138573e-07 5.618934802552073561e-07 5.700776153639204638e-07
9.650000000000000355e+00 1.987640749067332283e-07 2.026928467106326355e-07 5.371788989140669455e-07 5.449852064062540337e-07
9.675000000000000711e+00 1.888157272873999768e-07 1.925425417703673946e-07 5.135704426804152941e-07 5.210167756286914021e-07
9.699999999999999289e+00 1.793698702132530670e-07 1.829052467280747680e-07 4.910176686189867664e-07 4.981210152618414344e-07
9.724999999999999645e+00 1.704008668963612165e-07 1.737547688793456812e-07 4.694724807814516637e-07 4.762490076873737391e-07
9.750000000000000000e+00 1.618844030177422449e-07 1.650662678341392194e-07 4.488890188729458319e-07 4.553541115665656688e-07
9.775000000000000355e+00 1.537974176806169280e-07 1.568161848402923900e-07 4.292235521574719965e-07 4.353918538671161859e-07
9.800000000000000711e+00 1.461180380161941226e-07 1.489821758502371172e-07 4.104343782747029517e-07 4.163198266797907544e-07
9.824999999999999289e+00 1.388255172460213780e-07 1.415430481296810893e-07 3.924817273417497851e-07 3.980975894334772506e-07
9.849999999999999645e+00 1.319001760156694872e-07 1.344787002181697928e-07 3.753276701531955749e-07 3.806865754549033519e-07
9.875000000000000000e+00 1.253233468243235715e-07 1.277700650619999889e-07 3.589360313558459647e-07 3.640500033170081074e-07
9.900000000000000355e+00 1.190773213849490795e-07 1.213990561490584281e-07 3.432723065253019115e-07 3.481527923716585431e-07
9.925000000000000711e+00 1.131453007580784352e-07 1.153485164852099072e-07 3.283035835846728784e-07 3.329614825468092801e-07
9.949999999999999289e+00 1.075113481109977062e-07 1.096021702601424518e-07 3.139984677276384424e-07 3.184441579467777766e-07
9.974999999999999645e+00 1.021603439624959620e-07 1.041445770588130160e-07 3.003270098804677128e-07 3.045703740383767471e-07
1.000000000000000000e+01 9.707794378028063237e-08 9.896108848277619246e-08 2.872606387440390655e-07 2.913110883022147997e-07
1.002500000000000036e+01 9.225053780578417449e-08 9.403780705253574890e-08 2.747720961585467779e-07 2.786385943911815674e-07
1.005000000000000071e+01 8.766521298785941347e-08 8.936154726941105884e-08 2.628353754273110699e-07 2.665264593144878861e-07
1.007499999999999929e+01 8.330971691320305357e-08 8.491979872208750485e-08 2.514256628669804763e-07 2.549494637958181067e-07
1.009999999999999964e+01 7.917242362715195729e-08 8.070069112883676183e-08 2.405192818171110566e-07 2.438835454005124675e-07
1.012500000000000000e+01 7.524230124455683454e-08 7.669296121239499522e-08 2.300936393654080113e-07 2.333057442606734723e-07
1.015000000000000036e+01 7.150888125579129792e-08 7.288592131030609938e-08 2.201271758834988233e-07 2.231941515343351426e-07
1.017500000000000071e+01 6.796222943781566717e-08 6.926942962839426596e-08 2.105993168097801208e-07 2.135278603922255145e-07
1.019999999999999929e+01 6.459291828553230026e-08 6.583386205040439764e-08 2.014904266965222035e-07 2.042869192103660642e-07
1.022499999999999964e+01 6.139200088268208718e-08 6.257008542119236187e-08 1.927817655474234243e-07 1.954522870969747682e-07
1.025000000000000000e+01 5.835098613618660546e-08 5.946943222533990727e-08 1.844554470286944321e-07 1.870057914177594918e-07
1.027500000000000036e+01 5.546181530197238862e-08 5.652367658756219790e-08 1.764943989308640957e-07 1.789300874129839625e-07
1.030000000000000071e+01 5.271683973398353593e-08 5.372501152489488894e-08 1.688823253902856811e-07 1.712086198003136827e-07
1.032499999999999929e+01 5.010879979178552869e-08 5.106602738446142636e-08 1.616036707756074926e-07 1.638255860628072890e-07
1.034999999999999964e+01 4.763080484571810913e-08 4.853969140433419557e-08 1.546435855080671386e-07 1.567659015472058367e-07
1.037500000000000000e+01 4.527631432171088431e-08 4.613932833814619911e-08 1.479878933947708459e-07 1.500151662705796758e-07
1.040000000000000036e+01 4.303911973107369408e-08 4.385860208741824844e-08 1.416230604099341709e-07 1.435596331820819761e-07
1.042500000000000071e+01 4.091332763341105150e-08 4.169149828858184789e-08 1.355361650737908830e-07 1.373861779659417257e-07
1.044999999999999929e+01 3.889334348356053135e-08 3.963230780434522208e-08 1.297148701954686538e-07 1.314822702908927258e-07
1.047499999999999964e+01 3.697385631618007259e-08 3.767561107187574613e-08 1.241473959397794915e-07 1.258359464064738054e-07
1.050000000000000000e+01 3.514982422396305240e-08 3.581626326285088272e-08 1.188224942165759175e-07 1.204357830463041025e-07
1.052500000000000036e+01 3.341646058781381392e-08 3.404938021255760238e-08 1.137294242403867874e-07 1.152708725873829904e-07
1.055000000000000071e+01 3.176922101968687121e-08 3.237032507789944208e-08 1.088579290917189261e-07 1.103307992740316715e-07
1.057499999999999929e+01 3.020379098061986620e-08 3.077469568595408267e-08 1.041982135688049210e-07 1.056056165797550057e-07
1.059999999999999964e+01 2.871607403871048858e-08 2.925831253690890319e-08 9.974092309224616763e-08 1.010858257494019013e-07
1.062500000000000000e+01 2.730218073353735792e-08 2.781720742719190511e-08 9.547712338405625073e-08 9.676235522386296679e-08
1.065000000000000036e+01 2.595841801532030226e-08 2.644761266027221614e-08 9.139828128748496338e-08 9.262654103248670672e-08
1.067500000000000071e+01 2.468127922880535461e-08 2.514595081443000019e-08 8.749624649348077016e-08 8.867010820952741069e-08
1.069999999999999929e+01 2.346743461344936834e-08 2.390882503840231292e-08 8.376323393012709629e-08 8.488515296879465231e-08
1.072499999999999964e+01 2.231372229297674656e-08 2.273300984735050722e-08 8.019180715401434217e-08 8.126412571872096436e-08
1.075000000000000000e+01 2.121713972879491535e-08 2.161544239303610611e-08 7.677486246370960305e-08 7.779981494591547635e-08
1.077500000000000036e+01 2.017483561311817217e-08 2.055321418349125599e-08 7.350561371067049839e-08 7.448533176297338887e-08
1.080000000000000071e+01 1.918410217891303975e-08 1.954356322877066774e-08 7.037757788462225521e-08 7.131409524520424565e-08
1.082499999999999929e+01 1.824236790498458903e-08 1.858386659059673323e-08 6.738456126084862675e-08 6.827981837364359871e-08
1.084999999999999964e+01 1.734719059566949208e-08 1.767163331489421569e-08 6.452064632612390951e-08 6.537649468875926375e-08
1.087500000000000000e+01 1.649625081567395904e-08 1.680449772730240732e-08 6.178017919164937237e-08 6.259838554582211132e-08
1.090000000000000036e+01 1.568734566163348661e-08 1.598021307281345343e-08 5.915775766952954144e-08 5.994000794518327876e-08
1.092500000000000071e+01 1.491838285292282823e-08 1.519664548167431796e-08 5.664821988255971177e-08 5.739612297572674499e-08
1.094999999999999929e+01 1.418737512516787048e-08 1.445176824461978970e-08 5.424663334110606543e-08 5.496172472369499496e-08
1.097499999999999964e+01 1.349243491078416604e-08 1.374365638140397911e-08 5.194828458980016599e-08 5.263202973165003022e-08
1.100000000000000000e+01 1.283176929168094327e-08 1.307048148743313815e-08 4.974866931900036493e-08 5.040246693557604740e-08
1.102500000000000036e+01 1.220367521005601352e-08 1.243050684410354531e-08 4.764348294347219447e-08 4.826866809807007717e-08
1.105000000000000071e+01 1.160653492393661668e-08 1.182208277920006853e-08 4.562861152583922782e-08 4.622645861688189976e-08
1.107499999999999929e+01 1.103881169482269969e-08 1.124364226442570786e-08 4.370012324512779168e-08 4.427184879289380957e-08
1.109999999999999964e+01 1.049904569544950401e-08 1.069369673780856524e-08 4.185426020046140697e-08 4.240102553195358025e-08
1.112500000000000000e+01 9.985850126313226815e-09 1.017083213937450519e-08 4.008743053365415439e-08 4.061034436169517988e-08
1.115000000000000036e+01 9.497907530195639682e-09 9.673705149081815241e-09 3.839620099830843853e-08 3.889632184240160215e-08
1.117500000000000071e+01 9.033966294484185181e-09 9.201039616585179917e-09 3.677728985432104556e-08 3.725562835078687644e-08
1.119999999999999929e+01 8.592837331617252425e-09 8.751623172943385596e-09 3.522756004789297816e-08 3.568508117120666774e-08
1.122499999999999964e+01 8.173390928487986473e-09 8.324304014899097703e-09 3.374401272307916960e-08 3.418163789121147400e-08
1.125000000000000000e+01 7.774553756116726994e-09 7.917987852849586349e-09 3.232378105415868294e-08 3.274239012521383810e-08
1.127500000000000036e+01 7.395306031353947911e-09 7.531635014087020162e-09 3.096412431841435411e-08 3.136455751173636230e-08
1.130000000000000071e+01 7.034678822805459630e-09 7.164257693327315898e-09 2.966242224263912912e-08 3.004548196856190579e-08
1.132499999999999929e+01 6.691751493573016577e-09 6.814917342958385421e-09 2.841616964083536800e-08 2.878262222720113537e-08
1.134999999999999964e+01 6.365649273794146041e-09 6.482722195836150644e-09 2.722297127572679266e-08 2.757354862451935487e-08
1.137500000000000000e+01 6.055540956324996695e-09 6.166824913826152217e-09 2.608053694982216034e-08 2.641593811425517231e-08
1.140000000000000036e+01 5.760636709255490401e-09 5.866420355642968444e-09 2.498667682940438502e-08 2.530756951752467902e-08
1.142500000000000071e+01 5.480185999273085094e-09 5.580743457872209820e-09 2.393929696916735770e-08 2.424631897760590799e-08
1.144999999999999929e+01 5.213475620203048854e-09 5.309067223378769938e-09 2.293639505317353673e-08 2.323015563213725078e-08
1.147499999999999964e+01 4.959827821344162325e-09 5.050700811604779638e-09 2.197605630424341417e-08 2.225713746745614502e-08
1.150000000000000000e+01 4.718598530498754845e-09 4.804987725543655015e-09 2.105644961034693209e-08 2.132540736931483343e-08
1.152500000000000036e+01 4.489175666858650874e-09 4.571304090448730949e-09 2.017582380931556402e-08 2.043318935919968609e-08
1.155000000000000071e+01 4.270977539158564865e-09 4.349057019587638299e-09 1.933250414144145840e-08 1.957878498876596790e-08
1.157499999999999929e+01 4.063451324746073825e-09 4.137683062597896484e-09 1.852488885744710433e-08 1.876056990286784040e-08
1.159999999999999964e+01 3.866071625440754680e-09 3.936646732228082282e-09 1.775144598961589007e-08 1.797699054861228763e-08
1.162500000000000000e+01 3.678339096268465069e-09 3.745439105465634739e-09 1.701071027276386194e-08 1.722656105485096683e-08
1.165000000000000036e+01 3.499779143357980208e-09 3.563576495260011003e-09 1.630128017577797271e-08 1.650786022370418701e-08
1.167500000000000071e+01 3.329940687478069573e-09 3.390599189242813515e-09 1.562181510493324047e-08 1.581952867908203071e-08
1.169999999999999929e+01 3.168394989875410215e-09 3.226070252034476239e-09 1.497103270007564834e-08 1.516026613304349499e-08
1.172499999999999964e+01 3.014734537244129451e-09 3.069574387901433369e-09 1.434770626903803362e-08 1.452882877521847348e-08
1.175000000000000000e+01 2.868571982821203581e-09 2.920716860692847198e-09 1.375066233952022143e-08 1.392402678435335072e-08
1.177500000000000036e+01 2.729539140756628683e-09 2.779122468146149132e-09 1.317877831623649884e-08 1.334472195364862214e-08
1.180000000000000071e+01 2.597286031053033313e-09 2.644434567798527896e-09 1.263098023350543483e-08 1.278982541287963853e-08
1.182499999999999929e+01 2.471479972508464809e-09 2.516314151883876185e-09 1.210624061996138021e-08 1.225829545619850971e-08
1.184999999999999964e+01 2.351804721227510821e-09 2.394438968729049415e-09 1.160357645406906590e-08 1.174913546849370132e-08
1.187500000000000000e+01 2.237959652390686683e-09 2.278502688290592934e-09 1.112204721853921733e-08 1.126139194602122230e-08
1.190000000000000036e+01 2.129658983090350771e-09 2.168214109594249927e-09 1.066075303063262326e-08 1.079415260600872558e-08
1.192500000000000071e+01 2.026631034153467311e-09 2.063296407953888552e-09 1.021883285777359280e-08 1.034654457190175525e-08
1.194999999999999929e+01 1.928617528977997119e-09 1.963486419955303281e-09 9.795462824749728311e-09 9.917732652147898386e-09
1.197499999999999964e+01 1.835372927510452155e-09 1.868533964293335199e-09 9.389854578491095515e-09 9.506917687129457385e-09
1.200000000000000000e+01 1.746663793587833840e-09 1.778201196648437960e-09 9.001253736541759511e-09 9.113334970582047308e-09
1.202500000000000036e+01 1.662268193957898025e-09 1.692261996881509159e-09 8.628938401700404673e-09 8.736252742988211576e-09
1.205000000000000071e+01 1.581975127377722241e-09 1.610501386913703273e-09 8.272217743388334099e-09 8.374970751603147487e-09
1.207499999999999929e+01 1.505583982272086712e-09 1.532714977741278936e-09 7.930430640816627277e-09 8.028818874204758532e-09
1.209999999999999964e+01 1.432904021510658243e-09 1.458708444114521995e-09 7.602944390914851132e-09 7.697155805170851000e-09
1.212500000000000000e+01 1.363753892936259698e-09 1.388297025484870048e-09 7.289153467154816072e-09 7.379367800460635425e-09
1.215000000000000036e+01 1.297961164346218418e-09 1.321305051895328175e-09 6.988478330153469352e-09 7.074867470996530222e-09
1.217500000000000071e+01 1.235361881694892519e-09 1.257565493556915512e-09 6.700364305915121345e-09 6.783092637780148502e-09
1.219999999999999929e+01 1.175800149347860379e-09 1.196919532917661870e-09 6.424280500346392038e-09 6.503505237270212477e-09
1.222499999999999964e+01 1.119127731278017891e-09 1.139216158091451733e-09 6.159718761563890581e-09 6.235590267817613133e-09
1.225000000000000000e+01 1.065203672150006001e-09 1.084311776571676560e-09 5.906192697306131946e-09 5.978854789209181755e-09
1.227500000000000036e+01 1.013893937292899322e-09 1.032069848209084582e-09 5.663236729152314914e-09 5.732826965516742176e-09
1.230000000000000071e+01 9.650710706119435310e-10 9.823605364852022853e-10 5.430405190024022094e-09 5.497055149090900118e-09
1.232499999999999929e+01 9.186138695381217518e-10 9.350603771617914400e-10 5.207271461132999459e-09 5.271107005146808641e-09
1.234999999999999964e+01 8.744070761601187214e-10 8.900519634334322181e-10 4.993427147031707984e-09 5.054568674853915604e-09
1.237500000000000000e+01 8.323410837265452279e-10 8.472236467545973176e-10 4.788481286746099099e-09 4.847043975213406673e-09
1.240000000000000036e+01 7.923116577474162537e-10 8.064692525545424668e-10 4.592059600210926753e-09 4.648153634306620072e-09
1.242500000000000071e+01 7.542196709629214529e-10 7.676878100932323829e-10 4.403803764990851541e-09 4.457534559346620434e-09
1.244999999999999929e+01 7.179708514844990817e-10 7.307832957492477179e-10 4.223370728973098501e-09 4.274839136667359198e-09
1.247499999999999964e+01 6.834755434484172149e-10 6.956643890665203385e-10 4.050432052468879640e-09 4.099734565856982931e-09
1.250000000000000000e+01 6.506484795553990786e-10 6.622442409208035483e-10 3.884673274334228171e-09 3.931902218078481774e-09
1.252500000000000036e+01 6.194085649014352798e-10 6.304402531990476311e-10 3.725793312888254007e-09 3.771037025884443969e-09
1.255000000000000071e+01 5.896786715349774987e-10 6.001738694155070237e-10 3.573503888636930298e-09 3.616846899359001013e-09
1.257499999999999929e+01 5.613854432042290829e-10 5.713703757175075045e-10 3.427528973652754533e-09 3.469052167200873000e-09
1.259999999999999964e+01 5.344591097852636014e-10 5.439587117614053174e-10 3.287604263153978520e-09 3.327385041934156572e-09
1.262500000000000000e+01 5.088333109073914378e-10 5.178712909654696487e-10 3.153476671477191965e-09 3.191589107760714242e-09
1.265000000000000036e+01 4.844449283165370865e-10 4.930438296712646584e-10 3.024903852099661246e-09 3.061418833075975251e-09
1.267500000000000071e+01 4.612339265405485437e-10 4.694151847687519133e-10 2.901653736353115276e-09 2.936639103505691553e-09
1.269999999999999929e+01 4.391432014422973264e-10 4.469271993626950400e-10 2.783504091204449392e-09 2.817024774356884992e-09
1.272499999999999964e+01 4.181184362672552331e-10 4.255245560792379712e-10 2.670242098752577227e-09 2.702360242513237741e-09
1.275000000000000000e+01 3.981079648120109698e-10 4.051546376316934831e-10 2.561663953959062229e-09 2.592439039228657861e-09
1.277500000000000036e+01 3.790626413589958174e-10 3.857673942837461476e-10 2.457574475269614974e-09 2.487063437039872049e-09
1.280000000000000071e+01 3.609357170404796592e-10 3.673152178664706604e-10 2.357786738965463755e-09 2.386044075800834723e-09
1.282499999999999929e+01 3.436827223118245020e-10 3.497528220228096552e-10 2.262121726220454715e-09 2.289199606643160903e-09
1.284999999999999964e+01 3.272613552300553197e-10 3.330371283695542258e-10 2.170407983692163524e-09 2.196356348228336010e-09
1.287500000000000000e+01 3.116313752490558749e-10 3.171271582824368866e-10 2.082481301575427960e-09 2.107347959610002723e-09
1.290000000000000036e+01 2.967545022571741333e-10 3.019839300247151817e-10 1.998184404045722154e-09 2.022015126630378891e-09
1.292500000000000071e+01 2.825943205967601627e-10 2.875703609536365948e-10 1.917366655022373639e-09 1.940205262979032083e-09
1.294999999999999929e+01 2.691161878182275712e-10 2.738511745525063032e-10 1.839883775109686034e-09 1.861772223808127821e-09
1.297499999999999964e+01 2.562871479336097952e-10 2.607928120487156968e-10 1.765597570327660628e-09 1.786576031180534741e-09
1.300000000000000000e+01 2.440758489463518314e-10 2.483633483900884535e-10 1.694375673331454863e-09 1.714482611150208603e-09
1.302500000000000036e+01 2.324524644452534197e-10 2.365324123633051497e-10 1.626091296206853200e-09 1.645363543223899674e-09
1.305000000000000071e+01 2.213886190610870379e-10 2.252711106489903430e-10 1.560622993096119471e-09 1.579095819839124587e-09
1.307499999999999929e+01 2.108573175944863100e-10 2.145519556183097491e-10 1.497854434697296729e-09 1.515561617193859530e-09
1.309999999999999964e+01 2.008328776332753045e-10 2.043487966857012694e-10 1.437674190378456338e-09 1.454648075385792016e-09
1.312500000000000000e+01 1.912908654864856182e-10 1.946367550416212278e-10 1.379975520732065103e-09 1.396247087547421762e-09
1.315000000000000036e+01 1.822080352709406249e-10 1.853921615979846258e-10 1.324656179315054331e-09 1.340255098965393479e-09
1.317500000000000071e+01 1.735622709944798024e-10 1.765924979873407652e-10 1.271618222262336629e-09 1.286572914183616258e-09
1.319999999999999929e+01 1.653325314876788897e-10 1.682163404647624605e-10 1.220767827420008951e-09 1.235105513208034039e-09
1.322499999999999964e+01 1.574987980433089439e-10 1.602433065689616984e-10 1.172015119543321263e-09 1.185761875151056648e-09
1.325000000000000000e+01 1.500420246298015261e-10 1.526540044063023752e-10 1.125274003875908839e-09 1.138454809073031892e-09
1.327500000000000036e+01 1.429440905516535960e-10 1.454299844281897332e-10 1.080462007047995331e-09 1.093100792817507740e-09
1.330000000000000071e+01 1.361877554360334999e-10 1.385536935787598521e-10 1.037500124415662062e-09 1.049619818274191013e-09
1.332499999999999929e+01 1.297566164308740491e-10 1.320084316959382986e-10 9.963126744004438482e-10 1.007935243757644772e-09
1.334999999999999964e+01 1.236350675054445528e-10 1.257783100547596646e-10 9.568271586676871305e-10 9.679736523097991283e-10
1.337500000000000000e+01 1.178082607498254042e-10 1.198482119473741816e-10 9.189741287294157084e-10 9.296647165071946135e-10
1.340000000000000036e+01 1.122620695748635332e-10 1.142037551994244892e-10 8.826870578855219504e-10 8.929410686907066073e-10
1.342500000000000071e+01 1.069830537190862915e-10 1.088312565274725282e-10 8.479022190508804568e-10 8.577381771523263472e-10
1.344999999999999929e+01 1.019584259737017557e-10 1.037176976468984334e-10 8.145585674652646243e-10 8.239942272833165524e-10
1.347499999999999964e+01 9.717602054123719682e-11 9.885069304420107382e-11 7.825976288023056031e-10 7.916500081814792962e-10
1.350000000000000178e+01 9.262426294756625961e-11 9.421845933191358243e-11 7.519633917229430403e-10 7.606488037915159114e-10
1.352500000000000213e+01 8.829214143106478230e-11 8.980978610841418512e-11 7.226022054632636048e-10 7.309362890742949149e-10
1.355000000000000249e+01 8.416917973642681764e-11 8.561400824877733742e-11 6.944626810938894345e-10 7.024604302111497674e-10
1.357499999999999929e+01 8.024541124427609089e-11 8.162097955648481486e-11 6.674955979119340874e-10 6.751713893431329232e-10
1.359999999999999964e+01 7.651135437112814852e-11 7.782104770930321288e-11 6.416538137639892866e-10 6.490214337468043950e-10
1.362500000000000000e+01 7.295798917751397569e-11 7.420503043595280629e-11 6.168921785943545304e-10 6.239648485624689517e-10
1.365000000000000213e+01 6.957673512516393228e-11 7.076419286334076087e-11 5.931674517456203851e-10 5.999578529860954396e-10
1.367500000000000249e+01 6.635942992708953301e-11 6.749022597712798330e-11 5.704382234621244163e-10 5.769585204046251830e-10
1.369999999999999929e+01 6.329830943719049631e-11 6.437522614124266504e-11 5.486648394732977057e-10 5.549267021643800578e-10
1.372499999999999964e+01 6.038598852866832752e-11 6.141167562465778452e-11 5.278093284051877902e-10 5.338239541883696204e-10
1.375000000000000000e+01 5.761544291304815375e-11 5.859242408632103215e-11 5.078353330230311785e-10 5.136134669838763520e-10
1.377500000000000213e+01 5.497999185400574544e-11 5.591067097156575396e-11 4.887080440963596073e-10 4.942599988387780142e-10
1.380000000000000249e+01 5.247328173247628550e-11 5.335994877565469158e-11 4.703941370259906036e-10 4.757298115918023325e-10
1.382499999999999929e+01 5.008927042168432379e-11 5.093410713231487176e-11 4.528617114455191026e-10 4.579906094177050347e-10
1.384999999999999964e+01 4.782221243279339466e-11 4.862729768721848766e-11 4.360802329795317584e-10 4.410114799832006715e-10
1.387500000000000000e+01 4.566664479383000581e-11 4.643395971835977414e-11 4.200204781015736874e-10 4.247628383161202919e-10
1.390000000000000213e+01 4.361737362639608583e-11 4.434880646717267816e-11 4.046544811528008756e-10 4.092163732692135333e-10
1.392500000000000249e+01 4.166946138645309755e-11 4.236681214603729567e-11 3.899554833562802608e-10 3.943449959839350867e-10
1.394999999999999929e+01 3.981821473714172592e-11 4.048319958953547779e-11 3.758978845568606852e-10 3.801227907646082214e-10
1.397499999999999964e+01 3.805917302320003460e-11 3.869342851844645986e-11 3.624571968106911465e-10 3.665249682142317814e-10
1.400000000000000000e+01 3.638809731806370533e-11 3.699318438702254695e-11 3.496099999726391353e-10 3.535278202023988187e-10
1.402500000000000213e+01 3.480096001617708438e-11 3.537836778555772335e-11 3.373338992000085192e-10 3.411086769191529736e-10
1.405000000000000249e+01 3.329393494442004044e-11 3.384508437166482869e-11 3.256074842857474704e-10 3.292458655926025415e-10
1.407499999999999929e+01 3.186338796786279693e-11 3.238963530500900211e-11 3.144102911416915377e-10 3.179186713976268459e-10
1.409999999999999964e+01 3.050586806630553694e-11 3.100850816151317602e-11 3.037227645865859081e-10 3.071072998657704603e-10
1.412500000000000000e+01 2.921809885924417290e-11 2.969836830425878768e-11 2.935262230002852907e-10 2.967928410498376791e-10
1.415000000000000213e+01 2.799697055802888757e-11 2.845605068945154656e-11 2.838028242731833961e-10 2.869572351223218117e-10
1.417500000000000249e+01 2.683953232505509977e-11 2.727855208691534963e-11 2.745355335129466816e-10 2.775832395738293063e-10
1.419999999999999929e+01 2.574298502084588271e-11 2.616302369561614697e-11 2.657080921131729027e-10 2.686543979145189649e-10
1.422499999999999964e+01 2.470467432085666409e-11 2.510676413570803064e-11 2.573049883424564860e-10 2.601550098112686731e-10
1.425000000000000000e+01 2.372208418475696551e-11 2.410721279953496761e-11 2.493114291595215815e-10 2.520701026216309438e-10
1.427500000000000036e+01 2.279283066182440499e-11 2.316194354491892978e-11 2.417133132707387779e-10 2.443854040833034775e-10
1.430000000000000249e+01 2.191465601692446870e-11 2.226865871491919332e-11 2.344972054146302534e-10 2.370873163290093637e-10
1.432499999999999929e+01 2.108542316234803045e-11 2.142518346906111763e-11 2.276503117838768954e-10 2.301628909429936121e-10
1.434999999999999964e+01 2.030311038153927000e-11 2.062946041180799623e-11 2.211604568531408168e-10 2.235998054386089713e-10
1.437500000000000000e+01 1.956580633147176914e-11 1.987954450478787537e-11 2.150160609500626851e-10 2.173863406523249373e-10
1.440000000000000036e+01 1.887170531112104013e-11 1.917359824999121889e-11 2.092061190520932333e-10 2.115113592120222280e-10
1.442500000000000249e+01 1.821910278414099783e-11 1.850988713182681001e-11 2.037201806326183193e-10 2.059642850953054405e-10
1.444999999999999929e+01 1.760639114447986867e-11 1.788677530656283680e-11 1.985483304398699450e-10 2.007350842039968032e-10
1.447499999999999964e+01 1.703205571427036722e-11 1.730272152829099065e-11 1.936811700710200088e-10 1.958142457399606805e-10
1.450000000000000000e+01 1.649467096390108299e-11 1.675627530113420748e-11 1.891098005796222261e-10 1.911927645451482455e-10
1.452500000000000036e+01 1.599289694472176182e-11 1.624607324797453066e-11 1.848258059052766971e-10 1.868621243380612198e-10
1.455000000000000249e+01 1.552547592535689478e-11 1.577083568650919980e-11 1.808212372196322068e-10 1.828142818196173603e-10
1.457499999999999929e+01 1.509122922309994439e-11 1.532936340395035406e-11 1.770885979751874874e-10 1.790416516027182123e-10
1.459999999999999964e+01 1.468905422233711731e-11 1.492053462216900291e-11 1.736208296887275329e-10 1.755370917821998263e-10
1.462500000000000000e+01 1.431792157240481629e-11 1.454330214554793347e-11 1.704112986752630728e-10 1.722938904729785302e-10
1.465000000000000036e+01 1.397687255772071548e-11 1.419669068425201046e-11 1.674537832641065884e-10 1.693057529288121439e-10
1.467500000000000249e+01 1.366501663344580763e-11 1.387979434604962678e-11 1.647424618765656831e-10 1.665667894081527836e-10
1.469999999999999929e+01 1.338152912033462030e-11 1.359177429022615829e-11 1.622719017119382275e-10 1.640715037678405142e-10
1.472499999999999964e+01 1.312564905281369340e-11 1.333185653752067802e-11 1.600370479744134677e-10 1.618147825518010609e-10
1.475000000000000000e+01 1.289667717469669686e-11 1.309932993039194011e-11 1.580332139573558958e-10 1.597918848969882975e-10
1.477500000000000036e+01 1.269397407729727545e-11 1.289354423827915368e-11 1.562560716582145473e-10 1.579984330741284277e-10
1.480000000000000249e+01 1.251695847504012022e-11 1.271390840286884955e-11 1.547016428833668014e-10 1.564304034889630841e-10
1.482499999999999929e+01 1.236510561399727920e-11 1.255988891871141866e-11 1.533662909946984643e-10 1.550841183097448968e-10
1.484999999999999964e+01 1.223794580909090837e-11 1.243100834485130133e-11 1.522467132145525565e-10 1.539562376789931669e-10
1.487500000000000000e+01 1.213506310600673314e-11 1.232684394344325581e-11 1.513399334696635854e-10 1.530437524682712778e-10
1.490000000000000036e+01 1.205609406415456166e-11 1.224702644162475161e-11 1.506432957639367401e-10 1.523439775685778734e-10
1.492500000000000071e+01 1.200072665729486380e-11 1.219123891320238402e-11 1.501544580553597552e-10 1.518545456929567588e-10
1.494999999999999929e+01 1.196869928872350764e-11 1.215921577698833736e-11 1.498713866642456069e-10 1.515734017115530851e-10
1.497499999999999964e+01 1.195979991817137196e-11 1.215074190889263251e-11 1.497923511642410280e-10 1.514987974878891332e-10
