# raxis[fm], SN, VN, SP, VP
2.101448349307773875e-07 1.043523934412022847e-01 1.097442481228714933e-01 9.871865871493343270e-02 1.037863967296386580e-01
2.500000000000000139e-02 1.043503287805055552e-01 1.097444927845282470e-01 9.871733293994718050e-02 1.037871366023343650e-01
5.000000000000000278e-02 1.043026283264590764e-01 1.097015464110875360e-01 9.867471236864237827e-02 1.037486984118606154e-01
7.499999999999999722e-02 1.042220548192806379e-01 1.096288618606204995e-01 9.860269032824413304e-02 1.036836155306141011e-01
1.000000000000000056e-01 1.041092615150319978e-01 1.095270584281826803e-01 9.850185957589886743e-02 1.035924515440312804e-01
1.250000000000000000e-01 1.039646435418481313e-01 1.093964891747494644e-01 9.837257594371145997e-02 1.034755258713821596e-01
1.499999999999999944e-01 1.037886272486846645e-01 1.092375170625257547e-01 9.821522151629927255e-02 1.033331653338286360e-01
1.749999999999999889e-01 1.035817142713698763e-01 1.090505699601415218e-01 9.803024599456629240e-02 1.031657554023882040e-01
2.000000000000000111e-01 1.033444873683547482e-01 1.088361436799135801e-01 9.781817145487985143e-02 1.029737424150512781e-01
2.250000000000000056e-01 1.030776104918542518e-01 1.085948036076058304e-01 9.757959275250528697e-02 1.027576353890518185e-01
2.500000000000000000e-01 1.027818283778350744e-01 1.083271840577467171e-01 9.731517698814325101e-02 1.025180052326618851e-01
2.750000000000000222e-01 1.024579693659521534e-01 1.080339908702726837e-01 9.702566655003787288e-02 1.022554875981297046e-01
2.999999999999999889e-01 1.021069403711903634e-01 1.077160004966190299e-01 9.671187416166178441e-02 1.019707816406298512e-01
3.250000000000000111e-01 1.017297174813300009e-01 1.073740488937779125e-01 9.637467432301204118e-02 1.016646398416628377e-01
3.499999999999999778e-01 1.013273453068848917e-01 1.070090318440985039e-01 9.601500289869817351e-02 1.013378684813893427e-01
3.750000000000000000e-01 1.009009337639663051e-01 1.066219015301500261e-01 9.563385428565258917e-02 1.009913245706273027e-01
4.000000000000000222e-01 1.004516691189371314e-01 1.062136758819110655e-01 9.523229174518468843e-02 1.006259247001799195e-01
4.249999999999999889e-01 9.998080136562637055e-02 1.057854332251425278e-01 9.481143587878734791e-02 1.002426400425788650e-01
4.500000000000000111e-01 9.948963526976944971e-02 1.053383013307296751e-01 9.437245628354608284e-02 9.984248607916355878e-02
4.749999999999999778e-01 9.897952914513924449e-02 1.048734557842136567e-01 9.391657090478233716e-02 9.942652157684016279e-02
5.000000000000000000e-01 9.845189186392733216e-02 1.043921176461396622e-01 9.344504309236960349e-02 9.899584634724242771e-02
5.250000000000000222e-01 9.790818048773003435e-02 1.038955531555355027e-01 9.295917973436952642e-02 9.855160104556955070e-02
5.500000000000000444e-01 9.734989045732916901e-02 1.033850655238274935e-01 9.246032235757062345e-02 9.809495977133009248e-02
5.749999999999999556e-01 9.677855196947329763e-02 1.028619896722679644e-01 9.194984383138909978e-02 9.762712524893142618e-02
5.999999999999999778e-01 9.619572789916129574e-02 1.023276917834295002e-01 9.142914683995721770e-02 9.714932869741203791e-02
6.250000000000000000e-01 9.560300494600139365e-02 1.017835629464085567e-01 9.089965557939969076e-02 9.666282389931910024e-02
6.500000000000000222e-01 9.500198828902076120e-02 1.012310117066938658e-01 9.036281117259928330e-02 9.616888042575599815e-02
6.750000000000000444e-01 9.439430138574171625e-02 1.006714656089217480e-01 8.982007177742502846e-02 9.566878552047120010e-02
6.999999999999999556e-01 9.378157226144435976e-02 1.001063601225737759e-01 8.927289984376766963e-02 9.516383359439968548e-02
7.249999999999999778e-01 9.316543257868560579e-02 9.953713455536447596e-02 8.872276175435556134e-02 9.465532296506207199e-02
7.500000000000000000e-01 9.254750683811723000e-02 9.896522767645794805e-02 8.817111776769220866e-02 9.414455164972820866e-02
7.750000000000000222e-01 9.192940604266110205e-02 9.839206497925755135e-02 8.761941629865861725e-02 9.363280577837850005e-02
8.000000000000000444e-01 9.131273412819428115e-02 9.781906644955631891e-02 8.706910011078482226e-02 9.312136701914039416e-02
8.249999999999999556e-01 9.069907211778169276e-02 9.724763645748546459e-02 8.652159215437965623e-02 9.261150342021863546e-02
8.499999999999999778e-01 9.008997492742275293e-02 9.667915729631021415e-02 8.597829261924999633e-02 9.210446362122080843e-02
8.750000000000000000e-01 8.948696064880566625e-02 9.611498097109150152e-02 8.544056923868520448e-02 9.160146933778968992e-02
9.000000000000000222e-01 8.889151029682230976e-02 9.555642588196018583e-02 8.490975720855949149e-02 9.110371249071408384e-02
9.250000000000001554e-01 8.830506038073498987e-02 9.500477409879834467e-02 8.438715242898289781e-02 9.061235276268313210e-02
9.499999999999999556e-01 8.772899304107704965e-02 9.446125875245128811e-02 8.387400220013763175e-02 9.012850573983263724e-02
9.749999999999999778e-01 8.716463823672788991e-02 9.392706602918576841e-02 8.337150797058680285e-02 8.965324526116880133e-02
1.000000000000000000e+00 8.661326315982031954e-02 9.340332843339183011e-02 8.288081555719868654e-02 8.918759736815222439e-02
1.024999999999999911e+00 8.607606902396577886e-02 9.289111868022431606e-02 8.240301199854406511e-02 8.873253441573264455e-02
1.050000000000000044e+00 8.555418421317749489e-02 9.239144481023363331e-02 8.193911967612926839e-02 8.828897093239307381e-02
1.074999999999999956e+00 8.504866080851487820e-02 9.190524496420518497e-02 8.149009274332515151e-02 8.785775858188257792e-02
1.100000000000000089e+00 8.456047411799383351e-02 9.143338901301902022e-02 8.105681713927050114e-02 8.743968784246855530e-02
1.125000000000000000e+00 8.409051357562684348e-02 9.097666951068979213e-02 8.064010226463501352e-02 8.703547984496899648e-02
1.149999999999999911e+00 8.363958247147816605e-02 9.053580018035063681e-02 8.024068049761574895e-02 8.664578487582542954e-02
1.175000000000000044e+00 8.320839347853355161e-02 9.011141331964928058e-02 7.985920308783146793e-02 8.627117978749157534e-02
1.199999999999999956e+00 8.279756664453331860e-02 8.970405682056979690e-02 7.949623851238048211e-02 8.591216551305344562e-02
1.225000000000000089e+00 8.240762589390873694e-02 8.931419192434798815e-02 7.915226913274847620e-02 8.556916489460417163e-02
1.250000000000000000e+00 8.203899704230270540e-02 8.894218936003794873e-02 7.882768927751845900e-02 8.524251912031392819e-02
1.274999999999999911e+00 8.169201001981646337e-02 8.858833324040533974e-02 7.852280716814021011e-02 8.493249113130155181e-02
1.300000000000000044e+00 8.136689357162568692e-02 8.825281601135660792e-02 7.823784010836953851e-02 8.463926100064023128e-02
1.324999999999999956e+00 8.106377641541867574e-02 8.793573924827124966e-02 7.797291528369136582e-02 8.436292652686541715e-02
1.350000000000000089e+00 8.078268512521080691e-02 8.763711111160553402e-02 7.772806760213375743e-02 8.410350064559947436e-02
1.375000000000000000e+00 8.052354722545122800e-02 8.735685022136810418e-02 7.750324249271488275e-02 8.386091497044255438e-02
1.399999999999999911e+00 8.028618957013552992e-02 8.709478314834227797e-02 7.729829424691501971e-02 8.363501732083304663e-02
1.425000000000000044e+00 8.007034466915340098e-02 8.685065132862487824e-02 7.711299201722933427e-02 8.342557832848185306e-02
1.449999999999999956e+00 7.987564718688176801e-02 8.662410839040267374e-02 7.694701604368275882e-02 8.323228847098074201e-02
1.475000000000000089e+00 7.970163574258688766e-02 8.641472104962769074e-02 7.679995915876336454e-02 8.305475874097559275e-02
1.500000000000000000e+00 7.954775406991548836e-02 8.622196956724292871e-02 7.667132766023072865e-02 8.289252095130393572e-02
1.524999999999999911e+00 7.941336171207769024e-02 8.604525847541703854e-02 7.656055108778545004e-02 8.274503758623544258e-02
1.550000000000000044e+00 7.929773669075876330e-02 8.588392012530567110e-02 7.646698445626798346e-02 8.261170485872602887e-02
1.574999999999999956e+00 7.920007508868043278e-02 8.573721467786672712e-02 7.638990764116396215e-02 8.249185250275839487e-02
1.600000000000000089e+00 7.911948786266506661e-02 8.560432542894463870e-02 7.632852189762938389e-02 8.238473902294125850e-02
1.625000000000000000e+00 7.905501045852394992e-02 8.548436795657164688e-02 7.628195843130022857e-02 8.228955985525593375e-02
1.649999999999999911e+00 7.900560643049563125e-02 8.537639383879286337e-02 7.624928185262030977e-02 8.220545093114661750e-02
1.675000000000000044e+00 7.897017619852637893e-02 8.527939924198747745e-02 7.622949813895929516e-02 8.213149660918449280e-02
1.699999999999999956e+00 7.894755984694336315e-02 8.519232748565459812e-02 7.622155659948157136e-02 8.206673142732691384e-02
1.725000000000000311e+00 7.893654303841272923e-02 8.511407483100187632e-02 7.622435541683814098e-02 8.201014558258847009e-02
1.750000000000000000e+00 7.893585752642715003e-02 8.504349013622934661e-02 7.623674159803467409e-02 8.196068415904611548e-02
1.774999999999999911e+00 7.894419387999977722e-02 8.497938719236640404e-02 7.625752282454573150e-02 8.191725865259241735e-02
1.800000000000000044e+00 7.896020465672183575e-02 8.492054788609079696e-02 7.628547011972579284e-02 8.187874969552613735e-02
1.824999999999999956e+00 7.898250815300164596e-02 8.486572525716022664e-02 7.631932102487806735e-02 8.184400963852461741e-02
1.850000000000000311e+00 7.900969314168268531e-02 8.481364745788153026e-02 7.635778377009315443e-02 8.181186604323366363e-02
1.875000000000000000e+00 7.904032885664842578e-02 8.476302747464556364e-02 7.639954649296124001e-02 8.178113070991405165e-02
1.899999999999999911e+00 7.907296579852987617e-02 8.471256334017898681e-02 7.644327765225340798e-02 8.175059958756235312e-02
1.925000000000000044e+00 7.910614447726890819e-02 8.466094605981307197e-02 7.648763410298273224e-02 8.171906012657008389e-02
1.949999999999999956e+00 7.913840008925862590e-02 8.460686403130067423e-02 7.653126525265999125e-02 8.168529524922725493e-02
1.975000000000000089e+00 7.916826459711508168e-02 8.454900427337133650e-02 7.657281476209225335e-02 8.164808429049179306e-02
2.000000000000000000e+00 7.919427568239867377e-02 8.448606048335179086e-02 7.661092888699004566e-02 8.160621053346329978e-02
2.024999999999999911e+00 7.921498350367887908e-02 8.441673970442557795e-02 7.664426270404935126e-02 8.155846740136321604e-02
2.049999999999999822e+00 7.922895055215052607e-02 8.433976121198794029e-02 7.667147971731809453e-02 8.150365717932556153e-02
2.075000000000000178e+00 7.923476163342202394e-02 8.425386564093974295e-02 7.669126129292089256e-02 8.144059967176628390e-02
2.100000000000000089e+00 7.923102651143801300e-02 8.415781753538288668e-02 7.670230899637492383e-02 8.136813449303277601e-02
2.125000000000000000e+00 7.921638359834032306e-02 8.405040787607398478e-02 7.670334794200706074e-02 8.128512333412343804e-02
2.149999999999999911e+00 7.918950683176728678e-02 8.393046053192920741e-02 7.669313332204540090e-02 8.119045611023403830e-02
2.174999999999999822e+00 7.914910647924373877e-02 8.379683287386589796e-02 7.667045105982818465e-02 8.108305145883037968e-02
2.200000000000000178e+00 7.909393336367114002e-02 8.364841856248540763e-02 7.663412175440179053e-02 8.096185933199105678e-02
2.225000000000000089e+00 7.902278670115989168e-02 8.348415522898683383e-02 7.658300818849157754e-02 8.082586836442109957e-02
2.250000000000000000e+00 7.893451296928923056e-02 8.330302364300702644e-02 7.651601420289494415e-02 8.067410503611624484e-02
2.274999999999999911e+00 7.882800908313332411e-02 8.310404897528272938e-02 7.643208771907535060e-02 8.050563488630577136e-02
2.299999999999999822e+00 7.870222987393588054e-02 8.288630847470997154e-02 7.633022795712154918e-02 8.031956991447225525e-02
2.325000000000000178e+00 7.855618766524025132e-02 8.264893119893158835e-02 7.620948504887148367e-02 8.011506832858120153e-02
2.350000000000000089e+00 7.838895463116711537e-02 8.239109925331299100e-02 7.606896238046539915e-02 7.989133581381749338e-02
2.375000000000000000e+00 7.819966513289608456e-02 8.211205040926339294e-02 7.590781890784245589e-02 7.964762810604335275e-02
2.399999999999999911e+00 7.798751840047009332e-02 8.181107977631599248e-02 7.572527178940892389e-02 7.938325264737003395e-02
2.424999999999999822e+00 7.775177907983825409e-02 8.148754171342871555e-02 7.552059708572572694e-02 7.909757054019865563e-02
2.450000000000000178e+00 7.749177597479316171e-02 8.114084708153292136e-02 7.529312859960458904e-02 7.878999396939836974e-02
2.475000000000000089e+00 7.720690954323315702e-02 8.077046950473977527e-02 7.504226527913961109e-02 7.845999240076759196e-02
2.500000000000000000e+00 7.689665195672716613e-02 8.037594786401290603e-02 7.476747146780997333e-02 7.810709509726583566e-02
2.524999999999999911e+00 7.656054453735403054e-02 7.995688354100974338e-02 7.446827456631723019e-02 7.773088856942525493e-02
2.549999999999999822e+00 7.619819598420717044e-02 7.951293799574031540e-02 7.414426351615527322e-02 7.733101440531489623e-02
2.575000000000000178e+00 7.580928727945451806e-02 7.904383638532332113e-02 7.379509369461743906e-02 7.690717292137855265e-02
2.600000000000000089e+00 7.539357224993999129e-02 7.854937004282201707e-02 7.342048771893930348e-02 7.645912573271718138e-02
2.625000000000000000e+00 7.495087465767408252e-02 7.802939447520765293e-02 7.302023282716402219e-02 7.598669395283073891e-02
2.649999999999999911e+00 7.448108893982342826e-02 7.748382807327057475e-02 7.259418180870490234e-02 7.548975716830137739e-02
2.674999999999999822e+00 7.398417986106506361e-02 7.691265357337001562e-02 7.214225297096221734e-02 7.496825507493758145e-02
2.700000000000000178e+00 7.346018024400734203e-02 7.631591678735995254e-02 7.166442811797932300e-02 7.442218637275349602e-02
2.725000000000000089e+00 7.290919065380598030e-02 7.569372493895785980e-02 7.116075248085058924e-02 7.385160737511786699e-02
2.750000000000000000e+00 7.233137801476768880e-02 7.504624657584399450e-02 7.063133366911479583e-02 7.325663215026789743e-02
2.774999999999999911e+00 7.172697381669858319e-02 7.437371027272801638e-02 7.007634017960183426e-02 7.263743145557138847e-02
2.799999999999999822e+00 7.109627473054525026e-02 7.367640360726811222e-02 6.949600224338059462e-02 7.199423201611657164e-02
2.825000000000000178e+00 7.043964205568889470e-02 7.295467533299396234e-02 6.889061156614890991e-02 7.132731880569335992e-02
2.850000000000000089e+00 6.975749443771009362e-02 7.220893084485310864e-02 6.826051456017109831e-02 7.063703082737424199e-02
2.875000000000000000e+00 6.905030728137018237e-02 7.143962597172294482e-02 6.760611196794921729e-02 6.992375541457689081e-02
2.899999999999999911e+00 6.831861569023935099e-02 7.064727283248803391e-02 6.692786200788998496e-02 6.918793411312736119e-02
2.924999999999999822e+00 6.756301091239007295e-02 6.983243791502842523e-02 6.622627715436410489e-02 6.843006096398569771e-02
2.950000000000000178e+00 6.678413611447882314e-02 6.899573828736028924e-02 6.550192038157745533e-02 6.765067913367138475e-02
2.975000000000000089e+00 6.598268088746733762e-02 6.813783550474329653e-02 6.475540003748232742e-02 6.685037522719837477e-02
3.000000000000000000e+00 6.515938423808831370e-02 6.725943893770018611e-02 6.398737291777929770e-02 6.602978266399053831e-02
3.024999999999999911e+00 6.431502747191950031e-02 6.636130008228900701e-02 6.319853764053628975e-02 6.518957636271359435e-02
3.049999999999999822e+00 6.345043361609349619e-02 6.544421127542056349e-02 6.238963431184223890e-02 6.433047173266435992e-02
3.075000000000000178e+00 6.256646330488530028e-02 6.450900098625705903e-02 6.156144071797908790e-02 6.345322031018846287e-02
3.100000000000000089e+00 6.166401646914140833e-02 6.355653584459970695e-02 6.071477419570409095e-02 6.255861191956962886e-02
3.125000000000000000e+00 6.074402614367875597e-02 6.258771529847068082e-02 5.985048587200025166e-02 6.164746971612324045e-02
3.149999999999999911e+00 5.980745638609454712e-02 6.160347206801098513e-02 5.896945880204450263e-02 6.072065074583666427e-02
3.174999999999999822e+00 5.885529841068407042e-02 6.060476646571089088e-02 5.807260429077649305e-02 5.977904052364992754e-02
3.200000000000000178e+00 5.788856925792466163e-02 5.959258269396885271e-02 5.716086084895932729e-02 5.882354974134298281e-02
3.225000000000000089e+00 5.690830631774364962e-02 5.856792850660675481e-02 5.623518902251618823e-02 5.785511398639085062e-02
3.250000000000000000e+00 5.591556430965127084e-02 5.753182987977130403e-02 5.529656854358605544e-02 5.687468869287473638e-02
3.274999999999999911e+00 5.491141497148518263e-02 5.648532763821127733e-02 5.434599812021233267e-02 5.588324602948378794e-02
3.299999999999999822e+00 5.389694606169229130e-02 5.542947977023208322e-02 5.338449467978766128e-02 5.488177727777140275e-02
3.325000000000000178e+00 5.287325438308201203e-02 5.436535725466098284e-02 5.241308662389421863e-02 5.387128879454324004e-02
3.350000000000000089e+00 5.184144463072177383e-02 5.329403631051709417e-02 5.143281273525666247e-02 5.285279462449762877e-02
3.375000000000000444e+00 5.080262787774240257e-02 5.221660255437572673e-02 5.044472086635880259e-02 5.182732059735849911e-02
3.399999999999999911e+00 4.975791387368731777e-02 5.113414196181911842e-02 4.944986042720920377e-02 5.079589555548967572e-02
3.424999999999999822e+00 4.870841593015812210e-02 5.004774180897046676e-02 4.844928716049892031e-02 4.975955237178369267e-02
3.450000000000000622e+00 4.765524329298176376e-02 4.895848981210709772e-02 4.744405578702731718e-02 4.871932708266563106e-02
3.475000000000000533e+00 4.659949764015768048e-02 4.786746549503268638e-02 4.643521655981949076e-02 4.767625051248614715e-02
3.500000000000000000e+00 4.554227596654849414e-02 4.677574207469682721e-02 4.542381813369220089e-02 4.663135020463714253e-02
3.524999999999999911e+00 4.448466420853492559e-02 4.568438603068357418e-02 4.441090133634208875e-02 4.558564992625420420e-02
3.549999999999999822e+00 4.342773470981590306e-02 4.459445051768504836e-02 4.339749661293620941e-02 4.454016319625316717e-02
3.575000000000000622e+00 4.237254577052502330e-02 4.350697448138554635e-02 4.238462357675810283e-02 4.349589246016842548e-02
3.600000000000000089e+00 4.132013806208822276e-02 4.242298024543819657e-02 4.137328746805785107e-02 4.245382666256687643e-02
3.625000000000000000e+00 4.027153336367025882e-02 4.134347172018202482e-02 4.036447793012100382e-02 4.141493950705908006e-02
3.649999999999999911e+00 3.922773102328046269e-02 4.026943260126973623e-02 3.935916540084494902e-02 4.038018758205235564e-02
3.674999999999999822e+00 3.818970752520487594e-02 3.920182209893253999e-02 3.835830066184487547e-02 3.935050615395243451e-02
3.700000000000000622e+00 3.715841524315237343e-02 3.814157747715249402e-02 3.736281360872520385e-02 3.832681162253691320e-02
3.725000000000000089e+00 3.613477691206659626e-02 3.708960707696222492e-02 3.637360768890440105e-02 3.730999457017255411e-02
3.750000000000000000e+00 3.511968852544167935e-02 3.604679207687594422e-02 3.539156272009803123e-02 3.630092146543175552e-02
3.774999999999999911e+00 3.411401472882464453e-02 3.501398460786608879e-02 3.441753024250063242e-02 3.530043268253090644e-02
3.799999999999999822e+00 3.311858889662426531e-02 3.399200376692007586e-02 3.345233354216594485e-02 3.430933855937330634e-02
3.825000000000000178e+00 3.213420988739917883e-02 3.298163741934994481e-02 3.249676442148780736e-02 3.332842107795780384e-02
3.850000000000000089e+00 3.116164100862596834e-02 3.198363637333873771e-02 3.155158200909205513e-02 3.235842802431541237e-02
3.875000000000000000e+00 3.020161220294896587e-02 3.099871899062331751e-02 3.061751493338772320e-02 3.140007751215983384e-02
3.899999999999999911e+00 2.925481383926414880e-02 3.002756582917002690e-02 2.969525504731215099e-02 3.045405254607702963e-02
3.924999999999999822e+00 2.832189933760965658e-02 2.907081914905952635e-02 2.878545996250289965e-02 2.952100052294613988e-02
3.950000000000000178e+00 2.740348343721123181e-02 2.812908441453533526e-02 2.788875124908310119e-02 2.860153456980093351e-02
3.975000000000000089e+00 2.650014107660744397e-02 2.720292744523703302e-02 2.700571324782656199e-02 2.769623068033298316e-02
4.000000000000000000e+00 2.561240512722931170e-02 2.629287362955246704e-02 2.613689072915230394e-02 2.680562681248415541e-02
4.025000000000000355e+00 2.474076822905556597e-02 2.539940699136686644e-02 2.528279061494992722e-02 2.593022190310970837e-02
4.049999999999999822e+00 2.388568229428609038e-02 2.452297135801681863e-02 2.444388144310600045e-02 2.507047697018555468e-02
4.075000000000000178e+00 2.304755698951225368e-02 2.366397039362029553e-02 2.362059173926195701e-02 2.422681499638425218e-02
4.099999999999999645e+00 2.222676073259220036e-02 2.282276529767247181e-02 2.281331090065967862e-02 2.339961858108310921e-02
4.125000000000000000e+00 2.142362091321192707e-02 2.199967666478609349e-02 2.202238937606831870e-02 2.258923173701538403e-02
4.150000000000000355e+00 2.063842285420571313e-02 2.119498491451840896e-02 2.124813749751259390e-02 2.179596015654064814e-02
4.174999999999999822e+00 1.987141157082752616e-02 2.040892865615820395e-02 2.049082713371651321e-02 2.102006953013232579e-02
4.200000000000000178e+00 1.912279252606962840e-02 1.964170758149659524e-02 1.975069239164115378e-02 2.026178836004895525e-02
4.224999999999999645e+00 1.839273096074660677e-02 1.889348282173490545e-02 1.902792879486836508e-02 1.952130815261648653e-02
4.250000000000000000e+00 1.768135230815238643e-02 1.816437516797028001e-02 1.832269358427634012e-02 1.879878155621014790e-02
4.275000000000000355e+00 1.698874345339290368e-02 1.745446684262230708e-02 1.763510689440738605e-02 1.809432404324437180e-02
4.299999999999999822e+00 1.631495465704391190e-02 1.676380419360077451e-02 1.696525353485661344e-02 1.740801646638880790e-02
4.325000000000000178e+00 1.565999928919324310e-02 1.609239690487911101e-02 1.631318259634438605e-02 1.673990414717429348e-02
4.349999999999999645e+00 1.502385562083006013e-02 1.544021934323340679e-02 1.567890913262437805e-02 1.608999811794338888e-02
4.375000000000000000e+00 1.440646819840077537e-02 1.480721211324262203e-02 1.506241542615234692e-02 1.545827656917771360e-02
4.400000000000000355e+00 1.380774931266053052e-02 1.419328364969389862e-02 1.446365232696491913e-02 1.484468632609857626e-02
4.424999999999999822e+00 1.322758025402234056e-02 1.359831167521632564e-02 1.388254036372747052e-02 1.424914416611947413e-02
4.450000000000000178e+00 1.266581278076349924e-02 1.302214426047389011e-02 1.331897109486286472e-02 1.367153775621803187e-02
4.474999999999999645e+00 1.212227082545379309e-02 1.246460154084315028e-02 1.277280869058658279e-02 1.311172725894234857e-02
4.500000000000000000e+00 1.159675204505086939e-02 1.192547740134669403e-02 1.224389135120256510e-02 1.256954688945423511e-02
4.525000000000000355e+00 1.108902941078766975e-02 1.140454092333534342e-02 1.173203276800747694e-02 1.204480623959801669e-02
4.549999999999999822e+00 1.059885305881177846e-02 1.090153822176340853e-02 1.123702384670436337e-02 1.153729199258331402e-02
4.575000000000000178e+00 1.012595190014900157e-02 1.041619407093562037e-02 1.075863420339232684e-02 1.104676943333665097e-02
4.599999999999999645e+00 9.670035330738211560e-03 9.948213551060264281e-03 1.029661374308865444e-02 1.057298397744982181e-02
4.625000000000000000e+00 9.230795019064978735e-03 9.497283824514384312e-03 9.850694345028799051e-03 1.011566283568477581e-02
4.650000000000000355e+00 8.807906589153003188e-03 9.063075834205578177e-03 9.420591433140324683e-03 9.674516611640242986e-03
4.674999999999999822e+00 8.401031276873948891e-03 8.645245957405362641e-03 9.006005513873755267e-03 9.249240842411030408e-03
4.700000000000000178e+00 8.009817693938211386e-03 8.243437686165967088e-03 8.606623851686130353e-03 8.839517584430495178e-03
4.724999999999999645e+00 7.633903359505849612e-03 7.857283259342586965e-03 8.222121900630400756e-03 8.445016953196901252e-03
4.750000000000000000e+00 7.272916297979321702e-03 7.486405225541508009e-03 7.852164810830711619e-03 8.065398594892816964e-03
4.775000000000000355e+00 6.926476609841930414e-03 7.130417928735787066e-03 7.496408919263637845e-03 7.700313091482522375e-03
4.799999999999999822e+00 6.594197988157262172e-03 6.788929134877829362e-03 7.154503192517017510e-03 7.349403516318657979e-03
4.825000000000000178e+00 6.275689139924169567e-03 6.461541397246000316e-03 6.826090582629024822e-03 7.012306729359488004e-03
4.849999999999999645e+00 5.970555159093625212e-03 6.147853438421052065e-03 6.510809337408669795e-03 6.688654702594006018e-03
4.875000000000000000e+00 5.678398796884971504e-03 5.847461519761651232e-03 6.208294214387954056e-03 6.378075830426921215e-03
4.900000000000000355e+00 5.398821738207043933e-03 5.559960601329389136e-03 5.918177715029923451e-03 6.080196043858612440e-03
4.924999999999999822e+00 5.131425747415007711e-03 5.284945567442814185e-03 5.640091191701554658e-03 5.794639998067245036e-03
4.950000000000000178e+00 4.875813755148400951e-03 5.022012349191763356e-03 5.373665903354129907e-03 5.521032162856010297e-03
4.974999999999999645e+00 4.631590917410647115e-03 4.770758936829324996e-03 5.118534051536210300e-03 5.258997807862850031e-03
5.000000000000000000e+00 4.398365491214219908e-03 4.530786326403231021e-03 4.874329639639283542e-03 5.008163933038587735e-03
5.025000000000000355e+00 4.175749735385376159e-03 4.301699417051647531e-03 4.640689357707178039e-03 4.768160149527297248e-03
5.049999999999999822e+00 3.963360718337634141e-03 4.083107825684660283e-03 4.417253394187173679e-03 4.538619490975228168e-03
5.075000000000000178e+00 3.760821016610846942e-03 3.874626627739248107e-03 4.203666130957625820e-03 4.319179154009964751e-03
5.099999999999999645e+00 3.567759385488447361e-03 3.675877029094932330e-03 3.999576823161330244e-03 4.109481174255956784e-03
5.125000000000000000e+00 3.383811320563556626e-03 3.486486954226921883e-03 3.804640175215176761e-03 3.909173026206537102e-03
5.150000000000000355e+00 3.208619588714390833e-03 3.306091584189431790e-03 3.618516887574310930e-03 3.717908176738565860e-03
5.174999999999999822e+00 3.041834682608337247e-03 3.134333833273451973e-03 3.440874133351620127e-03 3.535346581471950859e-03
5.200000000000000178e+00 2.883115190381102706e-03 2.970864748714255234e-03 3.271385953568126288e-03 3.361155107580238773e-03
5.224999999999999645e+00 2.732128126440794367e-03 2.815343848875044575e-03 3.109733615284476088e-03 3.195007898318471835e-03
5.250000000000000000e+00 2.588549230325171580e-03 2.667439420514004008e-03 2.955605947464723035e-03 3.036586701693505790e-03
5.275000000000000355e+00 2.452063168758773868e-03 2.526828759202256244e-03 2.808699581402603583e-03 2.885581148357957773e-03
5.299999999999999822e+00 2.322363689046867772e-03 2.393198346341826339e-03 2.668719133897936961e-03 2.741688961997955625e-03
5.325000000000000178e+00 2.199153758742479134e-03 2.266243965517481754e-03 2.535377387116560712e-03 2.604616109985414575e-03
5.349999999999999645e+00 2.082145670053884429e-03 2.145670825858805083e-03 2.408395440977874249e-03 2.474076971097096799e-03
5.375000000000000000e+00 1.971061066294188535e-03 2.031193625083328996e-03 2.287502780582735887e-03 2.349794441681094144e-03
5.400000000000000355e+00 1.865630930296218164e-03 1.922536539378080040e-03 2.172437302991028253e-03 2.231499963854408249e-03
5.424999999999999822e+00 1.765595576078775189e-03 1.819433201879255575e-03 2.062945357461656685e-03 2.118933546827276530e-03
5.450000000000000178e+00 1.670704591292707141e-03 1.721626673751535655e-03 1.958781733545136242e-03 2.011843785524926927e-03
5.474999999999999645e+00 1.580716748911800652e-03 1.628869358807143956e-03 1.859709614575874104e-03 1.909987816662230388e-03
5.500000000000000000e+00 1.495399884281491468e-03 1.540922890791005754e-03 1.765500499201458741e-03 1.813131249367251185e-03
5.525000000000000355e+00 1.414530761934811682e-03 1.457557997018369073e-03 1.675934110266202870e-03 1.721048070137044588e-03
5.549999999999999822e+00 1.337894945223114468e-03 1.378554364962524112e-03 1.590798311820033591e-03 1.633520554906625491e-03
5.575000000000000178e+00 1.265286610384848149e-03 1.303700480873478708e-03 1.509888963125288319e-03 1.550339149870615454e-03
5.599999999999999645e+00 1.196508364629561560e-03 1.232793430242757260e-03 1.433009778521613341e-03 1.471302311192528630e-03
5.625000000000000000e+00 1.131371055009817821e-03 1.165638715865080196e-03 1.359972177054870855e-03 1.396216365109891793e-03
5.650000000000000355e+00 1.069693560703040454e-03 1.102050050094084297e-03 1.290595113903483067e-03 1.324895338483729956e-03
5.674999999999999822e+00 1.011302579479433786e-03 1.041849144141492652e-03 1.224704905764119594e-03 1.257160787342753282e-03
5.700000000000000178e+00 9.560323993287940959e-04 9.848654785857857176e-04 1.162135036004547121e-03 1.192841602105207529e-03
5.724999999999999645e+00 9.037246785890576221e-04 9.309360739506879591e-04 1.102725972784222679e-03 1.131773813583803823e-03
5.750000000000000000e+00 8.542282137718018630e-04 8.799052688054185157e-04 1.046324970463263955e-03 1.073800407056571364e-03
5.775000000000000355e+00 8.073987024719131824e-04 8.316244769161618275e-04 9.927858628907561787e-04 1.018771109929607430e-03
5.799999999999999822e+00 7.630985112994530034e-04 7.859519453578006241e-04 9.419688632333490103e-04 9.665421806168811823e-04
5.825000000000000178e+00 7.211964448468853595e-04 7.427525270382608590e-04 8.937403620733186654e-04 9.169762118558425585e-04
5.849999999999999645e+00 6.815675082467956714e-04 7.018974423496823203e-04 8.479727171940385378e-04 8.699419197652312604e-04
5.875000000000000000e+00 6.440926749876382373e-04 6.632640383705361298e-04 8.045440473918260595e-04 8.253139288794799971e-04
5.900000000000000355e+00 6.086586594962457939e-04 6.267355588516590774e-04 7.633380301037474185e-04 7.829725677205690666e-04
5.924999999999999822e+00 5.751576907541122979e-04 5.922009146553552277e-04 7.242436977940590369e-04 7.428036627985503066e-04
5.950000000000000178e+00 5.434872892481852407e-04 5.595544564574846330e-04 6.871552360912951173e-04 7.046983329410353315e-04
5.974999999999999645e+00 5.135500492987405330e-04 5.286957523413677315e-04 6.519717872143892656e-04 6.685527877031262420e-04
6.000000000000000000e+00 4.852534261330543504e-04 4.995293706036503826e-04 6.185972555049454617e-04 6.342681298250288802e-04
6.025000000000000355e+00 4.585095270592145882e-04 4.719646669463029368e-04 5.869401161167437037e-04 6.017501600363620549e-04
6.049999999999999822e+00 4.332349093416562884e-04 4.459155766861538158e-04 5.569132292865884397e-04 5.709091862094155950e-04
6.075000000000000178e+00 4.093503831865266196e-04 4.213004140294033671e-04 5.284336582827935374e-04 5.416598379513423191e-04
6.099999999999999645e+00 3.867808196885092137e-04 3.980416756717199286e-04 5.014224918395764020e-04 5.139208849179884540e-04
6.125000000000000000e+00 3.654549661213805163e-04 3.760658507766159579e-04 4.758046713580042645e-04 4.876150596915555715e-04
6.150000000000000355e+00 3.453052667750896644e-04 3.553032376868735026e-04 4.515088240337655811e-04 4.626688866598167036e-04
6.174999999999999822e+00 3.262676895460809722e-04 3.356877662729569113e-04 4.284670998217589072e-04 4.390125154964428589e-04
6.200000000000000178e+00 3.082815589462755876e-04 3.171568261346618435e-04 4.066150145311540399e-04 4.165795593782903078e-04
6.224999999999999645e+00 2.912893954277832593e-04 2.996511019863905864e-04 3.858912981443054905e-04 3.953069400133792013e-04
6.250000000000000000e+00 2.752367603142875409e-04 2.831144142274372361e-04 3.662377471238247180e-04 3.751347361674602738e-04
6.275000000000000355e+00 2.600721076546961652e-04 2.674935661697625433e-04 3.475990841183353207e-04 3.560060385319777044e-04
6.299999999999999822e+00 2.457466411354753051e-04 2.527381978604867482e-04 3.299228211969143054e-04 3.378668105928089469e-04
6.325000000000000178e+00 2.322141769171424312e-04 2.388006444060394385e-04 3.131591282038571184e-04 3.206657527173280091e-04
6.349999999999999645e+00 2.194310129520645716e-04 2.256358012842988854e-04 2.972607072435147664e-04 3.043541728923374978e-04
6.375000000000000000e+00 2.073558033442199724e-04 2.132009955625980776e-04 2.821826715473607595e-04 2.888858627322005764e-04
6.400000000000000355e+00 1.959494380537315302e-04 2.014558617976586143e-04 2.678824292633948437e-04 2.742169775733170329e-04
6.424999999999999822e+00 1.851749283308449210e-04 1.903622239170141533e-04 2.543195720981576680e-04 2.603059220225895261e-04
6.450000000000000178e+00 1.749972971434822695e-04 1.798839823839435467e-04 2.414557685214686704e-04 2.471132401161555054e-04
6.474999999999999645e+00 1.653834747548442008e-04 1.699870065358013299e-04 2.292546620714888033e-04 2.346015103858639422e-04
6.500000000000000000e+00 1.563021991038382431e-04 1.606390318911250401e-04 2.176817736294834780e-04 2.227352454807525885e-04
6.525000000000000355e+00 1.477239206863323437e-04 1.518095622260493905e-04 2.067044077646517069e-04 2.114807959145100543e-04
6.549999999999999822e+00 1.396207120942684473e-04 1.434697761514754923e-04 1.962915637787185287e-04 2.008062581289137124e-04
6.575000000000000178e+00 1.319661820982389840e-04 1.355924384080989394e-04 1.864138506255068458e-04 1.906813869599498950e-04
6.599999999999999645e+00 1.247353937483106534e-04 1.281518153980503361e-04 1.770434057170255330e-04 1.810775119317071234e-04
6.625000000000000000e+00 1.179047865855647234e-04 1.211235949463919690e-04 1.681538175985530293e-04 1.719674576494340033e-04
6.650000000000000355e+00 1.114521025774302361e-04 1.144848099245050099e-04 1.597200518815344915e-04 1.633254676317944247e-04
6.674999999999999822e+00 1.053563159251095041e-04 1.082137656413103096e-04 1.517183810644654233e-04 1.551271317278838031e-04
6.700000000000000178e+00 9.959756639875003354e-05 1.022899710883439292e-04 1.441263176113960953e-04 1.473493172540841297e-04
6.724999999999999645e+00 9.415709601603756854e-05 9.669407359633810939e-05 1.369225501845491931e-04 1.399701033148352059e-04
6.750000000000000888e+00 8.901718901668344080e-05 9.140779672940444335e-05 1.300868830285068834e-04 1.329687181664863948e-04
6.775000000000001243e+00 8.416111498786593183e-05 8.641388161559874917e-05 1.236001783282971388e-04 1.263254799272136599e-04
6.799999999999999822e+00 7.957307488905789169e-05 8.169603120462587712e-05 1.174443013015060387e-04 1.200217399850289765e-04
6.825000000000001066e+00 7.523814989069512523e-05 7.723885743165950866e-05 1.116020681503183758e-04 1.140398292643658994e-04
6.849999999999999645e+00 7.114225291010201784e-05 7.302783110117574484e-05 1.060571965077698861e-04 1.083630071200702863e-04
6.875000000000000000e+00 6.727208281318098411e-05 6.904923459805256843e-05 1.007942584381860102e-04 1.029754129500858923e-04
6.900000000000001243e+00 6.361508092337668963e-05 6.529011695676646264e-05 9.579863573772460952e-05 9.786202005755244022e-05
6.924999999999999822e+00 6.015938996165684255e-05 6.173825141871524429e-05 9.105647754537127899e-05 9.300859197350272976e-05
6.950000000000001066e+00 5.689381512108786774e-05 5.838209523462772416e-05 8.655466012430481292e-05 8.840164093933255561e-05
6.974999999999999645e+00 5.380823425584541124e-05 5.521030467443204735e-05 8.228200819449633333e-05 8.402712912122910357e-05
7.000000000000000000e+00 5.089141981825856444e-05 5.221316032095647824e-05 7.822512252719463898e-05 7.987650968736257934e-05
7.025000000000001243e+00 4.813482369621560196e-05 4.938090236948199113e-05 7.437314773433637547e-05 7.593595793418550391e-05
7.049999999999999822e+00 4.552954259644778395e-05 4.670435363144848410e-05 7.071550428594622914e-05 7.219460548459771549e-05
7.075000000000001066e+00 4.306717185309310268e-05 4.417485164682925845e-05 6.724216817817499033e-05 6.864215582435363510e-05
7.099999999999999645e+00 4.073977749235215402e-05 4.178421980574038668e-05 6.394364160125651979e-05 6.526885401031759515e-05
7.125000000000000000e+00 3.853986984302031700e-05 3.952474007936940015e-05 6.081092502248628448e-05 6.206545792794226587e-05
7.150000000000001243e+00 3.646037860386084077e-05 3.738912725752616936e-05 5.783549086211643372e-05 5.902321110151595451e-05
7.174999999999999822e+00 3.449462930110579222e-05 3.537050461630187090e-05 5.500925847123211003e-05 5.613381692893916122e-05
7.200000000000000178e+00 3.263632105058460637e-05 3.346238094279160619e-05 5.232457046202467345e-05 5.338941427194458886e-05
7.224999999999999645e+00 3.087950556081255402e-05 3.165862883888328279e-05 4.977417021734544217e-05 5.078255431993812519e-05
7.250000000000000000e+00 2.921856731027258820e-05 2.995346423855746679e-05 4.735118068496390627e-05 4.830617866936475239e-05
7.275000000000001243e+00 2.764820483056080420e-05 2.834142707061503610e-05 4.504908427692473519e-05 4.595359863239610739e-05
7.299999999999999822e+00 2.616341303947381547e-05 2.681736300648186936e-05 4.286170376454300873e-05 4.371847556770140674e-05
7.325000000000000178e+00 2.475946656385310851e-05 2.537640623308651583e-05 4.078318430285995304e-05 4.159480231803053680e-05
7.349999999999999645e+00 2.343190399767164467e-05 2.401396318968366332e-05 3.880797628259566263e-05 3.957688559514820791e-05
7.375000000000000000e+00 2.217651304643639845e-05 2.272569722375722092e-05 3.693081919610507558e-05 3.765932930932387566e-05
7.400000000000001243e+00 2.098931650697829203e-05 2.150751411030138793e-05 3.514672635483515734e-05 3.583701883053215439e-05
7.424999999999999822e+00 1.986655903577472622e-05 2.035554838594162095e-05 3.345097034465694731e-05 3.410510604451279725e-05
7.450000000000000178e+00 1.880469466355751322e-05 1.926615045493083704e-05 3.183906931824078150e-05 3.245899520601005616e-05
7.474999999999999645e+00 1.780037501479419425e-05 1.823587442411807528e-05 3.030677403198781789e-05 3.089432958035642058e-05
7.500000000000000000e+00 1.685043819084601090e-05 1.726146662388934179e-05 2.885005553119358247e-05 2.940697878347687833e-05
7.525000000000000355e+00 1.595189828094251919e-05 1.633985477995051963e-05 2.746509350060227555e-05 2.799302678764675813e-05
7.549999999999999822e+00 1.510193546540670752e-05 1.546813779482044697e-05 2.614826526924518991e-05 2.664876058090386745e-05
7.575000000000000178e+00 1.429788668097822385e-05 1.464357610990880909e-05 2.489613538811306408e-05 2.537065944608383900e-05
7.599999999999999645e+00 1.353723680913648303e-05 1.386358261277065064e-05 2.370544573823593740e-05 2.415538479274161027e-05
7.625000000000000000e+00 1.281761036544911223e-05 1.312571405905452757e-05 2.257310620956640235e-05 2.299977054366027148e-05
7.650000000000000355e+00 1.213676365838744355e-05 1.242766297948586667e-05 2.149618584667212977e-05 2.190081403989887753e-05
7.674999999999999822e+00 1.149257739095807496e-05 1.176725004542271595e-05 2.047190446372744229e-05 2.085566741190856535e-05
7.700000000000000178e+00 1.088304968173104188e-05 1.114241686740893535e-05 1.949762474195210332e-05 1.986162943419842887e-05
7.724999999999999645e+00 1.030628948047667273e-05 1.055121920184618292e-05 1.857084472301401401e-05 1.891613781305871451e-05
7.750000000000000000e+00 9.760510355998889390e-06 9.991820542881762112e-06 1.768919071170796099e-05 1.801676188431102312e-05
7.775000000000000355e+00 9.244024634815453152e-06 9.462486075918312490e-06 1.685041054467660630e-05 1.716119569723289432e-05
7.799999999999999822e+00 8.755237871801132543e-06 8.961576973916649842e-06 1.605236722953014549e-05 1.634725146537837785e-05
7.825000000000000178e+00 8.292643633694965345e-06 8.487545017842412998e-06 1.529303292518871624e-05 1.557285337869325462e-05
7.849999999999999645e+00 7.854818576831140277e-06 8.038927520795685920e-06 1.457048323525653912e-05 1.483603173708090452e-05
7.875000000000000000e+00 7.440417803351446934e-06 7.614342538987249964e-06 1.388289181379735906e-05 1.413491740303748766e-05
7.900000000000000355e+00 7.048170480053351411e-06 7.212484354981739747e-06 1.322852524323629238e-05 1.346773654365819535e-05
7.924999999999999822e+00 6.676875704321867792e-06 6.832119215849098140e-06 1.260573820484558151e-05 1.283280565690900141e-05
7.950000000000000178e+00 6.325398603371333894e-06 6.472081312207488573e-06 1.201296889490814133e-05 1.222852686709884202e-05
7.974999999999999645e+00 5.992666653454264909e-06 6.131268984422447727e-06 1.144873467802162303e-05 1.165338346132646866e-05
8.000000000000000000e+00 5.677666207053312886e-06 5.808641143186063938e-06 1.091162797532229032e-05 1.110593566487182436e-05
8.025000000000000355e+00 5.379439215739408264e-06 5.503213892558614086e-06 1.040031237770479376e-05 1.058481664225151022e-05
8.050000000000000711e+00 5.097080137622362672e-06 5.214057343464698932e-06 9.913518968737417800e-06 1.008872872007289360e-05
8.074999999999999289e+00 4.829733019067141896e-06 4.940292606854206065e-06 9.450042819043052723e-06 9.616439797995143647e-06
8.099999999999999645e+00 4.576588740717363813e-06 4.681088956588312790e-06 9.008739688605145544e-06 9.166779950893038227e-06
8.125000000000000000e+00 4.336882418364736937e-06 4.435661152292611184e-06 8.588522897612910884e-06 8.738638220277916393e-06
8.150000000000000355e+00 4.109890949924977256e-06 4.203266912731633489e-06 8.188360348218631037e-06 8.330959562594208014e-06
8.175000000000000711e+00 3.894930700280142332e-06 3.983204531437375479e-06 7.807271722843097105e-06 7.942741964281488915e-06
8.199999999999999289e+00 3.691355316179938217e-06 3.774810626626837473e-06 7.444325825841837253e-06 7.573033714530528357e-06
8.224999999999999645e+00 3.498553663721049075e-06 3.577458017509260044e-06 7.098638056279841136e-06 7.220930816807254325e-06
8.250000000000000000e+00 3.315947881490174399e-06 3.390553719887563607e-06 6.769368019080024358e-06 6.885574534515990380e-06
8.275000000000000355e+00 3.142991542839603029e-06 3.213537054345532872e-06 6.455717262834367284e-06 6.566149070235587846e-06
8.300000000000000711e+00 2.979167921058285386e-06 3.045877860504081669e-06 6.156927130280092859e-06 6.261879362783610953e-06
8.324999999999999289e+00 2.823988351635660717e-06 2.887074811410107584e-06 5.872276726809653536e-06 5.972029001349812131e-06
8.349999999999999645e+00 2.676990686114258648e-06 2.736653822365872472e-06 5.601080996528303480e-06 5.695898250728014834e-06
8.375000000000000000e+00 2.537737832348312530e-06 2.594166548814485567e-06 5.342688896302173139e-06 5.432822180786846478e-06
8.400000000000000355e+00 2.405816376259798996e-06 2.459188968225909089e-06 5.096481662029764745e-06 5.182168889964869869e-06
8.425000000000000711e+00 2.280835280510759503e-06 2.331320041288145981e-06 4.861871166999437679e-06 4.943337822264093802e-06
8.449999999999999289e+00 2.162424655694655116e-06 2.210180447827017495e-06 4.638298368773508931e-06 4.715758172298098968e-06
8.474999999999999645e+00 2.050234600029155741e-06 2.095411393279617876e-06 4.425231838813140702e-06 4.498887377888739666e-06
8.500000000000000000e+00 1.943934103609516304e-06 1.986673481718118148e-06 4.222166358116476491e-06 4.292209685754213853e-06
8.525000000000000355e+00 1.843210013614395553e-06 1.883645651684375896e-06 4.028621595669486736e-06 4.095234792160783989e-06
8.550000000000000711e+00 1.747766057022914600e-06 1.786024171226575004e-06 3.844140852562566809e-06 3.907496558078987382e-06
8.574999999999999289e+00 1.657321917600433267e-06 1.693521688864593074e-06 3.668289867208255201e-06 3.728551786148404817e-06
8.599999999999999645e+00 1.571612364080928785e-06 1.605866337280030700e-06 3.500655687349402870e-06 3.557979063684191323e-06
8.625000000000000000e+00 1.490386426713346425e-06 1.522800886793268896e-06 3.340845597303172121e-06 3.395377664412483450e-06
8.650000000000000355e+00 1.413406619396559299e-06 1.444081945799604726e-06 3.188486104181796181e-06 3.240366508777956123e-06
8.675000000000000711e+00 1.340448204873719844e-06 1.369479205539949655e-06 3.043221971694889007e-06 3.092583176753556299e-06
8.699999999999999289e+00 1.271298500551977775e-06 1.298774726692152093e-06 2.904715304367034138e-06 2.951682969908189991e-06
8.724999999999999645e+00 1.205756222688249394e-06 1.231762265440405487e-06 2.772644681753479552e-06 2.817338023328061448e-06
8.750000000000000000e+00 1.143630866786996200e-06 1.168246636833647784e-06 2.646704336935243867e-06 2.689236464586119426e-06
8.775000000000000355e+00 1.084742122152567024e-06 1.108043113291882290e-06 2.526603372554435192e-06 2.567081613909415292e-06
8.800000000000000711e+00 1.028919318719238961e-06 1.050976856323607543e-06 2.412065019688749604e-06 2.450591223927843191e-06
8.824999999999999289e+00 9.760009043388279506e-07 9.968823795897844529e-07 2.302825938317898735e-06 2.339496762136062408e-06
8.849999999999999645e+00 9.258339508206813365e-07 9.456030415331328241e-07 2.198635546585774094e-06 2.233542727945007098e-06
8.875000000000000000e+00 8.782736871414273670e-07 8.969905659712038731e-07 2.099255387970301243e-06 2.132486003173593962e-06
8.900000000000000355e+00 8.331830582702189443e-07 8.509045890437715920e-07 2.004458531034731800e-06 2.036095238288838406e-06
8.925000000000000711e+00 7.904323082156567844e-07 8.072122310563019422e-07 1.914028997851721971e-06 1.944150267855735434e-06
8.949999999999999289e+00 7.498985859285500883e-07 7.657876918445812819e-07 1.827761224535302002e-06 1.856441557823282358e-06
8.974999999999999645e+00 7.114655727932319908e-07 7.265118683272372148e-07 1.745459544369254326e-06 1.772769679009253000e-06
9.000000000000000000e+00 6.750231305114192671e-07 6.892719930317859245e-07 1.666937700979943896e-06 1.692944807307391788e-06
9.025000000000000355e+00 6.404669682368794109e-07 6.539612924160195859e-07 1.592018386083254186e-06 1.616786251168308537e-06
9.050000000000000711e+00 6.076983278994438403e-07 6.204786638810829591e-07 1.520532797259189917e-06 1.544122001017118580e-06
9.074999999999999289e+00 5.766236867071861812e-07 5.887283704516406888e-07 1.452320220521104967e-06 1.474788301345802118e-06
9.099999999999999645e+00 5.471544758704760197e-07 5.586197521204117775e-07 1.387227634355303119e-06 1.408629245693025889e-06
9.125000000000000000e+00 5.192068146631265156e-07 5.300669529566619754e-07 1.325109332608894714e-06 1.345496391615549863e-06
9.150000000000000355e+00 4.927012589577764389e-07 5.029886630958633245e-07 1.265826565972768986e-06 1.285248394648035469e-06
9.175000000000000711e+00 4.675625634414357392e-07 4.773078747794605178e-07 1.209247201897096211e-06 1.227750660397767603e-06
9.199999999999999289e+00 4.437194567590917541e-07 4.529516516746112345e-07 1.155245402499234147e-06 1.172875015009198275e-06
9.224999999999999645e+00 4.211044288705620410e-07 4.298509107491480397e-07 1.103701316926439771e-06 1.120499391669234507e-06
9.250000000000000000e+00 3.996535299422372257e-07 4.079402159917240395e-07 1.054500789783693335e-06 1.070507532347200038e-06
9.275000000000000355e+00 3.793061801451849806e-07 3.871575833338498316e-07 1.007535085043667506e-06 1.022788705336302761e-06
9.300000000000000711e+00 3.600049897540861556e-07 3.674442961531303018e-07 9.627006215805874450e-07 9.772374362593813914e-07
9.324999999999999289e+00 3.416955889871778097e-07 3.487447307766541348e-07 9.198987236552626747e-07 9.337532521140883478e-07
9.349999999999999645e+00 3.243264670464947388e-07 3.310061914368184354e-07 8.790353836777808313e-07 8.922404394016617053e-07
9.375000000000000000e+00 3.078488198556828985e-07 3.141787541541425840e-07 8.400210352238425081e-07 8.526078127115237297e-07
9.400000000000000355e+00 2.922164060195115012e-07 2.982151190621112407e-07 8.027703398748690374e-07 8.147684960760738089e-07
9.425000000000000711e+00 2.773854105525356292e-07 2.830704707085546183e-07 7.672019819689863427e-07 7.786397146495198038e-07
9.449999999999999289e+00 2.633143159535066587e-07 2.687023458964036923e-07 7.332384747273656577e-07 7.441425961203047631e-07
9.474999999999999645e+00 2.499637802232812169e-07 2.550705086520053682e-07 7.008059764516828613e-07 7.112019829796088027e-07
9.500000000000000000e+00 2.372965214464204762e-07 2.421368319299208009e-07 6.698341149570029216e-07 6.797462535303410880e-07
9.525000000000000355e+00 2.252772085790577157e-07 2.298651856865981407e-07 6.402558207723814668e-07 6.497071518254613482e-07
9.550000000000000711e+00 2.138723581036735498e-07 2.182213309747194170e-07 6.120071684944229610e-07 6.210196255870815015e-07
9.574999999999999289e+00 2.030502362319760042e-07 2.071728197301331131e-07 5.850272266715967413e-07 5.936216728234173193e-07
9.599999999999999645e+00 1.927807663526961903e-07 1.966888999402474402e-07 5.592579140146030564e-07 5.674541954958009282e-07
9.625000000000000000e+00 1.830354414400492423e-07 1.867404259013026093e-07 5.346438630048284176e-07 5.424608603248471916e-07
9.650000000000000355e+00 1.737872411529847849e-07 1.772997732875032084e-07 5.111322904914545448e-07 5.185879664845922810e-07
9.675000000000000711e+00 1.650105533697561006e-07 1.683407587701220718e-07 4.886728747812892581e-07 4.957843202334602372e-07
9.699999999999999289e+00 1.566810999179648498e-07 1.598385639394000463e-07 4.672176379163736338e-07 4.740011151681386381e-07
9.724999999999999645e+00 1.487758662725010327e-07 1.517696632956627896e-07 4.467208343116664351e-07 4.531918184020658150e-07
9.750000000000000000e+00 1.412730350061791766e-07 1.441117560890029947e-07 4.271388443850230488e-07 4.333120623013740273e-07
9.775000000000000355e+00 1.341519227902342306e-07 1.368437017991227835e-07 4.084300738226713916e-07 4.143195414546769062e-07
9.800000000000000711e+00 1.273929207523959502e-07 1.299454590577079186e-07 3.905548576338573096e-07 3.961739149903639353e-07
9.824999999999999289e+00 1.209774380116722059e-07 1.233980278276469534e-07 3.734753683883901884e-07 3.788367131496673442e-07
9.849999999999999645e+00 1.148878482178326218e-07 1.171833946628366441e-07 3.571555296348888183e-07 3.622712487298476346e-07
9.875000000000000000e+00 1.091074389336823659e-07 1.112844808820468011e-07 3.415609328871882798e-07 3.464425327336039036e-07
9.900000000000000355e+00 1.036203637067926311e-07 1.056850934996393010e-07 3.266587588786303824e-07 3.313171939604356374e-07
9.925000000000000711e+00 9.841159668617117156e-08 1.003698787645564349e-07 3.124177028113486831e-07 3.168634027386580982e-07
9.949999999999999289e+00 9.346688964674323889e-08 9.532427816710221289e-08 2.988079029638617398e-07 3.030507982549519806e-07
9.974999999999999645e+00 8.877273129215076962e-08 9.053448678060257319e-08 2.858008726563353558e-07 2.898504192990709250e-07
1.000000000000000000e+01 8.431630871349113999e-08 8.598741381236590399e-08 2.733694356218516542e-07 2.772346383022583514e-07
1.002500000000000036e+01 8.008547088833027986e-08 8.167064524504951674e-08 2.614876645369457169e-07 2.651770987114389114e-07
1.005000000000000071e+01 7.606869411065230076e-08 7.757240845657292609e-08 2.501308223660912871e-07 2.536526552413986138e-07
1.007499999999999929e+01 7.225504924792770822e-08 7.368153871200720271e-08 2.392753067733550851e-07 2.426373171448414322e-07
1.009999999999999964e+01 6.863417072786953216e-08 6.998744742725807972e-08 2.288985968732787469e-07 2.321081941159994335e-07
1.012500000000000000e+01 6.519622716205765203e-08 6.648009210963787998e-08 2.189792025637091712e-07 2.220434446651702298e-07
1.015000000000000036e+01 6.193189351902891190e-08 6.314994788556405184e-08 2.094966165320129998e-07 2.124222270936622538e-07
1.017500000000000071e+01 5.883232476403677899e-08 5.998798053041829280e-08 2.004312683959140746e-07 2.032246528721255074e-07
1.019999999999999929e+01 5.588913088717633353e-08 5.698562092037866456e-08 1.917644810057093133e-07 1.944317421191363163e-07
1.022499999999999964e+01 5.309435324583160175e-08 5.413474083025604809e-08 1.834784288938581604e-07 1.860253812908611934e-07
1.025000000000000000e+01 5.044044215136186505e-08 5.142763000544606800e-08 1.755560986393981184e-07 1.779882828086622581e-07
1.027500000000000036e+01 4.792023563382148688e-08 4.885697444016943617e-08 1.679812511100957653e-07 1.703039466608063781e-07
1.030000000000000071e+01 4.552693932202502398e-08 4.641583579772948927e-08 1.607383854633654166e-07 1.629566237122127812e-07
1.032499999999999929e+01 4.325410737955488374e-08 4.409763191188058569e-08 1.538127051515078478e-07 1.559312809757264267e-07
1.034999999999999964e+01 4.109562444070425984e-08 4.189611831189648815e-08 1.471900850941399304e-07 1.492135684031141199e-07
1.037500000000000000e+01 3.904568849321371695e-08 3.980537071691743383e-08 1.408570406129045850e-07 1.427897871421963360e-07
1.040000000000000036e+01 3.709879465757536812e-08 3.781976844802669810e-08 1.348006979548755706e-07 1.366468594977236908e-07
1.042500000000000071e+01 3.524971981538765846e-08 3.593397870944335942e-08 1.290087659644437660e-07 1.307723001869329760e-07
1.044999999999999929e+01 3.349350804174307141e-08 3.414294169266797000e-08 1.234695092465053536e-07 1.251541889661936256e-07
1.047499999999999964e+01 3.182545679911893564e-08 3.244185645997457230e-08 1.181717225426778677e-07 1.197811445685284334e-07
1.050000000000000000e+01 3.024110385247417013e-08 3.082616756598583165e-08 1.131047063741507829e-07 1.146422998774743993e-07
1.052500000000000036e+01 2.873621486743884653e-08 2.929155237832731351e-08 1.082582437954822942e-07 1.097272782978786736e-07
1.055000000000000071e+01 2.730677165549033367e-08 2.783390906031940695e-08 1.036225781012400301e-07 1.050261711384559941e-07
1.057499999999999929e+01 2.594896103197921981e-08 2.644934518073869742e-08 9.918839176002802917e-08 1.005295160769711202e-07
1.059999999999999964e+01 2.465916425467537990e-08 2.513416691757392579e-08 9.494678634993342554e-08 9.622827674832133077e-08
1.062500000000000000e+01 2.343394701223580410e-08 2.388486882440200641e-08 9.088926323039628551e-08 9.211382317183992319e-08
1.065000000000000036e+01 2.227004993362761292e-08 2.269812412973588638e-08 8.700770529907189773e-08 8.817791309922473419e-08
1.067500000000000071e+01 2.116437959108235643e-08 2.157077554125764604e-08 8.329435961108582833e-08 8.441267433663419810e-08
1.069999999999999929e+01 2.011399997061964709e-08 2.049982652834784443e-08 7.974182062875718481e-08 8.081058778790994712e-08
1.072499999999999964e+01 1.911612438556975864e-08 1.948243305775389701e-08 7.634301442423435581e-08 7.736447129723845103e-08
1.075000000000000000e+01 1.816810780981893058e-08 1.851589575856968133e-08 7.309118356903174897e-08 7.406746431803628104e-08
1.077500000000000036e+01 1.726743960874903925e-08 1.759765249396507543e-08 6.997987268681998147e-08 7.091301321362639639e-08
1.080000000000000071e+01 1.641173664701026279e-08 1.672527131831800864e-08 6.700291474288875107e-08 6.789485730844021612e-08
1.082499999999999929e+01 1.559873675336940529e-08 1.589644379951692459e-08 6.415441786799425705e-08 6.500701551588516094e-08
1.084999999999999964e+01 1.482629252393155983e-08 1.510897868729267077e-08 6.142875292282192237e-08 6.224377364231246415e-08
1.087500000000000000e+01 1.409236544601882893e-08 1.436079590944714190e-08 5.882054152567898718e-08 5.959967226332641558e-08
1.090000000000000036e+01 1.339502032593351016e-08 1.364992087880574118e-08 5.632464471124221238e-08 5.706949514695692945e-08
1.092500000000000071e+01 1.273242000471666095e-08 1.297447909463930857e-08 5.393615209663622491e-08 5.464825826017190400e-08
1.094999999999999929e+01 1.210282034685299042e-08 1.233269102315255647e-08 5.165037149170885132e-08 5.233119921803061616e-08
1.097499999999999964e+01 1.150456548767544885e-08 1.172286724245614261e-08 4.946281905131142571e-08 5.011376725619655956e-08
1.100000000000000000e+01 1.093608332596853747e-08 1.114340383821260161e-08 4.736920986964051732e-08 4.799161365830109226e-08
1.102500000000000036e+01 1.039588124898147294e-08 1.059277803686748755e-08 4.536544901899643150e-08 4.596058265523796958e-08
1.105000000000000071e+01 9.882542077744771302e-09 1.006954406407942094e-08 4.344762291643454377e-08 4.401670268146943957e-08
1.107499999999999929e+01 9.394720221215517661e-09 9.572329216609540534e-09 4.161199120884383079e-08 4.215617806841444178e-08
1.109999999999999964e+01 8.931138028380786865e-09 9.099830136550144201e-09 3.985497897701113385e-08 4.037538115062517728e-08
1.112500000000000000e+01 8.490582328023609190e-09 8.650809277358658375e-09 3.817316924246586588e-08 3.867084467139934800e-08
1.115000000000000036e+01 8.071901146399772656e-09 8.224091551721966653e-09 3.656329590068713688e-08 3.703925456377027343e-08
1.117500000000000071e+01 7.674000593578727553e-09 7.818561151795514934e-09 3.502223695794732249e-08 3.547744308449334263e-08
1.119999999999999929e+01 7.295841909694170167e-09 7.433158532858781557e-09 3.354700806506726954e-08 3.398238224768118419e-08
1.122499999999999964e+01 6.936438662808872832e-09 7.066877551905203277e-09 3.213475631613833640e-08 3.255117754462279427e-08
1.125000000000000000e+01 6.594854090530942059e-09 6.718762753125442508e-09 3.078275437248106377e-08 3.118106194274202827e-08
1.127500000000000036e+01 6.270198577931011185e-09 6.387906792663947663e-09 2.948839487335041208e-08 2.986939020700638155e-08
1.130000000000000071e+01 5.961627264702992462e-09 6.073447995431595353e-09 2.824918502485370670e-08 2.861363343102690910e-08
1.132499999999999929e+01 5.668337774878992994e-09 5.774568037134122133e-09 2.706274150777602469e-08 2.741137383239409326e-08
1.134999999999999964e+01 5.389568062757955895e-09 5.490489745034457585e-09 2.592678558850349210e-08 2.626029979927041794e-08
1.137500000000000000e+01 5.124594369040397500e-09 5.220475011304542047e-09 2.483913845013162783e-08 2.515820114465686301e-08
1.140000000000000036e+01 4.872729281475922737e-09 4.963822813147163566e-09 2.379771674466504632e-08 2.410296458840147475e-08
1.142500000000000071e+01 4.633319894625678780e-09 4.719867334168644996e-09 2.280052833617580806e-08 2.309256943342610264e-08
1.144999999999999929e+01 4.405746063625959281e-09 4.487976181774616316e-09 2.184566824970108026e-08 2.212508344881709423e-08
1.147499999999999964e+01 4.189418747103535071e-09 4.267548695631803747e-09 2.093131478034258053e-08 2.119865892615705460e-08
1.150000000000000000e+01 3.983778434648402979e-09 4.058014342498098300e-09 2.005572580876824651e-08 2.031152892268020437e-08
1.152500000000000036e+01 3.788293654487127963e-09 3.858831192969949109e-09 1.921723526732960159e-08 1.946200368100093720e-08
1.155000000000000071e+01 3.602459557226980488e-09 3.669484475923918360e-09 1.841424976584240597e-08 1.864846719923817923e-08
1.157499999999999929e+01 3.425796571757277921e-09 3.489485206652826965e-09 1.764524536516766163e-08 1.786937396152977144e-08
1.159999999999999964e+01 3.257849129596270024e-09 3.318368884903605215e-09 1.690876450596020237e-08 1.712324580744559444e-08
1.162500000000000000e+01 3.098184454165570225e-09 3.155694259221117886e-09 1.620341307998388410e-08 1.640866896356354296e-08
1.165000000000000036e+01 2.946391411656423874e-09 3.001042154189085888e-09 1.552785760655409552e-08 1.572429118158025533e-08
1.167500000000000071e+01 2.802079420325754279e-09 2.854014357337151479e-09 1.488082257239147467e-08 1.506881902580313094e-08
1.169999999999999929e+01 2.664877415222973324e-09 2.714232562649089208e-09 1.426108785980457527e-08 1.444101527272095485e-08
1.172499999999999964e+01 2.534432865505397995e-09 2.581337367768165140e-09 1.366748630634654199e-08 1.383969642764223634e-08
1.175000000000000000e+01 2.410410841645865431e-09 2.454987322144976596e-09 1.309890137620846119e-08 1.326373035751624423e-08
1.177500000000000036e+01 2.292493129976680430e-09 2.334858023515743227e-09 1.255426493174669843e-08 1.271203403200139860e-08
1.180000000000000071e+01 2.180377392146084972e-09 2.220641260235161786e-09 1.203255509577807817e-08 1.218357135658905105e-08
1.182499999999999929e+01 2.073776367188556623e-09 2.112044197115250393e-09 1.153279422052068871e-08 1.167735110626320847e-08
1.184999999999999964e+01 1.972417114029238379e-09 2.008788602543426545e-09 1.105404694290993238e-08 1.119242495291683326e-08
1.187500000000000000e+01 1.876040292355359484e-09 1.910610114768145490e-09 1.059541833398392228e-08 1.072788558244813906e-08
1.190000000000000036e+01 1.784399479894109219e-09 1.817257545349382181e-09 1.015605212046013062e-08 1.028286489649422339e-08
1.192500000000000071e+01 1.697260524237722410e-09 1.728492217874819832e-09 9.735128987434174160e-09 9.856532286108280806e-09
1.194999999999999929e+01 1.614400927452260278e-09 1.644087340140420729e-09 9.331864968211831644e-09 9.448092994433538854e-09
1.197499999999999964e+01 1.535609261797565262e-09 1.563827408087073911e-09 8.945509888901594085e-09 9.056786544191928422e-09
1.200000000000000000e+01 1.460684614971938051e-09 1.487507639873018468e-09 8.575345892606353733e-09 8.681885236029401108e-09
1.202500000000000036e+01 1.389436063376772673e-09 1.414933438545207899e-09 8.220686026558637451e-09 8.322692715330691639e-09
1.205000000000000071e+01 1.321682171973752905e-09 1.345919881851888775e-09 7.880872892722566295e-09 7.978542602417595438e-09
1.207499999999999929e+01 1.257250519380712847e-09 1.280291237813643017e-09 7.555277357177109072e-09 7.648797183364666066e-09
1.209999999999999964e+01 1.195977246921703797e-09 1.217880504741363796e-09 7.243297321097219568e-09 7.332846160105857427e-09
1.212500000000000000e+01 1.137706630412888520e-09 1.158528974456865159e-09 6.944356540149827730e-09 7.030105456574168911e-09
1.215000000000000036e+01 1.082290673528451067e-09 1.102085817535953712e-09 6.657903493126195091e-09 6.740016070872150415e-09
1.217500000000000071e+01 1.029588721649801230e-09 1.048407689454190404e-09 6.383410314917878172e-09 6.462042986178600965e-09
1.219999999999999929e+01 9.794670951578646429e-10 9.973583565731219249e-10 6.120371764002152521e-09 6.195674129466096648e-09
1.222499999999999964e+01 9.317987411813644611e-10 9.488083409592265582e-10 5.868304235368842768e-09 5.940419369263200380e-09
1.225000000000000000e+01 8.864629028646797497e-10 9.026345830794676337e-10 5.626744825868853804e-09 5.695809563945414643e-09
1.227500000000000036e+01 8.433448052667171577e-10 8.587201214663315173e-10 5.395250434573880730e-09 5.461395651218791530e-09
1.230000000000000071e+01 8.023353570477682524e-10 8.169537884916557831e-10 5.173396904301243425e-09 5.236747776740241029e-09
1.232499999999999929e+01 7.633308671444073353e-10 7.772299214326344988e-10 4.960778200658689868e-09 5.021454461350773408e-09
1.234999999999999964e+01 7.262327756733794462e-10 7.394480880551270879e-10 4.757005627330580287e-09 4.815121804935072413e-09
1.237500000000000000e+01 6.909473983442082444e-10 7.035128259790089464e-10 4.561707075683756858e-09 4.617372725274702742e-09
1.240000000000000036e+01 6.573856836970367325e-10 6.693333951278949753e-10 4.374526307951517500e-09 4.427846230547710327e-09
1.242500000000000071e+01 6.254629825171098470e-10 6.368235426011758639e-10 4.195122269223854224e-09 4.246196723030421615e-09
1.244999999999999929e+01 5.950988288103713856e-10 6.059012793401177634e-10 4.023168433649603695e-09 4.072093333179188752e-09
1.247499999999999964e+01 5.662167317560353159e-10 5.764886679918106255e-10 3.858352178618129244e-09 3.905219286195855739e-09
1.250000000000000000e+01 5.387439780817854163e-10 5.485116214051535033e-10 3.700374181779383910e-09 3.745271291593863293e-09
1.252500000000000036e+01 5.126114443354585812e-10 5.218997112219287553e-10 3.548947851164945722e-09 3.591958962727264101e-09
1.255000000000000071e+01 4.877534185538812153e-10 4.965859860533257336e-10 3.403798776050891397e-09 3.445004261362270876e-09
1.257499999999999929e+01 4.641074308549374238e-10 4.725067987582765500e-10 3.264664203172577899e-09 3.304140965972692626e-09
1.259999999999999964e+01 4.416140925030196950e-10 4.496016423645329463e-10 3.131292534054868882e-09 3.169114162985920129e-09
1.262500000000000000e+01 4.202169430209218504e-10 4.278129941967837379e-10 3.003442845542490149e-09 3.039679759565450341e-09
1.265000000000000036e+01 3.998623049429146976e-10 4.070861677982750484e-10 2.880884433208840152e-09 2.915604019856839709e-09
1.267500000000000071e+01 3.804991458243177359e-10 3.873691722533945694e-10 2.763396372542792031e-09 2.796663120752685533e-09
1.269999999999999929e+01 3.620789471424157875e-10 3.686125785386217151e-10 2.650767098269777880e-09 2.682642726123778001e-09
1.272499999999999964e+01 3.445555797421121282e-10 3.507693925481671947e-10 2.542794004327642803e-09 2.573337579546374257e-09
1.275000000000000000e+01 3.278851854972618457e-10 3.337949344585797906e-10 2.439283061189313523e-09 2.468551116910869338e-09
1.277500000000000036e+01 3.120260648753344247e-10 3.176467241136044478e-10 2.340048445442697965e-09 2.368095092457019207e-09
1.280000000000000071e+01 2.969385701088739769e-10 3.022843721267630304e-10 2.244912191942789893e-09 2.271789223000717933e-09
1.282499999999999929e+01 2.825850036922386012e-10 2.876694764144385621e-10 2.153703858052124020e-09 2.179460849213973795e-09
1.284999999999999964e+01 2.689295219363655553e-10 2.737655238868006979e-10 2.066260200750542245e-09 2.090944608594206425e-09
1.287500000000000000e+01 2.559380433278230359e-10 2.605377970377196434e-10 1.982424870356283488e-09 2.006082124235263272e-09
1.290000000000000036e+01 2.435781614512433791e-10 2.479532851879048395e-10 1.902048116031616689e-09 1.924721706472006771e-09
1.292500000000000071e+01 2.318190622464220372e-10 2.359806001479430422e-10 1.824986505861108629e-09 1.846718068473037300e-09
1.294999999999999929e+01 2.206314453829223965e-10 2.245898960797146862e-10 1.751102657561830077e-09 1.771932053777171926e-09
1.297499999999999964e+01 2.099874495459890008e-10 2.137527933458528108e-10 1.680264980407091150e-09 1.700230375085443773e-09
1.300000000000000000e+01 1.998605814379951987e-10 2.034423061475414632e-10 1.612347429029171872e-09 1.631485364118212076e-09
1.302500000000000036e+01 1.902256483095250595e-10 1.936327737610341059e-10 1.547229268233745946e-09 1.565574733250454794e-09
1.305000000000000071e+01 1.810586938435727033e-10 1.842997951928450016e-10 1.484794847164447911e-09 1.502381346674631732e-09
1.307499999999999929e+01 1.723369372252417772e-10 1.754201670826460703e-10 1.424933384761794363e-09 1.441793002362110778e-09
1.309999999999999964e+01 1.640387152377851108e-10 1.669718246915377642e-10 1.367538762465117208e-09 1.383702222880085784e-09
1.312500000000000000e+01 1.561434272338369644e-10 1.589337858215347896e-10 1.312509326845157300e-09 1.328006054765860274e-09
1.315000000000000036e+01 1.486314828383082055e-10 1.512860975198816620e-10 1.259747700974356525e-09 1.274605877398788553e-09
1.317500000000000071e+01 1.414842522466441504e-10 1.440097854291896926e-10 1.209160603286428252e-09 1.223407219466916465e-09
1.319999999999999929e+01 1.346840189890017489e-10 1.370868056513833799e-10 1.160658675491184597e-09 1.174319584091486281e-09
1.322499999999999964e+01 1.282139350374200927e-10 1.304999990000934661e-10 1.114156316258094388e-09 1.127256281028580756e-09
1.325000000000000000e+01 1.220579781392414052e-10 1.242330475224430113e-10 1.069571522872747610e-09 1.082134265717414924e-09
1.327500000000000036e+01 1.162009112659078700e-10 1.182704331771603804e-10 1.026825739855003207e-09 1.038873985932551242e-09
1.330000000000000071e+01 1.106282440718341911e-10 1.125973985616396623e-10 9.858437137044392067e-10 9.973992345510081141e-10
1.332499999999999929e+01 1.053261962633490532e-10 1.071999095859683430e-10 9.465533543044701017e-10 9.576370090880812807e-10
1.334999999999999964e+01 1.002816627827200341e-10 1.020646199970664158e-10 9.088856018809591804e-10 9.195173768688358566e-10
1.337500000000000000e+01 9.548218071705012929e-11 9.717883766094972601e-11 8.727743000717516128e-10 8.829733463870506895e-10
1.340000000000000036e+01 9.091589784635905139e-11 9.253049251574708830e-11 8.381560740748202177e-10 8.479407438230741686e-10
1.342500000000000071e+01 8.657154274946902605e-11 8.810810611249278807e-11 8.049702143949857162e-10 8.143580952281060770e-10
1.344999999999999929e+01 8.243839639039322144e-11 8.390076266487752989e-11 7.731585652360812381e-10 7.821665134288801151e-10
1.347499999999999964e+01 7.850626511180778480e-11 7.989808153310049577e-11 7.426654180285352083e-10 7.513095901250545065e-10
1.350000000000000178e+01 7.476545496586795341e-11 7.609019107071880430e-11 7.134374091855916876e-10 7.217332922997365583e-10
1.352500000000000213e+01 7.120674731612813347e-11 7.246770376695975238e-11 6.854234226480234454e-10 6.933858634133583005e-10
1.355000000000000249e+01 6.782137564764688023e-11 6.902169262034896537e-11 6.585744959224578577e-10 6.662177284373306303e-10
1.357499999999999929e+01 6.460100352551107999e-11 6.574366868272324598e-11 6.328437310022850582e-10 6.401814032014497264e-10
1.359999999999999964e+01 6.153770364501094969e-11 6.262555971575421074e-11 6.081862090268960599e-10 6.152314079608638522e-10
1.362500000000000000e+01 5.862393791954273844e-11 5.965968990501070730e-11 5.845589080098755140e-10 5.913241843436476019e-10
1.365000000000000213e+01 5.585253855501822023e-11 5.683876057934322204e-11 5.619206241382731735e-10 5.684180155947687467e-10
1.367500000000000249e+01 5.321669006212735184e-11 5.415583188599291586e-11 5.402318970695133197e-10 5.464729505706066456e-10
1.369999999999999929e+01 5.070991216023995434e-11 5.160430537431425719e-11 5.194549381571401157e-10 5.254507311890600591e-10
1.372499999999999964e+01 4.832604352904719355e-11 4.917790744336229297e-11 4.995535613689527230e-10 5.053147225919053302e-10
1.375000000000000000e+01 4.605922636624621632e-11 4.687067361084039247e-11 4.804931178494506630e-10 4.860298465317459247e-10
1.377500000000000213e+01 4.390389171166011807e-11 4.467693356303554248e-11 4.622404329760776614e-10 4.675625177918774854e-10
1.380000000000000249e+01 4.185474550017240797e-11 4.259129694739376627e-11 4.447637460444394011e-10 4.498805830564679842e-10
1.382499999999999929e+01 3.990675530774270013e-11 4.060863987131275200e-11 4.280326527835638701e-10 4.329532626483494609e-10
1.384999999999999964e+01 3.805513775656229043e-11 3.872409207255678072e-11 4.120180499197551972e-10 4.167510945225897634e-10
1.387500000000000000e+01 3.629534654711335661e-11 3.693302472843671167e-11 3.966920827062819126e-10 4.012458808460300784e-10
1.390000000000000213e+01 3.462306108651324534e-11 3.523103887254769731e-11 3.820280944462592581e-10 3.864106370250730716e-10
1.392500000000000249e+01 3.303417568406493221e-11 3.361395438942730283e-11 3.680005781783176833e-10 3.722195427173742367e-10
1.394999999999999929e+01 3.152478928639632357e-11 3.207779955898626908e-11 3.545851304450847235e-10 3.586478951007293796e-10
1.397499999999999964e+01 3.009119572596129455e-11 3.061880112398206883e-11 3.417584069915771129e-10 3.456720639289513467e-10
1.400000000000000000e+01 2.872987445799614575e-11 2.923337485515196544e-11 3.294980810077288881e-10 3.332694490147314292e-10
1.402500000000000213e+01 2.743748176228069469e-11 2.791811658990192514e-11 3.177828023342738335e-10 3.214184393077789105e-10
1.405000000000000249e+01 2.621084238724749301e-11 2.666979372166577685e-11 3.065921588327614351e-10 3.100983735403524313e-10
1.407499999999999929e+01 2.504694161511733519e-11 2.548533711820534749e-11 2.959066397049577438e-10 2.992895030271655793e-10
1.409999999999999964e+01 2.394291772781836937e-11 2.436183344822284181e-11 2.857076000730602095e-10 2.889729558793665243e-10
1.412500000000000000e+01 2.289605485447262246e-11 2.329651789670264096e-11 2.759772273305052823e-10 2.791307028915461739e-10
1.415000000000000213e+01 2.190377618220959273e-11 2.228676725039515443e-11 2.666985087279596894e-10 2.697455247938215560e-10
1.417500000000000249e+01 2.096363751299497581e-11 2.133009333580104367e-11 2.578552006309505173e-10 2.608009810261480947e-10
1.419999999999999929e+01 2.007332115004570596e-11 2.042413679291501632e-11 2.494317990730661524e-10 2.522813799425087522e-10
1.422499999999999964e+01 1.923063009824274170e-11 1.956666116884427619e-11 2.414135117558250280e-10 2.441717503810424915e-10
1.425000000000000000e+01 1.843348256375262750e-11 1.875554731623232097e-11 2.337862312144081908e-10 2.364578145627527052e-10
1.427500000000000036e+01 1.767990673882958830e-11 1.798878808219376990e-11 2.265365091677002142e-10 2.291259620917114500e-10
1.430000000000000249e+01 1.696803585849432992e-11 1.726448327420457964e-11 2.196515320349032393e-10 2.221632252156449572e-10
1.432499999999999929e+01 1.629610351647551283e-11 1.658083489009483825e-11 2.131190975372291980e-10 2.155572550801680979e-10
1.434999999999999964e+01 1.566243922845610197e-11 1.593614259996042284e-11 2.069275926336886521e-10 2.092962993315749411e-10
1.437500000000000000e+01 1.506546423129290972e-11 1.532879946844777269e-11 2.010659721666133149e-10 2.033691805946053251e-10
1.440000000000000036e+01 1.450368750747275706e-11 1.475728790647276990e-11 1.955237386741406057e-10 1.977652759726138522e-10
1.442500000000000249e+01 1.397570202463735832e-11 1.422017584201406891e-11 1.902909232003103860e-10 1.924744975841289830e-10
1.444999999999999929e+01 1.348018118054976182e-11 1.371611310017250026e-11 1.853580669922050335e-10 1.874872740659655408e-10
1.447499999999999964e+01 1.301587544439179407e-11 1.324382798321463511e-11 1.807162039564730873e-10 1.827945328416010866e-10
1.450000000000000000e+01 1.258160918577397666e-11 1.280212404181999345e-11 1.763568440988262787e-10 1.783876833065353030e-10
1.452500000000000036e+01 1.217627768330949713e-11 1.238987702923054215e-11 1.722719577457766849e-10 1.742586008666329344e-10
1.455000000000000249e+01 1.179884430505224217e-11 1.200603203045800288e-11 1.684539606383085073e-10 1.703996118035780632e-10
1.457499999999999929e+01 1.144833785352709171e-11 1.164960075914114265e-11 1.648956996941121442e-10 1.668034789242202072e-10
1.459999999999999964e+01 1.112385006849024665e-11 1.131965901506213145e-11 1.615904394723458330e-10 1.634633878225285946e-10
1.462500000000000000e+01 1.082453328094834625e-11 1.101534429573000669e-11 1.585318495390616324e-10 1.603729340589919477e-10
1.465000000000000036e+01 1.054959821233948049e-11 1.073585355582035517e-11 1.557139922945202696e-10 1.575261108959062299e-10
1.467500000000000249e+01 1.029831191313735424e-11 1.048044110862552434e-11 1.531313116203214881e-10 1.549172977431357828e-10
1.469999999999999929e+01 1.006999583548287981e-11 1.024841666401914967e-11 1.507786221044832135e-10 1.525412492958688966e-10
1.472499999999999964e+01 9.864024034776156157e-12 1.003914349777361912e-11 1.486510987853951952e-10 1.503930851474626777e-10
1.475000000000000000e+01 9.679821495477206938e-12 9.852036747390695750e-12 1.467442677083667576e-10 1.484682801764781771e-10
1.477500000000000036e+01 9.516862576666247679e-12 9.686561829913476385e-12 1.450539969867955668e-10 1.467626555377455992e-10
1.480000000000000249e+01 9.374669573205277207e-12 9.542232977484450626e-12 1.435764883332132424e-10 1.452723700952270137e-10
1.482499999999999929e+01 9.252811388622136764e-12 9.418611886699168271e-12 1.423082692005696627e-10 1.439939124502931064e-10
1.484999999999999964e+01 9.150902316107419304e-12 9.315306478079204672e-12 1.412461854548248122e-10 1.429240935259917826e-10
1.487500000000000000e+01 9.068600924273918064e-12 9.231969762252462319e-12 1.403873945610532424e-10 1.420600396686571367e-10
1.490000000000000036e+01 9.005609044578467516e-12 9.168298809683655741e-12 1.397293592732421744e-10 1.413991862596482780e-10
1.492500000000000071e+01 8.961670857547737744e-12 9.124033821044127905e-12 1.392698418044968705e-10 1.409392718151915659e-10
1.494999999999999929e+01 8.936572075183191166e-12 9.098957295548285490e-12 1.390068985027769710e-10 1.406783325927860281e-10
1.497499999999999964e+01 8.930139217146868949e-12 9.092893294814528260e-12 1.389388749863579214e-10 1.406146976749281561e-10
