# raxis[fm], SN, VN, SP, VP
2.101448349307773875e-07 1.032176451815615126e-01 1.083350576899765466e-01 9.785620646239757969e-02 1.026859174806333957e-01
2.500000000000000139e-02 1.032157076933675338e-01 1.083353397848345612e-01 9.785495305685509848e-02 1.026866572852452031e-01
5.000000000000000278e-02 1.031691132146727446e-01 1.082933628017192229e-01 9.781308767796377535e-02 1.026488684118150863e-01
7.499999999999999722e-02 1.030904037385551447e-01 1.082223182945731832e-01 9.774234041179655219e-02 1.025848867893186800e-01
1.000000000000000056e-01 1.029802147490945508e-01 1.081228097469743993e-01 9.764329121205864159e-02 1.024952647440731113e-01
1.250000000000000000e-01 1.028389262527139303e-01 1.079951776878173425e-01 9.751628460339543947e-02 1.023803123344053934e-01
1.499999999999999944e-01 1.026669499674555119e-01 1.078397744908847072e-01 9.736169243516047678e-02 1.022403493101826794e-01
1.749999999999999889e-01 1.024647695779544732e-01 1.076570146551903001e-01 9.717995138264796939e-02 1.020757516371070400e-01
2.000000000000000111e-01 1.022329488264393238e-01 1.074473807611325132e-01 9.697157051427748864e-02 1.018869571422643949e-01
2.250000000000000056e-01 1.019721255552408223e-01 1.072114185241012929e-01 9.673712550243425412e-02 1.016744606804981799e-01
2.500000000000000000e-01 1.016830195164141609e-01 1.069497437591274691e-01 9.647726597209206612e-02 1.014388206692061895e-01
2.750000000000000222e-01 1.013664306866772641e-01 1.066630415826558820e-01 9.619271403772029772e-02 1.011806584425667815e-01
2.999999999999999889e-01 1.010232365728723353e-01 1.063520668930679480e-01 9.588426194493163135e-02 1.009006587001340105e-01
3.250000000000000111e-01 1.006543781910091140e-01 1.060176299746129341e-01 9.555275899701778930e-02 1.005995561260825538e-01
3.499999999999999778e-01 1.002608609282107793e-01 1.056605962446093699e-01 9.519911232168944137e-02 1.002781351571299107e-01
3.750000000000000000e-01 9.984375785028544448e-02 1.052818892701102294e-01 9.482428995644204273e-02 9.993723275996692357e-02
4.000000000000000222e-01 9.940421647322132681e-02 1.048824981566733733e-01 9.442932751009103232e-02 9.957774560112996054e-02
4.249999999999999889e-01 9.894344400016588659e-02 1.044634682471484999e-01 9.401531471009692831e-02 9.920062155001638238e-02
4.500000000000000111e-01 9.846270320783417906e-02 1.040258947628042580e-01 9.358339117180518307e-02 9.880685346215847820e-02
4.749999999999999778e-01 9.796330870262312529e-02 1.035709190422229170e-01 9.313474329973414623e-02 9.839747589747907530e-02
5.000000000000000000e-01 9.744662502439620233e-02 1.030997281552558792e-01 9.267060274085776872e-02 9.797356501136540718e-02
5.250000000000000222e-01 9.691406249851362842e-02 1.026135509658654688e-01 9.219224238420557771e-02 9.753623477859411917e-02
5.500000000000000444e-01 9.636707003010223926e-02 1.021136536694075281e-01 9.170096994208058738e-02 9.708663290923560951e-02
5.749999999999999556e-01 9.580713160384085603e-02 1.016013335667641238e-01 9.119812492431450535e-02 9.662593532974951549e-02
5.999999999999999778e-01 9.523576654285513532e-02 1.010779216633117816e-01 9.068507907270650925e-02 9.615534882954360207e-02
6.250000000000000000e-01 9.465451544653469274e-02 1.005447725053165015e-01 9.016322328894534055e-02 9.567610140652436923e-02
6.500000000000000222e-01 9.406493693614367824e-02 1.000032566104234744e-01 8.963396474112939050e-02 9.518943548033866053e-02
6.750000000000000444e-01 9.346860841153492583e-02 9.945476210130965722e-02 8.909872769610506504e-02 9.469660947538355300e-02
6.999999999999999556e-01 9.286711728046152803e-02 9.890069094609364730e-02 8.855894570763515883e-02 9.419889450189523894e-02
7.249999999999999778e-01 9.226205209640728211e-02 9.834244699955381475e-02 8.801605331616441097e-02 9.369756322796088388e-02
7.500000000000000000e-01 9.165499745699701162e-02 9.778143430261614089e-02 8.747148183402425614e-02 9.319388864466257583e-02
7.750000000000000222e-01 9.104752571187142707e-02 9.721904571350238611e-02 8.692665157962946310e-02 9.268913356645282209e-02
8.000000000000000444e-01 9.044120466786270685e-02 9.665667040397955823e-02 8.638297926677633576e-02 9.218455786302856558e-02
8.249999999999999556e-01 8.983758091028845594e-02 9.609568333909833393e-02 8.584186262326963524e-02 9.168140854392148320e-02
8.499999999999999778e-01 8.923817762592954617e-02 9.553743794682072188e-02 8.530467870013438980e-02 9.118091331796034094e-02
8.750000000000000000e-01 8.864448828820112314e-02 9.498326482517145675e-02 8.477277821675133218e-02 9.068427952311416962e-02
9.000000000000000222e-01 8.805796706079709046e-02 9.443445990814329505e-02 8.424747670121079945e-02 9.019268320987072762e-02
9.250000000000001554e-01 8.748002669025423117e-02 9.389228338927753381e-02 8.373005271069078326e-02 8.970726827194787367e-02
9.499999999999999556e-01 8.691203034337388611e-02 9.335795125174548015e-02 8.322174036190910229e-02 8.922913865800095878e-02
9.749999999999999778e-01 8.635529192102900375e-02 9.283263492747655110e-02 8.272372991098937700e-02 8.875935833493800442e-02
1.000000000000000000e+00 8.581106623621055640e-02 9.231745526881426911e-02 8.223715858277751145e-02 8.829894561962160771e-02
1.024999999999999911e+00 8.528054386066689918e-02 9.181347484551870275e-02 8.176310587003793318e-02 8.784886598282984349e-02
1.050000000000000044e+00 8.476484989571417272e-02 9.132169735371735431e-02 8.130259289179141147e-02 8.741003198829003229e-02
1.074999999999999956e+00 8.426503490613677927e-02 9.084306035011467662e-02 8.085657381105904040e-02 8.698329647367207540e-02
1.100000000000000089e+00 8.378207166726250876e-02 9.037843000893336365e-02 8.042593285685595283e-02 8.656944764073801202e-02
1.125000000000000000e+00 8.331685589292416039e-02 8.992860235224765797e-02 8.001148516589082216e-02 8.616921037811073325e-02
1.149999999999999911e+00 8.287020032766596878e-02 8.949429959236336607e-02 7.961397144855836272e-02 8.578324288968361411e-02
1.175000000000000044e+00 8.244282867694428807e-02 8.907616258017003741e-02 7.923405232708498336e-02 8.541212980164948620e-02
1.199999999999999956e+00 8.203537572238032982e-02 8.867475141180514164e-02 7.887230828244147507e-02 8.505638248138969182e-02
1.225000000000000089e+00 8.164838397731870312e-02 8.829054229994991176e-02 7.852923684324121523e-02 8.471643637814145478e-02
1.250000000000000000e+00 8.128230212824712198e-02 8.792392565001549976e-02 7.820525097449995688e-02 8.439264919409511512e-02
1.274999999999999911e+00 8.093748481585236187e-02 8.757520656355718969e-02 7.790067882353877982e-02 8.408530122955493180e-02
1.300000000000000044e+00 8.061419025017101114e-02 8.724460294672824190e-02 7.761576152118197791e-02 8.379459361344192281e-02
1.324999999999999956e+00 8.031257677076489299e-02 8.693224162879117922e-02 7.735064997971631551e-02 8.352064475189760473e-02
1.350000000000000089e+00 8.003270500808552790e-02 8.663816020826367592e-02 7.710540664778836595e-02 8.326349184802628312e-02
1.375000000000000000e+00 7.977453759343232365e-02 8.636230740909664472e-02 7.688000509290257578e-02 8.302309105181086835e-02
1.399999999999999911e+00 7.953793912486668838e-02 8.610454263150138510e-02 7.667432996249268218e-02 8.279931702969023366e-02
1.425000000000000044e+00 7.932267932940414989e-02 8.586463923643840312e-02 7.648817993344811383e-02 8.259196610582139608e-02
1.449999999999999956e+00 7.912843281953510499e-02 8.564228470750345767e-02 7.632126710867585817e-02 8.240075607585886641e-02
1.475000000000000089e+00 7.895478173412004419e-02 8.543708272570044171e-02 7.617321926478466676e-02 8.222532792783202038e-02
1.500000000000000000e+00 7.880121718922453167e-02 8.524855537792400129e-02 7.604358109899825302e-02 8.206524780795224072e-02
1.524999999999999911e+00 7.866714066459794263e-02 8.507614313369368797e-02 7.593181534906197350e-02 8.192000691278371327e-02
1.550000000000000044e+00 7.855187580499831124e-02 8.491921703425656109e-02 7.583731384458455849e-02 8.178903292929093349e-02
1.574999999999999956e+00 7.845466338329204481e-02 8.477707551775874595e-02 7.575939236583502379e-02 8.167168667729485243e-02
1.600000000000000089e+00 7.837465891157137376e-02 8.464893928408409596e-02 7.569728765930341940e-02 8.156725660588620697e-02
1.625000000000000000e+00 7.831094307531200061e-02 8.453396219142023105e-02 7.565016747134482855e-02 8.147496929089891038e-02
1.649999999999999911e+00 7.826252302388847504e-02 8.443123227328296065e-02 7.561713125328087259e-02 8.139398997083208132e-02
1.675000000000000044e+00 7.822834378210673234e-02 8.433978297250858958e-02 7.559722080388286969e-02 8.132343303639237575e-02
1.699999999999999956e+00 7.820728864060273733e-02 8.425859370705524043e-02 7.558942043344701878e-02 8.126236243496144651e-02
1.725000000000000311e+00 7.819818470038220060e-02 8.418659469502244586e-02 7.559266169310112360e-02 8.120979577965949103e-02
1.750000000000000000e+00 7.819980634982248713e-02 8.412267014657041908e-02 7.560582638930050947e-02 8.116470713809312287e-02
1.774999999999999911e+00 7.821088302305265194e-02 8.406566549691203705e-02 7.562775368466947978e-02 8.112603369964219158e-02
1.800000000000000044e+00 7.823010525753966438e-02 8.401439333271742971e-02 7.565724553254214724e-02 8.109268114207247857e-02
1.824999999999999956e+00 7.825612729363433384e-02 8.396763539876701821e-02 7.569306880357669354e-02 8.106352525549927190e-02
1.850000000000000311e+00 7.828757209450677712e-02 8.392414709102301307e-02 7.573395975490596066e-02 8.103741596979853468e-02
1.875000000000000000e+00 7.832303762007016001e-02 8.388266310521155789e-02 7.577862972978346989e-02 8.101318251095082634e-02
1.899999999999999911e+00 7.836110483469875543e-02 8.384190516213700650e-02 7.582577251827252174e-02 8.098964055659628458e-02
1.925000000000000044e+00 7.840033895276977971e-02 8.380058250432428912e-02 7.587406517963800334e-02 8.096559239509501515e-02
1.949999999999999956e+00 7.843929822827605536e-02 8.375740020979584310e-02 7.592217625652394886e-02 8.093983473870015877e-02
1.975000000000000089e+00 7.847653540353649593e-02 8.371105997204707216e-02 7.596876685390417661e-02 8.091115921900846053e-02
2.000000000000000000e+00 7.851060721663095932e-02 8.366026896972775240e-02 7.601249952052691050e-02 8.087836070164960978e-02
2.024999999999999911e+00 7.854007612173617703e-02 8.360374119725806630e-02 7.605203964543119644e-02 8.084023836561594900e-02
2.049999999999999822e+00 7.856351557238797079e-02 8.354020176311946488e-02 7.608606033406915825e-02 8.079559966949431682e-02
2.075000000000000178e+00 7.857951769506672790e-02 8.346839418504987951e-02 7.611324956610587833e-02 8.074326719527288865e-02
2.100000000000000089e+00 7.858669625958919491e-02 8.338708266176013406e-02 7.613231286847133017e-02 8.068208068359801477e-02
2.125000000000000000e+00 7.858369273750520634e-02 8.329505752951656128e-02 7.614197903696594272e-02 8.061090221391188637e-02
2.149999999999999911e+00 7.856917861729310892e-02 8.319113708610763325e-02 7.614100218209257642e-02 8.052861781397085972e-02
2.174999999999999822e+00 7.854185996223715660e-02 8.307417143182578567e-02 7.612816599475069612e-02 8.043414105649041024e-02
2.200000000000000178e+00 7.850048090712354043e-02 8.294304541827214605e-02 7.610228704646362918e-02 8.032641585463290435e-02
2.225000000000000089e+00 7.844382790514138615e-02 8.279668233322858006e-02 7.606221880923706713e-02 8.020441996398371132e-02
2.250000000000000000e+00 7.837073387440487982e-02 8.263404748122962773e-02 7.600685557995236208e-02 8.006716837419888821e-02
2.274999999999999911e+00 7.828008150827318878e-02 8.245415124840656251e-02 7.593513566668402825e-02 7.991371626459858879e-02
2.299999999999999822e+00 7.817080396907254147e-02 8.225604934847742522e-02 7.584604203388524424e-02 7.974315922825911396e-02
2.325000000000000178e+00 7.804188869766437442e-02 8.203884599914376685e-02 7.573860597310450027e-02 7.955463633168975701e-02
2.350000000000000089e+00 7.789238080759106064e-02 8.180169688472152534e-02 7.561191042819404018e-02 7.934733301904429992e-02
2.375000000000000000e+00 7.772138534737595139e-02 8.154381147988684631e-02 7.546509225052198955e-02 7.912048341651305161e-02
2.399999999999999911e+00 7.752806854537480641e-02 8.126445352178413017e-02 7.529734345560264164e-02 7.887337084279591459e-02
2.424999999999999822e+00 7.731166268541243836e-02 8.096294602471126867e-02 7.510791599787729200e-02 7.860533269644044696e-02
2.450000000000000178e+00 7.707146384803681416e-02 8.063866931690019668e-02 7.489611968843377932e-02 7.831575863317723207e-02
2.475000000000000089e+00 7.680683382988244545e-02 8.029106191446598595e-02 7.466132415140432077e-02 7.800409150623417720e-02
2.500000000000000000e+00 7.651720300530072405e-02 7.991962365358105946e-02 7.440296172628940718e-02 7.766983049108663884e-02
2.524999999999999911e+00 7.620206921568381531e-02 7.952391570207929805e-02 7.412052655676143464e-02 7.731253121336874312e-02
2.549999999999999822e+00 7.586099622782059571e-02 7.910355749895291166e-02 7.381357321005496686e-02 7.693180290747954342e-02
2.575000000000000178e+00 7.549362064707690334e-02 7.865823303317658055e-02 7.348172351159397431e-02 7.652731461079539943e-02
2.600000000000000089e+00 7.509964975510495522e-02 7.818769098123524997e-02 7.312466469524638024e-02 7.609879545420379643e-02
2.625000000000000000e+00 7.467885807696869604e-02 7.769174147284907406e-02 7.274214622671984487e-02 7.564603166093575304e-02
2.649999999999999911e+00 7.423108905406455849e-02 7.717025603089552876e-02 7.233398154188849793e-02 7.516886659391229519e-02
2.674999999999999822e+00 7.375625705599089810e-02 7.662317062327389516e-02 7.190005026007506572e-02 7.466720391670331192e-02
2.700000000000000178e+00 7.325434450895478011e-02 7.605048348261621294e-02 7.144029557988379464e-02 7.414100562692182983e-02
2.725000000000000089e+00 7.272540145876059403e-02 7.545225496343821447e-02 7.095472407326167130e-02 7.359029208621022111e-02
2.750000000000000000e+00 7.216954418814250372e-02 7.482860635746442501e-02 7.044340451130649827e-02 7.301514100618305969e-02
2.774999999999999911e+00 7.158695455952618358e-02 7.417971998477393414e-02 6.990646744323449069e-02 7.241568770256681664e-02
2.799999999999999822e+00 7.097787796429898266e-02 7.350583535505399169e-02 6.934410340522659255e-02 7.179212158796199894e-02
2.825000000000000178e+00 7.034262638858557182e-02 7.280725530029802384e-02 6.875656612791833378e-02 7.114469223549135801e-02
2.850000000000000089e+00 6.968156956369536692e-02 7.208433752364808156e-02 6.814416419368364564e-02 7.047370139491188068e-02
2.875000000000000000e+00 6.899513812175545047e-02 7.133749511598098947e-02 6.750726422761441081e-02 6.977950369087655702e-02
2.899999999999999911e+00 6.828382007868084858e-02 7.056719666986474571e-02 6.684628772293406407e-02 6.906250682858494638e-02
2.924999999999999822e+00 6.754816029778958064e-02 6.977396464211317595e-02 6.616171070132086107e-02 6.832317019488107213e-02
2.950000000000000178e+00 6.678875694558965292e-02 6.895837239574120758e-02 6.545406047592124132e-02 6.756200216538237047e-02
2.975000000000000089e+00 6.600625813634498906e-02 6.812104143019113989e-02 6.472391264101309827e-02 6.677955761718533390e-02
3.000000000000000000e+00 6.520136180666631642e-02 6.726264000996566572e-02 6.397189106963223348e-02 6.597643675228352655e-02
3.024999999999999911e+00 6.437481337424921790e-02 6.638388463237265835e-02 6.319866585407608872e-02 6.515328661900296470e-02
3.049999999999999822e+00 6.352739976534742261e-02 6.548553220327879565e-02 6.240494764975066527e-02 6.431079368461729839e-02
3.075000000000000178e+00 6.265995090567812176e-02 6.456837971329940085e-02 6.159148931804848265e-02 6.344968374970087754e-02
3.100000000000000089e+00 6.177333607591976861e-02 6.363326426466878183e-02 6.075908254785063189e-02 6.257072205528455000e-02
3.125000000000000000e+00 6.086846040373027761e-02 6.268105873509409454e-02 5.990855459997042332e-02 6.167470921846048698e-02
3.149999999999999911e+00 5.994626259096776100e-02 6.171266714636289286e-02 5.904076629715020869e-02 6.076247696325386138e-02
3.174999999999999822e+00 5.900771477845168783e-02 6.072902946614849862e-02 5.815661199652785718e-02 5.983489282557695466e-02
3.200000000000000178e+00 5.805381483845173385e-02 5.973111278916727607e-02 5.725701218769609774e-02 5.889285164756707242e-02
3.225000000000000089e+00 5.708558565744809021e-02 5.871990753741988117e-02 5.634291298329083264e-02 5.793727214902336803e-02
3.250000000000000000e+00 5.610407159071655048e-02 5.769642678215532172e-02 5.541528276473614567e-02 5.696909630723129281e-02
3.274999999999999911e+00 5.511033728245061381e-02 5.666170457768637120e-02 5.447511118195106500e-02 5.598928786858209383e-02
3.299999999999999822e+00 5.410546247768645983e-02 5.561679156688810466e-02 5.352340417330631039e-02 5.499882815497487976e-02
3.325000000000000178e+00 5.309054224328967064e-02 5.456275239840575886e-02 5.256118429432403427e-02 5.399871369258257836e-02
3.350000000000000089e+00 5.206668274926463946e-02 5.350066568529303346e-02 5.158948673927780948e-02 5.298995624257652609e-02
3.375000000000000444e+00 5.103499751396091411e-02 5.243161771415023181e-02 5.060935569681894453e-02 5.197357673390033683e-02
3.399999999999999911e+00 4.999660734938964068e-02 5.135670135191703484e-02 4.962184446733691745e-02 5.095060436161503309e-02
3.424999999999999822e+00 4.895263546323827542e-02 5.027701474215667821e-02 4.862801075764370401e-02 4.992207535483869640e-02
3.450000000000000622e+00 4.790420412124689331e-02 4.919365650175899773e-02 4.762891343484880469e-02 4.888902832718965141e-02
3.475000000000000533e+00 4.685243200692160853e-02 4.810772218992999394e-02 4.662561005106537898e-02 4.785250092736338667e-02
3.500000000000000000e+00 4.579843117809678787e-02 4.702030199545759875e-02 4.561915393083883219e-02 4.681352765277538991e-02
3.524999999999999911e+00 4.474330837626611795e-02 4.593247908064820167e-02 4.461059547536706110e-02 4.577313830193479455e-02
3.549999999999999822e+00 4.368816025278678822e-02 4.484532988436537582e-02 4.360097767212898351e-02 4.473235835024470808e-02
3.575000000000000622e+00 4.263406824684360524e-02 4.375991628697267766e-02 4.259133103007147619e-02 4.369220129942193859e-02
3.600000000000000089e+00 4.158210233295950298e-02 4.267728827070900455e-02 4.158267731162451630e-02 4.265367136289609229e-02
3.625000000000000000e+00 4.053331118026692187e-02 4.159847778843156485e-02 4.057601998317434538e-02 4.161775748194160296e-02
3.649999999999999911e+00 3.948872372519236090e-02 4.052449661273985898e-02 3.957234572375255277e-02 4.058543126070967427e-02
3.674999999999999822e+00 3.844934861376973767e-02 3.945633649288571299e-02 3.857262392357813097e-02 3.955764714489810180e-02
3.700000000000000622e+00 3.741617007951032053e-02 3.839496536306852975e-02 3.757780276744599607e-02 3.853533881328317923e-02
3.725000000000000089e+00 3.639014451906421449e-02 3.734132647692690876e-02 3.658880582764838241e-02 3.751941827916357303e-02
3.750000000000000000e+00 3.537219992554802711e-02 3.629633326999710113e-02 3.560653147389407358e-02 3.651077086997963489e-02
3.774999999999999911e+00 3.436323570485291801e-02 3.526087163687798010e-02 3.463185279692676533e-02 3.551025752546419639e-02
3.799999999999999822e+00 3.336411732234033367e-02 3.423579554991077606e-02 3.366561231395248655e-02 3.451871044776685937e-02
3.825000000000000178e+00 3.237567872479337611e-02 3.322192612432890713e-02 3.270862434924903112e-02 3.353693223990268646e-02
3.850000000000000089e+00 3.139871800154719894e-02 3.222005066531511558e-02 3.176167080044884489e-02 3.256569495700535610e-02
3.875000000000000000e+00 3.043399594957004253e-02 3.123091988810752437e-02 3.082549968435060322e-02 3.160573734221162195e-02
3.899999999999999911e+00 2.948223791821723977e-02 3.025524880472878902e-02 2.990082690758715314e-02 3.065776568695611354e-02
3.924999999999999822e+00 2.854412878856528099e-02 2.929371381025405729e-02 2.898833135353696272e-02 2.972245095036161328e-02
3.950000000000000178e+00 2.762031271276722127e-02 2.834695025155782935e-02 2.808865455606786993e-02 2.880042633018594159e-02
3.975000000000000089e+00 2.671139528049428294e-02 2.741555559520253427e-02 2.720240280632585383e-02 2.789229035231239467e-02
4.000000000000000000e+00 2.581793979931239560e-02 2.650008651580005453e-02 2.633014340785352556e-02 2.699860392215748875e-02
4.025000000000000355e+00 2.494046674505650749e-02 2.560105647084280969e-02 2.547240408784699761e-02 2.611988790515248210e-02
4.049999999999999822e+00 2.407945472216187210e-02 2.471893779118644607e-02 2.462967387750355716e-02 2.525662511564904719e-02
4.075000000000000178e+00 2.323533946846110740e-02 2.385416022878784903e-02 2.380240204554721212e-02 2.440925881364789524e-02
4.099999999999999645e+00 2.240851355700245948e-02 2.300711164451105933e-02 2.299099770692187433e-02 2.357819328305008066e-02
4.125000000000000000e+00 2.159932725782389221e-02 2.217813716628371304e-02 2.219583055193894219e-02 2.276379289593077199e-02
4.150000000000000355e+00 2.080808767523613378e-02 2.136753910233888873e-02 2.141722994710070285e-02 2.196638197955763303e-02
4.174999999999999822e+00 2.003505939174188635e-02 2.057557849722453647e-02 2.065548539888265381e-02 2.118624618564840523e-02
4.200000000000000178e+00 1.928046516631137450e-02 1.980247478898208499e-02 1.991084711312389108e-02 2.042363203429931745e-02
4.224999999999999645e+00 1.854448635107253454e-02 1.904840507168680669e-02 1.918352629401405551e-02 1.967874607938152262e-02
4.250000000000000000e+00 1.782726430455602862e-02 1.831350741110280428e-02 1.847369643871180078e-02 1.895175808985809576e-02
4.275000000000000355e+00 1.712889948438526752e-02 1.759787988068955977e-02 1.778149221242947622e-02 1.824279987668146058e-02
4.299999999999999822e+00 1.644945407575384988e-02 1.690158174774848004e-02 1.710701193928850644e-02 1.755196635641791819e-02
4.325000000000000178e+00 1.578895237799921719e-02 1.622463476164773613e-02 1.645031781535628498e-02 1.687931667100803571e-02
4.349999999999999645e+00 1.514738256435271303e-02 1.556702407522067566e-02 1.581143749074882462e-02 1.622487495597562182e-02
4.375000000000000000e+00 1.452469769788488838e-02 1.492870072962009485e-02 1.519036491353827414e-02 1.558863262902717220e-02
4.400000000000000355e+00 1.392081670237389421e-02 1.430958109583644472e-02 1.458706110056200676e-02 1.497054765673599963e-02
4.424999999999999822e+00 1.333562674544830177e-02 1.370954947532461617e-02 1.400145636463966115e-02 1.437054700726886347e-02
4.450000000000000178e+00 1.276898439819563850e-02 1.312846001416594771e-02 1.343345128308821683e-02 1.378852836863571872e-02
4.474999999999999645e+00 1.222071729855862647e-02 1.256613754369468802e-02 1.288291816687183594e-02 1.322436081375761262e-02
4.500000000000000000e+00 1.169062584496733184e-02 1.202237966807231245e-02 1.234970258397725430e-02 1.267788671213943875e-02
4.525000000000000355e+00 1.117848490364649859e-02 1.149695825566423441e-02 1.183362489727231986e-02 1.214892305270499906e-02
4.549999999999999822e+00 1.068404557287550363e-02 1.098962127319485019e-02 1.133448184722768773e-02 1.163726311247468767e-02
4.575000000000000178e+00 1.020703705068861517e-02 1.050009451328087068e-02 1.085204825063065120e-02 1.114267801232786403e-02
4.599999999999999645e+00 9.747168335236814501e-03 1.002808341993487694e-02 1.038607855274063796e-02 1.066491839349024799e-02
4.625000000000000000e+00 9.304130006081514498e-03 9.573274758862706721e-03 9.936308437534081481e-03 1.020371592697015724e-02
4.650000000000000355e+00 8.877596088021046800e-03 9.135338472731959272e-03 9.502456565866002763e-03 9.758785032195909856e-03
4.674999999999999822e+00 8.467225693449140222e-03 8.713929400016308738e-03 9.084226070874536207e-03 9.329824459466061135e-03
4.700000000000000178e+00 8.072664862860283452e-03 8.308688979751739645e-03 8.681306267147545150e-03 8.916518863351381718e-03
4.724999999999999645e+00 7.693548150958664546e-03 7.919246974993913307e-03 8.293374124627573077e-03 8.518540408773060332e-03
4.750000000000000000e+00 7.329500372120559271e-03 7.545223064879540316e-03 7.920095897985200348e-03 8.135550251725669896e-03
4.775000000000000355e+00 6.980138109870185313e-03 7.186228479746546542e-03 7.561128544621256373e-03 7.767200076234854512e-03
4.799999999999999822e+00 6.645071296999850718e-03 6.841867541324110277e-03 7.216121216816038034e-03 7.413133545618214373e-03
4.825000000000000178e+00 6.323904729908167745e-03 6.511739188700873399e-03 6.884716694524273088e-03 7.072987750029830975e-03
4.849999999999999645e+00 6.016239361821498592e-03 6.195438323034280041e-03 6.566552602265704995e-03 6.746394472834276249e-03
4.875000000000000000e+00 5.721673730707372250e-03 5.892557148298651661e-03 6.261262786512982424e-03 6.432981471338982543e-03
4.900000000000000355e+00 5.439805258659961319e-03 5.602686545748777718e-03 5.968478573021363150e-03 6.132373808397270989e-03
4.924999999999999822e+00 5.170231398050216011e-03 5.325417281715581243e-03 5.687829865718896892e-03 5.844195016115701601e-03
4.950000000000000178e+00 4.912550712087649166e-03 5.060341019336726115e-03 5.418946193341509475e-03 5.568068067316722311e-03
4.974999999999999645e+00 4.666364027592320024e-03 4.807051522921276278e-03 5.161457852583057476e-03 5.303616564120037721e-03
5.000000000000000000e+00 4.431275295287937475e-03 4.565145578833187598e-03 4.914996749865111446e-03 5.050465641276987751e-03
5.025000000000000355e+00 4.206892494155200536e-03 4.334223861465361614e-03 4.679197297485783794e-03 4.808242820631924291e-03
5.049999999999999822e+00 3.992828502966764073e-03 4.113891843011059993e-03 4.453697296580507933e-03 4.576578925455040275e-03
5.075000000000000178e+00 3.788701797445822705e-03 3.903760505611402181e-03 4.238138639141131314e-03 4.355108798785840320e-03
5.099999999999999645e+00 3.594137086059248556e-03 3.703447036343484981e-03 4.032167960580451682e-03 4.143472010073915267e-03
5.125000000000000000e+00 3.408765934963538247e-03 3.512575430233331585e-03 3.835437286461781514e-03 3.941313478030940461e-03
5.150000000000000355e+00 3.232227301605210702e-03 3.330777018152682092e-03 3.647604591195029167e-03 3.748284020887701455e-03
5.174999999999999822e+00 3.064167978630997005e-03 3.157691008487984417e-03 3.468334278358337682e-03 3.564040931767249384e-03
5.200000000000000178e+00 2.904242963281068648e-03 2.992964827328588751e-03 3.297297581218397444e-03 3.388248346971917731e-03
5.224999999999999645e+00 2.752115829569767337e-03 2.836254494612965027e-03 3.134172981286645430e-03 3.220577663985489062e-03
5.250000000000000000e+00 2.607458981605775827e-03 2.687224922922541552e-03 2.978646499819630721e-03 3.060707881019102475e-03
5.275000000000000355e+00 2.469953875940174119e-03 2.545550148661551975e-03 2.830411964863449245e-03 2.908325869415143410e-03
5.299999999999999822e+00 2.339291193975313963e-03 2.410913529036652365e-03 2.689171231567769483e-03 2.763126616731967009e-03
5.325000000000000178e+00 2.215170970884909173e-03 2.283007843804623922e-03 2.554634360774823715e-03 2.624813373968166476e-03
5.349999999999999645e+00 2.097302688764613593e-03 2.161535437030051056e-03 2.426519765878287251e-03 2.493097851811172921e-03
5.375000000000000000e+00 1.985405296503368715e-03 2.046208254324735198e-03 2.304554279104282111e-03 2.367700304843749562e-03
5.400000000000000355e+00 1.879207207829311412e-03 1.936747827754347652e-03 2.188473202008281004e-03 2.248349564872242478e-03
5.424999999999999822e+00 1.778446302414178485e-03 1.832885290092411490e-03 2.078020361895392860e-03 2.134783109957111465e-03
5.450000000000000178e+00 1.682869838340147767e-03 1.734361312533643082e-03 1.972948074158451925e-03 2.026747052708172212e-03
5.474999999999999645e+00 1.592234369495145081e-03 1.640926013269779823e-03 1.873017110093718037e-03 1.923996098049296629e-03
5.500000000000000000e+00 1.506305636764221747e-03 1.552338858177451956e-03 1.777996639844510712e-03 1.826293495197892558e-03
5.525000000000000355e+00 1.424858416127989255e-03 1.468368519175248209e-03 1.687664128651302029e-03 1.733410943998205242e-03
5.549999999999999822e+00 1.347676384281926718e-03 1.388792737034032134e-03 1.601805254818973847e-03 1.645128508467486473e-03
5.575000000000000178e+00 1.274551928802934372e-03 1.313398144169461434e-03 1.520213764846183859e-03 1.561234486566381472e-03
5.599999999999999645e+00 1.205285966098501712e-03 1.241980072617525225e-03 1.442691337143484423e-03 1.481525262775163854e-03
5.625000000000000000e+00 1.139687744061705383e-03 1.174342368056125168e-03 1.369047431699178113e-03 1.405805168948583627e-03
5.650000000000000355e+00 1.077574626971304498e-03 1.110297172208112894e-03 1.299099115402401784e-03 1.333886308730439924e-03
5.674999999999999822e+00 1.018771878541622176e-03 1.049664705682039345e-03 1.232670887510454397e-03 1.265588381750968727e-03
5.700000000000000178e+00 9.631124378966587300e-04 9.922730396679244405e-04 1.169594496662718910e-03 1.200738496003268428e-03
5.724999999999999645e+00 9.104366919690987017e-04 9.379578737805755687e-04 1.109708750992767588e-03 1.139170985378396179e-03
5.750000000000000000e+00 8.605922321763416049e-04 8.865622941165050494e-04 1.052859309162490920e-03 1.080727202758011846e-03
5.775000000000000355e+00 8.134336217503654017e-04 8.379365265186942665e-04 9.988984828162136755e-04 1.025255307106019741e-03
5.799999999999999822e+00 7.688221595518918323e-04 7.919377070018826471e-04 9.476850338072933134e-04 9.726100688244650617e-04
5.825000000000000178e+00 7.266256390526805138e-04 7.484296349781414644e-04 8.990839627906535830e-04 9.226526531108485401e-04
5.849999999999999645e+00 6.867181142445622768e-04 7.072825339279946400e-04 8.529663048675523510e-04 8.752504104165977853e-04
5.875000000000000000e+00 6.489796637149251911e-04 6.683728157424635719e-04 8.092089214305660250e-04 8.302766691822067351e-04
5.900000000000000355e+00 6.132961578290520646e-04 6.315828416963325306e-04 7.676942919646967487e-04 7.876105226272017180e-04
5.924999999999999822e+00 5.795590306083406220e-04 5.968006907503737614e-04 7.283103096168787099e-04 7.471366210142654264e-04
5.950000000000000178e+00 5.476650539305135063e-04 5.639199296243101135e-04 6.909500791291648802e-04 7.087449651079213986e-04
5.974999999999999645e+00 5.175161169061125947e-04 5.328393880041207070e-04 6.555117156696407430e-04 6.723307027715489173e-04
6.000000000000000000e+00 4.890190102519375789e-04 5.034629380879095291e-04 6.218981488255887488e-04 6.377939278128031460e-04
6.025000000000000355e+00 4.620852162467266799e-04 4.756992795503337825e-04 5.900169309167148726e-04 6.050394838537100604e-04
6.049999999999999822e+00 4.366307034545056638e-04 4.494617306495539465e-04 5.597800474777156173e-04 5.739767722245443142e-04
6.075000000000000178e+00 4.125757271234485146e-04 4.246680238261651150e-04 5.311037334447100229e-04 5.445195632782892821e-04
6.099999999999999645e+00 3.898446359992971486e-04 4.012401073758485831e-04 5.039082935023522650e-04 5.165858124767683333e-04
6.125000000000000000e+00 3.683656854768050932e-04 3.791039541573539224e-04 4.781179278749971766e-04 4.900974822110649087e-04
6.150000000000000355e+00 3.480708562369823236e-04 3.581893759519481977e-04 4.536605627525527721e-04 4.649803682220495144e-04
6.174999999999999822e+00 3.288956796048607238e-04 3.384298439725256093e-04 4.304676859836298417e-04 4.411639310856576342e-04
6.200000000000000178e+00 3.107790686294015464e-04 3.197623159599519062e-04 4.084741879137562576e-04 4.185811332339553991e-04
6.224999999999999645e+00 2.936631559961023173e-04 3.021270691605579392e-04 3.876182080711872342e-04 3.971682811625077618e-04
6.250000000000000000e+00 2.774931379179842918e-04 2.854675402408442708e-04 3.678409862280609976e-04 3.768648732829203447e-04
6.275000000000000355e+00 2.622171238801569737e-04 2.697301707439517813e-04 3.490867194579314070e-04 3.576134525468706977e-04
6.299999999999999822e+00 2.477859929294844426e-04 2.548642593195511751e-04 3.313024245923505435e-04 3.393594654145527236e-04
6.325000000000000178e+00 2.341532550395982923e-04 2.408218193431968090e-04 3.144378046504825680e-04 3.220511249909716847e-04
6.349999999999999645e+00 2.212749195415506876e-04 2.275574429397472212e-04 2.984451221390979820e-04 3.056392800949707823e-04
6.375000000000000000e+00 2.091093681739346105e-04 2.150281709011981430e-04 2.832790761541634293e-04 2.900772895673064066e-04
6.400000000000000355e+00 1.976172338734633494e-04 2.031933676431224112e-04 2.688966848789020397e-04 2.753209010544525816e-04
6.424999999999999822e+00 1.867612855330952652e-04 1.920146022151831113e-04 2.552571732609194995e-04 2.613281353508626411e-04
6.450000000000000178e+00 1.765063173934912843e-04 1.814555345389464076e-04 2.423218647731103115e-04 2.480591752816972695e-04
6.474999999999999645e+00 1.668190437340380278e-04 1.714818070051802852e-04 2.300540783961736572e-04 2.354762596539902372e-04
6.500000000000000000e+00 1.576679984729058433e-04 1.620609407567314439e-04 2.184190297352265936e-04 2.235435814166052745e-04
6.525000000000000355e+00 1.490234394875431456e-04 1.531622369901594388e-04 2.073837364883202028e-04 2.122271902844564853e-04
6.549999999999999822e+00 1.408572574197031852e-04 1.447566830510744768e-04 1.969169283965562433e-04 2.014949000272391575e-04
6.575000000000000178e+00 1.331428890965947348e-04 1.368168629781523979e-04 1.869889611302539905e-04 1.913161998012252838e-04
6.599999999999999645e+00 1.258552350804764003e-04 1.293168724344842817e-04 1.775717342131886848e-04 1.816621695103861928e-04
6.625000000000000000e+00 1.189705812690886695e-04 1.222322377707456156e-04 1.686386127429310002e-04 1.725053991357677473e-04
6.650000000000000355e+00 1.124665244307554717e-04 1.155398392105364778e-04 1.601643526616705030e-04 1.638199118602455670e-04
6.674999999999999822e+00 1.063219014531900896e-04 1.092178378167478172e-04 1.521250296595316645e-04 1.555810907625060314e-04
6.700000000000000178e+00 1.005167221936400119e-04 1.032456061091454631e-04 1.444979715694361458e-04 1.477656090089237817e-04
6.724999999999999645e+00 9.503210578253008193e-05 9.760366225834292593e-05 1.372616937984502629e-04 1.403513634409915339e-04
6.750000000000000888e+00 8.985022020439012468e-05 9.227360773561720420e-05 1.303958380413341913e-04 1.333174113446898752e-04
6.775000000000001243e+00 8.495422496319232110e-05 8.723806809190706594e-05 1.238811141073897174e-04 1.266439104256508708e-04
6.799999999999999822e+00 8.032821681230551617e-05 8.248063681639754383e-05 1.176992443218556877e-04 1.203120615519522789e-04
6.825000000000001066e+00 7.595717827522840602e-05 7.798582224207864326e-05 1.118329109853994166e-04 1.143040545312124537e-04
6.849999999999999645e+00 7.182692884173384642e-05 7.373899712972120364e-05 1.062657062348206649e-04 1.086030164886877110e-04
6.875000000000000000e+00 6.792407885274991369e-05 6.972635092835700096e-05 1.009820845082313892e-04 1.031929627623188127e-04
6.900000000000001243e+00 6.423598578293738669e-05 6.593484469332492562e-05 9.596731742875623809e-05 9.805875045919306798e-05
6.924999999999999822e+00 6.075071285866017574e-05 6.235216824071327366e-05 9.120745093989081147e-05 9.318603414431789189e-05
6.950000000000001066e+00 5.745698997136645941e-05 5.896669980871173644e-05 8.668926468250374810e-05 8.856122405547074510e-05
6.974999999999999645e+00 5.434465092061745547e-05 5.576699340575717162e-05 8.240151850445681734e-05 8.417016102774439062e-05
7.000000000000000000e+00 5.140235023361967360e-05 5.274332137785258637e-05 7.833065821323405666e-05 8.000424379992793374e-05
7.025000000000001243e+00 4.862149758501662755e-05 4.988582007625936291e-05 7.446579545300989738e-05 7.604955607510652401e-05
7.049999999999999822e+00 4.599312889956758582e-05 4.718524860267191910e-05 7.079627630133243123e-05 7.229515082365361328e-05
7.075000000000001066e+00 4.350878184642975876e-05 4.463288406013373572e-05 6.731200722229553786e-05 6.873065792302941225e-05
7.099999999999999645e+00 4.116046773667800826e-05 4.222049250621936605e-05 6.400342534873408910e-05 6.534625356020666576e-05
7.125000000000000000e+00 3.894064497107702419e-05 3.994030151290871625e-05 6.086147029743157864e-05 6.213263117712928716e-05
7.150000000000001243e+00 3.684219395953227722e-05 3.778497424288900880e-05 5.787755761996897958e-05 5.908097401366969675e-05
7.174999999999999822e+00 3.485839343929145840e-05 3.574758497336348573e-05 5.504355347758918749e-05 5.618292909534341740e-05
7.200000000000000178e+00 3.298289810457335965e-05 3.382159598035529063e-05 5.235175072399699252e-05 5.343058252663122253e-05
7.224999999999999645e+00 3.120971748178740071e-05 3.200083570782432518e-05 4.979484631799052614e-05 5.081643618653235763e-05
7.250000000000000000e+00 2.953319599100652211e-05 3.027947816409203726e-05 4.736591979446324186e-05 4.833338559583855664e-05
7.275000000000001243e+00 2.794799411588741000e-05 2.865202346494685986e-05 4.505841298094818021e-05 4.597469896694858065e-05
7.299999999999999822e+00 2.644907063041086956e-05 2.711327946848469654e-05 4.286611078538063788e-05 4.373399739265019679e-05
7.325000000000000178e+00 2.503166582306341290e-05 2.565834444313082425e-05 4.078312298888687570e-05 4.160523609785181885e-05
7.349999999999999645e+00 2.369128566134725899e-05 2.428259070789174918e-05 3.880386698320222467e-05 3.958268666080884868e-05
7.375000000000000000e+00 2.242368684719257078e-05 2.298164919398000902e-05 3.692305144127034337e-05 3.766092018873676755e-05
7.400000000000001243e+00 2.122486271192892897e-05 2.175139487437758321e-05 3.513566088928955105e-05 3.583479139458538559e-05
7.424999999999999822e+00 2.009102990562100386e-05 2.058793301383082504e-05 3.343694109032912203e-05 3.409942355155049475e-05
7.450000000000000178e+00 1.901861583754250773e-05 1.948758619836543087e-05 3.182238516941359721e-05 3.245019421600095711e-05
7.474999999999999645e+00 1.800424682384831583e-05 1.844688209449136211e-05 3.028772054600041200e-05 3.088272173934108930e-05
7.500000000000000000e+00 1.704473690357086651e-05 1.746254189864863098e-05 2.882889650857894433e-05 2.939285249452918138e-05
7.525000000000000355e+00 1.613707728555568635e-05 1.653146944206043827e-05 2.744207246257244061e-05 2.797664877413296897e-05
7.549999999999999822e+00 1.527842639381896359e-05 1.565074090946639920e-05 2.612360684389793413e-05 2.663037735047019076e-05
7.575000000000000178e+00 1.446610047328085727e-05 1.481759514276233111e-05 2.487004660307072436e-05 2.535049866295842563e-05
7.599999999999999645e+00 1.369756472538680923e-05 1.402942448911763434e-05 2.367811723029132382e-05 2.413365655747987606e-05
7.625000000000000000e+00 1.297042494692600523e-05 1.328376617040667796e-05 2.254471335774055029e-05 2.297666859255193954e-05
7.650000000000000355e+00 1.228241963936352633e-05 1.257829413935061949e-05 2.146688982919192547e-05 2.187651686667399479e-05
7.674999999999999822e+00 1.163141256633016517e-05 1.191081139709343123e-05 2.044185324859489297e-05 2.083033931706012882e-05
7.700000000000000178e+00 1.101538572966927528e-05 1.127924274583893943e-05 1.946695401073918443e-05 1.983542150574651411e-05
7.724999999999999645e+00 1.043243274498956449e-05 1.068162795302347425e-05 1.853967873544938843e-05 1.888918884465747301e-05
7.750000000000000000e+00 9.880752589491257278e-06 1.011611530103797157e-05 1.765764311174803633e-05 1.798919923146977202e-05
7.775000000000000355e+00 9.358643704469920955e-06 9.580955501833494486e-06 1.681858511487357240e-05 1.713313607757286174e-05
7.799999999999999822e+00 8.864498431175141347e-06 9.074495958167053589e-06 1.602035859625868398e-05 1.631880170925285002e-05
7.825000000000000178e+00 8.396797760356532409e-06 8.595175347631869563e-06 1.526092721573025422e-05 1.554411112813597896e-05
7.849999999999999645e+00 7.954106379086770220e-06 8.141518514010228695e-06 1.453835869287078553e-05 1.480708609939861767e-05
7.875000000000000000e+00 7.535067996856288076e-06 7.712131647611213421e-06 1.385081936969820913e-05 1.410584956196853750e-05
7.900000000000000355e+00 7.138400935719126551e-06 7.305697737630004407e-06 1.319656905878829141e-05 1.343862033067803401e-05
7.924999999999999822e+00 6.762893969418135818e-06 6.920972282590345893e-06 1.257395616443271020e-05 1.280370808654925493e-05
7.950000000000000178e+00 6.407402396835721310e-06 6.556779242016798711e-06 1.198141306297394593e-05 1.219950862403126546e-05
7.974999999999999645e+00 6.070844337402054955e-06 6.212007217235862478e-06 1.141745174406162654e-05 1.162449936664878136e-05
8.000000000000000000e+00 5.752197235272444746e-06 5.885605848622410039e-06 1.088065966199200175e-05 1.107723511304903750e-05
8.025000000000000355e+00 5.450494560068412643e-06 5.576582415256425199e-06 1.036969581433430047e-05 1.055634400700802491e-05
8.050000000000000711e+00 5.164822693534470302e-06 5.283998626465605150e-06 9.883287035011336237e-06 1.006052372300711618e-05
8.074999999999999289e+00 4.894317991493365801e-06 5.006967594334979145e-06 9.420224487739943870e-06 9.588537863737913499e-06
8.099999999999999645e+00 4.638164011152830910e-06 4.744650976984252826e-06 8.979360323891769964e-06 9.139212537933135271e-06
8.125000000000000000e+00 4.395588894152752704e-06 4.496256282742955536e-06 8.559604534248951347e-06 8.711433119250830707e-06
8.150000000000000355e+00 4.165862896573496659e-06 4.261034325722717573e-06 8.159921963515874988e-06 8.304141182683750754e-06
8.175000000000000711e+00 3.948296057768913165e-06 4.038276824706430289e-06 7.779329485327891023e-06 7.916331600479414065e-06
8.199999999999999289e+00 3.742235999893153649e-06 3.827314137020077761e-06 7.416893321483939463e-06 7.547049795679683182e-06
8.224999999999999645e+00 3.547065850841993834e-06 3.627513119544937211e-06 7.071726496665174090e-06 7.195389129724205145e-06
8.250000000000000000e+00 3.362202283662116014e-06 3.438275109955191001e-06 6.742986446659615714e-06 6.860488439697966894e-06
8.275000000000000355e+00 3.187093665622204721e-06 3.259034021132929230e-06 6.429872733300241977e-06 6.541529701718652425e-06
8.300000000000000711e+00 3.021218310935528522e-06 3.089254542373583739e-06 6.131624884291040453e-06 6.237735812870205550e-06
8.324999999999999289e+00 2.864082831107315164e-06 2.928430441348988569e-06 5.847520349014093294e-06 5.948368492604327656e-06
8.349999999999999645e+00 2.715220577510966973e-06 2.776082961085355836e-06 5.576872563327210967e-06 5.672726295687325846e-06
8.375000000000000000e+00 2.574190170920491011e-06 2.631759306661893065e-06 5.319029112945076123e-06 5.410142730420943062e-06
8.400000000000000355e+00 2.440574113038747086e-06 2.495031216436434982e-06 5.073369989749061596e-06 5.159984471569373679e-06
8.425000000000000711e+00 2.313977475470302257e-06 2.365493613059505830e-06 4.839305940900217653e-06 4.921649667424471382e-06
8.449999999999999289e+00 2.194026661670378427e-06 2.242763329750709002e-06 4.616276907085139031e-06 4.694566335649063853e-06
8.474999999999999645e+00 2.080368237818773702e-06 2.126477907585737152e-06 4.403750543993561959e-06 4.478190847225816551e-06
8.500000000000000000e+00 1.972667828731216389e-06 2.016294459781172310e-06 4.201220810443294272e-06 4.272006484095921552e-06
8.525000000000000355e+00 1.870609075114334121e-06 1.911888599222192097e-06 4.008206639847110087e-06 4.075522072312762476e-06
8.550000000000000711e+00 1.773892648692339408e-06 1.812953425601529951e-06 3.824250677729495773e-06 3.888270690192854881e-06
8.574999999999999289e+00 1.682235321991386924e-06 1.719198568850434508e-06 3.648918080843503636e-06 3.709808438729529092e-06
8.599999999999999645e+00 1.595369089680714430e-06 1.630349285686729459e-06 3.481795383519199159e-06 3.539713278523138410e-06
8.625000000000000000e+00 1.513040338589167699e-06 1.546145606290660157e-06 3.322489419604448433e-06 3.377583925852171146e-06
8.650000000000000355e+00 1.435009063614834084e-06 1.466341528258336920e-06 3.170626303711176902e-06 3.223038807665093818e-06
8.675000000000000711e+00 1.361048127013440040e-06 1.390704255191462436e-06 3.025850460413878914e-06 3.075715069417577471e-06
8.699999999999999289e+00 1.290942558607314159e-06 1.319013477434670908e-06 2.887823704230261377e-06 2.935267632575436053e-06
8.724999999999999645e+00 1.224488894608864898e-06 1.251060692580387719e-06 2.756224369845781204e-06 2.801368302286743078e-06
8.750000000000000000e+00 1.161494552899286147e-06 1.186648563479821377e-06 2.630746486846557266e-06 2.673704922283403017e-06
8.775000000000000355e+00 1.101777242751750857e-06 1.125590311708868506e-06 2.511098992353434373e-06 2.551980571373403694e-06
8.800000000000000711e+00 1.045164407036067849e-06 1.067709144477385746e-06 2.397004986696228649e-06 2.435912799756494649e-06
8.824999999999999289e+00 9.914926950989110301e-07 1.012837713089258609e-06 2.288201030877655405e-06 2.325232908214247810e-06
8.849999999999999645e+00 9.406074646305689285e-07 9.608176012379876475e-07 2.184436473093731669e-06 2.219685262232591658e-06
8.875000000000000000e+00 8.923623108692851313e-07 9.114988414338481651e-07 2.085472813310184881e-06 2.119026639692782028e-06
8.900000000000000355e+00 8.466186216349119361e-07 8.647394579845588463e-07 1.991083100635968412e-06 2.023025614497121415e-06
8.925000000000000711e+00 8.032451567637652681e-07 8.204050350898190176e-07 1.901051359548858238e-06 1.931461969657802883e-06
8.949999999999999289e+00 7.621176505653689190e-07 7.783683086205398884e-07 1.815172048364222723e-06 1.844126142341469280e-06
8.974999999999999645e+00 7.231184360349233508e-07 7.385087802559633859e-07 1.733249540464205936e-06 1.760818695286358220e-06
9.000000000000000000e+00 6.861360896126525010e-07 7.007123527632168545e-07 1.655097635714659738e-06 1.681349815100965766e-06
9.025000000000000355e+00 6.510650953429565605e-07 6.648709852212230592e-07 1.580539096568159942e-06 1.605538837948529602e-06
9.050000000000000711e+00 6.178055273649845629e-07 6.308823670882332569e-07 1.509405204330299367e-06 1.533213797322621044e-06
9.074999999999999289e+00 5.862627497148144687e-07 5.986496100706973322e-07 1.441535340338281202e-06 1.464210994606518749e-06
9.099999999999999645e+00 5.563471324846972940e-07 5.680809568025801973e-07 1.376776588718487315e-06 1.398374592650299992e-06
9.125000000000000000e+00 5.279737834324749526e-07 5.390895054082203254e-07 1.314983358074745885e-06 1.335556229430735214e-06
9.150000000000000355e+00 5.010622941856633468e-07 5.115929490664738164e-07 1.256017021874919959e-06 1.275614650800775742e-06
9.175000000000000711e+00 4.755365002356310047e-07 4.855133297422409065e-07 1.199745577357360847e-06 1.218415361470133972e-06
9.199999999999999289e+00 4.513242539654122767e-07 4.607768053094292665e-07 1.146043322505152812e-06 1.163830294439961162e-06
9.224999999999999645e+00 4.283572099884600724e-07 4.373134293295336559e-07 1.094790547541897796e-06 1.111737496550664322e-06
9.250000000000000000e+00 4.065706221203648642e-07 4.150569427748214134e-07 1.045873242577116517e-06 1.062020829344373758e-06
9.275000000000000355e+00 3.859031513484482612e-07 3.939445770536210756e-07 9.991828207912213541e-07 1.014569685803021361e-06
9.300000000000000711e+00 3.662966841869923495e-07 3.739168677026574715e-07 9.546158533027699675e-07 9.692787206106777970e-07
9.324999999999999289e+00 3.476961608553349985e-07 3.549174781655274576e-07 9.120738190482960422e-07 9.260475935187362789e-07
9.349999999999999645e+00 3.300494127358644309e-07 3.368930331055217087e-07 8.714628669806095301e-07 8.847807268399995551e-07
9.375000000000000000e+00 3.133070086045285694e-07 3.197929607239427786e-07 8.326935885830658422e-07 8.453870734659377878e-07
9.400000000000000355e+00 2.974221091532500709e-07 3.035693435942232158e-07 7.956808042407570385e-07 8.077798976904880713e-07
9.425000000000000711e+00 2.823503293499457985e-07 2.881767775428135852e-07 7.603433575674979853e-07 7.718765664069680813e-07
9.449999999999999289e+00 2.680496082082412259e-07 2.735722381368013789e-07 7.266039211530179749e-07 7.375983500859719225e-07
9.474999999999999645e+00 2.544800855627662321e-07 2.597149543628993136e-07 6.943888124082530901e-07 7.048702346386501763e-07
9.500000000000000000e+00 2.416039854660827868e-07 2.465662891040705461e-07 6.636278176824741288e-07 6.736207420619525831e-07
9.525000000000000355e+00 2.293855058475167266e-07 2.340896260423493646e-07 6.342540251776434497e-07 6.437817600440822318e-07
9.550000000000000711e+00 2.177907140930532820e-07 2.222502626383280979e-07 6.062036660508002444e-07 6.152883795874546667e-07
9.574999999999999289e+00 2.067874482225287848e-07 2.110153088553420951e-07 5.794159640633236606e-07 5.880787413502558477e-07
9.599999999999999645e+00 1.963452233609788041e-07 2.003535913153035881e-07 5.538329915872756039e-07 5.620938890695472795e-07
9.625000000000000000e+00 1.864351432159993349e-07 1.902355625913482266e-07 5.293995330320026674e-07 5.372776301492529060e-07
9.650000000000000355e+00 1.770298162894442460e-07 1.806332153572336434e-07 5.060629552788868607e-07 5.135764031568702886e-07
9.675000000000000711e+00 1.681032765671018214e-07 1.715200011305694078e-07 4.837730846258802818e-07 4.909391522751505748e-07
9.699999999999999289e+00 1.596309084425418583e-07 1.628707533598455963e-07 4.624820889402991097e-07 4.693172074007888354e-07
9.724999999999999645e+00 1.515893756468694852e-07 1.546616146200007094e-07 4.421443661876104617e-07 4.486641701849331612e-07
9.750000000000000000e+00 1.439565539673209594e-07 1.468699676937535246e-07 4.227164379677615675e-07 4.289358056472208968e-07
9.775000000000000355e+00 1.367114675501488380e-07 1.394743703288848287e-07 4.041568487016586827e-07 4.100899390399220179e-07
9.800000000000000711e+00 1.298342285936602229e-07 1.324544934721425616e-07 3.864260696155854107e-07 3.920863580705942499e-07
9.824999999999999289e+00 1.233059802489030529e-07 1.257910627921016475e-07 3.694864069248307473e-07 3.748867193979797540e-07
9.849999999999999645e+00 1.171088425550123061e-07 1.194658033133923893e-07 3.533019152057099770e-07 3.584544600064129552e-07
9.875000000000000000e+00 1.112258612457448696e-07 1.134613869945169840e-07 3.378383143469473801e-07 3.427547127988842215e-07
9.900000000000000355e+00 1.056409592722224625e-07 1.077613830906343990e-07 3.230629107788285873e-07 3.277542261440334367e-07
9.925000000000000711e+00 1.003388908961956733e-07 1.023502111508461763e-07 3.089445227023456424e-07 3.134212875691736555e-07
9.949999999999999289e+00 9.530519821588334915e-08 9.721309650899222521e-08 2.954534086859107004e-07 2.997256510611584766e-07
9.974999999999999645e+00 9.052616999321441314e-08 9.233602813337181877e-08 2.825611996269119727e-07 2.866384677907040673e-07
1.000000000000000000e+01 8.598880265936603442e-08 8.770571870880239881e-08 2.702408341262049158e-07 2.741322201380179703e-07
1.002500000000000036e+01 8.168076338172273233e-08 8.330956683120539234e-08 2.584664970254876542e-07 2.621806590591897532e-07
1.005000000000000071e+01 7.759035508190034288e-08 7.913562120142408047e-08 2.472135607650039983e-07 2.507587443372426211e-07
1.007499999999999929e+01 7.370648330028133595e-08 7.517254671116613786e-08 2.364585298115314923e-07 2.398425878552213435e-07
1.009999999999999964e+01 7.001862480841286294e-08 7.140959231967345484e-08 2.261789874306096689e-07 2.294093995084659683e-07
1.012500000000000000e+01 6.651679787581963076e-08 6.783656062536376910e-08 2.163535450457569284e-07 2.194374355935311512e-07
1.015000000000000036e+01 6.319153410292382509e-08 6.444377904183913643e-08 2.069617942724725173e-07 2.099059497997329605e-07
1.017500000000000071e+01 6.003385173654224623e-08 6.122207249259122996e-08 1.979842610895300872e-07 2.007951466071722675e-07
1.019999999999999929e+01 5.703523038884962007e-08 5.816273754330462242e-08 1.894023621754366770e-07 1.920861367895090942e-07
1.022499999999999964e+01 5.418758708508553085e-08 5.525751789506067401e-08 1.811983633934992396e-07 1.837608951294363651e-07
1.025000000000000000e+01 5.148325356924991801e-08 5.249858116598990462e-08 1.733553401945762483e-07 1.758022200757763935e-07
1.027500000000000036e+01 4.891495480089143311e-08 4.987849689263414153e-08 1.658571398986144236e-07 1.681936953757864409e-07
1.030000000000000071e+01 4.647578857980028336e-08 4.739021568635625181e-08 1.586883457379278298e-07 1.609196534192063725e-07
1.032499999999999929e+01 4.415920623850854120e-08 4.502704948318994065e-08 1.518342429029280552e-07 1.539651405426991652e-07
1.034999999999999964e+01 4.195899434607002461e-08 4.278265282908254721e-08 1.452807857582736121e-07 1.473158838569114090e-07
1.037500000000000000e+01 3.986925736945645235e-08 4.065100514562593047e-08 1.390145668233203046e-07 1.409582595424436553e-07
1.040000000000000036e+01 3.788440124184266572e-08 3.862639392422769935e-08 1.330227873378325077e-07 1.348792628476142472e-07
1.042500000000000071e+01 3.599911778973086184e-08 3.670339879950825361e-08 1.272932289843784730e-07 1.290664793849419211e-07
1.044999999999999929e+01 3.420836997351571808e-08 3.487687645534250122e-08 1.218142270809536496e-07 1.235080577930301945e-07
1.047499999999999964e+01 3.250737789847305193e-08 3.314194631955391540e-08 1.165746450768858748e-07 1.181926837349579746e-07
1.050000000000000000e+01 3.089160555544510376e-08 3.149397700544263660e-08 1.115638501349897788e-07 1.131095551214479798e-07
1.052500000000000036e+01 2.935674825275495423e-08 2.992857346077252536e-08 1.067716899001568899e-07 1.082483584161622350e-07
1.055000000000000071e+01 2.789872070283569675e-08 2.844156478682959166e-08 1.021884704232124012e-07 1.035992461706719036e-07
1.057499999999999929e+01 2.651364572909015835e-08 2.702899269216825994e-08 9.780493502116858132e-08 9.915281551780958930e-08
1.059999999999999964e+01 2.519784356029862094e-08 2.568710054761917413e-08 9.361224428744218222e-08 9.490008778118257508e-08
1.062500000000000000e+01 2.394782168165059441e-08 2.441232301084610226e-08 8.960195680434045824e-08 9.083248894840861553e-08
1.065000000000000036e+01 2.276026521312217005e-08 2.320127619048062598e-08 8.576601094633388707e-08 8.694183105956135273e-08
1.067500000000000071e+01 2.163202778747253194e-08 2.205074832143432182e-08 8.209670754233877802e-08 8.322029456938880303e-08
1.069999999999999929e+01 2.056012290162712840e-08 2.095769092451654862e-08 7.858669317021126971e-08 7.966041143151464372e-08
1.072499999999999964e+01 1.954171571658882355e-08 1.991921042491146939e-08 7.522894440274915825e-08 7.625504898165346089e-08
1.075000000000000000e+01 1.857411528235179404e-08 1.893256020541586278e-08 7.201675273939516606e-08 7.299739464552022408e-08
1.077500000000000036e+01 1.765476716554502591e-08 1.799513307163179564e-08 6.894371020161508876e-08 6.988094127928125484e-08
1.080000000000000071e+01 1.678124645870596659e-08 1.710445410751641784e-08 6.600369566329399654e-08 6.689947325902056192e-08
1.082499999999999929e+01 1.595125115120606723e-08 1.625817390083091607e-08 6.319086171602320689e-08 6.404705314739725695e-08
1.084999999999999964e+01 1.516259584290985701e-08 1.545406211912065926e-08 6.049962227313935057e-08 6.131800903497987970e-08
1.087500000000000000e+01 1.441320578265067166e-08 1.469000141788957404e-08 5.792464063691955770e-08 5.870692245357742062e-08
1.090000000000000036e+01 1.370111121455384627e-08 1.396398166359055938e-08 5.546081819590578128e-08 5.620861683601905124e-08
1.092500000000000071e+01 1.302444201613932604e-08 1.327409445499074603e-08 5.310328362836274623e-08 5.381814655790886454e-08
1.094999999999999929e+01 1.238142261297409882e-08 1.261852792732575810e-08 5.084738255013949638e-08 5.153078642237563732e-08
1.097499999999999964e+01 1.177036715545842019e-08 1.199556182448381619e-08 4.868866770305963029e-08 4.934202166693570629e-08
1.100000000000000000e+01 1.118967494408929430e-08 1.140356282524490578e-08 4.662288958473460467e-08 4.724753842464006177e-08
1.102500000000000036e+01 1.063782609026124020e-08 1.084098011033532848e-08 4.464598752163046452e-08 4.524321465599755572e-08
1.105000000000000071e+01 1.011337740034592908e-08 1.030634115775267601e-08 4.275408107033172267e-08 4.332511143818206642e-08
1.107499999999999929e+01 9.614958471441450792e-09 9.798247754481237586e-09 4.094346193544791004e-08 4.148946469005725864e-08
1.109999999999999964e+01 9.141267987789472466e-09 9.315372213342789451e-09 3.921058620565950024e-08 3.973267730879638475e-08
1.112500000000000000e+01 8.691070207437853299e-09 8.856453784317824318e-09 3.755206689275620816e-08 3.805131160625349979e-08
1.115000000000000036e+01 8.263191629274534791e-09 8.420295250236792965e-09 3.596466689551028149e-08 3.644208211955938476e-08
1.117500000000000071e+01 7.856517831075983438e-09 8.005759697269108060e-09 3.444529226629018041e-08 3.490184877365639049e-08
1.119999999999999929e+01 7.469990469703176984e-09 7.611767451138521555e-09 3.299098577405702809e-08 3.342761034303055731e-08
1.122499999999999964e+01 7.102604435047331136e-09 7.237293170475495876e-09 3.159892073191163885e-08 3.201649819917217446e-08
1.125000000000000000e+01 6.753405149761983176e-09 6.881363089161396663e-09 3.026639514897102427e-08 3.066577033661129450e-08
1.127500000000000036e+01 6.421486007238260791e-09 6.543052399948910433e-09 2.899082616761837596e-08 2.937280571991652753e-08
1.130000000000000071e+01 6.105985940674527773e-09 6.221482772048160036e-09 2.776974467924836399e-08 2.813509884055236264e-08
1.132499999999999929e+01 5.806087116464606227e-09 5.915819995747069439e-09 2.660079025759757244e-08 2.695025453704356966e-08
1.134999999999999964e+01 5.521012745483813257e-09 5.625271747502370837e-09 2.548170629449512310e-08 2.581598306550490807e-08
1.137500000000000000e+01 5.250025006185440286e-09 5.349085469274493188e-09 2.441033535531778044e-08 2.473009537750275304e-08
1.140000000000000036e+01 4.992423073740907610e-09 5.086546356210168104e-09 2.338461475467205117e-08 2.369049862481517601e-08
1.142500000000000071e+01 4.747541249754197399e-09 4.836975447080792120e-09 2.240257232256235356e-08 2.269519185797794013e-08
1.144999999999999929e+01 4.514747187369181882e-09 4.599727812177921639e-09 2.146232237544696075e-08 2.174226193089155911e-08
1.147499999999999964e+01 4.293440206856267323e-09 4.374190833643247467e-09 2.056206184716457023e-08 2.082987957830476967e-08
1.150000000000000000e+01 4.083049697021513058e-09 4.159782573471673261e-09 1.970006662533767616e-08 1.995629567938512070e-08
1.152500000000000036e+01 3.883033598023050630e-09 3.955950224673896702e-09 1.887468803781984415e-08 1.911983769716121344e-08
1.155000000000000071e+01 3.692876961409899445e-09 3.762168641320131647e-09 1.808434949833896400e-08 1.831890626800311042e-08
1.157499999999999929e+01 3.512090583414965648e-09 3.577938943409600833e-09 1.732754329932681036e-08 1.755197195083868249e-08
1.159999999999999964e+01 3.340209707740417333e-09 3.402787192719280666e-09 1.660282755936928319e-08 1.681757211487606878e-08
1.162500000000000000e+01 3.176792794268866522e-09 3.236263135987812632e-09 1.590882331240875008e-08 1.611430798858126810e-08
1.165000000000000036e+01 3.021420350317834021e-09 3.077939011976626405e-09 1.524421170202356870e-08 1.544084181516402218e-08
1.167500000000000071e+01 2.873693821231707798e-09 2.927408419131728693e-09 1.460773133808835804e-08 1.479589415655645931e-08
1.169999999999999929e+01 2.733234537270478969e-09 2.784285240739202924e-09 1.399817574159529700e-08 1.417824130916179502e-08
1.172499999999999964e+01 2.599682713912075575e-09 2.648202624627554924e-09 1.341439092031558636e-08 1.358671283617863893e-08
1.175000000000000000e+01 2.472696502834362155e-09 2.518812014623300183e-09 1.285527305563725753e-08 1.302018921554807479e-08
1.177500000000000036e+01 2.351951090984217570e-09 2.395782231110378696e-09 1.231976628907164254e-08 1.247759959565104404e-08
1.180000000000000071e+01 2.237137845275011297e-09 2.278798598181278812e-09 1.180686059923371776e-08 1.195791964278354760e-08
1.182499999999999929e+01 2.127963500580756519e-09 2.167562114997281803e-09 1.131558978488492716e-08 1.146016948866270966e-08
1.184999999999999964e+01 2.024149388815506580e-09 2.061788669098404814e-09 1.084502953393183544e-08 1.098341177123802886e-08
1.187500000000000000e+01 1.925430707000725918e-09 1.961208289520239924e-09 1.039429558598757388e-08 1.052674976473921141e-08
1.190000000000000036e+01 1.831555822331341785e-09 1.865564437685378502e-09 9.962541966791465352e-09 1.008932559394781702e-08
1.192500000000000071e+01 1.742285612353803101e-09 1.774613334141967416e-09 9.548959303415984884e-09 9.670318520177433739e-09
1.194999999999999929e+01 1.657392838466459295e-09 1.688123319321116185e-09 9.152773225983253275e-09 9.268943315636488213e-09
1.197499999999999964e+01 1.576661551044816888e-09 1.605874246579172934e-09 8.773242823995993259e-09 8.884448702391903027e-09
1.200000000000000000e+01 1.499886524581408566e-09 1.527656905880034809e-09 8.409659181791123710e-09 8.516115861810039427e-09
1.202500000000000036e+01 1.426872721312824941e-09 1.453272476557241588e-09 8.061343976580788705e-09 8.163257012082325359e-09
1.205000000000000071e+01 1.357434781884935680e-09 1.382532007675886185e-09 7.727648139605383018e-09 7.825214048798915715e-09
1.207499999999999929e+01 1.291396541681731805e-09 1.315255924590381824e-09 7.407950575738928322e-09 7.501357245812091459e-09
1.209999999999999964e+01 1.228590571513672537e-09 1.251273560366169386e-09 7.101656944307125807e-09 7.191084015044438361e-09
1.212500000000000000e+01 1.168857741428371240e-09 1.190422710801849639e-09 6.808198488051381904e-09 6.893817722005835912e-09
1.215000000000000036e+01 1.112046806469926869e-09 1.132549211853047712e-09 6.527030911115219037e-09 6.609006547171358543e-09
1.217500000000000071e+01 1.058014013273222367e-09 1.077506538320764655e-09 6.257633320850216697e-09 6.336122405642669391e-09
1.219999999999999929e+01 1.006622726436527785e-09 1.025155422725144328e-09 5.999507203968514001e-09 6.074659914342466194e-09
1.222499999999999964e+01 9.577430736699657376e-10 9.753634933409823560e-10 5.752175447923264307e-09 5.824135398114076069e-09
1.225000000000000000e+01 9.112516087685282125e-10 9.280049304236153637e-10 5.515181414280951509e-09 5.584085945954016277e-09
1.227500000000000036e+01 8.670309915070206282e-10 8.829601397035252566e-10 5.288088046910060912e-09 5.354068508192716737e-09
1.230000000000000071e+01 8.249696836004142693e-10 8.401154422751207194e-10 5.070477021069784839e-09 5.133659032578933105e-09
1.232499999999999929e+01 7.849616599168601782e-10 7.993627800498417630e-10 4.861947929768221748e-09 4.922451638726675761e-09
1.234999999999999964e+01 7.469061341720675908e-10 7.605994359861611131e-10 4.662117506117594602e-09 4.720057828951120079e-09
1.237500000000000000e+01 7.107072983730943335e-10 7.237277683491799707e-10 4.470618879775428311e-09 4.526105733867763782e-09
1.240000000000000036e+01 6.762740753169350155e-10 6.886549582906593513e-10 4.287100866726939126e-09 4.340239391410306413e-09
1.242500000000000071e+01 6.435198834847102435e-10 6.552927700765547928e-10 4.111227287688716958e-09 4.162118056849049572e-09
1.244999999999999929e+01 6.123624137057881961e-10 6.235573233233375107e-10 3.942676320465969887e-09 3.991415542982180744e-09
1.247499999999999964e+01 5.827234169980702200e-10 5.933688766369756903e-10 3.781139880060399402e-09 3.827819592541606892e-09
1.250000000000000000e+01 5.545285030208541719e-10 5.646516220792817227e-10 3.626323021510604427e-09 3.671031273498922665e-09
1.252500000000000036e+01 5.277069486053822660e-10 5.373334899156262131e-10 3.477943375532466425e-09 3.520764404077257514e-09
1.255000000000000071e+01 5.021915158553475878e-10 5.113459631257924831e-10 3.335730604765587070e-09 3.376745002628918546e-09
1.257499999999999929e+01 4.779182793354381634e-10 4.866239011860659734e-10 3.199425885178694747e-09 3.238710761069553994e-09
1.259999999999999964e+01 4.548264618904924096e-10 4.631053726556903112e-10 3.068781408437597374e-09 3.106410541095316331e-09
1.262500000000000000e+01 4.328582786610304196e-10 4.407314961245065768e-10 2.943559907292517841e-09 2.979603891782038298e-09
1.265000000000000036e+01 4.119587888829750724e-10 4.194462891010902142e-10 2.823534203636837872e-09 2.858060590440995932e-09
1.267500000000000071e+01 3.920757550802739657e-10 3.991965244420670443e-10 2.708486774216696177e-09 2.741560202851738098e-09
1.269999999999999929e+01 3.731595092789736165e-10 3.799315939435149664e-10 2.598209334339818365e-09 2.629891661827107821e-09
1.272499999999999964e+01 3.551628258901169729e-10 3.616033787346023989e-10 2.492502442060134610e-09 2.522852864127810911e-09
1.275000000000000000e+01 3.380408009266872863e-10 3.441661261318388494e-10 2.391175119549590420e-09 2.420250287073295656e-09
1.277500000000000036e+01 3.217507372367679451e-10 3.275763326295931140e-10 2.294044486668879582e-09 2.321898618510146046e-09
1.280000000000000071e+01 3.062520354511809291e-10 3.117926327189972121e-10 2.200935416876504712e-09 2.227620404799181073e-09
1.282499999999999929e+01 2.915060903591171687e-10 2.967756932428980682e-10 2.111680205124553418e-09 2.137245715696082283e-09
1.284999999999999964e+01 2.774761924397365355e-10 2.824881130093110177e-10 2.026118248540799932e-09 2.050611820857040649e-09
1.287500000000000000e+01 2.641274342915082208e-10 2.688943273998714755e-10 1.944095743553970318e-09 1.967562881992996751e-09
1.290000000000000036e+01 2.514266217140732400e-10 2.559605177231032699e-10 1.865465394709479312e-09 1.887949657793300930e-09
1.292500000000000071e+01 2.393421892097615402e-10 2.436545250749286320e-10 1.790086137912694240e-09 1.811629222665005657e-09
1.294999999999999929e+01 2.278441196837116846e-10 2.319457684808593971e-10 1.717822874217077536e-09 1.738464697314927747e-09
1.297499999999999964e+01 2.169038681326467917e-10 2.208051671057033617e-10 1.648546214728483808e-09 1.668324990492486155e-09
1.300000000000000000e+01 2.064942891229572348e-10 2.102050663273977233e-10 1.582132237276058101e-09 1.601084551699867139e-09
1.302500000000000036e+01 1.965895678687926622e-10 2.001191674818583947e-10 1.518462253984823529e-09 1.536623135563406178e-09
1.305000000000000071e+01 1.871651547303956655e-10 1.905224610954548823e-10 1.457422588117639547e-09 1.474825575652294985e-09
1.307499999999999929e+01 1.781977029619700236e-10 1.813911634309709599e-10 1.398904362092140962e-09 1.415581568986827569e-09
1.309999999999999964e+01 1.696650095469576721e-10 1.727026561816687573e-10 1.342803292682977615e-09 1.358785469324197888e-09
1.312500000000000000e+01 1.615459589667717419e-10 1.644354291564088105e-10 1.289019496055030909e-09 1.304336088924208828e-09
1.315000000000000036e+01 1.538204697567666022e-10 1.565690258066826711e-10 1.237457301443665246e-09 1.252136509713984254e-09
1.317500000000000071e+01 1.464694437105811115e-10 1.490839914539118203e-10 1.188025072255117318e-09 1.202093901979094482e-09
1.319999999999999929e+01 1.394747176009696046e-10 1.419618240824917624e-10 1.140635036122715507e-09 1.154119351621694768e-09
1.322499999999999964e+01 1.328190172918658788e-10 1.351849275708236659e-10 1.095203120682871452e-09 1.108127694429520774e-09
1.325000000000000000e+01 1.264859141227110040e-10 1.287365672389943751e-10 1.051648797239059105e-09 1.064037357125591630e-09
1.327500000000000036e+01 1.204597834520544382e-10 1.226008275978608025e-10 1.009894931313028200e-09 1.021770205940064774e-09
1.330000000000000071e+01 1.147257652531058732e-10 1.167625721900831362e-10 9.698676392620948344e-10 9.812514012379052855e-10
1.332499999999999929e+01 1.092697266593022502e-10 1.112074054191440399e-10 9.314961514822027630e-10 9.424092588427311726e-10
1.334999999999999964e+01 1.040782263630679249e-10 1.059216362676103203e-10 8.947126811087356785e-10 9.051751169401472928e-10
1.337500000000000000e+01 9.913848077579977935e-11 1.008922438108464797e-10 8.594522987603801792e-10 8.694832091013375509e-10
1.340000000000000036e+01 9.443833186172221294e-11 9.610684443709314932e-11 8.256528123084423457e-10 8.352705424128139626e-10
1.342500000000000071e+01 8.996621656263335092e-11 9.155366068929217915e-11 7.932546521817066079e-10 8.024767812101980454e-10
1.344999999999999929e+01 8.571113773472247144e-11 8.722149164828015934e-11 7.622007612669204645e-10 7.710441354829164910e-10
1.347499999999999964e+01 8.166263652258771666e-11 8.309968478100206686e-11 7.324364898860976264e-10 7.409172544136681553e-10
1.350000000000000178e+01 7.781076609933247840e-11 7.917810918122077594e-11 7.039094949560977265e-10 7.120431241846672167e-10
1.352500000000000213e+01 7.414606670518143819e-11 7.544713013383347339e-11 6.765696438810419129e-10 6.843709705131622391e-10
1.355000000000000249e+01 7.065954192043858798e-11 7.189758493735476912e-11 6.503689219007999872e-10 6.578521649845911611e-10
1.357499999999999929e+01 6.734263611182368421e-11 6.852075992240499033e-11 6.252613442616286666e-10 6.324401356500354604e-10
1.359999999999999964e+01 6.418721299427399772e-11 6.530836860715367799e-11 6.012028720836175225e-10 6.080902817950034591e-10
1.362500000000000000e+01 6.118553525319845894e-11 6.225253093362685849e-11 5.781513312631760819e-10 5.847598920505392566e-10
1.365000000000000213e+01 5.833024517492279818e-11 5.934575353159273051e-11 5.560663349023413342e-10 5.624080657621485911e-10
1.367500000000000249e+01 5.561434623568206811e-11 5.658091095941130964e-11 5.349092096860215365e-10 5.409956380651847485e-10
1.369999999999999929e+01 5.303118560199916894e-11 5.395122787376439624e-11 5.146429251558263466e-10 5.204851083754869267e-10
1.372499999999999964e+01 5.057443749765100628e-11 5.145026208259287594e-11 4.952320256428869221e-10 5.008405715592774910e-10
1.375000000000000000e+01 4.823808739466472443e-11 4.907188843785373274e-11 4.766425657980068529e-10 4.820276522892271167e-10
1.377500000000000213e+01 4.601641698791799259e-11 4.681028352688299180e-11 4.588420485881957600e-10 4.640134423974151952e-10
1.380000000000000249e+01 4.390398991494167133e-11 4.465991112321534847e-11 4.417993658876502851e-10 4.467664406477992189e-10
1.382499999999999929e+01 4.189563818444656935e-11 4.261550835967286660e-11 4.254847418629688182e-10 4.302564953416282508e-10
1.384999999999999964e+01 3.998644927892406274e-11 4.067207258839902564e-11 4.098696783853067624e-10 4.144547491506493084e-10
1.387500000000000000e+01 3.817175389840772601e-11 3.882484889428708909e-11 3.949269033521243009e-10 3.993335864994014490e-10
1.390000000000000213e+01 3.644711431413288386e-11 3.706931822993281807e-11 3.806303210402391116e-10 3.848665833852813776e-10
1.392500000000000249e+01 3.480831330240109148e-11 3.540118614184378907e-11 3.669549643328067163e-10 3.710284590771859091e-10
1.394999999999999929e+01 3.325134363044663298e-11 3.381637205915659575e-11 3.538769495043153596e-10 3.577950300783331590e-10
1.397499999999999964e+01 3.177239806752025758e-11 3.231099911755901627e-11 3.413734327443818981e-10 3.451431662136020114e-10
1.400000000000000000e+01 3.036785989575250162e-11 3.088138449248852351e-11 3.294225685561873202e-10 3.330507484371478883e-10
1.402500000000000213e+01 2.903429389663955544e-11 2.952403021698353529e-11 3.180034699549102687e-10 3.214966285991247656e-10
1.405000000000000249e+01 2.776843779021286151e-11 2.823561446080660501e-11 3.070961703819599573e-10 3.104605907738862684e-10
1.407499999999999929e+01 2.656719410511138564e-11 2.701298324863896854e-11 2.966815876388167189e-10 2.999233146468058378e-10
1.409999999999999964e+01 2.542762245887644814e-11 2.585314259626807584e-11 2.867414890455918269e-10 2.898663403097550835e-10
1.412500000000000000e+01 2.434693222883668422e-11 2.475325104475856315e-11 2.772584583509754829e-10 2.802720347043412704e-10
1.415000000000000213e+01 2.332247559494601782e-11 2.371061257361126104e-11 2.682158638574198819e-10 2.711235594102592848e-10
1.417500000000000249e+01 2.235174093688569518e-11 2.272266987488199840e-11 2.595978281948676485e-10 2.624048399357415554e-10
1.419999999999999929e+01 2.143234656864237271e-11 2.178699797115010393e-11 2.513891993731633598e-10 2.541005364189004756e-10
1.422499999999999964e+01 2.056203479463185927e-11 2.090129816110125329e-11 2.435755232608267275e-10 2.461960156767856519e-10
1.425000000000000000e+01 1.973866627225498601e-11 2.006339227732149925e-11 2.361430172153272125e-10 2.386773245657500537e-10
1.427500000000000036e+01 1.896021466654796576e-11 1.927121724169108866e-11 2.290785448774217132e-10 2.315311644251013265e-10
1.430000000000000249e+01 1.822476158332997623e-11 1.852281990452057473e-11 2.223695921175530156e-10 2.247448667650706402e-10
1.432499999999999929e+01 1.753049176795452808e-11 1.781635215428994176e-11 2.160042440472814867e-10 2.183063699306007665e-10
1.434999999999999964e+01 1.687568855744190964e-11 1.715006628553464969e-11 2.099711633519922395e-10 2.122041971010884897e-10
1.437500000000000000e+01 1.625872957440882263e-11 1.652231061307423667e-11 2.042595693196337080e-10 2.064274351481150678e-10
1.440000000000000036e+01 1.567808265181994688e-11 1.593152532139895099e-11 1.988592180185028151e-10 2.009657145010735218e-10
1.442500000000000249e+01 1.513230197816652047e-11 1.537623853862191529e-11 1.937603834600635682e-10 1.958091900361539235e-10
1.444999999999999929e+01 1.462002445322988168e-11 1.485506262496761699e-11 1.889538396374826659e-10 1.909485229191553776e-10
1.447499999999999964e+01 1.413996624511542642e-11 1.436669066630529418e-11 1.844308433081154000e-10 1.863748631981890056e-10
1.450000000000000000e+01 1.369091953974561252e-11 1.390989316374868045e-11 1.801831177453091719e-10 1.820798333014633701e-10
1.452500000000000036e+01 1.327174947448081408e-11 1.348351491083291055e-11 1.762028372618446424e-10 1.780555123761861789e-10
1.455000000000000249e+01 1.288139124799529246e-11 1.308647205024673494e-11 1.724826125928610930e-10 1.742944214433981338e-10
1.457499999999999929e+01 1.251884739897334712e-11 1.271774930254444675e-11 1.690154769386396854e-10 1.707895093256815897e-10
1.459999999999999964e+01 1.218318524660924813e-11 1.237639735968838497e-11 1.657948726935579839e-10 1.675341391732689351e-10
1.462500000000000000e+01 1.187353448629464796e-11 1.206153043668076651e-11 1.628146390698268138e-10 1.645220759017151498e-10
1.465000000000000036e+01 1.158908493425953222e-11 1.177232397493325034e-11 1.600690001714761055e-10 1.617474741718233652e-10
1.467500000000000249e+01 1.132908441529954487e-11 1.150801249139641426e-11 1.575525538764645328e-10 1.592048670710620026e-10
1.469999999999999929e+01 1.109283678807318647e-11 1.126788756782873484e-11 1.552602612907204627e-10 1.568891554786086127e-10
1.472499999999999964e+01 1.087970010278849555e-11 1.105129597492719122e-11 1.531874367062755090e-10 1.547955978917808423e-10
1.475000000000000000e+01 1.068908488642186006e-11 1.085763792637082344e-11 1.513297383665552655e-10 1.529198010224191102e-10
1.477500000000000036e+01 1.052045255092076100e-11 1.068636545814366223e-11 1.496831597304042952e-10 1.512577109893289112e-10
1.480000000000000249e+01 1.037331392014030562e-11 1.053698092880708860e-11 1.482440211929758712e-10 1.498056049402312249e-10
1.482499999999999929e+01 1.024722787154924011e-11 1.040903563668312416e-11 1.470089624093972761e-10 1.485600832622118385e-10
1.484999999999999964e+01 1.014180008901679793e-11 1.030212855019092385e-11 1.459749351428715918e-10 1.475180623409000820e-10
1.487500000000000000e+01 1.005668192325728092e-11 1.021590514784943326e-11 1.451391966184984830e-10 1.466767678292632780e-10
1.490000000000000036e+01 9.991569356765418580e-12 1.015005636472012206e-11 1.444993033735270639e-10 1.460337284192769327e-10
1.492500000000000071e+01 9.946202070323125011e-12 1.010431764231607913e-11 1.440531055807425299e-10 1.455867700943916424e-10
1.494999999999999929e+01 9.920362608397612537e-12 1.007846807924752324e-11 1.437987418712286270e-10 1.453340108825473315e-10
1.497499999999999964e+01 9.913875640982880791e-12 1.007232968011036259e-11 1.437346346107361945e-10 1.452738560801216536e-10
