# raxis[fm], SN, VN, SP, VP
2.101448349307773875e-07 9.941943210719433877e-02 1.033035643912213614e-01 8.903973072097948194e-02 9.208086569742404692e-02
2.500000000000000139e-02 9.941641919246914372e-02 1.033026830789352396e-01 8.903702208666200435e-02 9.207989006993749781e-02
5.000000000000000278e-02 9.936842126033021416e-02 1.032596203942186402e-01 8.899531501514745813e-02 9.204230925045280010e-02
7.499999999999999722e-02 9.928741690497909500e-02 1.031868288655673760e-01 8.892494305572436197e-02 9.197880954027087830e-02
1.000000000000000056e-01 9.917403619113707158e-02 1.030849064079770311e-01 8.882643423643003799e-02 9.188989300918824765e-02
1.250000000000000000e-01 9.902868165260539368e-02 1.029542195664705229e-01 8.870012490421656792e-02 9.177586939327979365e-02
1.499999999999999944e-01 9.885178611892833644e-02 1.027951496586637231e-01 8.854637495531518521e-02 9.163706014450051507e-02
1.749999999999999889e-01 9.864385976624741315e-02 1.026081469935015977e-01 8.836560831231939084e-02 9.147384479183691408e-02
2.000000000000000111e-01 9.840549364894005113e-02 1.023937320111683730e-01 8.815831556108216782e-02 9.128666157539337689e-02
2.250000000000000056e-01 9.813736262379642306e-02 1.021524991145720401e-01 8.792505627464167195e-02 9.107601042298223148e-02
2.500000000000000000e-01 9.784022904924495612e-02 1.018851192440902859e-01 8.766646288618204497e-02 9.084245576969622593e-02
2.750000000000000222e-01 9.751494438600900871e-02 1.015923444331211928e-01 8.738324175199899124e-02 9.058663027266057599e-02
2.999999999999999889e-01 9.716243142167366176e-02 1.012749910941759951e-01 8.707615706864717253e-02 9.030921952853068757e-02
3.250000000000000111e-01 9.678368791892466572e-02 1.009339399577960650e-01 8.674603450036218188e-02 9.001096235304743842e-02
3.499999999999999778e-01 9.637978588491057097e-02 1.005701401976962089e-01 8.639376074627500013e-02 8.969265454550801042e-02
3.750000000000000000e-01 9.595186538703491530e-02 1.001845997311018727e-01 8.602027788539526321e-02 8.935514017338512527e-02
4.000000000000000222e-01 9.550114807040231690e-02 9.977840005694040004e-02 8.562659523602048073e-02 8.899932444128982878e-02
4.249999999999999889e-01 9.502892001530659216e-02 9.935268302725894229e-02 8.521377454339634783e-02 8.862616215545808529e-02
4.500000000000000111e-01 9.453653246402807242e-02 9.890864882673762459e-02 8.478293058757767342e-02 8.823665595477792056e-02
4.749999999999999778e-01 9.402539423863022494e-02 9.844755147804454265e-02 8.433522458653749942e-02 8.783185223055975377e-02
5.000000000000000000e-01 9.349696850279681781e-02 9.797069339546851663e-02 8.387186161206523771e-02 8.741283656596914031e-02
5.250000000000000222e-01 9.295277424739244176e-02 9.747942841575438222e-02 8.339409178968475167e-02 8.698073622321268739e-02
5.500000000000000444e-01 9.239437935593461382e-02 9.697515628697289669e-02 8.290320454404875861e-02 8.653671542637528247e-02
5.749999999999999556e-01 9.182339553418533695e-02 9.645931810380362070e-02 8.240052411585790937e-02 8.608197136691776719e-02
5.999999999999999778e-01 9.124147153732178883e-02 9.593338962096013833e-02 8.188740378341992365e-02 8.561772823441254898e-02
6.250000000000000000e-01 9.065029100731171463e-02 9.539887887947778866e-02 8.136522444711960511e-02 8.514523557875948445e-02
6.500000000000000222e-01 9.005156730579148838e-02 9.485732315157013872e-02 8.083539010652911194e-02 8.466576551721249899e-02
6.750000000000000444e-01 8.944703855953925475e-02 9.431028291837370570e-02 8.029932413377949274e-02 8.418060789888993922e-02
6.999999999999999556e-01 8.883846401067549414e-02 9.375933935362240623e-02 7.975846584548240692e-02 8.369106796852240904e-02
7.249999999999999778e-01 8.822761449512697696e-02 9.320608726380341658e-02 7.921426251694436982e-02 8.319846017397941607e-02
7.500000000000000000e-01 8.761626380376093259e-02 9.265212480938769812e-02 7.866816241721209801e-02 8.270409970337658234e-02
7.750000000000000222e-01 8.700618941651154514e-02 9.209905330571764581e-02 7.812161559178903980e-02 8.220930241410835670e-02
8.000000000000000444e-01 8.639917122706480823e-02 9.154847690413765726e-02 7.757607331409129003e-02 8.171538486601545581e-02
8.249999999999999556e-01 8.579698169203610336e-02 9.100199643518359915e-02 7.703297967234144783e-02 8.122365918061749679e-02
8.499999999999999778e-01 8.520137628734043844e-02 9.046119794081303178e-02 7.649376358534427933e-02 8.073542310380855958e-02
8.750000000000000000e-01 8.461409350287561748e-02 8.992765208718697667e-02 7.595983935168626466e-02 8.025196002360229786e-02
9.000000000000000222e-01 8.403684613286388494e-02 8.940290802512811108e-02 7.543259926128194348e-02 7.977453363551967325e-02
9.250000000000001554e-01 8.347131640126134733e-02 8.888848717889644147e-02 7.491341019668174006e-02 7.930438325098927710e-02
9.499999999999999556e-01 8.291915010132343278e-02 8.838587907390328680e-02 7.440360847208495054e-02 7.884272014150149610e-02
9.749999999999999778e-01 8.238194714927304929e-02 8.789653226720094137e-02 7.390449216667943633e-02 7.839071996007229703e-02
1.000000000000000000e+00 8.186125909017086255e-02 8.742184972333087722e-02 7.341731923482169853e-02 7.794951892671593552e-02
1.024999999999999911e+00 8.135858492457301305e-02 8.696318776114179971e-02 7.294330439594448601e-02 7.752021327517398530e-02
1.050000000000000044e+00 8.087536153055356614e-02 8.652184531294364322e-02 7.248361145502667247e-02 7.710385044079659522e-02
1.074999999999999956e+00 8.041296522820007286e-02 8.609906545635460928e-02 7.203935494672564221e-02 7.670143071441534732e-02
1.100000000000000089e+00 7.997270155234886824e-02 8.569602747477382543e-02 7.161159136093923905e-02 7.631390030344110953e-02
1.125000000000000000e+00 7.955580003026030411e-02 8.531384012839490771e-02 7.120131528302907353e-02 7.594214603624728499e-02
1.149999999999999911e+00 7.916341089159681377e-02 8.495353903424493480e-02 7.080945657290770023e-02 7.558699315139374986e-02
1.175000000000000044e+00 7.879660078541349255e-02 8.461608264091778631e-02 7.043687703107368026e-02 7.524920200059193043e-02
1.199999999999999956e+00 7.845634862029525480e-02 8.430234832651120613e-02 7.008436715813508300e-02 7.492946503712639983e-02
1.225000000000000089e+00 7.814354194855971381e-02 8.401312936840030221e-02 6.975264316594093073e-02 7.462840429089914740e-02
1.250000000000000000e+00 7.785897239160953498e-02 8.374913026278452133e-02 6.944234339367515163e-02 7.434656762238375793e-02
1.274999999999999911e+00 7.760333377271194655e-02 8.351096498123640466e-02 6.915402684299384872e-02 7.408442738251387605e-02
1.300000000000000044e+00 7.737722012350839451e-02 8.329915551240356375e-02 6.888817139961531111e-02 7.384237908926694072e-02
1.324999999999999956e+00 7.718112260332468666e-02 8.311412914730030577e-02 6.864517136281989007e-02 7.362073921360340334e-02
1.350000000000000089e+00 7.701542549647137637e-02 8.295621439542381903e-02 6.842533434157019312e-02 7.341974207340253022e-02
1.375000000000000000e+00 7.688040585219590994e-02 8.282564086683907867e-02 6.822888058268868072e-02 7.323953940163735465e-02
1.399999999999999911e+00 7.677623090967117259e-02 8.272253687753294837e-02 6.805594069113356237e-02 7.308019821246893033e-02
1.425000000000000044e+00 7.670295832522872059e-02 8.264692983381237423e-02 6.790655604270673384e-02 7.294170143410182161e-02
1.449999999999999956e+00 7.666053647344991950e-02 8.259874680966509952e-02 6.778067908048378276e-02 7.282394854291307507e-02
1.475000000000000089e+00 7.664880480185608247e-02 8.257781505951576617e-02 6.767817338114116843e-02 7.272675579621920572e-02
1.500000000000000000e+00 7.666749127305327871e-02 8.258385948268806565e-02 6.759881133023970534e-02 7.264985405975224464e-02
1.524999999999999911e+00 7.671621812095073822e-02 8.261650887405593002e-02 6.754227888744192276e-02 7.259289422158450578e-02
1.550000000000000044e+00 7.679450229952486384e-02 8.267529600177285498e-02 6.750817601815128910e-02 7.255544717820276712e-02
1.574999999999999956e+00 7.690175208301308629e-02 8.275965451002936790e-02 6.749601339291000368e-02 7.253700117232243783e-02
1.600000000000000089e+00 7.703727542603719392e-02 8.286892745629716173e-02 6.750521945009366198e-02 7.253696911483609178e-02
1.625000000000000000e+00 7.720027685876913737e-02 8.300236343991031218e-02 6.753513770506971992e-02 7.255468514153076698e-02
1.649999999999999911e+00 7.738985806527963474e-02 8.315911755915421366e-02 6.758502683567049751e-02 7.258940540630651195e-02
1.675000000000000044e+00 7.760502274564831660e-02 8.333825687544300920e-02 6.765406456946321256e-02 7.264031293499037534e-02
1.699999999999999956e+00 7.784468596308796728e-02 8.353876934241546981e-02 6.774135591454959193e-02 7.270652549868474035e-02
1.725000000000000311e+00 7.810767349007485816e-02 8.375956272808376957e-02 6.784593222385233713e-02 7.278709441100073008e-02
1.750000000000000000e+00 7.839272878682308765e-02 8.399947207132323068e-02 6.796675689847972435e-02 7.288101116925331524e-02
1.774999999999999911e+00 7.869851585068310396e-02 8.425726132482759534e-02 6.810272815196527496e-02 7.298720894445580309e-02
1.800000000000000044e+00 7.902362239806483279e-02 8.453162746625317303e-02 6.825268111062825216e-02 7.310456632429683521e-02
1.824999999999999956e+00 7.936656872335895452e-02 8.482120824384915825e-02 6.841539564589096956e-02 7.323191397380127143e-02
1.850000000000000311e+00 7.972580725446096195e-02 8.512458132099391672e-02 6.858959585126554737e-02 7.336803401848830675e-02
1.875000000000000000e+00 8.009973039800283301e-02 8.544027250892276271e-02 6.877395668198471590e-02 7.351166772227585300e-02
1.899999999999999911e+00 8.048667739560308454e-02 8.576676196955834719e-02 6.896710995897308016e-02 7.366152104906026343e-02
1.925000000000000044e+00 8.088494053432657149e-02 8.610248929273804641e-02 6.916764968057528828e-02 7.381626877666130904e-02
1.949999999999999956e+00 8.129276458263309801e-02 8.644585248954282652e-02 6.937413176464518605e-02 7.397455417028510338e-02
1.975000000000000089e+00 8.170835561275194281e-02 8.679521728074579556e-02 6.958508112804923096e-02 7.413499757725662553e-02
2.000000000000000000e+00 8.212988915907645793e-02 8.714892380572736297e-02 6.979899921289199616e-02 7.429620225911366671e-02
2.024999999999999911e+00 8.255551442041983434e-02 8.750529029360401556e-02 7.001436769152366568e-02 7.445675802572407354e-02
2.049999999999999822e+00 8.298335990571376053e-02 8.786261795122328466e-02 7.022965362233871134e-02 7.461524591473965573e-02
2.075000000000000178e+00 8.341153849999197178e-02 8.821919545556196340e-02 7.044331413610063763e-02 7.477024275124138919e-02
2.100000000000000089e+00 8.383815567531965884e-02 8.857330636420483738e-02 7.065380274644461611e-02 7.492032712018927010e-02
2.125000000000000000e+00 8.426131390063772153e-02 8.892323245861218084e-02 7.085957396304397304e-02 7.506408275414117037e-02
2.149999999999999911e+00 8.467911609165892917e-02 8.926725652865687144e-02 7.105908701018311124e-02 7.520010196256794732e-02
2.174999999999999822e+00 8.508967254313787310e-02 8.960366850944186112e-02 7.125081102266545008e-02 7.532699113639984567e-02
2.200000000000000178e+00 8.549110787751561247e-02 8.993077146483842432e-02 7.143323171182189291e-02 7.544337557869629229e-02
2.225000000000000089e+00 8.588156237054017650e-02 9.024688201311814595e-02 7.160485297342877864e-02 7.554790122502684502e-02
2.250000000000000000e+00 8.625920268460479656e-02 9.055034001226913709e-02 7.176420590042084657e-02 7.563924341199243506e-02
2.274999999999999911e+00 8.662222434955338390e-02 9.083951053168479173e-02 7.190985147981145131e-02 7.571610737547301850e-02
2.299999999999999822e+00 8.696885565850606681e-02 9.111278629990543498e-02 7.204038334113614661e-02 7.577723181696796595e-02
2.325000000000000178e+00 8.729736587363065570e-02 9.136859538697973682e-02 7.215443581060324019e-02 7.582139554433184325e-02
2.350000000000000089e+00 8.760606521465111318e-02 9.160540063218380880e-02 7.225068426251021747e-02 7.584741686443133291e-02
2.375000000000000000e+00 8.789331199517257109e-02 9.182170498438782524e-02 7.232785031069786930e-02 7.585415885638917277e-02
2.399999999999999911e+00 8.815751734590732136e-02 9.201605660238111606e-02 7.238470659733187151e-02 7.584053273296524622e-02
2.424999999999999822e+00 8.839714682789891198e-02 9.218704883730867439e-02 7.242007825667273746e-02 7.580549901092339948e-02
2.450000000000000178e+00 8.861072871967874687e-02 9.233332749776489157e-02 7.243284983269807076e-02 7.574807372662058225e-02
2.475000000000000089e+00 8.879685367171227806e-02 9.245359238216245557e-02 7.242196549303560327e-02 7.566732768442810397e-02
2.500000000000000000e+00 8.895417723143189681e-02 9.254659603882818553e-02 7.238642995274019443e-02 7.556238718037647240e-02
2.524999999999999911e+00 8.908142696577295294e-02 9.261115210653064755e-02 7.232531576170919685e-02 7.543244056046974344e-02
2.549999999999999822e+00 8.917740314842803606e-02 9.264613492644761805e-02 7.223776259481985706e-02 7.527673690942654483e-02
2.575000000000000178e+00 8.924098426816440277e-02 9.265048574887482791e-02 7.212298235069289354e-02 7.509459084610727031e-02
2.600000000000000089e+00 8.927112380207685716e-02 9.262320852575331442e-02 7.198025658028395224e-02 7.488537941243440799e-02
2.625000000000000000e+00 8.926686135338038341e-02 9.256337948948605010e-02 7.180894402953939826e-02 7.464854899401901500e-02
2.649999999999999911e+00 8.922731676345559138e-02 9.247014527703895093e-02 7.160847775136211513e-02 7.438361289700000378e-02
2.674999999999999822e+00 8.915169381109652735e-02 9.234272365774956470e-02 7.137836612858045049e-02 7.409015160310680748e-02
2.700000000000000178e+00 8.903928498713724327e-02 9.218040713509785544e-02 7.111819578788096397e-02 7.376781507201332633e-02
2.725000000000000089e+00 8.888947074017611305e-02 9.198256609586007160e-02 7.082763275495548849e-02 7.341632477617432428e-02
2.750000000000000000e+00 8.870172056177536013e-02 9.174864714019902168e-02 7.050642085268424286e-02 7.303547114833332243e-02
2.774999999999999911e+00 8.847559753598373267e-02 9.147817933795976408e-02 7.015438567147354310e-02 7.262511800169796361e-02
2.799999999999999822e+00 8.821075145265074025e-02 9.117076948000060743e-02 6.977142925989981981e-02 7.218519784373018944e-02
2.825000000000000178e+00 8.790692725068777191e-02 9.082610700182393304e-02 6.935753456321254451e-02 7.171571502706504397e-02
2.850000000000000089e+00 8.756395923668958137e-02 9.044396602678334007e-02 6.891276127307305321e-02 7.121674445409290066e-02
2.875000000000000000e+00 8.718177655808108384e-02 9.002419654742542521e-02 6.843724850275152705e-02 7.068842886104449719e-02
2.899999999999999911e+00 8.676040327326904611e-02 8.956674830676762677e-02 6.793121588813308409e-02 7.013098899819003584e-02
2.924999999999999822e+00 8.629993974192624873e-02 8.907164148261581538e-02 6.739494684949855208e-02 6.954470311662419579e-02
2.950000000000000178e+00 8.580058278902455426e-02 8.853897227876973697e-02 6.682880346620795331e-02 6.892991577567685046e-02
2.975000000000000089e+00 8.526262387237054652e-02 8.796893381310204318e-02 6.623322430453751353e-02 6.828704489359416208e-02
3.000000000000000000e+00 8.468644064734319465e-02 8.736180147291384979e-02 6.560871811729297731e-02 6.761657312965121958e-02
3.024999999999999911e+00 8.407249121751585175e-02 8.671793010631295706e-02 6.495585931018586778e-02 6.691904462989661795e-02
3.049999999999999822e+00 8.342131899037268095e-02 8.603775773923105774e-02 6.427528829918573161e-02 6.619506523424986688e-02
3.075000000000000178e+00 8.273354813482679260e-02 8.532180005145738322e-02 6.356770792517833779e-02 6.544529859121474280e-02
3.100000000000000089e+00 8.200988139981342517e-02 8.457065121547252540e-02 6.283388184329956327e-02 6.467046581203715616e-02
3.125000000000000000e+00 8.125109689001984437e-02 8.378498161209560480e-02 6.207463096323052182e-02 6.387134255242690739e-02
3.149999999999999911e+00 8.045804973303921637e-02 8.296553719264823656e-02 6.129083326519824126e-02 6.304875797021891604e-02
3.174999999999999822e+00 7.963166560680955131e-02 8.211314052804773167e-02 6.048341895127393175e-02 6.220359347450899606e-02
3.200000000000000178e+00 7.877293407078521381e-02 8.122868192413111588e-02 5.965336457875131115e-02 6.133677608982907037e-02
3.225000000000000089e+00 7.788290686154457354e-02 8.031311741358974909e-02 5.880169076229176811e-02 6.044927612399435962e-02
3.250000000000000000e+00 7.696269636170065265e-02 7.936746566384832169e-02 5.792945998847575523e-02 5.954210435904971899e-02
3.274999999999999911e+00 7.601347396725291472e-02 7.839280864690088835e-02 5.703777487039440874e-02 5.861631160092860976e-02
3.299999999999999822e+00 7.503646429849449018e-02 7.739028995021456081e-02 5.612777304915689269e-02 5.767298575705304131e-02
3.325000000000000178e+00 7.403293560047462252e-02 7.636110601008294640e-02 5.520062024116483695e-02 5.671324546990166859e-02
3.350000000000000089e+00 7.300419780688406635e-02 7.530649856674118126e-02 5.425750731718653047e-02 5.573823460643932692e-02
3.375000000000000444e+00 7.195160569708493326e-02 7.422775731179571956e-02 5.329965148901236877e-02 5.474912332957278249e-02
3.399999999999999911e+00 7.087654387081426810e-02 7.312621526316685772e-02 5.232828665030301446e-02 5.374710377675370049e-02
3.424999999999999822e+00 6.978042763057028253e-02 7.200323883202611186e-02 5.134466182171413401e-02 5.273338326178182017e-02
3.450000000000000622e+00 6.866470099236855751e-02 7.086023182980487334e-02 5.035003959979702376e-02 5.170918583072491720e-02
3.475000000000000533e+00 6.753082458639274310e-02 6.969862414596372790e-02 4.934568746930945160e-02 5.067574423521065130e-02
3.500000000000000000e+00 6.638028072297069704e-02 6.851986562222535382e-02 4.833287993841681868e-02 4.963429648546785478e-02
3.524999999999999911e+00 6.521456606905898234e-02 6.732543611331774647e-02 4.731289379461463968e-02 4.858608999109593346e-02
3.549999999999999822e+00 6.403517999841319697e-02 6.611682723035670894e-02 4.628699890215796919e-02 4.753236942884746935e-02
3.575000000000000622e+00 6.284362426357978371e-02 6.489553500460866486e-02 4.525645792252281502e-02 4.647437255812342238e-02
3.600000000000000089e+00 6.164140315366289924e-02 6.366306168919047548e-02 4.422252566745948910e-02 4.541333076569574467e-02
3.625000000000000000e+00 6.043001474818389396e-02 6.242091316072369278e-02 4.318644311280749049e-02 4.435046662200004680e-02
3.649999999999999911e+00 5.921094782834383785e-02 6.117059050619051003e-02 4.214943438698944694e-02 4.328698785598430326e-02
3.674999999999999822e+00 5.798567809482060853e-02 5.991358668148676764e-02 4.111270439216138661e-02 4.222408548362905495e-02
3.700000000000000622e+00 5.675566312862893176e-02 5.865138144976967532e-02 4.007743468788375896e-02 4.116292976881908566e-02
3.725000000000000089e+00 5.552234474484252225e-02 5.738544053779650461e-02 3.904478456643633438e-02 4.010466969960266997e-02
3.750000000000000000e+00 5.428713778849907079e-02 5.611720936011455746e-02 3.801588393457740883e-02 3.905042858421613194e-02
3.774999999999999911e+00 5.305143310172085597e-02 5.484811024802398877e-02 3.699183432513538511e-02 3.800130211488347148e-02
3.799999999999999822e+00 5.181659078046146200e-02 5.357953876897347811e-02 3.597370465638830700e-02 3.695835582805595543e-02
3.825000000000000178e+00 5.058394047786950870e-02 5.231286076400600005e-02 3.496253082842235016e-02 3.592262305375308606e-02
3.850000000000000089e+00 4.935477671587907428e-02 5.104940987389901957e-02 3.395931275520974735e-02 3.489510319328386484e-02
3.875000000000000000e+00 4.813035550101579102e-02 4.979048316388572787e-02 3.296501190501723022e-02 3.387675879406926160e-02
3.899999999999999911e+00 4.691189379349835348e-02 4.853734085621497218e-02 3.198055056681967101e-02 3.286851500527929182e-02
3.924999999999999822e+00 4.570056621950888132e-02 4.729119941840215224e-02 3.100680963216998279e-02 3.187125552949443552e-02
3.950000000000000178e+00 4.449750927894544072e-02 4.605323473110338461e-02 3.004463101657616278e-02 3.088582447359080815e-02
3.975000000000000089e+00 4.330381174402302136e-02 4.482458085790554103e-02 2.909481199896134934e-02 2.991302519672349447e-02
4.000000000000000000e+00 4.212051624013513074e-02 4.360632078847773152e-02 2.815810559267166099e-02 2.895361498424800853e-02
4.025000000000000355e+00 4.094862163852729109e-02 4.239949342648213770e-02 2.723522226029193027e-02 2.800830918031695788e-02
4.049999999999999822e+00 3.978907690798226537e-02 4.120509027864555085e-02 2.632682600356757788e-02 2.707777880511148816e-02
4.075000000000000178e+00 3.864278152740070055e-02 4.002405032292080667e-02 2.543353469036420400e-02 2.616264796719949826e-02
4.099999999999999645e+00 3.751058664072422222e-02 3.885726197322462300e-02 2.455592068653512233e-02 2.526349494113238475e-02
4.125000000000000000e+00 3.639329644336224828e-02 3.770556537440848677e-02 2.369451184470171279e-02 2.438085360740458937e-02
4.150000000000000355e+00 3.529166317941712094e-02 3.656974914354890749e-02 2.284978874266861693e-02 2.351521161248266989e-02
4.174999999999999822e+00 3.420638812116343769e-02 3.545054772332731363e-02 2.202218546059977675e-02 2.266700922360942450e-02
4.200000000000000178e+00 3.313812335035973278e-02 3.434864524228684046e-02 2.121209079992675967e-02 2.183664161580091759e-02
4.224999999999999645e+00 3.208747196438037352e-02 3.326467521769307933e-02 2.041984865657456641e-02 2.102445895596850856e-02
4.250000000000000000e+00 3.105498676325741877e-02 3.219921892780443218e-02 1.964575769037401123e-02 2.023076588776302406e-02
4.275000000000000355e+00 3.004117471664619413e-02 3.115280565232174739e-02 1.889007427458868835e-02 1.945582225493163592e-02
4.299999999999999822e+00 2.904649523968498223e-02 3.012592234351277320e-02 1.815301208840197633e-02 1.869984855430259496e-02
4.325000000000000178e+00 2.807135391723590209e-02 2.911900160144431995e-02 1.743473872195347441e-02 1.796301955037950260e-02
4.349999999999999645e+00 2.711611126290286097e-02 2.813242163186232755e-02 1.673538143273971268e-02 1.724546541075595157e-02
4.375000000000000000e+00 2.618108346433735759e-02 2.716651829341856089e-02 1.605502809840171977e-02 1.654727857618229839e-02
4.400000000000000355e+00 2.526653985785186005e-02 2.622157978487093394e-02 1.539372652138261063e-02 1.586851138484079993e-02
4.424999999999999822e+00 2.437270645650455730e-02 2.529784830795156134e-02 1.475148715943615241e-02 1.520917783648141966e-02
4.450000000000000178e+00 2.349976494419139458e-02 2.439552056492701876e-02 1.412828332764114528e-02 1.456925459357340073e-02
4.474999999999999645e+00 2.264785676546117454e-02 2.351474975651068541e-02 1.352405410566852491e-02 1.394868284946240364e-02
4.500000000000000000e+00 2.181708327124860097e-02 2.265564881330830310e-02 1.293870521215439821e-02 1.334737072322985697e-02
4.525000000000000355e+00 2.100750391369571313e-02 2.181828969300770096e-02 1.237210902220373283e-02 1.276519362695383367e-02
4.549999999999999822e+00 2.021914031752129401e-02 2.100270336975278498e-02 1.182410748663405460e-02 1.220199520101457845e-02
4.575000000000000178e+00 1.945197759149269040e-02 2.020888202402059547e-02 1.129451388814454137e-02 1.165758946268483955e-02
4.599999999999999645e+00 1.870596620995287548e-02 1.943678282245081892e-02 1.078311474837015740e-02 1.113176362589822846e-02
4.625000000000000000e+00 1.798102266640967672e-02 1.868632796512493741e-02 1.028967110041110154e-02 1.062427903440092518e-02
4.650000000000000355e+00 1.727703138056772489e-02 1.795740594598296824e-02 9.813920444742546892e-03 1.013487278103162269e-02
4.674999999999999822e+00 1.659384633277006388e-02 1.724987455758300592e-02 9.355578545713019722e-03 9.663260143077423078e-03
4.700000000000000178e+00 1.593129209593648413e-02 1.656356089526505801e-02 8.914340909220950029e-03 9.209135528914441995e-03
4.724999999999999645e+00 1.528916604462495811e-02 1.589826340174418928e-02 8.489884883724025874e-03 8.772174490641566208e-03
4.750000000000000000e+00 1.466724001550988657e-02 1.525375438383381153e-02 8.081871436997378408e-03 8.352035887197576530e-03
4.775000000000000355e+00 1.406526205562201939e-02 1.462978133691890045e-02 7.689946882546834679e-03 7.948363441671525698e-03
4.799999999999999822e+00 1.348295772498615819e-02 1.402606859917739091e-02 7.313744502894506914e-03 7.560787431005173628e-03
4.825000000000000178e+00 1.292003187705257662e-02 1.344231896510887994e-02 6.952886336070478006e-03 7.188926402374315287e-03
4.849999999999999645e+00 1.237617044236823984e-02 1.287821547928113229e-02 6.606984837821670321e-03 6.832388872223493954e-03
4.875000000000000000e+00 1.185104201311232286e-02 1.233342314058550118e-02 6.275644437069208444e-03 6.490774953746639327e-03
4.900000000000000355e+00 1.134429951322160623e-02 1.180759058759785728e-02 5.958463062060676690e-03 6.163677885198270805e-03
4.924999999999999822e+00 1.085558166725117922e-02 1.130035158265555416e-02 5.655033653058296091e-03 5.850685490868222371e-03
4.950000000000000178e+00 1.038451483328556128e-02 1.081132675749959214e-02 5.364945675374429429e-03 5.551381703865192890e-03
4.974999999999999645e+00 9.930714373152238483e-03 1.034012530501630077e-02 5.087786426444642143e-03 5.265348004026244172e-03
5.000000000000000000e+00 9.493786099867765685e-03 9.886346323813454198e-03 4.823142291940901889e-03 4.992164645047366539e-03
5.025000000000000355e+00 9.073327823629604577e-03 9.449580266255839384e-03 4.570600014237606937e-03 4.731411883569902610e-03
5.049999999999999822e+00 8.668930726578467569e-03 9.029410515725644348e-03 4.329747819813713552e-03 4.482671212368460195e-03
5.075000000000000178e+00 8.280180803292867819e-03 8.625414778148687497e-03 4.100176529386744158e-03 4.245526451045320351e-03
5.099999999999999645e+00 7.906660072806574388e-03 8.237166402916195826e-03 3.881480511301546761e-03 4.019564762969939607e-03
5.125000000000000000e+00 7.547947797044617969e-03 7.864235510951953292e-03 3.673258582151644591e-03 3.804377526354779052e-03
5.150000000000000355e+00 7.203621821103252561e-03 7.506190424603726569e-03 3.475114930540751292e-03 3.599561302984226503e-03
5.174999999999999822e+00 6.873259537492794682e-03 7.162598768346303303e-03 3.286659794542896688e-03 3.404718597254211953e-03
5.200000000000000178e+00 6.556438966245546618e-03 6.833028467939283347e-03 3.107510162441017628e-03 3.219458528394151045e-03
5.224999999999999645e+00 6.252739800542134532e-03 6.517048831878365783e-03 2.937290411174685398e-03 3.043397495215200213e-03
5.250000000000000000e+00 5.961744344219340255e-03 6.214231517297558703e-03 2.775632852385359443e-03 2.876159748321658639e-03
5.275000000000000355e+00 5.683038338151507295e-03 5.924151466291908627e-03 2.622178188868506954e-03 2.717377902913342604e-03
5.299999999999999822e+00 5.416211760325154168e-03 5.646387663546434919e-03 2.476575923671344229e-03 2.566693340034197079e-03
5.325000000000000178e+00 5.160859533464046654e-03 5.380523926887779973e-03 2.338484691174137937e-03 2.423756583886195904e-03
5.349999999999999645e+00 4.916582230103929904e-03 5.126149613705228980e-03 2.207572555715913917e-03 2.288227608251563582e-03
5.375000000000000000e+00 4.682986665550224401e-03 4.882860231454832882e-03 2.083517232993591876e-03 2.159776074539179920e-03
5.400000000000000355e+00 4.459686441180000550e-03 4.650258016069679437e-03 1.966006260974107953e-03 2.038081525242422219e-03
5.424999999999999822e+00 4.246302440362259220e-03 4.427952480106318173e-03 1.854737126323584588e-03 1.922833538357553293e-03
5.450000000000000178e+00 4.042463213044291889e-03 4.215560830727154741e-03 1.749417319756650050e-03 1.813731802816489786e-03
5.474999999999999645e+00 3.847805405035986670e-03 4.012708364742382378e-03 1.649764393054828230e-03 1.710486165677579289e-03
5.500000000000000000e+00 3.661974060125679740e-03 3.819028830251823808e-03 1.555505940775804260e-03 1.612816645749068139e-03
5.525000000000000355e+00 3.484622867172552235e-03 3.634164709216937406e-03 1.466379546835957668e-03 1.520453395880647443e-03
5.549999999999999822e+00 3.315414387410068470e-03 3.457767477731449064e-03 1.382132710511655045e-03 1.433136643893118079e-03
5.575000000000000178e+00 3.154020270975310767e-03 3.289497781339406970e-03 1.302522749558956321e-03 1.350616585785215920e-03
5.599999999999999645e+00 3.000121331976786897e-03 3.129025598582918597e-03 1.227316647069658486e-03 1.272653264522404307e-03
5.625000000000000000e+00 2.853407666099533682e-03 2.976030337667828329e-03 1.156290900890364617e-03 1.199016413806926890e-03
5.650000000000000355e+00 2.713578727404263036e-03 2.830200914910912819e-03 1.089231351237276643e-03 1.129485288207068838e-03
5.674999999999999822e+00 2.580343306067620166e-03 2.691235800089851297e-03 1.025932966027144795e-03 1.063848472841924953e-03
5.700000000000000178e+00 2.453419557510549531e-03 2.558843009173265327e-03 9.661996426824675166e-04 1.001903670540865406e-03
5.724999999999999645e+00 2.332534943864766550e-03 2.432740069848036285e-03 9.098439742986864573e-04 9.434574766821283162e-04
5.750000000000000000e+00 2.217426181694839068e-03 2.312653977191768059e-03 8.566870181423066324e-04 8.883251480917498310e-04
5.775000000000000355e+00 2.107839156351932509e-03 2.198321131669233285e-03 8.065580504576830333e-04 8.363303652827337861e-04
5.799999999999999822e+00 2.003528798340798063e-03 2.089487208991389414e-03 7.592943083518530418e-04 7.873049697329504706e-04
5.825000000000000178e+00 1.904258966131033501e-03 1.985907052930487113e-03 7.147407385012837303e-04 7.410887124354887398e-04
5.849999999999999645e+00 1.809802289025301851e-03 1.887344521758401892e-03 6.727497328014376329e-04 6.975289880962357936e-04
5.875000000000000000e+00 1.719940013770869091e-03 1.793572341292655600e-03 6.331808686407088471e-04 6.564805750166802971e-04
5.900000000000000355e+00 1.634461827314359628e-03 1.704371923547192596e-03 5.959006445693516797e-04 6.178053659447904460e-04
5.924999999999999822e+00 1.553165675575936787e-03 1.619533193541743002e-03 5.607822205648305179e-04 5.813721071194169910e-04
5.950000000000000178e+00 1.475857560362749381e-03 1.538854391190459673e-03 5.277051545974350633e-04 5.470561328299136010e-04
5.974999999999999645e+00 1.402351341547769265e-03 1.462141858582898489e-03 4.965551477029357978e-04 5.147391015170250982e-04
6.000000000000000000e+00 1.332468527254862881e-03 1.389209844779774102e-03 4.672237898728807070e-04 4.843087426037522253e-04
6.025000000000000355e+00 1.266038059493115224e-03 1.319880275052410373e-03 4.396083103650664072e-04 4.556585978906458538e-04
6.049999999999999822e+00 1.202896099164373067e-03 1.253982546878505211e-03 4.136113338826006387e-04 4.286877771733696289e-04
6.075000000000000178e+00 1.142885801487512594e-03 1.191353297513748043e-03 3.891406409803435684e-04 4.033007114597419681e-04
6.099999999999999645e+00 1.085857097965975361e-03 1.131836177619925492e-03 3.661089363033640767e-04 3.794069149056219039e-04
6.125000000000000000e+00 1.031666471325499122e-03 1.075281630852782970e-03 3.444336205420224983e-04 3.569207545470105304e-04
6.150000000000000355e+00 9.801767358414729611e-04 1.021546663144898065e-03 3.240365715246796186e-04 3.357612234329831200e-04
6.174999999999999822e+00 9.312568164227673796e-04 9.704946200783507761e-04 3.048439311038905579e-04 3.158517232544818263e-04
6.200000000000000178e+00 8.847815301365332622e-04 9.219949627589064337e-04 2.867858985480384510e-04 2.971198524302735974e-04
6.224999999999999645e+00 8.406313702551418627e-04 8.759230466891095241e-04 2.697965318853874487e-04 2.794972018168066178e-04
6.250000000000000000e+00 7.986922931551979684e-04 8.321599029492381247e-04 2.538135561998293346e-04 2.629191575003816820e-04
6.275000000000000355e+00 7.588555090367974255e-04 7.905920237876052498e-04 2.387781789484045257e-04 2.473247112392491288e-04
6.299999999999999822e+00 7.210172770313829802e-04 7.511111504665216737e-04 2.246349124930226615e-04 2.326562773742126315e-04
6.325000000000000178e+00 6.850787043721160699e-04 7.136140673673062882e-04 2.113314043056525827e-04 2.188595179105779626e-04
6.349999999999999645e+00 6.509455500499753983e-04 6.780024001677878269e-04 1.988182734997002835e-04 2.058831744292907750e-04
6.375000000000000000e+00 6.185280330982759894e-04 6.441824173474070469e-04 1.870489546450166448e-04 1.936789066654490696e-04
6.400000000000000355e+00 5.877406465588008635e-04 6.120648384591842982e-04 1.759795482875271323e-04 1.822011384901287608e-04
6.424999999999999822e+00 5.585019768312848984e-04 5.815646467389437753e-04 1.655686784692608326e-04 1.714069104367182354e-04
6.450000000000000178e+00 5.307345276018666461e-04 5.526009071372217727e-04 1.557773564685121072e-04 1.612557390276078413e-04
6.474999999999999645e+00 5.043645494684196413e-04 5.250965908960169735e-04 1.465688508620207567e-04 1.517094827345842742e-04
6.500000000000000000e+00 4.793218752386175304e-04 4.989784041058629950e-04 1.379085637885151493e-04 1.427322138668129733e-04
6.525000000000000355e+00 4.555397608712912416e-04 4.741766228091378482e-04 1.297639132923526306e-04 1.342900967663337595e-04
6.549999999999999822e+00 4.329547316045562221e-04 4.506249335578381312e-04 1.221042213789671278e-04 1.263512720131761678e-04
6.575000000000000178e+00 4.115064339987839731e-04 4.282602793939753179e-04 1.149006075757453584e-04 1.188857461689352580e-04
6.599999999999999645e+00 3.911374928711424510e-04 4.070227119313132662e-04 1.081258879295484223e-04 1.118652872649073644e-04
6.625000000000000000e+00 3.717933740706509020e-04 3.868552482930931393e-04 1.017544791473091656e-04 1.052633253867058454e-04
6.650000000000000355e+00 3.534222521285999450e-04 3.677037336749763353e-04 9.576230767779189050e-05 9.905485847237832577e-05
6.674999999999999822e+00 3.359748831084795242e-04 3.495167091241171389e-04 9.012672339338081181e-05 9.321636290045767358e-05
6.700000000000000178e+00 3.194044832407806904e-04 3.322452851169821627e-04 8.482641815455157033e-05 8.772570894101506904e-05
6.724999999999999645e+00 3.036666117074405765e-04 3.158430196127229631e-04 7.984134845678100454e-05 8.256208055464590726e-05
6.750000000000000888e+00 2.887190584604418893e-04 3.002658011140018224e-04 7.515266223718348147e-05 7.770589946564893742e-05
6.775000000000001243e+00 2.745217370583429169e-04 2.854717370855527274e-04 7.074262984286611633e-05 7.313875345901333736e-05
6.799999999999999822e+00 2.610365819407845412e-04 2.714210467618051372e-04 6.659457861350017761e-05 6.884332853550986407e-05
6.825000000000001066e+00 2.482274502172168132e-04 2.580759588094816512e-04 6.269283107427336672e-05 6.480334475584772656e-05
6.849999999999999645e+00 2.360600275647710357e-04 2.454006132601316433e-04 5.902264670983272445e-05 6.100349569279961740e-05
6.875000000000000000e+00 2.245017385475964493e-04 2.333609676756672185e-04 5.557016678326339316e-05 5.742939119817780987e-05
6.900000000000001243e+00 2.135216609791605559e-04 2.219247081174403338e-04 5.232236241211874584e-05 5.406750347312873681e-05
6.924999999999999822e+00 2.030904438559148133e-04 2.110611632690315587e-04 4.926698549408751158e-05 5.090511604914381346e-05
6.950000000000001066e+00 1.931802295090582328e-04 2.007412230302438717e-04 4.639252246701244245e-05 4.793027574058288370e-05
6.974999999999999645e+00 1.837749901726506247e-04 1.909268498406050687e-04 4.368878476802858890e-05 4.513111338037344795e-05
7.000000000000000000e+00 1.748294740837972195e-04 1.816143627785217951e-04 4.114407499035522506e-05 4.249812443322571200e-05
7.025000000000001243e+00 1.663296981437670534e-04 1.727667946906344572e-04 3.874979019410287743e-05 4.002103287778446762e-05
7.049999999999999822e+00 1.582530425982299472e-04 1.643605142408147580e-04 3.649693213244077097e-05 3.769049901705674819e-05
7.075000000000001066e+00 1.505780457491947232e-04 1.563731011712228905e-04 3.437704435006275905e-05 3.549774618724021405e-05
7.099999999999999645e+00 1.432843451767495480e-04 1.487832847214178716e-04 3.238217963263646603e-05 3.343452689310718679e-05
7.125000000000000000e+00 1.363526218028496186e-04 1.415708853457918383e-04 3.050486945986812768e-05 3.149309103620929014e-05
7.150000000000001243e+00 1.297645465882401770e-04 1.347167588585010509e-04 2.873809513510005578e-05 2.966615592737604931e-05
7.174999999999999822e+00 1.235027300504570424e-04 1.282027435431544319e-04 2.707526069588701801e-05 2.794687808961151339e-05
7.200000000000000178e+00 1.175506741758831539e-04 1.220116099829526385e-04 2.551016743908189822e-05 2.632882678279911733e-05
7.224999999999999645e+00 1.118927267112753630e-04 1.161270132454570938e-04 2.403698993142266394e-05 2.480595906415604117e-05
7.250000000000000000e+00 1.065140377577041800e-04 1.105334474034780286e-04 2.265025349434910957e-05 2.337259634439900157e-05
7.275000000000001243e+00 1.014005185759440388e-04 1.052162024255602721e-04 2.134481299440894379e-05 2.202340235690697026e-05
7.299999999999999822e+00 9.653880243469901295e-05 1.001613232712130267e-04 2.011583291346197942e-05 2.075336244144686983e-05
7.325000000000000178e+00 9.191620744426420527e-05 9.535557096665599197e-05 1.895876863259021022e-05 1.955776406620788566e-05
7.349999999999999645e+00 8.752070127084449712e-05 9.078638568606706247e-05 1.786934883275464818e-05 1.843217853070895317e-05
7.375000000000000000e+00 8.334086765360950767e-05 8.644185170431126599e-05 1.684355895885474472e-05 1.737244377006883080e-05
7.400000000000001243e+00 7.936587461513485624e-05 8.231066414262883481e-05 1.587762567762950568e-05 1.637464819835466416e-05
7.424999999999999822e+00 7.558544430264643407e-05 7.838209740345180947e-05 1.496800227724750577e-05 1.543511552664716157e-05
7.450000000000000178e+00 7.198982437167668043e-05 7.464597522063641077e-05 1.411135493951630155e-05 1.455039049764503952e-05
7.474999999999999645e+00 6.856976084191044360e-05 7.109264224847537954e-05 1.330454985375201592e-05 1.371722548178718005e-05
7.500000000000000000e+00 6.531647234386605628e-05 6.771293711967403387e-05 1.254464112030030728e-05 1.293256789782784805e-05
7.525000000000000355e+00 6.222162567953403432e-05 6.449816687415105829e-05 1.182885936253899260e-05 1.219354838827436075e-05
7.549999999999999822e+00 5.927731267476009516e-05 6.144008271309151100e-05 1.115460104184487022e-05 1.149746970810650110e-05
7.575000000000000178e+00 5.647602821085384546e-05 5.853085702035351867e-05 1.051941843446380410e-05 1.084179629833405626e-05
7.599999999999999645e+00 5.381064938251203908e-05 5.576306155988876604e-05 9.921010202451692093e-06 1.022414449437633411e-05
7.625000000000000000e+00 5.127441574882009968e-05 5.312964680201771959e-05 9.357212534062294936e-06 9.642273321756120993e-06
7.650000000000000355e+00 4.886091060110988628e-05 5.062392232681572473e-05 8.825990835250231923e-06 9.094075856569225171e-06
7.674999999999999822e+00 4.656404320583785702e-05 4.823953824215175947e-05 8.325431914741974061e-06 8.577571111258349885e-06
7.700000000000000178e+00 4.437803196683154692e-05 4.597046756673495187e-05 7.853736656415442411e-06 8.090896413444465630e-06
7.724999999999999645e+00 4.229738847075003921e-05 4.381098953716090657e-05 7.409213138808625242e-06 7.632300257967851342e-06
7.750000000000000000e+00 4.031690235274695795e-05 4.175567377688440618e-05 6.990270152903114100e-06 7.200135584341143592e-06
7.775000000000000355e+00 3.843162695117672986e-05 3.979936528932753010e-05 6.595411131415333529e-06 6.792853463222374171e-06
7.799999999999999822e+00 3.663686571533948243e-05 3.793717023600340756e-05 6.223228449598601730e-06 6.408997174488718617e-06
7.825000000000000178e+00 3.492815931802501503e-05 3.616444245720475316e-05 5.872398061915593855e-06 6.047196643357090553e-06
7.849999999999999645e+00 3.330127343729352409e-05 3.447677069476163739e-05 5.541674467509770311e-06 5.706163212330063814e-06
7.875000000000000000e+00 3.175218717530450200e-05 3.286996648026901165e-05 5.229885989671634867e-06 5.384684734780153112e-06
7.900000000000000355e+00 3.027708208156950587e-05 3.134005265452996183e-05 4.935930336680420266e-06 5.081620968931883217e-06
7.924999999999999822e+00 2.887233174935014942e-05 2.988325248875773054e-05 4.658770428953545710e-06 4.795899248519503018e-06
7.950000000000000178e+00 2.753449195486735730e-05 2.849597937134229895e-05 4.397430489375422350e-06 4.526510418961733999e-06
7.974999999999999645e+00 2.626029130578455756e-05 2.717482703553816511e-05 4.150992361578428923e-06 4.272505021954725211e-06
8.000000000000000000e+00 2.504662237876508559e-05 2.591656029384551002e-05 3.918592055380382732e-06 4.032989708021420309e-06
8.025000000000000355e+00 2.389053332119009396e-05 2.471810625325895772e-05 3.699416507092522207e-06 3.807123871928830734e-06
8.050000000000000711e+00 2.278921988860027658e-05 2.357654599808621664e-05 3.492700525253893183e-06 3.594116490060196009e-06
8.074999999999999289e+00 2.174001789508599885e-05 2.248910669735039509e-05 3.297723929151669379e-06 3.393223148012000423e-06
8.099999999999999645e+00 2.074039605812202989e-05 2.145315412735945791e-05 3.113808864515133797e-06 3.203743253017553502e-06
8.125000000000000000e+00 1.978794921395893828e-05 2.046618558203392899e-05 2.940317271164420644e-06 3.025017413780386493e-06
8.150000000000000355e+00 1.888039188866028496e-05 1.952582315342004694e-05 2.776648510162436163e-06 2.856424975879577593e-06
8.175000000000000711e+00 1.801555220040991246e-05 1.862980736461232684e-05 2.622237137472488529e-06 2.697381712268737237e-06
8.199999999999999289e+00 1.719136607853581042e-05 1.777599112820534762e-05 2.476550802979582779e-06 2.547337648740411758e-06
8.224999999999999645e+00 1.640587178429387983e-05 1.696233402231631785e-05 2.339088285548123850e-06 2.405775022661795029e-06
8.250000000000000000e+00 1.565720471431244308e-05 1.618689686489868293e-05 2.209377643855902522e-06 2.272206366901518383e-06
8.275000000000000355e+00 1.494359247303719795e-05 1.544783656744321752e-05 2.086974476124033830e-06 2.146172707794503437e-06
8.300000000000000711e+00 1.426335020071085151e-05 1.474340125455824368e-05 1.971460285803474199e-06 2.027241870859246627e-06
8.324999999999999289e+00 1.361487614433459553e-05 1.407192563979214547e-05 1.862440947401947138e-06 1.915006890074708823e-06
8.349999999999999645e+00 1.299664745626167176e-05 1.343182664010453483e-05 1.759545263465841041e-06 1.809084513082998227e-06
8.375000000000000000e+00 1.240721620960438873e-05 1.282159921661840848e-05 1.662423609467297855e-06 1.709113796491568518e-06
8.400000000000000355e+00 1.184520561938383028e-05 1.223981242881812274e-05 1.570746659184110668e-06 1.614754785905908272e-06
8.425000000000000711e+00 1.130930645974076939e-05 1.168510569538260071e-05 1.484204184485276875e-06 1.525687274234828724e-06
8.449999999999999289e+00 1.079827366435475157e-05 1.115618524752171509e-05 1.402503930639463481e-06 1.441609634829968514e-06
8.474999999999999645e+00 1.031092310217604731e-05 1.065182076340319558e-05 1.325370558528370445e-06 1.362237726067470314e-06
8.500000000000000000e+00 9.846128519112092381e-06 1.017084217766529027e-05 1.252544646953755959e-06 1.287303860164939092e-06
8.525000000000000355e+00 9.402818636638575857e-06 9.712136654441961382e-06 1.183781757538884052e-06 1.216555833630679035e-06
8.550000000000000711e+00 8.979974399358905208e-06 9.274645716191280714e-06 1.118851555628535630e-06 1.149756016887528210e-06
8.574999999999999289e+00 8.576626363420242896e-06 8.857362519759930203e-06 1.057536982380023810e-06 1.086680497896204470e-06
8.599999999999999645e+00 8.191852218997042027e-06 8.459329272410310316e-06 9.996334768278290375e-07 1.027118276824488843e-06
8.625000000000000000e+00 7.824774439230632834e-06 8.079634780264043108e-06 9.449482436604489865e-07 9.708705087011209879e-07
8.650000000000000355e+00 7.474558049327249644e-06 7.717412122093495218e-06 8.932995646435235327e-07 9.177497908773464581e-07
8.675000000000000711e+00 7.140408509493209196e-06 7.371836442199861803e-06 8.445161521591735434e-07 8.675794934313658264e-07
8.699999999999999289e+00 6.821569705814310105e-06 7.042122855989223829e-06 7.984365407681387537e-07 8.201931298037771543e-07
8.724999999999999645e+00 6.517322043363706493e-06 6.727524462253835841e-06 7.549085138823782894e-07 7.754337643726389083e-07
8.750000000000000000e+00 6.226980636439434243e-06 6.427330457008650018e-06 7.137885646890915509e-07 7.331534548686645339e-07
8.775000000000000355e+00 5.949893590586372351e-06 6.140864343210273259e-06 6.749413901311950212e-07 6.932127283201088858e-07
8.800000000000000711e+00 5.685440371757438709e-06 5.867482231405698039e-06 6.382394134469857625e-07 6.554800881264658228e-07
8.824999999999999289e+00 5.433030258198794161e-06 5.606571226809174224e-06 6.035623359432585231e-07 6.198315498974139041e-07
8.849999999999999645e+00 5.192100870644616423e-06 5.357547898054448819e-06 5.707967149982512452e-07 5.861502055136138795e-07
8.875000000000000000e+00 4.962116776864276180e-06 5.119856823592550016e-06 5.398355661371271743e-07 5.543258119889882174e-07
8.900000000000000355e+00 4.742568166582146323e-06 4.892969211654292939e-06 5.105779896558771135e-07 5.242544052462545972e-07
8.925000000000000711e+00 4.532969593253656481e-06 4.676381589853308453e-06 4.829288185299165149e-07 4.958379362850787344e-07
8.949999999999999289e+00 4.332858779214880532e-06 4.469614560971931168e-06 4.567982875243749042e-07 4.689839291958581246e-07
8.974999999999999645e+00 4.141795480946607181e-06 4.272211621473782011e-06 4.321017212175860426e-07 4.436051588741265648e-07
9.000000000000000000e+00 3.959360411305036272e-06 4.083738039444670266e-06 4.087592411507831557e-07 4.196193481441144623e-07
9.025000000000000355e+00 3.785154215818330203e-06 3.903779789000917399e-06 3.866954888221346051e-07 3.969488822506987090e-07
9.050000000000000711e+00 3.618796500317495465e-06 3.731942538149402788e-06 3.658393661491208141e-07 3.755205401137068844e-07
9.074999999999999289e+00 3.459924907224564462e-06 3.567850687405973700e-06 3.461237906438584518e-07 3.552652417030804648e-07
9.099999999999999645e+00 3.308194237955027209e-06 3.411146456598290080e-06 3.274854645852565013e-07 3.361178097608772702e-07
9.125000000000000000e+00 3.163275619188018898e-06 3.261489017311508117e-06 3.098646581428491477e-07 3.180167456918455359e-07
9.150000000000000355e+00 3.024855710681547377e-06 3.118553668701391297e-06 2.932050050712363202e-07 3.009040184997782560e-07
9.175000000000000711e+00 2.892635952468151325e-06 2.982031054355104362e-06 2.774533102542842961e-07 2.847248662090552956e-07
9.199999999999999289e+00 2.766331849566173663e-06 2.851626418257112882e-06 2.625593681425810828e-07 2.694276085384942642e-07
9.224999999999999645e+00 2.645672292145620424e-06 2.727058897693992290e-06 2.484757921667159306e-07 2.549634706684138578e-07
9.250000000000000000e+00 2.530398909444876222e-06 2.608060851346113794e-06 2.351578538359906452e-07 2.412864171927867483e-07
9.275000000000000355e+00 2.420265455651877069e-06 2.494377220721893305e-06 2.225633312914291653e-07 2.283529958118554987e-07
9.300000000000000711e+00 2.315037226178066236e-06 2.385764923185202921e-06 2.106523665301953798e-07 2.161221899957067959e-07
9.324999999999999289e+00 2.214490502769454676e-06 2.281992275077043531e-06 1.993873309927181573e-07 2.045552802859777295e-07
9.349999999999999645e+00 2.118412025985550166e-06 2.182838443363196604e-06 1.887326988225374324e-07 1.936157135411732900e-07
9.375000000000000000e+00 2.026598493644755697e-06 2.088092924287691906e-06 1.786549275627781735e-07 1.832689798313660949e-07
9.400000000000000355e+00 1.938856083970411572e-06 1.997555047764153137e-06 1.691223455140394982e-07 1.734824963409384546e-07
9.425000000000000711e+00 1.855000002160834439e-06 1.911033506173489069e-06 1.601050459065132894e-07 1.642254980421040587e-07
9.449999999999999289e+00 1.774854049210925191e-06 1.828345906305556557e-06 1.515747869822923269e-07 1.554689347311710951e-07
9.474999999999999645e+00 1.698250211858792545e-06 1.749318343339199712e-06 1.435048977449205948e-07 1.471853738807581006e-07
9.500000000000000000e+00 1.625028272594531121e-06 1.673784995655184283e-06 1.358701892638652510e-07 1.393489091177454148e-07
9.525000000000000355e+00 1.555035438747020963e-06 1.601587739550151645e-06 1.286468711225286717e-07 1.319350740126729367e-07
9.550000000000000711e+00 1.488125989651376099e-06 1.532575782748965142e-06 1.218124724803342500e-07 1.249207608170137161e-07
9.574999999999999289e+00 1.424160941040663869e-06 1.466605315836798010e-06 1.153457677363945703e-07 1.182841437653104589e-07
9.599999999999999645e+00 1.363007725758013894e-06 1.403539180697676921e-06 1.092267065760323078e-07 1.120046069176986854e-07
9.625000000000000000e+00 1.304539889998955640e-06 1.343246555090020661e-06 1.034363477873100061e-07 1.060626760389839676e-07
9.650000000000000355e+00 1.248636804298291854e-06 1.285602652573234321e-06 9.795679695161393086e-08 1.004399543681359342e-07
9.675000000000000711e+00 1.195183388538838627e-06 1.230488437011579361e-06 9.277114776581616710e-08 9.511906207146244213e-08
9.699999999999999289e+00 1.144069850271247781e-06 1.177790350936594941e-06 8.786342671408889692e-08 9.008357923557840073e-08
9.724999999999999645e+00 1.095191435689827940e-06 1.127400057062719500e-06 8.321854074264228861e-08 8.531799202201238203e-08
9.750000000000000000e+00 1.048448192636742514e-06 1.079214192315831481e-06 7.882222797823029625e-08 8.080764188656024209e-08
9.775000000000000355e+00 1.003744745038615406e-06 1.033134133747636117e-06 7.466101131871490969e-08 7.653867770085257125e-08
9.800000000000000711e+00 9.609900782093717177e-07 9.890657757476573759e-07 7.072215461950210236e-08 7.249801065399691951e-08
9.824999999999999289e+00 9.200973344821851031e-07 9.469193179966008295e-07 6.699362127715595579e-08 6.867327162635631305e-08
9.849999999999999645e+00 8.809836186604920327e-07 9.066090636235179782e-07 6.346403532381297942e-08 6.505277104424590093e-08
9.875000000000000000e+00 8.435698128081927102e-07 8.680532270704819825e-07 6.012264456410203329e-08 6.162546099188534724e-08
9.900000000000000355e+00 8.077803999106935770e-07 8.311737511805357011e-07 5.695928592425255590e-08 5.838089945618357246e-08
9.925000000000000711e+00 7.735432959784407040e-07 7.958961330549269381e-07 5.396435267175107165e-08 5.530921663375198857e-08
9.949999999999999289e+00 7.407896901768232548e-07 7.621492582521261732e-07 5.112876350015413666e-08 5.240108307117865067e-08
9.974999999999999645e+00 7.094538925878665674e-07 7.298652429155551687e-07 4.844393344088688470e-08 4.964767969225094663e-08
1.000000000000000000e+01 6.794731892299959775e-07 6.989792834425831019e-07 4.590174627270082282e-08 4.704066944854320806e-08
1.002500000000000036e+01 6.507877039815422542e-07 6.694295133245336989e-07 4.349452862525651606e-08 4.457217060227800426e-08
1.005000000000000071e+01 6.233402670712082443e-07 6.411568668078196815e-07 4.121502540004298721e-08 4.223473149739232249e-08
1.007499999999999929e+01 5.970762898143274519e-07 6.141049490419355747e-07 3.905637667857309898e-08 4.002130672999088398e-08
1.009999999999999964e+01 5.719436452908981253e-07 5.882199123975943612e-07 3.701209592907383346e-08 3.792523472249158762e-08
1.012500000000000000e+01 5.478925546773758128e-07 5.634503386560052477e-07 3.507604932552660847e-08 3.594021649286060487e-08
1.015000000000000036e+01 5.248754789568839422e-07 5.397471267821558908e-07 3.324243634644133346e-08 3.406029563427065876e-08
1.017500000000000071e+01 5.028470157462804471e-07 5.170633860104618626e-07 3.150577140136132846e-08 3.227983943428309635e-08
1.019999999999999929e+01 4.817638009933903551e-07 4.953543339860553996e-07 2.986086649071977862e-08 3.059352102916820690e-08
1.022499999999999964e+01 4.615844153078462457e-07 4.745771997159268144e-07 2.830281484267614295e-08 2.899630257083366211e-08
1.025000000000000000e+01 4.422692947018079663e-07 4.546911310967978965e-07 2.682697545510150629e-08 2.748341932226613870e-08
1.027500000000000036e+01 4.237806455283409938e-07 4.356571067992605624e-07 2.542895849424416357e-08 2.605036464899107749e-08
1.030000000000000071e+01 4.060823634144377523e-07 4.174378522968669440e-07 2.410461151184133534e-08 2.469287583112366807e-08
1.032499999999999929e+01 3.891399559962670745e-07 3.999977598413882721e-07 2.285000645623267592e-08 2.340692069467796489e-08
1.034999999999999964e+01 3.729204692742447978e-07 3.833028121930851647e-07 2.166142736843434293e-08 2.218868496990330460e-08
1.037500000000000000e+01 3.573924174142336598e-07 3.673205099253822539e-07 2.053535878365344216e-08 2.103456035934743613e-08
1.040000000000000036e+01 3.425257158290645772e-07 3.520198021333609648e-07 1.946847475218626911e-08 1.994113325780358879e-08
1.042500000000000071e+01 3.282916173839838837e-07 3.373710203818947606e-07 1.845762849332968629e-08 1.890517410339379346e-08
1.044999999999999929e+01 3.146626515762997449e-07 3.233458157381514210e-07 1.749984261471148064e-08 1.792362732263518290e-08
1.047499999999999964e+01 3.016125665464615089e-07 3.099170987413224611e-07 1.659229987240759925e-08 1.699360183152643920e-08
1.050000000000000000e+01 2.891162737862110225e-07 2.970589821684116972e-07 1.573233445146714023e-08 1.611236206477641305e-08
1.052500000000000036e+01 2.771497954156138822e-07 2.847467264632395005e-07 1.491742372077163832e-08 1.527731950506776770e-08
1.055000000000000071e+01 2.656902139058857730e-07 2.729566877016668235e-07 1.414518042206736543e-08 1.448602466686210845e-08
1.057499999999999929e+01 2.547156241322495852e-07 2.616662679725191821e-07 1.341334532344870089e-08 1.373615952605637220e-08
1.059999999999999964e+01 2.442050876457840136e-07 2.508538680581045032e-07 1.271978027447173411e-08 1.302553038278927601e-08
1.062500000000000000e+01 2.341385890597241287e-07 2.404988423065233277e-07 1.206246161225469135e-08 1.235206110175639394e-08
1.065000000000000036e+01 2.244969944493604877e-07 2.305814555911377572e-07 1.143947396374732696e-08 1.171378672567437567e-08
1.067500000000000071e+01 2.152620116708314585e-07 2.210828422581660646e-07 1.084900438536478423e-08 1.110884745385105243e-08
1.069999999999999929e+01 2.064161525078159808e-07 2.119849669689571571e-07 1.028933679726990215e-08 1.053548293800702656e-08
1.072499999999999964e+01 1.979426965600640843e-07 2.032705873463206221e-07 9.758846753720592077e-09 9.992026892717708395e-09
1.075000000000000000e+01 1.898256567917651507e-07 1.949232183411837870e-07 9.255996487998735113e-09 9.476902011276972767e-09
1.077500000000000036e+01 1.820497466611468263e-07 1.869270982372284927e-07 8.779330225833861117e-09 8.988615149831136900e-09
1.080000000000000071e+01 1.746003487577058653e-07 1.792671562167525779e-07 8.327469763750543351e-09 8.525752784002633335e-09
1.082499999999999929e+01 1.674634848758140722e-07 1.719289814148124833e-07 7.899110275116263664e-09 8.086976705337744285e-09
1.084999999999999964e+01 1.606257874573766621e-07 1.648987933912705811e-07 7.493016365064079697e-09 7.671019960215219237e-09
1.087500000000000000e+01 1.540744723393851895e-07 1.581634139540429349e-07 7.108018322520359344e-09 7.276683008725032721e-09
1.090000000000000036e+01 1.477973127456192841e-07 1.517102402706332970e-07 6.743008590414606899e-09 6.902830091595016417e-09
1.092500000000000071e+01 1.417826144640621367e-07 1.455272192077011380e-07 6.396938423344569181e-09 6.548385801195731629e-09
1.094999999999999929e+01 1.360191921547239121e-07 1.396028228408253329e-07 6.068814721107032140e-09 6.212331831634483119e-09
1.097499999999999964e+01 1.304963467353323208e-07 1.339260250801608049e-07 5.757697043342871493e-09 5.893703910330303426e-09
1.100000000000000000e+01 1.252038437945800352e-07 1.284862793598889033e-07 5.462694784916495702e-09 5.591588895744379277e-09
1.102500000000000036e+01 1.201318929851823917e-07 1.232734973418647187e-07 5.182964505292979274e-09 5.305122036568679009e-09
1.105000000000000071e+01 1.152711283512143515e-07 1.182780285862735676e-07 4.917707392367808768e-09 5.033484372724763234e-09
1.107499999999999929e+01 1.106125895464303682e-07 1.134906411443966463e-07 4.666166881598565396e-09 4.775900281618360697e-09
1.109999999999999964e+01 1.061477039022362019e-07 1.089025030306892109e-07 4.427626394445804820e-09 4.531635161060092986e-09
1.112500000000000000e+01 1.018682693059874683e-07 1.045051645333711092e-07 4.201407193731243789e-09 4.299993230750365593e-09
1.115000000000000036e+01 9.776643785216314831e-08 1.002905413247085819e-07 3.986866366504456809e-09 4.080315455946452972e-09
1.117500000000000071e+01 9.383470023072799278e-08 9.625089833402411417e-08 3.783394912822083674e-09 3.871977586197298026e-09
1.119999999999999929e+01 9.006587081868195930e-08 9.237883434818892331e-08 3.590415933132340205e-09 3.674388297767930088e-09
1.122499999999999964e+01 8.645307344238475464e-08 8.866726730601401001e-08 3.407382916892000426e-09 3.486987435319469168e-09
1.125000000000000000e+01 8.298972777978950924e-08 8.510942025457413717e-08 3.233778125972913909e-09 3.309244351292369805e-09
1.127500000000000036e+01 7.966953637318062326e-08 8.169880793697151165e-08 3.069111060076917178e-09 3.140656333602294823e-09
1.130000000000000071e+01 7.648647222438971394e-08 7.842922398252196382e-08 2.912917006030670873e-09 2.980747116581942949e-09
1.132499999999999929e+01 7.343476694576572179e-08 7.529472867168457344e-08 2.764755669159341533e-09 2.829065473967471632e-09
1.134999999999999964e+01 7.050889944143622705e-08 7.228963724936288743e-08 2.624209875270876360e-09 2.685183888479992950e-09
1.137500000000000000e+01 6.770358509460457918e-08 6.940850876145338206e-08 2.490884342545235037e-09 2.548697291341542841e-09
1.140000000000000036e+01 6.501376543775535909e-08 6.664613539067245350e-08 2.364404520323479832e-09 2.419221870783010929e-09
1.142500000000000071e+01 6.243459828370971568e-08 6.399753226885472744e-08 2.244415489150406060e-09 2.296393943497906868e-09
1.144999999999999929e+01 5.996144829651755541e-08 6.145792774393656373e-08 2.130580921209634871e-09 2.179868887777568827e-09
1.147499999999999964e+01 5.758987798216435381e-08 5.902275408090572129e-08 2.022582093862704604e-09 2.069320132586582614e-09
1.150000000000000000e+01 5.531563907996315728e-08 5.668763857691894616e-08 1.920116959830615213e-09 1.964438201674233967e-09
1.152500000000000036e+01 5.313466433644225205e-08 5.444839507174508933e-08 1.822899264782951442e-09 1.864929809545141521e-09
1.155000000000000071e+01 5.104305964434864169e-08 5.230101583554996090e-08 1.730657712571076107e-09 1.770517004733328551e-09
1.157499999999999929e+01 4.903709653021636213e-08 5.024166381689259929e-08 1.643135174338629485e-09 1.680936359453553430e-09
1.159999999999999964e+01 4.711320497470364781e-08 4.826666523458394214e-08 1.560087941470481520e-09 1.595938201783936811e-09
1.162500000000000000e+01 4.526796655063931849e-08 4.637250249782378340e-08 1.481285018144491099e-09 1.515285890823320305e-09
1.165000000000000036e+01 4.349810786441546738e-08 4.455580743975457178e-08 1.406507449493024466e-09 1.438755128100901593e-09
1.167500000000000071e+01 4.180049428703583069e-08 4.281335485025901911e-08 1.335547688208785105e-09 1.366133307347128147e-09
1.169999999999999929e+01 4.017212396174350926e-08 4.114205629448281301e-08 1.268208993994570731e-09 1.297218898162211324e-09
1.172499999999999964e+01 3.861012207576784373e-08 3.953895420418568231e-08 1.204304865427797059e-09 1.231820863847077956e-09
1.175000000000000000e+01 3.711173538430622657e-08 3.800121622962718429e-08 1.143658500128895518e-09 1.169758108283682077e-09
1.177500000000000036e+01 3.567432697540269992e-08 3.652612984025398746e-08 1.086102286042421639e-09 1.110858953609314616e-09
1.180000000000000071e+01 3.429537126489056171e-08 3.511109716299714112e-08 1.031477317968856861e-09 1.054960644804386389e-09
1.182499999999999929e+01 3.297244921108135151e-08 3.375363004750051601e-08 9.796329423845713755e-10 1.001908881830891372e-09
1.184999999999999964e+01 3.170324373936174943e-08 3.245134534809432868e-08 9.304263227774901109e-10 9.515573758295771210e-10
1.187500000000000000e+01 3.048553536728920880e-08 3.120196041280607046e-08 8.837220302259968797e-10 9.037674282236882613e-10
1.190000000000000036e+01 2.931719802121339157e-08 3.000328877011890122e-08 8.393916556044962131e-10 8.584075332936782007e-10
1.192500000000000071e+01 2.819619503588243897e-08 2.885323600463705157e-08 7.973134416050061814e-10 8.153530009660602119e-10
1.194999999999999929e+01 2.712057532885513728e-08 2.774979581322407831e-08 7.573719355265744699e-10 7.744856004354135269e-10
1.197499999999999964e+01 2.608846974192292387e-08 2.669104623353655439e-08 7.194576587059758486e-10 7.356932220053250076e-10
1.200000000000000000e+01 2.509808754211281442e-08 2.567514603727678529e-08 6.834667945873976682e-10 6.988695568828845205e-10
1.202500000000000036e+01 2.414771307516495935e-08 2.470033128082607339e-08 6.493008929182496251e-10 6.639137940397248747e-10
1.205000000000000071e+01 2.323570256470641174e-08 2.376491200624662624e-08 6.168665896510385242e-10 6.307303330606509579e-10
1.207499999999999929e+01 2.236048105065300453e-08 2.286726908596930650e-08 5.860753415106758478e-10 5.992285121354548340e-10
1.209999999999999964e+01 2.152053946066586621e-08 2.200585120478386097e-08 5.568431749868064601e-10 5.693223504945860525e-10
1.212500000000000000e+01 2.071443180876436048e-08 2.117917197304042607e-08 5.290904478920107750e-10 5.409303044702294123e-10
1.215000000000000036e+01 1.994077251546659493e-08 2.038580716524603249e-08 5.027416233633986156e-10 5.139750358844013761e-10
1.217500000000000071e+01 1.919823384408320373e-08 1.962439207850171665e-08 4.777250570226576636e-10 4.883831932444693002e-10
1.219999999999999929e+01 1.848554344803442872e-08 1.889361900547696926e-08 4.539727940224799589e-10 4.640852044200640228e-10
1.222499999999999964e+01 1.780148202429196178e-08 1.819223481686753001e-08 4.314203769488989525e-10 4.410150797001392693e-10
1.225000000000000000e+01 1.714488106826231651e-08 1.751903864849612889e-08 4.100066645417589966e-10 4.191102256732304953e-10
1.227500000000000036e+01 1.651462072564800793e-08 1.687287968844027136e-08 3.896736593220943426e-10 3.983112688215723028e-10
1.230000000000000071e+01 1.590962773701977709e-08 1.625265505978701910e-08 3.703663444446611673e-10 3.785618883002701686e-10
1.232499999999999929e+01 1.532887347102311755e-08 1.565730779480121090e-08 3.520325290708645413e-10 3.598086575054755608e-10
1.234999999999999964e+01 1.477137204232812385e-08 1.508582489648821364e-08 3.346227018571708265e-10 3.420008939464072984e-10
1.237500000000000000e+01 1.423617851060567460e-08 1.453723548371370746e-08 3.180898920997135720e-10 3.250905169817259969e-10
1.240000000000000036e+01 1.372238715697966287e-08 1.401060901621364656e-08 3.023895381997909565e-10 3.090319130188420149e-10
1.242500000000000071e+01 1.322912983456319320e-08 1.350505359599287709e-08 2.874793627782089924e-10 2.937818077158587573e-10
1.244999999999999929e+01 1.275557438983928909e-08 1.301971434176684560e-08 2.733192547022119122e-10 2.792991448564228734e-10
1.247499999999999964e+01 1.230092315179180713e-08 1.255377183325190905e-08 2.598711571280932790e-10 2.655449717805961804e-10
1.250000000000000000e+01 1.186441148582869381e-08 1.210644062225138761e-08 2.470989610855783675e-10 2.524823304750602473e-10
1.252500000000000036e+01 1.144530640967399239e-08 1.167696780762154846e-08 2.349684051530506381e-10 2.400761545699110561e-10
1.255000000000000071e+01 1.104290526852895037e-08 1.126463167133185757e-08 2.234469799898743815e-10 2.282931716846082494e-10
1.257499999999999929e+01 1.065653446692397345e-08 1.086874037295758266e-08 2.125038379811830323e-10 2.171018108281213526e-10
1.259999999999999964e+01 1.028554825479736070e-08 1.048863070006218270e-08 2.021097074407661421e-10 2.064721146071066558e-10
1.262500000000000000e+01 9.929327565446815553e-09 1.012366687203934800e-08 1.922368114094262282e-10 1.963756559639090737e-10
1.265000000000000036e+01 9.587278903102494397e-09 9.773239395093041632e-09 1.828587907979881827e-10 1.867854593921777065e-10
1.267500000000000071e+01 9.258833277973204528e-09 9.436763966136363534e-09 1.739506313573212806e-10 1.776759262046863736e-10
1.269999999999999929e+01 8.943445186711636991e-09 9.113680423490862778e-09 1.654885943829644268e-10 1.690227636303866679e-10
1.272499999999999964e+01 8.640591636331873473e-09 8.803451742358300746e-09 1.574501512193781985e-10 1.608029175944277824e-10
1.275000000000000000e+01 8.349771209705495596e-09 8.505563073129391728e-09 1.498139211114107135e-10 1.529945091244844444e-10
1.277500000000000036e+01 8.070503170840993757e-09 8.219520820679078161e-09 1.425596119918637277e-10 1.455767738456336885e-10
1.280000000000000071e+01 7.802326608232401757e-09 7.944851762879332067e-09 1.356679648347637352e-10 1.385300047358416890e-10
1.282499999999999929e+01 7.544799614638280829e-09 7.681102206639263190e-09 1.291207006093399157e-10 1.318354979468511959e-10
1.284999999999999964e+01 7.297498501724519392e-09 7.427837179856519852e-09 1.229004699088657218e-10 1.254755012495458602e-10
1.287500000000000000e+01 7.060017048073457143e-09 7.184639657735651237e-09 1.169908053659384159e-10 1.194331652484831492e-10
1.290000000000000036e+01 6.831965779127693948e-09 6.951109821996794583e-09 1.113760764234622326e-10 1.136924970854971530e-10
1.292500000000000071e+01 6.612971277700388762e-09 6.726864351563436098e-09 1.060414465679980538e-10 1.082383165994976914e-10
1.294999999999999929e+01 6.402675523743406647e-09 6.511535743380197557e-09 1.009728326645190295e-10 1.030562147312632717e-10
1.297499999999999964e+01 6.200735262122617635e-09 6.304771662070595083e-09 9.615686637081193158e-11 9.813251404734718994e-11
1.300000000000000000e+01 6.006821397204561914e-09 6.106234317201871458e-09 9.158085760500776377e-11 9.345423129096523049e-11
1.302500000000000036e+01 5.820618413111008351e-09 5.915599866977957012e-09 8.723275990911684778e-11 8.900904192270664181e-11
1.305000000000000071e+01 5.641823818548027456e-09 5.732557847233261631e-09 8.310113755324085008e-11 8.478524644762385867e-11
1.307499999999999929e+01 5.470147615164488174e-09 5.556810624649767755e-09 7.917513443451601162e-11 8.077173853156446381e-11
1.309999999999999964e+01 5.305311788440459798e-09 5.388072873167032771e-09 7.544444444077354841e-11 7.695797473029357282e-11
1.312500000000000000e+01 5.147049820149656359e-09 5.226071072599934479e-09 7.189928342293275380e-11 7.333394575331514453e-11
1.315000000000000036e+01 4.995106221482051072e-09 5.070543028521916549e-09 6.853036261275723572e-11 6.989014925551377048e-11
1.317500000000000071e+01 4.849236085952857813e-09 4.921237412513170017e-09 6.532886337433324993e-11 6.661756399470797089e-11
1.319999999999999929e+01 4.709204661261978909e-09 4.777913321912245534e-09 6.228641333113539455e-11 6.350762536059079063e-11
1.322499999999999964e+01 4.574786939304931396e-09 4.640339858247475102e-09 5.939506361328041383e-11 6.055220213813335099e-11
1.325000000000000000e+01 4.445767263570953427e-09 4.508295723560683520e-09 5.664726733842069331e-11 5.774357444621662395e-11
1.327500000000000036e+01 4.321938953197317087e-09 4.381568833869861260e-09 5.403585919819297455e-11 5.507441284712521438e-11
1.330000000000000071e+01 4.203103942981007416e-09 4.259955949050570150e-09 5.155403607478153715e-11 5.253775850417325749e-11
1.332499999999999929e+01 4.089072438679394920e-09 4.143262318447429983e-09 4.919533867470989257e-11 5.012700438202417145e-11
1.334999999999999964e+01 3.979662586960543084e-09 4.031301341556859895e-09 4.695363408457510194e-11 4.783587739148323012e-11
1.337500000000000000e+01 3.874700159391887583e-09 3.923894243151309617e-09 4.482309924289905904e-11 4.565842147163728592e-11
1.340000000000000036e+01 3.774018249882634261e-09 3.820869762242564009e-09 4.279820524065010585e-11 4.358898152130324017e-11
1.342500000000000071e+01 3.677456985020802296e-09 3.722063854308081797e-09 4.087370244610214401e-11 4.162218817374064472e-11
1.344999999999999929e+01 3.584863246770176691e-09 3.627319406229597754e-09 3.904460637474766054e-11 3.975294333505048713e-11
1.347499999999999964e+01 3.496090407015859952e-09 3.536485963417104463e-09 3.730618430139024760e-11 3.797640648145381351e-11
1.350000000000000178e+01 3.410998073469371051e-09 3.449419468614563239e-09 3.565394254094756529e-11 3.628798164301530748e-11
1.352500000000000213e+01 3.329451846465743122e-09 3.365982011905570654e-09 3.408361440208815215e-11 3.468330507162544475e-11
1.355000000000000249e+01 3.251323086205339763e-09 3.286041591458392013e-09 3.259114872042674194e-11 3.315823352099860323e-11
1.357499999999999929e+01 3.176488690012893486e-09 3.209471884569886041e-09 3.117269902881012687e-11 3.170883313924022816e-11
1.359999999999999964e+01 3.104830879204972840e-09 3.136152028587317289e-09 2.982461327286718098e-11 3.033136894680014594e-11
1.362500000000000000e+01 3.036236995174652781e-09 3.065966411305219708e-09 2.854342402148570445e-11 2.902229483719912344e-11
1.365000000000000213e+01 2.970599304319833127e-09 2.998804470452360140e-09 2.732583918459083017e-11 2.777824407697672429e-11
1.367500000000000249e+01 2.907814811457763797e-09 2.934560501900798597e-09 2.616873323946004441e-11 2.659602030845075237e-11
1.369999999999999929e+01 2.847785081384114442e-09 2.873133476245145727e-09 2.506913888786264732e-11 2.547258902278498607e-11
1.372499999999999964e+01 2.790416068250003911e-09 2.814426863415653578e-09 2.402423912226222779e-11 2.440506945040948512e-11
1.375000000000000000e+01 2.735617952444792558e-09 2.758348465003636472e-09 2.303135973543177419e-11 2.339072687794835589e-11
1.377500000000000213e+01 2.683304984686288243e-09 2.704810253991931829e-09 2.208796219395157254e-11 2.242696536716562122e-11
1.380000000000000249e+01 2.633395337033216591e-09 2.653728221596797755e-09 2.119163687541270070e-11 2.151132083365257834e-11
1.382499999999999929e+01 2.585810960547440871e-09 2.605022230940560164e-09 2.034009666359370223e-11 2.064145449192501644e-11
1.384999999999999964e+01 2.540477449345607402e-09 2.558615877286933050e-09 1.953117085098099254e-11 1.981514662497157668e-11
1.387500000000000000e+01 2.497323910791489900e-09 2.514436354582877478e-09 1.876279938398306798e-11 1.903029068173226960e-11
1.390000000000000213e+01 2.456282841591456576e-09 2.472414328062303566e-09 1.803302739091242341e-11 1.828488768562472332e-11
1.392500000000000249e+01 2.417290009566187896e-09 2.432483812678001033e-09 1.733999997892644140e-11 1.757704091675153843e-11
1.394999999999999929e+01 2.380284340881984919e-09 2.394582057138649387e-09 1.668195732341476874e-11 1.690495087575874462e-11
1.397499999999999964e+01 2.345207812534849053e-09 2.358649433337923644e-09 1.605722999995613785e-11 1.626691051401957329e-11
1.400000000000000000e+01 2.312005349889953885e-09 2.324629330972393181e-09 1.546423454611014201e-11 1.566130069777460498e-11
1.402500000000000213e+01 2.280624729088117445e-09 2.292468057154191898e-09 1.490146927394054713e-11 1.508658591374010641e-11
1.405000000000000249e+01 2.251016484139593511e-09 2.262114740833382998e-09 1.436751029080853888e-11 1.454131020321755252e-11
1.407499999999999929e+01 2.223133818533838920e-09 2.233521241853536493e-09 1.386100771611767039e-11 1.402409329610129397e-11
1.409999999999999964e+01 2.196932521201846114e-09 2.206642064472171232e-09 1.338068211558345861e-11 1.353362695289666434e-11
1.412500000000000000e+01 2.172370886675373400e-09 2.181434275185715801e-09 1.292532110472832385e-11 1.306867150008575087e-11
1.415000000000000213e+01 2.149409639294708559e-09 2.157857424706125308e-09 1.249377613981626676e-11 1.262805253835543233e-11
1.417500000000000249e+01 2.128011861323747049e-09 2.135873473943655884e-09 1.208495948219587309e-11 1.221065784032017653e-11
1.419999999999999929e+01 2.108142924837921634e-09 2.115446723857224714e-09 1.169784129707011184e-11 1.181543438997045162e-11
1.422499999999999964e+01 2.089770427257090145e-09 2.096543749040579508e-09 1.133144694079028214e-11 1.144138559331581506e-11
1.425000000000000000e+01 2.072864130401780037e-09 2.079133334918913659e-09 1.098485437370464212e-11 1.108756864033258772e-11
1.427500000000000036e+01 2.057395902957261974e-09 2.063186418436846566e-09 1.065719171310750835e-11 1.075309199953716308e-11
1.430000000000000249e+01 2.043339666235685572e-09 2.048676032124619915e-09 1.034763491694030837e-11 1.043711305128117422e-11
1.432499999999999929e+01 2.030671343132239488e-09 2.035577251435169186e-09 1.005540559120673339e-11 1.013883584221091846e-11
1.434999999999999964e+01 2.019368810176598201e-09 2.023867145250288684e-09 9.779768928485251825e-12 9.857508973806883533e-12
1.437500000000000000e+01 2.009411852586213440e-09 2.013524729459454499e-09 9.520031744693438035e-12 9.592423598861464337e-12
1.440000000000000036e+01 2.000782122232955995e-09 2.004530923519990032e-09 9.275540632165104133e-12 9.342911529295070599e-12
1.442500000000000249e+01 1.993463098439563496e-09 1.996868509912340085e-09 9.045680217723562371e-12 9.108343452648834183e-12
1.444999999999999929e+01 1.987440051526946387e-09 1.990522096408929493e-09 8.829871517633679864e-12 8.888127250840947880e-12
1.447499999999999964e+01 1.982700009037976986e-09 1.985478081079786042e-09 8.627570380513862346e-12 8.681706408667719195e-12
1.450000000000000000e+01 1.979231724567769314e-09 1.981724619962577482e-09 8.438266025903244351e-12 8.488558516484802732e-12
1.452500000000000036e+01 1.977025649134635908e-09 1.979251597329044409e-09 8.261479666673885375e-12 8.308193861449557132e-12
1.455000000000000249e+01 1.976073905030072674e-09 1.978050598484036425e-09 8.096763216985587367e-12 8.140154103685091798e-12
1.457499999999999929e+01 1.976370262090051513e-09 1.978114885037407643e-09 7.943698074320820364e-12 7.984011033040802016e-12
1.459999999999999964e+01 1.977910116333749786e-09 1.979439372592984394e-09 7.801893974589028825e-12 7.839365396083064850e-12
1.462500000000000000e+01 1.980690470919602678e-09 1.982020610802636690e-09 7.670987928097505663e-12 7.705845806010560424e-12
1.465000000000000036e+01 1.984709919372148739e-09 1.985856765737192842e-09 7.550643213934546117e-12 7.583107716249527200e-12
1.467500000000000249e+01 1.989968631036726351e-09 1.990947604529572891e-09 7.440548447484012785e-12 7.470832463451663007e-12
1.469999999999999929e+01 1.996468338722442169e-09 1.997294482249005173e-09 7.340416708767746595e-12 7.368726377423985105e-12
1.472499999999999964e+01 2.004212328497215370e-09 2.004900330968594579e-09 7.249984726686181903e-12 7.276519945967029779e-12
1.475000000000000000e+01 2.013205431601940753e-09 2.013769650991890116e-09 7.169012131960338304e-12 7.193967047787017822e-12
1.477500000000000036e+01 2.023454018454020731e-09 2.023908504207320422e-09 7.097280763374026442e-12 7.120844243978782491e-12
1.480000000000000249e+01 2.034965994713540426e-09 2.035324509542500867e-09 7.034594023882018266e-12 7.056950118977726703e-12
1.482499999999999929e+01 2.047750799388520725e-09 2.048026840493622920e-09 6.980776292366029646e-12 7.002104677393382574e-12
1.484999999999999964e+01 2.061819404958535459e-09 2.062026224708051358e-09 6.935672386475963161e-12 6.956148793830774016e-12
1.487500000000000000e+01 2.077184319498985252e-09 2.077334945601339115e-09 6.899147074721259186e-12 6.918943712918992146e-12
1.490000000000000036e+01 2.093859590791144570e-09 2.093966845992742740e-09 6.871084636563267324e-12 6.890370598385760867e-12
1.492500000000000071e+01 2.111860812405904313e-09 2.111937333746169830e-09 6.851388468675899153e-12 6.870330129369703098e-12
1.494999999999999929e+01 2.131205131751902925e-09 2.131263389406358888e-09 6.839980737931184579e-12 6.858742144230133655e-12
1.497499999999999964e+01 2.151911260081512543e-09 2.151963575822863126e-09 6.836802078420136263e-12 6.855545329843627094e-12
