# raxis[fm], SN, VN, SP, VP
2.101448349307773875e-07 9.847889710702371902e-02 1.030311617080895692e-01 8.858303228504146865e-02 9.217288201423007310e-02
2.500000000000000139e-02 9.847663683050164596e-02 1.030312238979216588e-01 8.858093440942679808e-02 9.217268281658354268e-02
5.000000000000000278e-02 9.843140357895707737e-02 1.029912292321993328e-01 8.854134131797114504e-02 9.213750278411655947e-02
7.499999999999999722e-02 9.835502187814576525e-02 1.029235605542993398e-01 8.847450009544917393e-02 9.207800812417839265e-02
1.000000000000000056e-01 9.824810636062894509e-02 1.028287985848009289e-01 8.838092822481000144e-02 9.199468871286653471e-02
1.250000000000000000e-01 9.811104038089360491e-02 1.027072869437226088e-01 8.826094680376957158e-02 9.188783609626956228e-02
1.499999999999999944e-01 9.794423786523159814e-02 1.025593826787448426e-01 8.811490080388362234e-02 9.175775253354517824e-02
1.749999999999999889e-01 9.774818522952499755e-02 1.023855056450689860e-01 8.794319509899957421e-02 9.160479321389589091e-02
2.000000000000000111e-01 9.752345195631095809e-02 1.021861466526154810e-01 8.774630349393033879e-02 9.142937314800868298e-02
2.250000000000000056e-01 9.727068783453303447e-02 1.019618663434242040e-01 8.752476643196528683e-02 9.123196619856790979e-02
2.500000000000000000e-01 9.699062255924846554e-02 1.017132947538972043e-01 8.727919061667968603e-02 9.101310469210777132e-02
2.750000000000000222e-01 9.668406683682900793e-02 1.014411311398129845e-01 8.701024944378722703e-02 9.077337871137820813e-02
2.999999999999999889e-01 9.635191589916690391e-02 1.011461512051587824e-01 8.671868646912361811e-02 9.051344255298257591e-02
3.250000000000000111e-01 9.599513236393375504e-02 1.008291897349032629e-01 8.640530054688290440e-02 9.023399974939744217e-02
3.499999999999999778e-01 9.561474517095611136e-02 1.004911403583727825e-01 8.607094447250536462e-02 8.993580235959136582e-02
3.750000000000000000e-01 9.521184656808816260e-02 1.001329491914191988e-01 8.571652264910868679e-02 8.961964556406924742e-02
4.000000000000000222e-01 9.478761446405949143e-02 9.975563694168521067e-02 8.534301081332996974e-02 8.928638711129613381e-02
4.249999999999999889e-01 9.434329638186980671e-02 9.936029116561549690e-02 8.495144196032172745e-02 8.893694041749976298e-02
4.500000000000000111e-01 9.388019950540761605e-02 9.894805348574163550e-02 8.454289741842166417e-02 8.857226307889524974e-02
4.749999999999999778e-01 9.339968526757520817e-02 9.852011363617001194e-02 8.411850237984681844e-02 8.819335176918548236e-02
5.000000000000000000e-01 9.290317237339025536e-02 9.807771235768565632e-02 8.367942871687494844e-02 8.780124487585831694e-02
5.250000000000000222e-01 9.239213078673610968e-02 9.762213848920708870e-02 8.322688984198696460e-02 8.739701996830398500e-02
5.500000000000000444e-01 9.186807564877041976e-02 9.715472201633296168e-02 8.276213529070383657e-02 8.698178757457412924e-02
5.749999999999999556e-01 9.133256561674436835e-02 9.667683257463551005e-02 8.228644946992946796e-02 8.655668983508649217e-02
5.999999999999999778e-01 9.078719860534782693e-02 9.618987711600722468e-02 8.180114827310558390e-02 8.612289874462941697e-02
6.250000000000000000e-01 9.023360577205012667e-02 9.569529380459489143e-02 8.130757373735991722e-02 8.568161064039653274e-02
6.500000000000000222e-01 8.967344833236091939e-02 9.519454879027181016e-02 8.080709175505762509e-02 8.523404362427623726e-02
6.750000000000000444e-01 8.910841257357750289e-02 9.468913310995993871e-02 8.030108790537242303e-02 8.478143505091398358e-02
6.999999999999999556e-01 8.854020175432479600e-02 9.418055504666773825e-02 7.979096042592072335e-02 8.432503476552288824e-02
7.249999999999999778e-01 8.797053235308185948e-02 9.367033598885146639e-02 7.927811736717814417e-02 8.386610170010012910e-02
7.500000000000000000e-01 8.740112460770436964e-02 9.316000353641770704e-02 7.876396853402264919e-02 8.340589804176670730e-02
7.750000000000000222e-01 8.683370041970572828e-02 9.265108546493056041e-02 7.824992418003942629e-02 8.294568415944605921e-02
8.000000000000000444e-01 8.626998445842759544e-02 9.214511464496753790e-02 7.773739640549785779e-02 8.248672341575229161e-02
8.249999999999999556e-01 8.571168882560276092e-02 9.164361500249380843e-02 7.722778564974201732e-02 8.203026960638856724e-02
8.499999999999999778e-01 8.516051225297924243e-02 9.114809892713403305e-02 7.672248073512438760e-02 8.157756524268915121e-02
8.750000000000000000e-01 8.461812923890761617e-02 9.066005936650922692e-02 7.622284932737934116e-02 8.112983459213324311e-02
9.000000000000000222e-01 8.408618585085070318e-02 9.018096308227313562e-02 7.573023522355136483e-02 8.068827834922780162e-02
9.250000000000001554e-01 8.356629631579684525e-02 8.971224946107091147e-02 7.524595560261096439e-02 8.025407301655868020e-02
9.499999999999999556e-01 8.306003437168563153e-02 8.925532198388942684e-02 7.477129360657285007e-02 7.982836332206082186e-02
9.749999999999999778e-01 8.256892937992790782e-02 8.881154427281931496e-02 7.430749568764898061e-02 7.941225934593003355e-02
1.000000000000000000e+00 8.209445979749323274e-02 8.838223447662225951e-02 7.385576594325363176e-02 7.900683168675591561e-02
1.024999999999999911e+00 8.163804702961217907e-02 8.796865985847823755e-02 7.341726129139379553e-02 7.861310701424908953e-02
1.050000000000000044e+00 8.120104707397898802e-02 8.757202834426475180e-02 7.299308465866878592e-02 7.823206116491049356e-02
1.074999999999999956e+00 8.078474826890857940e-02 8.719348542144897407e-02 7.258428328639934812e-02 7.786461654277852806e-02
1.100000000000000089e+00 8.039036921218090104e-02 8.683411340743105167e-02 7.219184732016563355e-02 7.751164185583037103e-02
1.125000000000000000e+00 8.001904964577251367e-02 8.649492414249737582e-02 7.181670193331257668e-02 7.717394575532432466e-02
1.149999999999999911e+00 7.967184297654629488e-02 8.617684966821310966e-02 7.145970143238968009e-02 7.685226918287201003e-02
1.175000000000000044e+00 7.934971932840460818e-02 8.588074537350579019e-02 7.112163194899751018e-02 7.654728812357622370e-02
1.199999999999999956e+00 7.905355939256297759e-02 8.560738620878975691e-02 7.080320634318167106e-02 7.625961052545315866e-02
1.225000000000000089e+00 7.878414718971407660e-02 8.535745868147927295e-02 7.050505815411563237e-02 7.598976955347658269e-02
1.250000000000000000e+00 7.854216922993705052e-02 8.513155965275945314e-02 7.022774089434739853e-02 7.573822250631029318e-02
1.274999999999999911e+00 7.832821201977384351e-02 8.493019528181613986e-02 6.997172613103541661e-02 7.550535012898516862e-02
1.300000000000000044e+00 7.814275624979868939e-02 8.475377460679169028e-02 6.973739869123640744e-02 7.529145131963488335e-02
1.324999999999999956e+00 7.798618005919383256e-02 8.460261325110708663e-02 6.952505924566733386e-02 7.509674610036848330e-02
1.350000000000000089e+00 7.785875550596539629e-02 8.447693057934246852e-02 6.933492145349773317e-02 7.492137336974701023e-02
1.375000000000000000e+00 7.776064698990881041e-02 8.437684812994653005e-02 6.916711064404218456e-02 7.476538966155590882e-02
1.399999999999999911e+00 7.769190756735772085e-02 8.430238599532045851e-02 6.902166034811460515e-02 7.462876576036515941e-02
1.425000000000000044e+00 7.765248117161532848e-02 8.425346525228233352e-02 6.889851434209989800e-02 7.451138902565782041e-02
1.449999999999999956e+00 7.764220298487795047e-02 8.422990863367185721e-02 6.879752684166810794e-02 7.441306391742234794e-02
1.475000000000000089e+00 7.766080026664946845e-02 8.423144159099796302e-02 6.871846320561905697e-02 7.433351307202828995e-02
1.500000000000000000e+00 7.770789508875780571e-02 8.425769509551238323e-02 6.866100215677085894e-02 7.427237961029353741e-02
1.524999999999999911e+00 7.778300134132738741e-02 8.430820268118680016e-02 6.862473279643005464e-02 7.422922436390939904e-02
1.550000000000000044e+00 7.788553229758257701e-02 8.438240855811485197e-02 6.860916115049826847e-02 7.420353317636152468e-02
1.574999999999999956e+00 7.801480080020190000e-02 8.447966698414061115e-02 6.861371033695762289e-02 7.419471624123805120e-02
1.600000000000000089e+00 7.817001722139070574e-02 8.459924065856791464e-02 6.863771843259428018e-02 7.420210674872043666e-02
1.625000000000000000e+00 7.835029517322660009e-02 8.474030605965851559e-02 6.868044348830250334e-02 7.422496560546446021e-02
1.649999999999999911e+00 7.855465195895830477e-02 8.490195457655509703e-02 6.874106343223523874e-02 7.426248244632628615e-02
1.675000000000000044e+00 7.878202137093844037e-02 8.508320515646849991e-02 6.881868700116562654e-02 7.431378659599799374e-02
1.699999999999999956e+00 7.903125135410278557e-02 8.528300079499726016e-02 6.891235198781117677e-02 7.437794417319412710e-02
1.725000000000000311e+00 7.930110920278816977e-02 8.550021441759485252e-02 6.902102940357041083e-02 7.445396343169505271e-02
1.750000000000000000e+00 7.959028564743834966e-02 8.573365246280953422e-02 6.914362681740411631e-02 7.454079788407644291e-02
1.774999999999999911e+00 7.989740299991229810e-02 8.598206318871366716e-02 6.927899516530643120e-02 7.463735371776540617e-02
1.800000000000000044e+00 8.022102066140837651e-02 8.624414106059107021e-02 6.942593372717320577e-02 7.474249372177342587e-02
1.824999999999999956e+00 8.055963779360637844e-02 8.651852898397553726e-02 6.958319241431183688e-02 7.485503945753775590e-02
1.850000000000000311e+00 8.091169769118557176e-02 8.680382248315381133e-02 6.974947555892985207e-02 7.497377536228536088e-02
1.875000000000000000e+00 8.127559586919605450e-02 8.709857761011778610e-02 6.992344877291337135e-02 7.509745604213020898e-02
1.899999999999999911e+00 8.164968564461488887e-02 8.740131487004078326e-02 7.010374415048349628e-02 7.522480944999025698e-02
1.925000000000000044e+00 8.203228018488190054e-02 8.771052157246529701e-02 7.028896187827898823e-02 7.535453996340289728e-02
1.949999999999999956e+00 8.242166345406058692e-02 8.802466161055816363e-02 7.047767973599240732e-02 7.548533663160031382e-02
1.975000000000000089e+00 8.281609023108865708e-02 8.834217457623422254e-02 7.066845358121939813e-02 7.561587310563386288e-02
2.000000000000000000e+00 8.321379713088633556e-02 8.866148664486378506e-02 7.085982635134148444e-02 7.574481768692327421e-02
2.024999999999999911e+00 8.361300690146108994e-02 8.898101306569290714e-02 7.105033293333085087e-02 7.587083550543571864e-02
2.049999999999999822e+00 8.401193121122001173e-02 8.929916057997698553e-02 7.123850253843320990e-02 7.599259164750349349e-02
2.075000000000000178e+00 8.440877898499231369e-02 8.961433480832953213e-02 7.142286561169872150e-02 7.610875770645747496e-02
2.100000000000000089e+00 8.480176252340516918e-02 8.992494520719340745e-02 7.160195977830909053e-02 7.621801643991518715e-02
2.125000000000000000e+00 8.518910107260659059e-02 9.022940768426715441e-02 7.177433279537184796e-02 7.631906407710503659e-02
2.149999999999999911e+00 8.556902650885608863e-02 9.052614927989674487e-02 7.193854804133857639e-02 7.641061554574833659e-02
2.174999999999999822e+00 8.593978783689594503e-02 9.081361175640034755e-02 7.209318902661096540e-02 7.649140755649047607e-02
2.200000000000000178e+00 8.629965324002830673e-02 9.109025254767107171e-02 7.223686105459055373e-02 7.656020011117009583e-02
2.225000000000000089e+00 8.664691942598405638e-02 9.135455274332368591e-02 7.236819891374603186e-02 7.661578387454531791e-02
2.250000000000000000e+00 8.697991788624058473e-02 9.160502253381215543e-02 7.248587301012189565e-02 7.665698484316972594e-02
2.274999999999999911e+00 8.729701519719221259e-02 9.184020143874910280e-02 7.258859056126538978e-02 7.668266416327945700e-02
2.299999999999999822e+00 8.759661388095320300e-02 9.205865705784202491e-02 7.267509548587330892e-02 7.669171834941627963e-02
2.325000000000000178e+00 8.787716373306558859e-02 9.225899536278557578e-02 7.274417813962520685e-02 7.668308813351799869e-02
2.350000000000000089e+00 8.813716160773105157e-02 9.243986094661130193e-02 7.279467624343842480e-02 7.665575803938057264e-02
2.375000000000000000e+00 8.837515362363007609e-02 9.259993784905645731e-02 7.282547664142456634e-02 7.660875783587609011e-02
2.399999999999999911e+00 8.858974050123244459e-02 9.273795306739711364e-02 7.283551890297873532e-02 7.654116550501491312e-02
2.424999999999999822e+00 8.877958307236590019e-02 9.285268283097312947e-02 7.282380097329611834e-02 7.645211206505417301e-02
2.450000000000000178e+00 8.894339899383013615e-02 9.294294960604519706e-02 7.278937668390698945e-02 7.634077857526179456e-02
2.475000000000000089e+00 8.907996847366657367e-02 9.300762472073637044e-02 7.273135963178586905e-02 7.620639942749696250e-02
2.500000000000000000e+00 8.918813954258471288e-02 9.304563437661420022e-02 7.264892753559053229e-02 7.604826612105494710e-02
2.524999999999999911e+00 8.926682741714087044e-02 9.305596104907021271e-02 7.254132216308860348e-02 7.586572714777602144e-02
2.549999999999999822e+00 8.931501297703110798e-02 9.303763976477248676e-02 7.240784766403970951e-02 7.565818572362970063e-02
2.575000000000000178e+00 8.933175145494341718e-02 9.298976412837649252e-02 7.224787683877730016e-02 7.542510513579521458e-02
2.600000000000000089e+00 8.931617079806451753e-02 9.291149099699132219e-02 7.206085090758120038e-02 7.516600965816667979e-02
2.625000000000000000e+00 8.926747061891751600e-02 9.280203517850006689e-02 7.184627672326798775e-02 7.488048060715454812e-02
2.649999999999999911e+00 8.918493056298644472e-02 9.266067670076082174e-02 7.160373323881774610e-02 7.456816225321563629e-02
2.674999999999999822e+00 8.906790421456904638e-02 9.248676091672043686e-02 7.133286827424673016e-02 7.422876026344392419e-02
2.700000000000000178e+00 8.891582158857273821e-02 9.227969774649395773e-02 7.103339757800067322e-02 7.386203979313830936e-02
2.725000000000000089e+00 8.872819285197702799e-02 9.203896328636154700e-02 7.070510767571931698e-02 7.346782745909477552e-02
2.750000000000000000e+00 8.850460772167963175e-02 9.176410474580283527e-02 7.034785611307167730e-02 7.304601345043926219e-02
2.774999999999999911e+00 8.824473287073328343e-02 9.145473881581450692e-02 6.996156753773091763e-02 7.259654800120492191e-02
2.799999999999999822e+00 8.794831518986048757e-02 9.111054970009253851e-02 6.954623547848093335e-02 7.211944123671211460e-02
2.825000000000000178e+00 8.761518415991560726e-02 9.073129613820445083e-02 6.910192402199306916e-02 7.161476653411411042e-02
2.850000000000000089e+00 8.724524383942137973e-02 9.031680989697260520e-02 6.862876208603935213e-02 7.108265744945627129e-02
2.875000000000000000e+00 8.683847775574989047e-02 8.986699031361158885e-02 6.812694380659993498e-02 7.052330411299927160e-02
2.899999999999999911e+00 8.639495076208843216e-02 8.938181489945661029e-02 6.759673091331309946e-02 6.993695916949588254e-02
2.924999999999999822e+00 8.591479912845514932e-02 8.886133039260080135e-02 6.703844451595644682e-02 6.932393010165426028e-02
2.950000000000000178e+00 8.539824478270158226e-02 8.830565899766480709e-02 6.645247269808776669e-02 6.868458345772959772e-02
2.975000000000000089e+00 8.484558148534485089e-02 8.771500013441442534e-02 6.583926272272618008e-02 6.801934388135799647e-02
3.000000000000000000e+00 8.425717243326155681e-02 8.708961969124323632e-02 6.519931695343254840e-02 6.732868657274179713e-02
3.024999999999999911e+00 8.363345564361712725e-02 8.642985565694104311e-02 6.453319553760211713e-02 6.661314015091465701e-02
3.049999999999999822e+00 8.297494051464684994e-02 8.573611891367893811e-02 6.384151324192179067e-02 6.587328554285531990e-02
3.075000000000000178e+00 8.228220616684053801e-02 8.500889223263428940e-02 6.312493736344620965e-02 6.510975428257059772e-02
3.100000000000000089e+00 8.155589433197843463e-02 8.424872214439499407e-02 6.238418287957282760e-02 6.432322327365444514e-02
3.125000000000000000e+00 8.079671625553608294e-02 8.345622624998599859e-02 6.162001497296660385e-02 6.351441773705578109e-02
3.149999999999999911e+00 8.000544528493877539e-02 8.263208900332925932e-02 6.083324380911071805e-02 6.268410756274557516e-02
3.174999999999999822e+00 7.918291554180999225e-02 8.177705781959190845e-02 6.002472284884132619e-02 6.183310453143549962e-02
3.200000000000000178e+00 7.833001770017063159e-02 8.089194418744846682e-02 5.919534530238699382e-02 6.096226146280985664e-02
3.225000000000000089e+00 7.744769472360539531e-02 7.997761786589545341e-02 5.834603997668085656e-02 6.007246750420834613e-02
3.250000000000000000e+00 7.653694258034171582e-02 7.903500316209625953e-02 5.747777083749479321e-02 5.916464563721008513e-02
3.274999999999999911e+00 7.559880510501211515e-02 7.806508049991180143e-02 5.659153350184715353e-02 5.823975256743372381e-02
3.299999999999999822e+00 7.463437218391540118e-02 7.706887621848317049e-02 5.568835295908892979e-02 5.729877245239777678e-02
3.325000000000000178e+00 7.364478345423451644e-02 7.604747535159984972e-02 5.476928544790734404e-02 5.634272331752959717e-02
3.350000000000000089e+00 7.263121028939567569e-02 7.500200904271520086e-02 5.383540590735890613e-02 5.537264748895638633e-02
3.375000000000000444e+00 7.159485802410346655e-02 7.393363999241812923e-02 5.288780835335143982e-02 5.438960368976767518e-02
3.399999999999999911e+00 7.053697076391594878e-02 7.284357657241556649e-02 5.192760826188905221e-02 5.339467411939479574e-02
3.424999999999999822e+00 6.945881873774265025e-02 7.173306010984294157e-02 5.095593426737706627e-02 5.238895647469107159e-02
3.450000000000000622e+00 6.836169373423124640e-02 7.060336150762443197e-02 4.997392507381961946e-02 5.137356117032219893e-02
3.475000000000000533e+00 6.724691036112853681e-02 6.945577763879004496e-02 4.898272868245177186e-02 5.034960854910102562e-02
3.500000000000000000e+00 6.611580537862932205e-02 6.829163101963740823e-02 4.798350134368058878e-02 4.931822826613134481e-02
3.524999999999999911e+00 6.496973092105570724e-02 6.711226493073274568e-02 4.697740330195312314e-02 4.828055573386092619e-02
3.549999999999999822e+00 6.381004902233988751e-02 6.591903938586052281e-02 4.596559492081184889e-02 4.723772934034607685e-02
3.575000000000000622e+00 6.263812834247343975e-02 6.471332669124965631e-02 4.494923336448439916e-02 4.619088659849966694e-02
3.600000000000000089e+00 6.145534692249637887e-02 6.349650619617015768e-02 4.392947385994534770e-02 4.514116139677955275e-02
3.625000000000000000e+00 6.026308183822556147e-02 6.226996558738073090e-02 4.290746351553591936e-02 4.408968394855699441e-02
3.649999999999999911e+00 5.906270572169158156e-02 6.103509414334126054e-02 4.188433762838493502e-02 4.303757554729580742e-02
3.674999999999999822e+00 5.785558682259385466e-02 5.979327483498894646e-02 4.086121925770513225e-02 4.198594409740694783e-02
3.700000000000000622e+00 5.664308607291324016e-02 5.854588397590852755e-02 3.983921742806374039e-02 4.093588376309254678e-02
3.725000000000000089e+00 5.542655708143407606e-02 5.729429459836619942e-02 3.881942628467118656e-02 3.988847597778276410e-02
3.750000000000000000e+00 5.420733731256625887e-02 5.603986655008561663e-02 3.780291937495804805e-02 3.884478327122475871e-02
3.774999999999999911e+00 5.298674409075070091e-02 5.478394310891091662e-02 3.679074667006494714e-02 3.780584668352350575e-02
3.799999999999999822e+00 5.176607765903146890e-02 5.352784942959341874e-02 3.578393532581825714e-02 3.677268420553073819e-02
3.825000000000000178e+00 5.054661633387735886e-02 5.227289011136297681e-02 3.478348675176899663e-02 3.574628922118107399e-02
3.850000000000000089e+00 4.932961041036408589e-02 5.102034301528327737e-02 3.379037241126130187e-02 3.472762630716106497e-02
3.875000000000000000e+00 4.811628619279521846e-02 4.977146020400679410e-02 3.280553562776626630e-02 3.371763148148048533e-02
3.899999999999999911e+00 4.690784012006740666e-02 4.852746864951142103e-02 3.182988759209361140e-02 3.271721173235116187e-02
3.924999999999999822e+00 4.570543366197073881e-02 4.728955861328774934e-02 3.086430387545970391e-02 3.172723816176577921e-02
3.950000000000000178e+00 4.451019573539735652e-02 4.605888511886480768e-02 2.990962553739317034e-02 3.074854667162349106e-02
3.975000000000000089e+00 4.332322385635609119e-02 4.483657190322965641e-02 2.896665928540559029e-02 2.978193959539931698e-02
4.000000000000000000e+00 4.214557553250514177e-02 4.362370617638253179e-02 2.803617229403581115e-02 2.882818231338404522e-02
4.025000000000000355e+00 4.097826694380032192e-02 4.242133195768593712e-02 2.711889077721760938e-02 2.788799907904298755e-02
4.049999999999999822e+00 3.982227689981759217e-02 4.123045244926221847e-02 2.621550218325315387e-02 2.696207438399823852e-02
4.075000000000000178e+00 3.867854064823960519e-02 4.005202937241469224e-02 2.532665154895328771e-02 2.605105220646265762e-02
4.099999999999999645e+00 3.754795301057443913e-02 3.888698183547859011e-02 2.445294281518271481e-02 2.515553512255732857e-02
4.125000000000000000e+00 3.643136339603620516e-02 3.773618278771220802e-02 2.359493621067599439e-02 2.427608241824583818e-02
4.150000000000000355e+00 3.532957333503616848e-02 3.660046036487357712e-02 2.275314664428318770e-02 2.341321046763413655e-02
4.174999999999999822e+00 3.424334061025642584e-02 3.548059343607691540e-02 2.192804578748778696e-02 2.256739034372011454e-02
4.200000000000000178e+00 3.317337718828456544e-02 3.437731478053757811e-02 2.112006152709143200e-02 2.173904996227590813e-02
4.224999999999999645e+00 3.212034622055785077e-02 3.329131073095810411e-02 2.032957611436693804e-02 2.092857357099867088e-02
4.250000000000000000e+00 3.108486346316543733e-02 3.222321599582377710e-02 1.955692716003070222e-02 2.013629940763312157e-02
4.275000000000000355e+00 3.006749583461224007e-02 3.117361668003866895e-02 1.880240744201436276e-02 1.936252158105188775e-02
4.299999999999999822e+00 2.906876508478970292e-02 3.014305123908091535e-02 1.806626735442783821e-02 1.860749109077852390e-02
4.325000000000000178e+00 2.808914434845442842e-02 2.913201099587394566e-02 1.734871333464653789e-02 1.787141648033036337e-02
4.349999999999999645e+00 2.712905619428605461e-02 2.814093702095825378e-02 1.664990741181694364e-02 1.715446248298922033e-02
4.375000000000000000e+00 2.618887746687318871e-02 2.717022020793740528e-02 1.596997035919643301e-02 1.645675091824363653e-02
4.400000000000000355e+00 2.526894045404887504e-02 2.622020504268799887e-02 1.530898303129300461e-02 1.577836330409612339e-02
4.424999999999999822e+00 2.436952992912454555e-02 2.529119166907143126e-02 1.466698575699640697e-02 1.511934255741222664e-02
4.450000000000000178e+00 2.349088223986113208e-02 2.438343066316999916e-02 1.404397838997606222e-02 1.447969093758868543e-02
4.474999999999999645e+00 2.263319059250208307e-02 2.349712585214361674e-02 1.343992413674625387e-02 1.385937257479873640e-02
4.500000000000000000e+00 2.179660451889454606e-02 2.263243783743075846e-02 1.285475021540426720e-02 1.325831613426984093e-02
4.525000000000000355e+00 2.098123083605608896e-02 2.178948345368536196e-02 1.228834930842397088e-02 1.267641545899416029e-02
4.549999999999999822e+00 2.018713473200096920e-02 2.096833728809571751e-02 1.174058113395981193e-02 1.211353132466371288e-02
4.575000000000000178e+00 1.941434081460484060e-02 2.016903298976162329e-02 1.121127398608783542e-02 1.156949307795271907e-02
4.599999999999999645e+00 1.866283458156973996e-02 1.939156311869448188e-02 1.070022658058233413e-02 1.104409963419198878e-02
4.625000000000000000e+00 1.793256463995021588e-02 1.863588236498718576e-02 1.020721031043597161e-02 1.053712221093924470e-02
4.650000000000000355e+00 1.722344369809062498e-02 1.790190946190552829e-02 9.731970762341972045e-03 1.004830626818209102e-02
4.674999999999999822e+00 1.653535015338551337e-02 1.718952759743249889e-02 9.274229636452380535e-03 9.577372799780220144e-03
4.700000000000000178e+00 1.586813002886895696e-02 1.649858666824109699e-02 8.833686705818679860e-03 9.124020504912330742e-03
4.724999999999999645e+00 1.522159861895495785e-02 1.582890491932051683e-02 8.410021790544081749e-03 8.687927629245480177e-03
4.750000000000000000e+00 1.459554215809632724e-02 1.518027086661933624e-02 8.002896679932158114e-03 8.268754012018318320e-03
4.775000000000000355e+00 1.398971972009971365e-02 1.455244493461321786e-02 7.611957017634828418e-03 7.866142876922612229e-03
4.799999999999999822e+00 1.340386506005597153e-02 1.394516140392625808e-02 7.236834171540582235e-03 7.479722768773207700e-03
4.825000000000000178e+00 1.283768859200125172e-02 1.335813025275506445e-02 6.877147075285890490e-03 7.109109328533772844e-03
4.849999999999999645e+00 1.229087920829411047e-02 1.279103913776379227e-02 6.532504134749065813e-03 6.753907188438868642e-03
4.875000000000000000e+00 1.176310595899931338e-02 1.224355521778230753e-02 6.202504851241495004e-03 6.413711715699967064e-03
4.900000000000000355e+00 1.125401999383324192e-02 1.171532692943620668e-02 5.886741583712389210e-03 6.088110682374520480e-03
4.924999999999999822e+00 1.076325638533286513e-02 1.120598580871002767e-02 5.584801176372574880e-03 5.776685908225104651e-03
4.950000000000000178e+00 1.029043601480755278e-02 1.071514846073698228e-02 5.296266567979392680e-03 5.479014910447091782e-03
4.974999999999999645e+00 9.835167163544329683e-03 1.024241822563196590e-02 5.020718198276012331e-03 5.194672354677361270e-03
5.000000000000000000e+00 9.397047253269600123e-03 9.787386897102684155e-03 4.757735436028730398e-03 4.923231473490864707e-03
5.025000000000000355e+00 8.975664482998727337e-03 9.349636429696554091e-03 4.506897906659439526e-03 4.664265430939891315e-03
5.049999999999999822e+00 8.570599534533519803e-03 8.928740557183741100e-03 4.267786760701456662e-03 4.417348580482157762e-03
5.075000000000000178e+00 8.181426986875380350e-03 8.524266406446958516e-03 4.039985774865089904e-03 4.182057657217107434e-03
5.099999999999999645e+00 7.807716814410476693e-03 8.135775985710155464e-03 3.823082432436938037e-03 3.957972860289001200e-03
5.125000000000000000e+00 7.449035791886279324e-03 7.762827510337138789e-03 3.616668895326395888e-03 3.744678812477543559e-03
5.150000000000000355e+00 7.104948831034946406e-03 7.404976920138208428e-03 3.420342899261073419e-03 3.541765541073375878e-03
5.174999999999999822e+00 6.775020182649116839e-03 7.061779085953200953e-03 3.233708539885511365e-03 3.348829274838894046e-03
5.200000000000000178e+00 6.458814706925519213e-03 6.732789016963447448e-03 3.056377028378430127e-03 3.165473191357612293e-03
5.224999999999999645e+00 6.155898932521822707e-03 6.417563088247839852e-03 2.887967314311155193e-03 2.991308121034411908e-03
5.250000000000000000e+00 5.865842009446804034e-03 6.115659992419112019e-03 2.728106614449847013e-03 2.825953086519551044e-03
5.275000000000000355e+00 5.588216782545320227e-03 5.826641830246467521e-03 2.576430954026681219e-03 2.669035860119245516e-03
5.299999999999999822e+00 5.322600562974432944e-03 5.550074971805020463e-03 2.432585538366349026e-03 2.520193383111450983e-03
5.325000000000000178e+00 5.068575975293812368e-03 5.285530852665806106e-03 2.296225116295049374e-03 2.379072120444944687e-03
5.349999999999999645e+00 4.825731671312713522e-03 5.032586797462401153e-03 2.167014257487484986e-03 2.245328390450410713e-03
5.375000000000000000e+00 4.593662936308899429e-03 4.790826685804256899e-03 2.044627554507477945e-03 2.118628596506623614e-03
5.400000000000000355e+00 4.371972323392436105e-03 4.559841544819733840e-03 1.928749803071720453e-03 1.998649401077928593e-03
5.424999999999999822e+00 4.160270132013602074e-03 4.339230114564648043e-03 1.819076098028617108e-03 1.885077860426266671e-03
5.450000000000000178e+00 3.958174877038278874e-03 4.128599298089557536e-03 1.715311904565733478e-03 1.777611492156489078e-03
5.474999999999999645e+00 3.765313689620730479e-03 3.927564643163134438e-03 1.617173074532567362e-03 1.675958331942067545e-03
5.500000000000000000e+00 3.581322598961799927e-03 3.735750658928355811e-03 1.524385800690519809e-03 1.579836902708186023e-03
5.525000000000000355e+00 3.405846859754310414e-03 3.552791093160909131e-03 1.436686577607573269e-03 1.488976157958343165e-03
5.549999999999999822e+00 3.238541152592156087e-03 3.378329247293198299e-03 1.353822093534294861e-03 1.403115422334436004e-03
5.575000000000000178e+00 3.079069722789782269e-03 3.212018109803363962e-03 1.275549089841888223e-03 1.322004248806995727e-03
5.599999999999999645e+00 2.927106540690907043e-03 3.053520513921255484e-03 1.201634219882702576e-03 1.245402278033806969e-03
5.625000000000000000e+00 2.782335388660945371e-03 2.902509266886940664e-03 1.131853872317654247e-03 1.173079076910424692e-03
5.650000000000000355e+00 2.644449877281656279e-03 2.758667184158259192e-03 1.065993964878254006e-03 1.104813937357577037e-03
5.674999999999999822e+00 2.513153455813197691e-03 2.621687105884738193e-03 1.003849725675380264e-03 1.040395662265281842e-03
5.700000000000000178e+00 2.388159421255568130e-03 2.491271905343943240e-03 9.452254755959157897e-04 9.796223446109876207e-04
5.724999999999999645e+00 2.269190820363850992e-03 2.367134449846377935e-03 8.899343730467328215e-04 9.223011292421204148e-04
5.750000000000000000e+00 2.155980370393723988e-03 2.248997493276491243e-03 8.377981603844789765e-04 8.682479491189067826e-04
5.775000000000000355e+00 2.048270374287234925e-03 2.136593611369181842e-03 7.886469114261538934e-04 8.172872769303642570e-04
5.799999999999999822e+00 1.945812563402251607e-03 2.029665068526352503e-03 7.423187556883115721e-04 7.692518538502033081e-04
5.825000000000000178e+00 1.848367958165354850e-03 1.927963651863391810e-03 6.986596107100465731e-04 7.239824102535657871e-04
5.849999999999999645e+00 1.755706701274721126e-03 1.831250533569034854e-03 6.575229093273671048e-04 6.813273989841235351e-04
5.875000000000000000e+00 1.667607872738597740e-03 1.739296085856445635e-03 6.187693250356361262e-04 6.411427165417254038e-04
5.900000000000000355e+00 1.583859292246443803e-03 1.651879692640875188e-03 5.822664965990844571e-04 6.032914275052160633e-04
5.924999999999999822e+00 1.504257309385323730e-03 1.568789519828131399e-03 5.478887553358482944e-04 5.676434804247224106e-04
5.950000000000000178e+00 1.428606601407319361e-03 1.489822327723460803e-03 5.155168607533880962e-04 5.340754442189907594e-04
5.974999999999999645e+00 1.356719942492534475e-03 1.414783241296218219e-03 4.850377308469698144e-04 5.024702351590095394e-04
6.000000000000000000e+00 1.288417978851192844e-03 1.343485520869032966e-03 4.563441822367709415e-04 4.727168508267029609e-04
6.025000000000000355e+00 1.223528992589145844e-03 1.275750327162507563e-03 4.293346726234754918e-04 4.447101085416470950e-04
6.049999999999999822e+00 1.161888671362121955e-03 1.211406480337847997e-03 4.039130520986612617e-04 4.183503889962900991e-04
6.075000000000000178e+00 1.103339867600945786e-03 1.150290227158897805e-03 3.799883175570382770e-04 3.935433888425447476e-04
6.099999999999999645e+00 1.047732363176039376e-03 1.092244991095916084e-03 3.574743755602505279e-04 3.701998748943972559e-04
6.125000000000000000e+00 9.949226330048868694e-04 1.037121136626734238e-03 3.362898119390608852e-04 3.482354495983507525e-04
6.150000000000000355e+00 9.447736081616817019e-04 9.847757277863691643e-04 3.163576679319983053e-04 3.275703216412943915e-04
6.174999999999999822e+00 8.971544438524779340e-04 9.350722882926113628e-04 2.976052243775528816e-04 3.081290837825838747e-04
6.200000000000000178e+00 8.519402883595817962e-04 8.878805665699752514e-04 2.799637929681547243e-04 2.898404989767160958e-04
6.224999999999999645e+00 8.090120549789733178e-04 8.430763024347815403e-04 2.633685151662824527e-04 2.726372936180801519e-04
6.250000000000000000e+00 7.682561991245732058e-04 8.005409964315485759e-04 2.477581689836752467e-04 2.564559583636725972e-04
6.275000000000000355e+00 7.295644998413875013e-04 7.601616854334218012e-04 2.330749831069742716e-04 2.412365569787529198e-04
6.299999999999999822e+00 6.928338449672825699e-04 7.218307233572724291e-04 2.192644583652058102e-04 2.269225429765126629e-04
6.325000000000000178e+00 6.579660214259029985e-04 6.854455626853490739e-04 2.062751966719237684e-04 2.134605825273358905e-04
6.349999999999999645e+00 6.248675118197730659e-04 6.509085454313310237e-04 1.940587378531352441e-04 2.008003862908931008e-04
6.375000000000000000e+00 5.934492956340539291e-04 6.181266984434612534e-04 1.825694028671970336e-04 1.888945480027737721e-04
6.400000000000000355e+00 5.636266574913150959e-04 5.870115333998184763e-04 1.717641446875032749e-04 1.776983899664529064e-04
6.424999999999999822e+00 5.353189991373145636e-04 5.574788546160410526e-04 1.616024055328705244e-04 1.671698161030778554e-04
6.450000000000000178e+00 5.084496578882379296e-04 5.294485699958817286e-04 1.520459808797472293e-04 1.572691711215572739e-04
6.474999999999999645e+00 4.829457328789533575e-04 5.028445100958147751e-04 1.430588903075582521e-04 1.479591068228803185e-04
6.500000000000000000e+00 4.587379152492063617e-04 4.775942531435635333e-04 1.346072543929291605e-04 1.392044548603264375e-04
6.525000000000000355e+00 4.357603250093293880e-04 4.536289553740025936e-04 1.266591775551441932e-04 1.309721055531359261e-04
6.549999999999999822e+00 4.139503535479886341e-04 4.308831876402271555e-04 1.191846366971189262e-04 1.232308926333916521e-04
6.575000000000000178e+00 3.932485123472267237e-04 4.092947781132924285e-04 1.121553758389990144e-04 1.159514839472542883e-04
6.599999999999999645e+00 3.735982877634389421e-04 3.888046611538182977e-04 1.055448059465468908e-04 1.091062777695094829e-04
6.625000000000000000e+00 3.549460003148536386e-04 3.693567313325288163e-04 9.932790979384245567e-05 1.026693042453441848e-04
6.650000000000000355e+00 3.372406707228772392e-04 3.508977034546164144e-04 9.348115210525714965e-05 9.661613210231888207e-05
6.674999999999999822e+00 3.204338913840406493e-04 3.333769791699708819e-04 8.798239438149622286e-05 9.092378047342935751e-05
6.700000000000000178e+00 3.044797019481779382e-04 3.167465178579639959e-04 8.281081406547324971e-05 8.557063513084411282e-05
6.724999999999999645e+00 2.893344716525824735e-04 3.009607127782215554e-04 7.794682841905425030e-05 8.053636922217531104e-05
6.750000000000000888e+00 2.749567859807069796e-04 2.859762738068126323e-04 7.337202233635418979e-05 7.580186862040390447e-05
6.775000000000001243e+00 2.613073379534959820e-04 2.717521140729512764e-04 6.906908015622710009e-05 7.134916106922674698e-05
6.799999999999999822e+00 2.483488250215360208e-04 2.582492418038108070e-04 6.502172134035738636e-05 6.716134935717196503e-05
6.825000000000001066e+00 2.360458496193037245e-04 2.454306573049013038e-04 6.121463948434679699e-05 6.322254817841243808e-05
6.849999999999999645e+00 2.243648248082801965e-04 2.332612540670462524e-04 5.763344509185081547e-05 5.951782451353244057e-05
6.875000000000000000e+00 2.132738842604606059e-04 2.217077247041205766e-04 5.426461134257760228e-05 5.603314141893137864e-05
6.900000000000001243e+00 2.027427960087209652e-04 2.107384711885299260e-04 5.109542294627899699e-05 5.275530493965788773e-05
6.924999999999999822e+00 1.927428804368948366e-04 2.003235187847670436e-04 4.811392808312218593e-05 4.967191402082747582e-05
6.950000000000001066e+00 1.832469322289427766e-04 1.904344347699457531e-04 4.530889297028993653e-05 4.677131345687880374e-05
6.974999999999999645e+00 1.742389981823430232e-04 1.810343979660864919e-04 4.267035591310609197e-05 4.404195246053408162e-05
7.000000000000000000e+00 1.656757172243639674e-04 1.721193786453098593e-04 4.018704358770763482e-05 4.147462028269770592e-05
7.025000000000001243e+00 1.575429486007724398e-04 1.636534205571267347e-04 3.785043472315288016e-05 3.905920967265768114e-05
7.049999999999999822e+00 1.498186536080046549e-04 1.556134968490019389e-04 3.565175432773069866e-05 3.678661898822852200e-05
7.075000000000001066e+00 1.424819325124790392e-04 1.479777719287695857e-04 3.358275625368052592e-05 3.464829582482067163e-05
7.099999999999999645e+00 1.355129661593343262e-04 1.407255404670547285e-04 3.163569141058440970e-05 3.263620397668206587e-05
7.125000000000000000e+00 1.288929602340859013e-04 1.338371692851027673e-04 2.980327776445978132e-05 3.074279232374740157e-05
7.150000000000001243e+00 1.226040924249407549e-04 1.272940418020059126e-04 2.807867214118993935e-05 2.896096546866816488e-05
7.174999999999999822e+00 1.166294622664589009e-04 1.210785056914210923e-04 2.645544377802503257e-05 2.728405624296346068e-05
7.200000000000000178e+00 1.109530434229142779e-04 1.151738229348323018e-04 2.492754938748996906e-05 2.570579980224846646e-05
7.224999999999999645e+00 1.055596384527633782e-04 1.095641224302894409e-04 2.348930972907330283e-05 2.422030927131626799e-05
7.250000000000000000e+00 1.004348358353000824e-04 1.042343550779737158e-04 2.213538757794330841e-05 2.282205285720591962e-05
7.275000000000001243e+00 9.556496917548375864e-05 9.917025105469340612e-05 2.086076704844407241e-05 2.150583233102576554e-05
7.299999999999999822e+00 9.093707849614439918e-05 9.435827931105867739e-05 1.966073413778737401e-05 2.026676282074424962e-05
7.325000000000000178e+00 8.653887351747200946e-05 8.978560912129011820e-05 1.853085843158476485e-05 1.910025380230890511e-05
7.349999999999999645e+00 8.235869882673028843e-05 8.544007362750741989e-05 1.746697593759628586e-05 1.800199124905955879e-05
7.375000000000000000e+00 7.838550082101388089e-05 8.131013524964319659e-05 1.646517294345294338e-05 1.696792086064045227e-05
7.400000000000001243e+00 7.460879637897435029e-05 7.738485287140425394e-05 1.552177085725946296e-05 1.599423230532036891e-05
7.424999999999999822e+00 7.101864313804056195e-05 7.365385074103978388e-05 1.463331196246875324e-05 1.507734442068798243e-05
7.450000000000000178e+00 6.760561130809829929e-05 7.010728896806361411e-05 1.379654603712507287e-05 1.421389130943474062e-05
7.474999999999999645e+00 6.436075695585063484e-05 6.673583555253607275e-05 1.300841777871615254e-05 1.340070927826377227e-05
7.500000000000000000e+00 6.127559667950048495e-05 6.353063987213320796e-05 1.226605499374356011e-05 1.263482456681002364e-05
7.525000000000000355e+00 5.834208358864887231e-05 6.048330755447063693e-05 1.156675751834856444e-05 1.191344183009509433e-05
7.549999999999999822e+00 5.555258455203543111e-05 5.758587665086274725e-05 1.090798681140124217e-05 1.123393332592306495e-05
7.575000000000000178e+00 5.289985863424212639e-05 5.483079506006976388e-05 1.028735615797019499e-05 1.059382875368889160e-05
7.599999999999999645e+00 5.037703663901505288e-05 5.221089913675766629e-05 9.702621484666507860e-06 9.990805707275451485e-06
7.625000000000000000e+00 4.797760174075192419e-05 4.971939340992622086e-05 9.151672743793631644e-06 9.422680721575682827e-06
7.650000000000000355e+00 4.569537112616685543e-05 4.734983136729549187e-05 8.632525800620224980e-06 8.887400857052341408e-06
7.674999999999999822e+00 4.352447859702049306e-05 4.509609725792295738e-05 8.143314830655767227e-06 8.383035800306466143e-06
7.700000000000000178e+00 4.145935807917840030e-05 4.295238883528310216e-05 7.682285167323715024e-06 7.907770443914367356e-06
7.724999999999999645e+00 3.949472800471452076e-05 4.091320100886727210e-05 7.247786599019250170e-06 7.459897918562620249e-06
7.750000000000000000e+00 3.762557651380491597e-05 3.897331036617890496e-05 6.838267068730990068e-06 7.037813057924157009e-06
7.775000000000000355e+00 3.584714742893939501e-05 3.712776049856448494e-05 6.452266748442572294e-06 6.640006251570793345e-06
7.799999999999999822e+00 3.415492696696985646e-05 3.537184809850521246e-05 6.088412490256153148e-06 6.265057678670354957e-06
7.825000000000000178e+00 3.254463114961713327e-05 3.370110979286918104e-05 5.745412601195125421e-06 5.911631892593063178e-06
7.849999999999999645e+00 3.101219387873346888e-05 3.211130966676128658e-05 5.422051939897016761e-06 5.578472731973049755e-06
7.875000000000000000e+00 2.955375563568849121e-05 3.059842744487734572e-05 5.117187318850731785e-06 5.264398545516804513e-06
7.900000000000000355e+00 2.816565277043356477e-05 2.915864729288442420e-05 4.829743178934843406e-06 4.968297708716849155e-06
7.924999999999999822e+00 2.684440736018239290e-05 2.778834720752075270e-05 4.558707529264803429e-06 4.689124410559062027e-06
7.950000000000000178e+00 2.558671759989094923e-05 2.648408897032042563e-05 4.303128131940268421e-06 4.425894699087454233e-06
7.974999999999999645e+00 2.438944869319135589e-05 2.524260862610441979e-05 4.062108919678013762e-06 4.177682764216289425e-06
8.000000000000000000e+00 2.324962422391135792e-05 2.406080746090587087e-05 3.834806632853921473e-06 3.943617450689123360e-06
8.025000000000000355e+00 2.216441798054182699e-05 2.293574345428928455e-05 3.620427657502455655e-06 3.722878979436371943e-06
8.050000000000000711e+00 2.113114621149119528e-05 2.186462318415874931e-05 3.418225058558868312e-06 3.514695871842524559e-06
8.074999999999999289e+00 2.014726028395745494e-05 2.084479415724610095e-05 3.227495789205877168e-06 3.318342057648196672e-06
8.099999999999999645e+00 1.921033972771026880e-05 1.987373753613882847e-05 3.047578072717087000e-06 3.133134160391524834e-06
8.125000000000000000e+00 1.831808564607029677e-05 1.894906125410170984e-05 2.877848938243268779e-06 2.958428945237724654e-06
8.150000000000000355e+00 1.746831446966228826e-05 1.806849349139989536e-05 2.717721910399046016e-06 2.793620923473332609e-06
8.175000000000000711e+00 1.665895203694237598e-05 1.722987648905018303e-05 2.566644835522422633e-06 2.638140100587284341e-06
8.199999999999999289e+00 1.588802798561447449e-05 1.643116068956877027e-05 2.424097842811581457e-06 2.491449862490818126e-06
8.224999999999999645e+00 1.515367043710021044e-05 1.567039918557883588e-05 2.289591424005904118e-06 2.353044988765910796e-06
8.250000000000000000e+00 1.445410095795711695e-05 1.494574245689948013e-05 2.162664629979063335e-06 2.222449784464343736e-06
8.275000000000000355e+00 1.378762978447019347e-05 1.425543338473104947e-05 2.042883378988284596e-06 2.099216326292820441e-06
8.300000000000000711e+00 1.315265129615479677e-05 1.359780252370699427e-05 1.929838864616222487e-06 1.982922814908913006e-06
8.324999999999999289e+00 1.254763972603526140e-05 1.297126362304604268e-05 1.823146058153653429e-06 1.873172025235309536e-06
8.349999999999999645e+00 1.197114509308173405e-05 1.237430938168584881e-05 1.722442304482882422e-06 1.769589851013347434e-06
8.375000000000000000e+00 1.142178934667472501e-05 1.180550742202202785e-05 1.627385999032859804e-06 1.671823936933719181e-06
8.400000000000000355e+00 1.089826271212646516e-05 1.126349647582625761e-05 1.537655345383262736e-06 1.579542391911123496e-06
8.425000000000000711e+00 1.039932022523735356e-05 1.074698276814172634e-05 1.452947189275259520e-06 1.492432581583000095e-06
8.449999999999999289e+00 9.923778446712163830e-06 1.025473658837405610e-05 1.372975917942956479e-06 1.410199991612533923e-06
8.474999999999999645e+00 9.470512347098426290e-06 9.785589040023231583e-06 1.297472429768993797e-06 1.332567159315855772e-06
8.500000000000000000e+00 9.038452352680123307e-06 9.338428958905542213e-06 1.226183163700792945e-06 1.259272670552886274e-06
8.525000000000000355e+00 8.626581544510602989e-06 8.912199990929006415e-06 1.158869186290084074e-06 1.190070215199359475e-06
8.550000000000000711e+00 8.233933001978451611e-06 8.505897821490381879e-06 1.095305334480390283e-06 1.124727700308644944e-06
8.574999999999999289e+00 7.859587283379713675e-06 8.118567547867058275e-06 1.035279406746337147e-06 1.063026414836736969e-06
8.599999999999999645e+00 7.502670036779854248e-06 7.749301187505945311e-06 9.785914064215911626e-07 1.004760245062087297e-06
8.625000000000000000e+00 7.162349733473253302e-06 7.397235315020861126e-06 9.250528277505706377e-07 9.497349375242230633e-07
8.650000000000000355e+00 6.837835518296189082e-06 7.061548820690573813e-06 8.744859832566235909e-07 8.977674043195035056e-07
8.675000000000000711e+00 6.528375170424282581e-06 6.741460784710827298e-06 8.267233735429835230e-07 8.486850704116210290e-07
8.699999999999999289e+00 6.233253168683475595e-06 6.436228460554317632e-06 7.816070936834323042e-07 8.023252602436748317e-07
8.724999999999999645e+00 5.951788856286440860e-06 6.145145362062699764e-06 7.389882739255231070e-07 7.585346202985716300e-07
8.750000000000000000e+00 5.683334699330068466e-06 5.867539448766380263e-06 6.987265537371477339e-07 7.171685755707737087e-07
8.775000000000000355e+00 5.427274634498282167e-06 5.602771403985973968e-06 6.606895879444958465e-07 6.780908186339188838e-07
8.800000000000000711e+00 5.183022501187775729e-06 5.350233001302880135e-06 6.247525813489538290e-07 6.411728291893319892e-07
8.824999999999999289e+00 4.950020553575426279e-06 5.109345554527192685e-06 5.907978504561951694e-07 6.062934215319270360e-07
8.849999999999999645e+00 4.727738048620231003e-06 4.879558446751623237e-06 5.587144116403289740e-07 5.733383188968065726e-07
8.875000000000000000e+00 4.515669905876464181e-06 4.660347734518780387e-06 5.283975937597093003e-07 5.421997531143058540e-07
8.900000000000000355e+00 4.313335435497846752e-06 4.451214823105336943e-06 4.997486728539475007e-07 5.127760878622508039e-07
8.925000000000000711e+00 4.120277130806481257e-06 4.251685209201762733e-06 4.726745286029618039e-07 4.849714636860805349e-07
8.949999999999999289e+00 3.936059522087974339e-06 4.061307287445803016e-06 4.470873215919867590e-07 4.586954645088374750e-07
8.974999999999999645e+00 3.760268088550008232e-06 3.879651217629408858e-06 4.229041881316285560e-07 4.338628032640680787e-07
9.000000000000000000e+00 3.592508225246160896e-06 3.706307849341763374e-06 4.000469542962237277e-07 4.103930260127734977e-07
9.025000000000000355e+00 3.432404262242239517e-06 3.540887700977800553e-06 3.784418661608129490e-07 3.882102337969771695e-07
9.050000000000000711e+00 3.279598533260900955e-06 3.383019990455133181e-06 3.580193357004063515e-07 3.672428203569778638e-07
9.074999999999999289e+00 3.133750491266565974e-06 3.232351714867023487e-06 3.387137018693721430e-07 3.474232255429830816e-07
9.099999999999999645e+00 2.994535868640053213e-06 3.088546776526494938e-06 3.204630050496129901e-07 3.286877027710525459e-07
9.125000000000000000e+00 2.861645879530956182e-06 2.951285153137294987e-06 3.032087754409732171e-07 3.109761003483120018e-07
9.150000000000000355e+00 2.734786462239722894e-06 2.820262109629965935e-06 2.868958330598554574e-07 2.942316554730296023e-07
9.175000000000000711e+00 2.613677559650461245e-06 2.695187449613838576e-06 2.714720997144746459e-07 2.784008001161764401e-07
9.199999999999999289e+00 2.498052435683553256e-06 2.575784804452561137e-06 2.568884220915926498e-07 2.634329784329384183e-07
9.224999999999999645e+00 2.387657025938124447e-06 2.461790957927390964e-06 2.430984046462023690e-07 2.492804746660245922e-07
9.250000000000000000e+00 2.282249320784775298e-06 2.352955204727320392e-06 2.300582524820196847e-07 2.358982509655143999e-07
9.275000000000000355e+00 2.181598779240063026e-06 2.249038740996801828e-06 2.177266233130193154e-07 2.232437947652127452e-07
9.300000000000000711e+00 2.085485772055989974e-06 2.149814085346937390e-06 2.060644879167524983e-07 2.112769749014033882e-07
9.324999999999999289e+00 1.993701052505838835e-06 2.055064528708742213e-06 1.950349987416191329e-07 1.999599061522837936e-07
9.349999999999999645e+00 1.906045253500071083e-06 1.964583611585132216e-06 1.846033660089254835e-07 1.892568215238278834e-07
9.375000000000000000e+00 1.822328409656013186e-06 1.878174627338561231e-06 1.747367410757162471e-07 1.791339520056547183e-07
9.400000000000000355e+00 1.742369503048049692e-06 1.795650150112391561e-06 1.654041063001271236e-07 1.695594131563602496e-07
9.425000000000000711e+00 1.665996031473000262e-06 1.716831586171990289e-06 1.565761715602850806e-07 1.605030982946658774e-07
9.449999999999999289e+00 1.593043598061121055e-06 1.641548747530402912e-06 1.482252765476703948e-07 1.519365779052942756e-07
9.474999999999999645e+00 1.523355521134389621e-06 1.569639446596484328e-06 1.403252985932764908e-07 1.438330047101532729e-07
9.500000000000000000e+00 1.456782463341518165e-06 1.500949110914459262e-06 1.328515659221832334e-07 1.361670242396524995e-07
9.525000000000000355e+00 1.393182079030891460e-06 1.435330416887226622e-06 1.257807759278149932e-07 1.289146905802733940e-07
9.550000000000000711e+00 1.332418678997219867e-06 1.372642941558510248e-06 1.190909179610562022e-07 1.220533869557477848e-07
9.574999999999999289e+00 1.274362911685953389e-06 1.312752831557228299e-06 1.127612006076782949e-07 1.155617507636092604e-07
9.599999999999999645e+00 1.218891460045047363e-06 1.255532488286978779e-06 1.067719832563900995e-07 1.094196030429467134e-07
9.625000000000000000e+00 1.165886753237456416e-06 1.200860268596656242e-06 1.011047113302297986e-07 1.036078818807743348e-07
9.650000000000000355e+00 1.115236692461839464e-06 1.148620200120252535e-06 9.574185539689278688e-08 9.810857963651979929e-08
9.675000000000000711e+00 1.066834390178367266e-06 1.098701710560911379e-06 9.066685362739179498e-08 9.290468375373644898e-08
9.699999999999999289e+00 1.020577922065534704e-06 1.050999370217171220e-06 8.586405765208265199e-08 8.798012093474516395e-08
9.724999999999999645e+00 9.763700910724608229e-07 1.005412647086025058e-06 8.131868150980347777e-08 8.331970458153750353e-08
9.750000000000000000e+00 9.341182029628601950e-07 9.618456739163600800e-07 7.701675328673778990e-08 7.890908512700888402e-08
9.775000000000000355e+00 8.937338527727722917e-07 9.202070266102949321e-07 7.294506973010059933e-08 7.473470319743470633e-08
9.800000000000000711e+00 8.551327216448129155e-07 8.804095134101069500e-07 6.909115335530876724e-08 7.078374550954780536e-08
9.824999999999999289e+00 8.182343835194700132e-07 8.423699743334732748e-07 6.544321190648081334e-08 6.704410317873421330e-08
9.849999999999999645e+00 7.829621211911671659e-07 8.060090903416064125e-07 6.199010026738419409e-08 6.350433245200614626e-08
9.875000000000000000e+00 7.492427512681909907e-07 7.712512017615734009e-07 5.872128437598252457e-08 6.015361764709298812e-08
9.900000000000000355e+00 7.170064575918654350e-07 7.380241354998706225e-07 5.562680728855265299e-08 5.698173617301562696e-08
9.925000000000000711e+00 6.861866326988565940e-07 7.062590406118653511e-07 5.269725712686137307e-08 5.397902557757677939e-08
9.949999999999999289e+00 6.567197269254182024e-07 6.758902318142657855e-07 4.992373673937969133e-08 5.113635238105888939e-08
9.974999999999999645e+00 6.285451047783797899e-07 6.468550405443978861e-07 4.729783521533747521e-08 4.844508270242032344e-08
1.000000000000000000e+01 6.016049082157837641e-07 6.190936731976101956e-07 4.481160095460075428e-08 4.589705457116353574e-08
1.002500000000000036e+01 5.758439264929722762e-07 5.925490761849778926e-07 4.245751622779253078e-08 4.348455177595183599e-08
1.005000000000000071e+01 5.512094722536614473e-07 5.671668074768769292e-07 4.022847315849700017e-08 4.120027917498449788e-08
1.007499999999999929e+01 5.276512635587339204e-07 5.428949143124339235e-07 3.811775105080173503e-08 3.903733938070772588e-08
1.009999999999999964e+01 5.051213115609971774e-07 5.196838167713841478e-07 3.611899504306684336e-08 3.698921077518928885e-08
1.012500000000000000e+01 4.835738135490145654e-07 4.974861969216812280e-07 3.422619591807830307e-08 3.504972677010948954e-08
1.015000000000000036e+01 4.629650510980222160e-07 4.762568932682988606e-07 3.243367103830672305e-08 3.321305620537693444e-08
1.017500000000000071e+01 4.432532930770509702e-07 4.559528002440164765e-07 3.073604638815518355e-08 3.147368486741557717e-08
1.019999999999999929e+01 4.243987032752994411e-07 4.365327724948475026e-07 2.912823954478879913e-08 2.982639802446955068e-08
1.022499999999999964e+01 4.063632524231235941e-07 4.179575337266165361e-07 2.760544364754044264e-08 2.826626392060900267e-08
1.025000000000000000e+01 3.891106343932913653e-07 4.001895898893624958e-07 2.616311230269404634e-08 2.678861823550924565e-08
1.027500000000000036e+01 3.726061863794323076e-07 3.831931464895250720e-07 2.479694523806979592e-08 2.538904938800639308e-08
1.030000000000000071e+01 3.568168128574710578e-07 3.669340298277973796e-07 2.350287480678416337e-08 2.406338464015805238e-08
1.032499999999999929e+01 3.417109131469187486e-07 3.513796119712210325e-07 2.227705327557170580e-08 2.280767701353027708e-08
1.034999999999999964e+01 3.272583123979233713e-07 3.364987392797950538e-07 2.111584074128179757e-08 2.161819291328650822e-08
1.037500000000000000e+01 3.134301958379145722e-07 3.222616643140472883e-07 2.001579376483340472e-08 2.049140042530034464e-08
1.040000000000000036e+01 3.001990461204598725e-07 3.086399809607656193e-07 1.897365464865759336e-08 1.942395829246336954e-08
1.042500000000000071e+01 2.875385836257422952e-07 2.956065626198968345e-07 1.798634126901160501e-08 1.841270548493762463e-08
1.044999999999999929e+01 2.754237095715155445e-07 2.831355033059043330e-07 1.705093749713645280e-08 1.745465134999988452e-08
1.047499999999999964e+01 2.638304517978502394e-07 2.712020615225130838e-07 1.616468415530608625e-08 1.654696631395447412e-08
1.050000000000000000e+01 2.527359130977879647e-07 2.597826067764158016e-07 1.532497045142494889e-08 1.568697309827685024e-08
1.052500000000000036e+01 2.421182219719407722e-07 2.488545686043989916e-07 1.452932589783787091e-08 1.487213840966897891e-08
1.055000000000000071e+01 2.319564856896201872e-07 2.383963879922856117e-07 1.377541268245078276e-08 1.410006510509798502e-08
1.057499999999999929e+01 2.222307455464344287e-07 2.283874710700289057e-07 1.306101844668451986e-08 1.336848477587947291e-08
1.059999999999999964e+01 2.129219342134867973e-07 2.188081449751311188e-07 1.238404948507860422e-08 1.267525075516740791e-08
1.062500000000000000e+01 2.040118350776606370e-07 2.096396157798722040e-07 1.174252428155082855e-08 1.201833149825267718e-08
1.065000000000000036e+01 1.954830434780414946e-07 2.008639283835574244e-07 1.113456743473408934e-08 1.139580432749495955e-08
1.067500000000000071e+01 1.873189297479501749e-07 1.924639282757583777e-07 1.055840391373645310e-08 1.080584953482357847e-08
1.069999999999999929e+01 1.795036039768078773e-07 1.844232250816153091e-07 1.001235360309506415e-08 1.024674479491154097e-08
1.072499999999999964e+01 1.720218824096582459e-07 1.767261578042665490e-07 9.494826176472898064e-09 9.716859886465912618e-09
1.075000000000000000e+01 1.648592554064960672e-07 1.693577616829487225e-07 9.004316239795529208e-09 9.214651712470823011e-09
1.077500000000000036e+01 1.580018568875054732e-07 1.623037365905590906e-07 8.539398737477183785e-09 8.738659583250253068e-09
1.080000000000000071e+01 1.514364351936397223e-07 1.555504168972043897e-07 8.098724618215660403e-09 8.287500766314585795e-09
1.082499999999999929e+01 1.451503252955401587e-07 1.490847427304536372e-07 7.681016724140293202e-09 7.859866271134453189e-09
1.084999999999999964e+01 1.391314222868010140e-07 1.428942325658005686e-07 7.285065923588215584e-09 7.454516871319164412e-09
1.087500000000000000e+01 1.333681561010966284e-07 1.369669570843753749e-07 6.909727437424529791e-09 7.070279342257146419e-09
1.090000000000000036e+01 1.278494673953363977e-07 1.312915142382812663e-07 6.553917378930744940e-09 6.706042902543447445e-09
1.092500000000000071e+01 1.225647845437589381e-07 1.258570054662283531e-07 6.216609477608999967e-09 6.360755855235533586e-09
1.094999999999999929e+01 1.175040016907293171e-07 1.206530130052626514e-07 5.896831975417743998e-09 6.033422404599944744e-09
1.097499999999999964e+01 1.126574578124275661e-07 1.156695782470131714e-07 5.593664700423243654e-09 5.723099650584641029e-09
1.100000000000000000e+01 1.080159167399533505e-07 1.108971810892293211e-07 5.306236298045269363e-09 5.428894746054344053e-09
1.102500000000000036e+01 1.035705480987635483e-07 1.063267202358073946e-07 5.033721613300417765e-09 5.149962212153558924e-09
1.105000000000000071e+01 9.931290912146309337e-08 1.019494944007843863e-07 4.775339204992706178e-09 4.885501392650683649e-09
1.107499999999999929e+01 9.523492729306771405e-08 9.775718437391837890e-08 4.530349011836355135e-09 4.634754050538636848e-09
1.109999999999999964e+01 9.132888378976006925e-08 9.374183590745211536e-08 4.298050135805450104e-09 4.397002098488667673e-09
1.112500000000000000e+01 8.758739767406197655e-08 8.989584338562842454e-08 4.077778740083657042e-09 4.171565445507010197e-09
1.115000000000000036e+01 8.400341081111859763e-08 8.621193424037759095e-08 3.868906072043425730e-09 3.957799963314700846e-09
1.117500000000000071e+01 8.057017347250789816e-08 8.268315407831770135e-08 3.670836589376538691e-09 3.755095565240477101e-09
1.119999999999999929e+01 7.728123059551453671e-08 7.930285248592563414e-08 3.483006186315025490e-09 3.562874387482214040e-09
1.122499999999999964e+01 7.413040866735268237e-08 7.606466948122746560e-08 3.304880511974897707e-09 3.380589067254024237e-09
1.125000000000000000e+01 7.111180320535696581e-08 7.296252258194829815e-08 3.135953385786002109e-09 3.207721113220209518e-09
1.127500000000000036e+01 6.821976680543859658e-08 6.999059446146829187e-08 2.975745299184554534e-09 3.043779368936685269e-09
1.130000000000000071e+01 6.544889773246326043e-08 6.714332116527425404e-08 2.823801989324503304e-09 2.888298554133815669e-09
1.132499999999999929e+01 6.279402902744321797e-08 6.441538086191313251e-08 2.679693099123713845e-09 2.740837886225689975e-09
1.134999999999999964e+01 6.025021810764487458e-08 6.180168310367488852e-08 2.543010905009558164e-09 2.600979777535894405e-09
1.137500000000000000e+01 5.781273683682680721e-08 5.929735857341785951e-08 2.413369113495381832e-09 2.468328600908474541e-09
1.140000000000000036e+01 5.547706204388506251e-08 5.689774929505823658e-08 2.290401723263077467e-09 2.342509522938917235e-09
1.142500000000000071e+01 5.323886646924566630e-08 5.459839928629425269e-08 2.173761947336497814e-09 2.223167398878055111e-09
1.144999999999999929e+01 5.109401011930930621e-08 5.239504563319544782e-08 2.063121194443526913e-09 2.109965727959344713e-09
1.147499999999999964e+01 4.903853201013055007e-08 5.028360996718360459e-08 1.958168102490208504e-09 2.002585663547381749e-09
1.150000000000000000e+01 4.706864228247154612e-08 4.826019032588513113e-08 1.858607627493720132e-09 1.900725077197791583e-09
1.152500000000000036e+01 4.518071467116746774e-08 4.632105338022307322e-08 1.764160179056234496e-09 1.804097673517907293e-09
1.155000000000000071e+01 4.337127931254149713e-08 4.446262701089686319e-08 1.674560802527901074e-09 1.712432151384941378e-09
1.157499999999999929e+01 4.163701587438499011e-08 4.268149321822946115e-08 1.589558404216830636e-09 1.625471410595623443e-09
1.159999999999999964e+01 3.997474699374099665e-08 4.097438135009909802e-08 1.508915019511833924e-09 1.542971800188834015e-09
1.162500000000000000e+01 3.838143200841084206e-08 3.933816163339359549e-08 1.432405119939103785e-09 1.464702408865197433e-09
1.165000000000000036e+01 3.685416096875995785e-08 3.776983899509086010e-08 1.359814954865238970e-09 1.390444390884130676e-09
1.167500000000000071e+01 3.539014891704150623e-08 3.626654715973765637e-08 1.290941932078091531e-09 1.319990329802828608e-09
1.169999999999999929e+01 3.398673042203896212e-08 3.482554301070975906e-08 1.225594027976537206e-09 1.253143635294992704e-09
1.172499999999999964e+01 3.264135435740145054e-08 3.344420120322173235e-08 1.163589231108003254e-09 1.189717972166707132e-09
1.175000000000000000e+01 3.135157891258309947e-08 3.212000901761916408e-08 1.104755015447183188e-09 1.129536720212946563e-09
1.177500000000000036e+01 3.011506682581828235e-08 3.085056144201851717e-08 1.048927841149653366e-09 1.072432463012043562e-09
1.180000000000000071e+01 2.892958082905120551e-08 2.963355647386544868e-08 9.959526811181066566e-10 1.018246503152116889e-09
1.182499999999999929e+01 2.779297929520741593e-08 2.846679063047553952e-08 9.456825738936798239e-10 9.668284035491511463e-10
1.184999999999999964e+01 2.670321207863632102e-08 2.734815465906598052e-08 8.979781997576331647e-10 9.180355532600821561e-10
1.187500000000000000e+01 2.565831653999012662e-08 2.627562943724698096e-08 8.527074800915518211e-10 8.717327564831067317e-10
1.190000000000000036e+01 2.465641374719107126e-08 2.524728205534479686e-08 8.097451968283310797e-10 8.277918434180582733e-10
1.192500000000000071e+01 2.369570484453722837e-08 2.426126207233210602e-08 7.689726325323109924e-10 7.860913011050702048e-10
1.194999999999999929e+01 2.277446758235885091e-08 2.331579793752164239e-08 7.302772304488705428e-10 7.465159248031740964e-10
1.197499999999999964e+01 2.189105299998790427e-08 2.240919357054077761e-08 6.935522709641894621e-10 7.089564871907546168e-10
1.200000000000000000e+01 2.104388225513605316e-08 2.153982509244834242e-08 6.586965662864076221e-10 6.733094251556050262e-10
1.202500000000000036e+01 2.023144359309558308e-08 2.070613770118802606e-08 6.256141709439874478e-10 6.394765432940472752e-10
1.205000000000000071e+01 1.945228944947633664e-08 1.990664268487715096e-08 5.942141076712555499e-10 6.073647330671643471e-10
1.207499999999999929e+01 1.870503368048698825e-08 1.913991456673954128e-08 5.644101076673075475e-10 5.768857067859111247e-10
1.209999999999999964e+01 1.798834891503588274e-08 1.840458837576839529e-08 5.361203649789027357e-10 5.479557457380457040e-10
1.212500000000000000e+01 1.730096402319302171e-08 1.769935703747299551e-08 5.092673032123425786e-10 5.204954616554706315e-10
1.215000000000000036e+01 1.664166169580506677e-08 1.702296887933123272e-08 4.837773544352905816e-10 4.944295702600840567e-10
1.217500000000000071e+01 1.600927613029283795e-08 1.637422524581045072e-08 4.595807509427441655e-10 4.696866773384165684e-10
1.219999999999999929e+01 1.540269081788538826e-08 1.575197821805343594e-08 4.366113267413689037e-10 4.461990760573546139e-10
1.222499999999999964e+01 1.482083642776420307e-08 1.515512843355268262e-08 4.148063296592327374e-10 4.239025544508441095e-10
1.225000000000000000e+01 1.426268878379515308e-08 1.458262300134786224e-08 3.941062440374720829e-10 4.027362134933036354e-10
1.227500000000000036e+01 1.372726692972437646e-08 1.403345350848599591e-08 3.744546221615619470e-10 3.826422946828352458e-10
1.230000000000000071e+01 1.321363127890059292e-08 1.350665411367728124e-08 3.557979247227312424e-10 3.635660166162156859e-10
1.232499999999999929e+01 1.272088184476584571e-08 1.300129972426487806e-08 3.380853696251723806e-10 3.454554201659964673e-10
1.234999999999999964e+01 1.224815654852658552e-08 1.251650425280298635e-08 3.212687887406239332e-10 3.282612217847405728e-10
1.237500000000000000e+01 1.179462960058060646e-08 1.205141894970607317e-08 3.053024921608571470e-10 3.119366745057782836e-10
1.240000000000000036e+01 1.135950995243013151e-08 1.160523080859274837e-08 2.901431396175327479e-10 2.964374362469229828e-10
1.242500000000000071e+01 1.094203981595943324e-08 1.117716104110081773e-08 2.757496184180538021e-10 2.817214449675720494e-10
1.244999999999999929e+01 1.054149324709542886e-08 1.076646361809531785e-08 2.620829281391434355e-10 2.677488003553385010e-10
1.247499999999999964e+01 1.015717479100643316e-08 1.037242387433116413e-08 2.491060712153364586e-10 2.544816519227085862e-10
1.250000000000000000e+01 9.788418186121678495e-09 9.994357173765397510e-09 2.367839489586566927e-10 2.418840926471103268e-10
1.252500000000000036e+01 9.434585124375584811e-09 9.631607632839388427e-09 2.250832635274640377e-10 2.299220583848435617e-10
1.255000000000000071e+01 9.095064065199651658e-09 9.283546899173006438e-09 2.139724246595184588e-10 2.185632325181892567e-10
1.257499999999999929e+01 8.769269100895368808e-09 8.949572983228195363e-09 2.034214614048996532e-10 2.077769555470973464e-10
1.259999999999999964e+01 8.456638871127924045e-09 8.629109140608848036e-09 1.934019383237841277e-10 1.975341393839382660e-10
1.262500000000000000e+01 8.156635524382483090e-09 8.321602802769436209e-09 1.838868761776204192e-10 1.878071860794432658e-10
1.265000000000000036e+01 7.868743724321090489e-09 8.026524554004283234e-09 1.748506768692334910e-10 1.785699109243859894e-10
1.267500000000000071e+01 7.592469699071552888e-09 7.743367152685710518e-09 1.662690521318721643e-10 1.697974695148175197e-10
1.269999999999999929e+01 7.327340331567149580e-09 7.471644594809908059e-09 1.581189558734543531e-10 1.614662885627531385e-10
1.272499999999999964e+01 7.072902289140670511e-09 7.210891217996586507e-09 1.503785202324940009e-10 1.535540003078387653e-10
1.275000000000000000e+01 6.828721190656533352e-09 6.960660844171710729e-09 1.430269949104238617e-10 1.460393804711539324e-10
1.277500000000000036e+01 6.594380809541357116e-09 6.720525959241350834e-09 1.360446893828887371e-10 1.389022892331968225e-10
1.280000000000000071e+01 6.369482311147045941e-09 6.490076928141088344e-09 1.294129185852122016e-10 1.321236153962403524e-10
1.282499999999999929e+01 6.153643522949770138e-09 6.268921243717085432e-09 1.231139511496313779e-10 1.256852235404853662e-10
1.284999999999999964e+01 5.946498236155209203e-09 6.056682807963917796e-09 1.171309602595341973e-10 1.195699037495712020e-10
1.287500000000000000e+01 5.747695537344322063e-09 5.853001244210325428e-09 1.114479772236155887e-10 1.137613240398228836e-10
1.290000000000000036e+01 5.556899168854547104e-09 5.657531238906596835e-09 1.060498473561425938e-10 1.082439852226033750e-10
1.292500000000000071e+01 5.373786916649396817e-09 5.469941911727586420e-09 1.009221882611582597e-10 1.030031781649891661e-10
1.294999999999999929e+01 5.198050024484884298e-09 5.289916212762147289e-09 9.605135017390637228e-11 9.802494324428674429e-11
1.297499999999999964e+01 5.029392633234309769e-09 5.117150345615051428e-09 9.142437833549091127e-11 9.329603187347544930e-11
1.300000000000000000e+01 4.867531244283388316e-09 4.951353215299120731e-09 8.702897737239736416e-11 8.880387000693157091e-11
1.302500000000000036e+01 4.712194205955932987e-09 4.792245899845530437e-09 8.285347752870594390e-11 8.453652358812435798e-11
1.305000000000000071e+01 4.563121221976468160e-09 4.639561144607704307e-09 7.888680260046001032e-11 8.048266574307797692e-11
1.307499999999999929e+01 4.420062881020327848e-09 4.493042878279515646e-09 7.511843962080127780e-11 7.663154571960342614e-11
1.309999999999999964e+01 4.282780206443730801e-09 4.352445749692442346e-09 7.153840998002234008e-11 7.297295940213434908e-11
1.312500000000000000e+01 4.151044225326387966e-09 4.217534684497247997e-09 6.813724211470621568e-11 6.949722132563202754e-11
1.315000000000000036e+01 4.024635555997936355e-09 4.088084460875618061e-09 6.490594560859559321e-11 6.619513817961541938e-11
1.317500000000000071e+01 3.903344013255852955e-09 3.963879303465184852e-09 6.183598659703421479e-11 6.305798364649102628e-11
1.319999999999999929e+01 3.786968230517569781e-09 3.844712494717195326e-09 5.891926451245894317e-11 6.007747457713928404e-11
1.322499999999999964e+01 3.675315298183110019e-09 3.730386002940801556e-09 5.614808992684264465e-11 5.724574837194188255e-11
1.325000000000000000e+01 3.568200417516567178e-09 3.620710126321019473e-09 5.351516359670418892e-11 5.455534150920350161e-11
1.327500000000000036e+01 3.465446569385107106e-09 3.515503152228789647e-09 5.101355658734074211e-11 5.199916921484017595e-11
1.330000000000000071e+01 3.366884197223492953e-09 3.414591031171779641e-09 4.863669140314752162e-11 4.957050615540215460e-11
1.332499999999999929e+01 3.272350903620055090e-09 3.317807064763244569e-09 4.637832411003135921e-11 4.726296814746064220e-11
1.334999999999999964e+01 3.181691159946678075e-09 3.224991607113898169e-09 4.423252735820276767e-11 4.507049478887377501e-11
1.337500000000000000e+01 3.094756028480884530e-09 3.135991779078110219e-09 4.219367429818034800e-11 4.298733300350781133e-11
1.340000000000000036e+01 3.011402896492357835e-09 3.050661194810580125e-09 4.025642330592319977e-11 4.100802141477805742e-11
1.342500000000000071e+01 2.931495221789636549e-09 2.968859700113919242e-09 3.841570351146386337e-11 3.912737554073578746e-11
1.344999999999999929e+01 2.854902289244993999e-09 2.890453122080465454e-09 3.666670105487838315e-11 3.734047373426738106e-11
1.347499999999999964e+01 2.781498977836725380e-09 2.815313029553580472e-09 3.500484606545539756e-11 3.564264386241626400e-11
1.350000000000000178e+01 2.711165537768435288e-09 2.743316503954671218e-09 3.342580029358080398e-11 3.402945065532959147e-11
1.352500000000000213e+01 2.643787377244402823e-09 2.674345920042258171e-09 3.192544539790366665e-11 3.249668372140745297e-11
1.355000000000000249e+01 2.579254858498667498e-09 2.608288736188537096e-09 3.049987179879868334e-11 3.104034615955739798e-11
1.357499999999999929e+01 2.517463102693337573e-09 2.545037293777311434e-09 2.914536815125789693e-11 2.965664376781575836e-11
1.359999999999999964e+01 2.458311803318590009e-09 2.484488625344710507e-09 2.785841134935991105e-11 2.834197482157758001e-11
1.362500000000000000e+01 2.401705047743134113e-09 2.426544271100818964e-09 2.663565701414984355e-11 2.709292036165178994e-11
1.365000000000000213e+01 2.347551146579459874e-09 2.371110103486447297e-09 2.547393047578230460e-11 2.590623496904954339e-11
1.367500000000000249e+01 2.295762470543143729e-09 2.318096159434642673e-09 2.437021824994329666e-11 2.477883802874530371e-11
1.369999999999999929e+01 2.246255294499685892e-09 2.267416480021204411e-09 2.332165993439850141e-11 2.370780545094478519e-11
1.372499999999999964e+01 2.198949648406024648e-09 2.218988957202527204e-09 2.232554050474995511e-11 2.269036179948163573e-11
1.375000000000000000e+01 2.153769174866938738e-09 2.172735187352577805e-09 2.137928304074610057e-11 2.172387283489707953e-11
1.377500000000000213e+01 2.110640993039015795e-09 2.128580331323653720e-09 2.048044180740016754e-11 2.080583844840410086e-11
1.380000000000000249e+01 2.069495568626845289e-09 2.086452980767912300e-09 1.962669569043732997e-11 1.993388594652468636e-11
1.382499999999999929e+01 2.030266589727562450e-09 2.046285030468469977e-09 1.881584197968304493e-11 1.910576369170195642e-11
1.384999999999999964e+01 1.992890848290799175e-09 2.008011556440133416e-09 1.804579045243711304e-11 1.831933505911193097e-11
1.387500000000000000e+01 1.957308126971647399e-09 1.971570699570696015e-09 1.731455778927642774e-11 1.757257271206208265e-11
1.390000000000000213e+01 1.923461091164256702e-09 1.936903554584041080e-09 1.662026226529489688e-11 1.686355317952088838e-11
1.392500000000000249e+01 1.891295186013358939e-09 1.903954064116245651e-09 1.596111870343387088e-11 1.619045170040499873e-11
1.394999999999999929e+01 1.860758538210224969e-09 1.872668917705395660e-09 1.533543371208537646e-11 1.555153734150997761e-11
1.397499999999999964e+01 1.831801862388423671e-09 1.842997455504900582e-09 1.474160115620163879e-11 1.494516837322219589e-11
1.400000000000000000e+01 1.804378371943227900e-09 1.814891576538878965e-09 1.417809786346277514e-11 1.436978787630722879e-11
1.402500000000000213e+01 1.778443694106636182e-09 1.788305651326492741e-09 1.364347955151896178e-11 1.382391958162091406e-11
1.405000000000000249e+01 1.753955789117826841e-09 1.763196438710227867e-09 1.313637696695221369e-11 1.330616391740707991e-11
1.407499999999999929e+01 1.730874873336250837e-09 1.739523006730716461e-09 1.265549223993240932e-11 1.281519427790056505e-11
1.409999999999999964e+01 1.709163346151831871e-09 1.717246657398135695e-09 1.219959541254171205e-11 1.234975347793385004e-11
1.412500000000000000e+01 1.688785720553605801e-09 1.696330855217332253e-09 1.176752115858442767e-11 1.190865039698928914e-11
1.415000000000000213e+01 1.669708557224693046e-09 1.676741159330534544e-09 1.135816566421376049e-11 1.149075679327971285e-11
1.417500000000000249e+01 1.651900402037942221e-09 1.658445159148155906e-09 1.097048368341915012e-11 1.109500428843937620e-11
1.419999999999999929e+01 1.635331726832584639e-09 1.641412413344371044e-09 1.060348574534755986e-11 1.072038151311594549e-11
1.422499999999999964e+01 1.619974873358155924e-09 1.625614392100214933e-09 1.025623551551181768e-11 1.036593140528599677e-11
1.425000000000000000e+01 1.605804000277576802e-09 1.611024422482774056e-09 9.927847293062455192e-12 1.003074865457347098e-11
1.427500000000000036e+01 1.592795033126648942e-09 1.597617636854533785e-09 9.617483641134003159e-12 9.713977278071829531e-12
1.430000000000000249e+01 1.580925617132495449e-09 1.585370924212364164e-09 9.324353144469958885e-12 9.414808329879409782e-12
1.432499999999999929e+01 1.570175072798440117e-09 1.574262884360759816e-09 9.047708287191388372e-12 9.132477728697148146e-12
1.434999999999999964e+01 1.560524354167677392e-09 1.564273784828895854e-09 8.786843456907108082e-12 8.866264214526026071e-12
1.437500000000000000e+01 1.551956009682724014e-09 1.555385520445864248e-09 8.541093044806635032e-12 8.615487410510018922e-12
1.440000000000000036e+01 1.544454145562116722e-09 1.547581575493036487e-09 8.309829658226936570e-12 8.379505992599979454e-12
1.442500000000000249e+01 1.538004391620167209e-09 1.540846988356960542e-09 8.092462434764899664e-12 8.157715964251080157e-12
1.444999999999999929e+01 1.532593869459714008e-09 1.535168318610443015e-09 7.888435450191456424e-12 7.949549030008841577e-12
1.447499999999999964e+01 1.528211162971894129e-09 1.530533616453656977e-09 7.697226211986869477e-12 7.754471056424881430e-12
1.450000000000000000e+01 1.524846291080792719e-09 1.526932394451055688e-09 7.518344245211894994e-12 7.571980623945389723e-12
1.452500000000000036e+01 1.522490682674613767e-09 1.524355601503753081e-09 7.351329759535955596e-12 7.401607664412136499e-12
1.455000000000000249e+01 1.521137153668660481e-09 1.522795599000768713e-09 7.195752398868606432e-12 7.242912180605466894e-12
1.457499999999999929e+01 1.520779886148915820e-09 1.522246139096137223e-09 7.051210062730884605e-12 7.095483043671671806e-12
1.459999999999999964e+01 1.521414409548437163e-09 1.522702345062376167e-09 6.917327798654315996e-12 6.958936858937699071e-12
1.462500000000000000e+01 1.523037583812093202e-09 1.524160693674222968e-09 6.793756772028043941e-12 6.832916911119613034e-12
1.465000000000000036e+01 1.525647584508361993e-09 1.526618999579794874e-09 6.680173293006887961e-12 6.717092171566948074e-12
1.467500000000000249e+01 1.529243889850068286e-09 1.530076401619600246e-09 6.576277913782631924e-12 6.611156372384879602e-12
1.469999999999999929e+01 1.533827269588914091e-09 1.534533351056832117e-09 6.481794584550398955e-12 6.514827145002423529e-12
1.472499999999999964e+01 1.539399775751670199e-09 1.539991601685497820e-09 6.396469863973707108e-12 6.427845212334751672e-12
1.475000000000000000e+01 1.545964735188739046e-09 1.546454201785829243e-09 6.320072195251741154e-12 6.349973645968216216e-12
1.477500000000000036e+01 1.553526743908616852e-09 1.553925487899302041e-09 6.252391233630039226e-12 6.280997179755923783e-12
1.480000000000000249e+01 1.562091663174520132e-09 1.562411080398396899e-09 6.193237222463701458e-12 6.220721571615842831e-12
1.482499999999999929e+01 1.571666617342120058e-09 1.571917880828974305e-09 6.142440422737398563e-12 6.168973019019722315e-12
1.484999999999999964e+01 1.582259993419970830e-09 1.582454071005824105e-09 6.099850591753626091e-12 6.125597625452431356e-12
1.487500000000000000e+01 1.593881442336766707e-09 1.594029113844573661e-09 6.065336509272657591e-12 6.090460915238037300e-12
1.490000000000000036e+01 1.606541881902087360e-09 1.606653755915699182e-09 6.038785549857670223e-12 6.063447395567965562e-12
1.492500000000000071e+01 1.620253501449807879e-09 1.620340031708959012e-09 6.020103299679041454e-12 6.044460164008489830e-12
1.494999999999999929e+01 1.635029768155720482e-09 1.635101269598999528e-09 6.009213218163752340e-12 6.033420561593045608e-12
1.497499999999999964e+01 1.650885435023397327e-09 1.650952099505394403e-09 6.006056341971483798e-12 6.030267869619480413e-12
