# col1: r[fm],  col2: chargedensity, col3: weak density [fm^-3](normailized to Q=1)
2.101448349307773875e-07 8.420629969849820207e-02 -8.474312641518574885e-02
2.500000000000000139e-02 8.420022327405685125e-02 -8.473742722166788255e-02
5.000000000000000278e-02 8.418201343772382939e-02 -8.472034944373953158e-02
7.499999999999999722e-02 8.415172838813887723e-02 -8.469195238435249518e-02
1.000000000000000056e-01 8.410946475275929424e-02 -8.465233453560191967e-02
1.250000000000000000e-01 8.405535704673344766e-02 -8.460163307179593972e-02
1.499999999999999944e-01 8.398957694263141371e-02 -8.454002316328541877e-02
1.749999999999999889e-01 8.391233237551999624e-02 -8.446771713217814115e-02
2.000000000000000111e-01 8.382386651113955811e-02 -8.438496347391520602e-02
2.250000000000000056e-01 8.372445660591515404e-02 -8.429204576957920192e-02
2.500000000000000000e-01 8.361441278619716200e-02 -8.418928151271662386e-02
2.750000000000000222e-01 8.349407677067197109e-02 -8.407702087155534409e-02
2.999999999999999889e-01 8.336382055469949981e-02 -8.395564540311151180e-02
3.250000000000000111e-01 8.322404506896233234e-02 -8.382556673026603233e-02
3.499999999999999778e-01 8.307517881787805647e-02 -8.368722518698631929e-02
3.750000000000000000e-01 8.291767649640983950e-02 -8.354108843104859905e-02
4.000000000000000222e-01 8.275201757782854606e-02 -8.338765001841068336e-02
4.249999999999999889e-01 8.257870486018713263e-02 -8.322742792926954292e-02
4.500000000000000111e-01 8.239826295615064466e-02 -8.306096303314400298e-02
4.749999999999999778e-01 8.221123670961331953e-02 -8.288881747925536114e-02
5.000000000000000000e-01 8.201818952325537482e-02 -8.271157299906201077e-02
5.250000000000000222e-01 8.181970158369707147e-02 -8.252982910992132104e-02
5.500000000000000444e-01 8.161636797487958894e-02 -8.234420121223615108e-02
5.749999999999999556e-01 8.140879667530503960e-02 -8.215531857672739302e-02
5.999999999999999778e-01 8.119760644029130892e-02 -8.196382222322670663e-02
6.250000000000000000e-01 8.098342457591006793e-02 -8.177036269715164118e-02
6.500000000000000222e-01 8.076688461628418747e-02 -8.157559775418961323e-02
6.750000000000000444e-01 8.054862392001348181e-02 -8.138018996731972987e-02
6.999999999999999556e-01 8.032928120437890507e-02 -8.118480427289004320e-02
7.249999999999999778e-01 8.010949403749723086e-02 -8.099010547390488035e-02
7.500000000000000000e-01 7.988989630875602266e-02 -8.079675571895368613e-02
7.750000000000000222e-01 7.967111569678721195e-02 -8.060541197443366057e-02
8.000000000000000444e-01 7.945377115218428543e-02 -8.041672350608816688e-02
8.249999999999999556e-01 7.923847040946675746e-02 -8.023132938367638634e-02
8.499999999999999778e-01 7.902580753980566197e-02 -8.004985602011220613e-02
8.750000000000000000e-01 7.881636055311877498e-02 -7.987291475396941787e-02
9.000000000000000222e-01 7.861068905563731168e-02 -7.970109948212109052e-02
9.250000000000001554e-01 7.840933196718713472e-02 -7.953498434766814729e-02
9.499999999999999556e-01 7.821280530136227871e-02 -7.937512148735059725e-02
9.749999999999999778e-01 7.802160001154190283e-02 -7.922203884236220239e-02
1.000000000000000000e+00 7.783617990624719374e-02 -7.907623803685819019e-02
1.024999999999999911e+00 7.765697963850543006e-02 -7.893819232933516061e-02
1.050000000000000044e+00 7.748440277546325694e-02 -7.880834464329287969e-02
1.074999999999999956e+00 7.731881995622191805e-02 -7.868710568495043689e-02
1.100000000000000089e+00 7.716056714749344736e-02 -7.857485215706867809e-02
1.125000000000000000e+00 7.700994400796928874e-02 -7.847192507893373248e-02
1.149999999999999911e+00 7.686721237307417298e-02 -7.837862822313229616e-02
1.175000000000000044e+00 7.673259487193284656e-02 -7.829522667980029493e-02
1.199999999999999956e+00 7.660627368787877034e-02 -7.822194555852637898e-02
1.225000000000000089e+00 7.648838947271775768e-02 -7.815896883706886789e-02
1.250000000000000000e+00 7.637904042334091315e-02 -7.810643836459396638e-02
1.274999999999999911e+00 7.627828152731210010e-02 -7.806445302538995989e-02
1.300000000000000044e+00 7.618612398192176061e-02 -7.803306806711238219e-02
1.324999999999999956e+00 7.610253478908880764e-02 -7.801229459572738001e-02
1.350000000000000089e+00 7.602743652657058260e-02 -7.800209923758454067e-02
1.375000000000000000e+00 7.596070729433918034e-02 -7.800240396757826544e-02
1.399999999999999911e+00 7.590218083377821279e-02 -7.801308610121980569e-02
1.425000000000000044e+00 7.585164681657126373e-02 -7.803397844765790070e-02
1.449999999999999956e+00 7.580885129975617476e-02 -7.806486962023631571e-02
1.475000000000000089e+00 7.577349734333328757e-02 -7.810550450099618125e-02
1.500000000000000000e+00 7.574524578692401477e-02 -7.815558485552717705e-02
1.524999999999999911e+00 7.572371618215496814e-02 -7.821477009464486430e-02
1.550000000000000044e+00 7.570848787756297160e-02 -7.828267817941168827e-02
1.574999999999999956e+00 7.569910125277068413e-02 -7.835888666593965324e-02
1.600000000000000089e+00 7.569505909839589763e-02 -7.844293388615007634e-02
1.625000000000000000e+00 7.569582813759254125e-02 -7.853432026018591916e-02
1.649999999999999911e+00 7.570084068428546697e-02 -7.863250973548263634e-02
1.675000000000000044e+00 7.570949643210220237e-02 -7.873693134664028204e-02
1.699999999999999956e+00 7.572116436680027818e-02 -7.884698088926707371e-02
1.725000000000000311e+00 7.573518479374492796e-02 -7.896202269996872858e-02
1.750000000000000000e+00 7.575087147080847294e-02 -7.908139153372152619e-02
1.774999999999999911e+00 7.576751383605045964e-02 -7.920439452908162314e-02
1.800000000000000044e+00 7.578437931877124445e-02 -7.933031325110836973e-02
1.824999999999999956e+00 7.580071572206933950e-02 -7.945840580156669775e-02
1.850000000000000311e+00 7.581575366489386181e-02 -7.958790898593445795e-02
1.875000000000000000e+00 7.582870907175037756e-02 -7.971804052696475351e-02
1.899999999999999911e+00 7.583878569864851982e-02 -7.984800131499990294e-02
1.925000000000000044e+00 7.584517768450227404e-02 -7.997697768584616229e-02
1.949999999999999956e+00 7.584707211792093839e-02 -8.010414371772273112e-02
1.975000000000000089e+00 7.584365161008194134e-02 -8.022866353952358420e-02
2.000000000000000000e+00 7.583409686506997760e-02 -8.034969364330958597e-02
2.024999999999999911e+00 7.581758923964396213e-02 -8.046638519452577187e-02
2.049999999999999822e+00 7.579331328481717089e-02 -8.057788633388544841e-02
2.075000000000000178e+00 7.576045926189624302e-02 -8.068334446516628455e-02
2.100000000000000089e+00 7.571822562573818360e-02 -8.078190852333566596e-02
2.125000000000000000e+00 7.566582146799263886e-02 -8.087273121749502525e-02
2.149999999999999911e+00 7.560246891305066885e-02 -8.095497124314801618e-02
2.174999999999999822e+00 7.552740545938631256e-02 -8.102779545830512964e-02
2.200000000000000178e+00 7.543988625900931166e-02 -8.109038101798719811e-02
2.225000000000000089e+00 7.533918632789821102e-02 -8.114191746181996512e-02
2.250000000000000000e+00 7.522460268058231425e-02 -8.118160874965095475e-02
2.274999999999999911e+00 7.509545638249998101e-02 -8.120867524047251096e-02
2.299999999999999822e+00 7.495109451436804404e-02 -8.122235561039924112e-02
2.325000000000000178e+00 7.479089204352071252e-02 -8.122190870598934576e-02
2.350000000000000089e+00 7.461425359796833301e-02 -8.120661532978791508e-02
2.375000000000000000e+00 7.442061513973236009e-02 -8.117577995555522175e-02
2.399999999999999911e+00 7.420944553477261396e-02 -8.112873237117855518e-02
2.424999999999999822e+00 7.398024801748716295e-02 -8.106482924771220289e-02
2.450000000000000178e+00 7.373256154829282982e-02 -8.098345563331259267e-02
2.475000000000000089e+00 7.346596206316573230e-02 -8.088402637102042048e-02
2.500000000000000000e+00 7.318006361423018413e-02 -8.076598743938480374e-02
2.524999999999999911e+00 7.287451940055166000e-02 -8.062881721484300990e-02
2.549999999999999822e+00 7.254902268824417466e-02 -8.047202765459168794e-02
2.575000000000000178e+00 7.220330761889005855e-02 -8.029516539844859524e-02
2.600000000000000089e+00 7.183714990514185328e-02 -8.009781278795176374e-02
2.625000000000000000e+00 7.145036741227578370e-02 -7.987958880071870105e-02
2.649999999999999911e+00 7.104282062444261525e-02 -7.964014989792519983e-02
2.674999999999999822e+00 7.061441299443552144e-02 -7.937919078269164985e-02
2.700000000000000178e+00 7.016509117598822287e-02 -7.909644506719637480e-02
2.725000000000000089e+00 6.969484513792241487e-02 -7.879168584647043561e-02
2.750000000000000000e+00 6.920370815986771895e-02 -7.846472617705664565e-02
2.774999999999999911e+00 6.869175670975143089e-02 -7.811541945901392947e-02
2.799999999999999822e+00 6.815911020376180796e-02 -7.774365972008887016e-02
2.825000000000000178e+00 6.760593064999335933e-02 -7.734938180122861995e-02
2.850000000000000089e+00 6.703242217744681541e-02 -7.693256144294825793e-02
2.875000000000000000e+00 6.643883045245931041e-02 -7.649321527236584151e-02
2.899999999999999911e+00 6.582544198496202703e-02 -7.603140069097207021e-02
2.924999999999999822e+00 6.519258332720444249e-02 -7.554721566340280581e-02
2.950000000000000178e+00 6.454062016775588551e-02 -7.504079840764382725e-02
2.975000000000000089e+00 6.386995632371761378e-02 -7.451232698723300740e-02
3.000000000000000000e+00 6.318103263418020643e-02 -7.396201880615781155e-02
3.024999999999999911e+00 6.247432575807627259e-02 -7.339013000730552905e-02
3.049999999999999822e+00 6.175034687973137565e-02 -7.279695477552645955e-02
3.075000000000000178e+00 6.100964032563657019e-02 -7.218282454664191883e-02
3.100000000000000089e+00 6.025278209626369619e-02 -7.154810712407538853e-02
3.125000000000000000e+00 5.948037831712479906e-02 -7.089320570520907250e-02
3.149999999999999911e+00 5.869306361372857855e-02 -7.021855782006074242e-02
3.174999999999999822e+00 5.789149941559190715e-02 -6.952463418541807161e-02
3.200000000000000178e+00 5.707637219499057252e-02 -6.881193747813359185e-02
3.225000000000000089e+00 5.624839164665234453e-02 -6.808100103184808183e-02
3.250000000000000000e+00 5.540828881506804776e-02 -6.733238746193581648e-02
3.274999999999999911e+00 5.455681417649695802e-02 -6.656668722393524473e-02
3.299999999999999822e+00 5.369473568304351102e-02 -6.578451711111113487e-02
3.325000000000000178e+00 5.282283677637340802e-02 -6.498651869708699236e-02
3.350000000000000089e+00 5.194191437871188005e-02 -6.417335672967525162e-02
3.375000000000000444e+00 5.105277686873540416e-02 -6.334571748213121967e-02
3.399999999999999911e+00 5.015624204984536066e-02 -6.250430706807169612e-02
3.424999999999999822e+00 4.925313511812020456e-02 -6.164984972624899806e-02
3.450000000000000622e+00 4.834428663700959805e-02 -6.078308608128282775e-02
3.475000000000000533e+00 4.743053052558188210e-02 -5.990477138633464038e-02
3.500000000000000000e+00 4.651270206688754016e-02 -5.901567375359236672e-02
3.524999999999999911e+00 4.559163594277203246e-02 -5.811657237832017903e-02
3.549999999999999822e+00 4.466816430126487047e-02 -5.720825576212826974e-02
3.575000000000000622e+00 4.374311486248804587e-02 -5.629151994102960660e-02
3.600000000000000089e+00 4.281730906885761884e-02 -5.536716672376737480e-02
3.625000000000000000e+00 4.189156028517822955e-02 -5.443600194580457130e-02
3.649999999999999911e+00 4.096667205403877604e-02 -5.349883374425505600e-02
3.674999999999999822e+00 4.004343641168427170e-02 -5.255647085888452696e-02
3.700000000000000622e+00 3.912263226925413034e-02 -5.160972096411250987e-02
3.725000000000000089e+00 3.820502386392847505e-02 -5.065938903669355703e-02
3.750000000000000000e+00 3.729135928410783757e-02 -4.970627576344455872e-02
3.774999999999999911e+00 3.638236907227802158e-02 -4.875117599302515592e-02
3.799999999999999822e+00 3.547876490868659416e-02 -4.779487723537378940e-02
3.825000000000000178e+00 3.458123837840598735e-02 -4.683815821197671175e-02
3.850000000000000089e+00 3.369045982379817450e-02 -4.588178745971414202e-02
3.875000000000000000e+00 3.280707728385220956e-02 -4.492652199060963303e-02
3.899999999999999911e+00 3.193171552136048891e-02 -4.397310600942348768e-02
3.924999999999999822e+00 3.106497513844738712e-02 -4.302226969069065932e-02
3.950000000000000178e+00 3.020743178057755385e-02 -4.207472801652099859e-02
3.975000000000000089e+00 2.935963542885202185e-02 -4.113117967625266880e-02
4.000000000000000000e+00 2.852210978014465409e-02 -4.019230602887877840e-02
4.025000000000000355e+00 2.769535171442881125e-02 -3.925877012904060992e-02
4.049999999999999822e+00 2.687983084847788209e-02 -3.833121581728599070e-02
4.075000000000000178e+00 2.607598917497538221e-02 -3.741026687521172706e-02
4.099999999999999645e+00 2.528424078592412735e-02 -3.649652624603205719e-02
4.125000000000000000e+00 2.450497167908124649e-02 -3.559057532101981419e-02
4.150000000000000355e+00 2.373853964595883798e-02 -3.469297329215510067e-02
4.174999999999999822e+00 2.298527423971069919e-02 -3.380425657116803428e-02
4.200000000000000178e+00 2.224547682097835835e-02 -3.292493827499190506e-02
4.224999999999999645e+00 2.151942067949983578e-02 -3.205550777744570895e-02
4.250000000000000000e+00 2.080735122900460171e-02 -3.119643032675347219e-02
4.275000000000000355e+00 2.010948627264575947e-02 -3.034814672829637058e-02
4.299999999999999822e+00 1.942601633596672053e-02 -2.951107309178720509e-02
4.325000000000000178e+00 1.875710506418424087e-02 -2.868560064187549580e-02
4.349999999999999645e+00 1.810288968039948029e-02 -2.787209559103651438e-02
4.375000000000000000e+00 1.746348150123053222e-02 -2.707089907347592916e-02
4.400000000000000355e+00 1.683896650629567240e-02 -2.628232713869511558e-02
4.424999999999999822e+00 1.622940595795749688e-02 -2.550667080330158362e-02
4.450000000000000178e+00 1.563483706775706944e-02 -2.474419615960968960e-02
4.474999999999999645e+00 1.505527370600873160e-02 -2.399514453954574439e-02
4.500000000000000000e+00 1.449070715107529661e-02 -2.325973273233605809e-02
4.525000000000000355e+00 1.394110687488830241e-02 -2.253815325440816641e-02
4.549999999999999822e+00 1.340642136130313321e-02 -2.183057466986011025e-02
4.575000000000000178e+00 1.288657895388138457e-02 -2.113714195975072846e-02
4.599999999999999645e+00 1.238148872966782395e-02 -2.045797693832980893e-02
4.625000000000000000e+00 1.189104139548017441e-02 -1.979317871416556157e-02
4.650000000000000355e+00 1.141511020316726167e-02 -1.914282419394800622e-02
4.674999999999999822e+00 1.095355188022277895e-02 -1.850696862655667671e-02
4.700000000000000178e+00 1.050620757208579718e-02 -1.788564618479749138e-02
4.724999999999999645e+00 1.007290379242621256e-02 -1.727887058204535808e-02
4.750000000000000000e+00 9.653453377716749578e-03 -1.668663572088859362e-02
4.775000000000000355e+00 9.247656442442634545e-03 -1.610891637076945770e-02
4.799999999999999822e+00 8.855301331397317025e-03 -1.554566887155172869e-02
4.825000000000000178e+00 8.476165565659703888e-03 -1.499683185992805798e-02
4.849999999999999645e+00 8.110016779037032206e-03 -1.446232701559808757e-02
4.875000000000000000e+00 7.756613641978934298e-03 -1.394205982419885644e-02
4.900000000000000355e+00 7.415706770210417353e-03 -1.343592035404251282e-02
4.924999999999999822e+00 7.087039615578953101e-03 -1.294378404380075107e-02
4.950000000000000178e+00 6.770349336852474892e-03 -1.246551249836304505e-02
4.974999999999999645e+00 6.465367648429380144e-03 -1.200095429017716819e-02
5.000000000000000000e+00 6.171821645120618462e-03 -1.154994576345042163e-02
5.025000000000000355e+00 5.889434601337202937e-03 -1.111231183864828942e-02
5.049999999999999822e+00 5.617926743162579735e-03 -1.068786681477305704e-02
5.075000000000000178e+00 5.357015991916658747e-03 -1.027641516694570087e-02
5.099999999999999645e+00 5.106418677933440009e-03 -9.877752336855942505e-03
5.125000000000000000e+00 4.865850223387784522e-03 -9.491665513695691711e-03
5.150000000000000355e+00 4.635025793129490986e-03 -9.117934403260568449e-03
5.174999999999999822e+00 4.413660912621400999e-03 -8.756331982996603397e-03
5.200000000000000178e+00 4.201472052239743279e-03 -8.406625240891644341e-03
5.224999999999999645e+00 3.998177177380178582e-03 -8.068575896263221331e-03
5.250000000000000000e+00 3.803496264019766079e-03 -7.741941100673986088e-03
5.275000000000000355e+00 3.617151779608119254e-03 -7.426474117408910468e-03
5.299999999999999822e+00 3.438869129390080461e-03 -7.121924978164469525e-03
5.325000000000000178e+00 3.268377068487585656e-03 -6.828041115821723711e-03
5.349999999999999645e+00 3.105408080278211202e-03 -6.544567972391438469e-03
5.375000000000000000e+00 2.949698721791893779e-03 -6.271249581420852010e-03
5.400000000000000355e+00 2.800989936998585315e-03 -6.007829124332340551e-03
5.424999999999999822e+00 2.659027338972599994e-03 -5.754049460317918994e-03
5.450000000000000178e+00 2.523561461994725148e-03 -5.509653629540827227e-03
5.474999999999999645e+00 2.394347984693371342e-03 -5.274385329496881526e-03
5.500000000000000000e+00 2.271147925338054280e-03 -5.047989364469095651e-03
5.525000000000000355e+00 2.153727810391418279e-03 -4.830212068076522244e-03
5.549999999999999822e+00 2.041859817409577560e-03 -4.620801698978655239e-03
5.575000000000000178e+00 1.935321893364791044e-03 -4.419508809858991444e-03
5.599999999999999645e+00 1.833897849457589036e-03 -4.226086589880694196e-03
5.625000000000000000e+00 1.737377433492586463e-03 -4.040291180887955330e-03
5.650000000000000355e+00 1.645556380916341930e-03 -3.861881967720645105e-03
5.674999999999999822e+00 1.558236445654702113e-03 -3.690621843114619618e-03
5.700000000000000178e+00 1.475225411937298439e-03 -3.526277447772679582e-03
5.724999999999999645e+00 1.396337088351216199e-03 -3.368619386304934436e-03
5.750000000000000000e+00 1.321391285415789846e-03 -3.217422419844887319e-03
5.775000000000000355e+00 1.250213778008230341e-03 -3.072465636242615369e-03
5.799999999999999822e+00 1.182636253987263009e-03 -2.933532598811123930e-03
5.825000000000000178e+00 1.118496250354642473e-03 -2.800411474653200037e-03
5.849999999999999645e+00 1.057637078259622467e-03 -2.672895143620826822e-03
5.875000000000000000e+00 9.999077380903039023e-04 -2.550781288958234739e-03
5.900000000000000355e+00 9.451628258123325127e-04 -2.433872470656684751e-03
5.924999999999999822e+00 8.932624316163033807e-04 -2.321976182508819590e-03
5.950000000000000178e+00 8.440720318288559218e-04 -2.214904893800315189e-03
5.974999999999999645e+00 7.974623749376811383e-04 -2.112476076524134102e-03
6.000000000000000000e+00 7.533093624859048655e-04 -2.014512218954230167e-03
6.025000000000000355e+00 7.114939255131907166e-04 -1.920840826377907340e-03
6.049999999999999822e+00 6.719018971636151307e-04 -1.831294409761552184e-03
6.075000000000000178e+00 6.344238820450224777e-04 -1.745710463115476884e-03
6.099999999999999645e+00 5.989551229093130176e-04 -1.663931430327865576e-03
6.125000000000000000e+00 5.653953652234143404e-04 -1.585804662252313004e-03
6.150000000000000355e+00 5.336487202098225092e-04 -1.511182364852640741e-03
6.174999999999999822e+00 5.036235269461508028e-04 -1.439921539226451507e-03
6.200000000000000178e+00 4.752322141174597850e-04 -1.371883914339356789e-03
6.224999999999999645e+00 4.483911620068580395e-04 -1.306935873299459828e-03
6.250000000000000000e+00 4.230205652847081744e-04 -1.244948373983256317e-03
6.275000000000000355e+00 3.990442971127783735e-04 -1.185796864788203966e-03
6.299999999999999822e+00 3.763897750181366669e-04 -1.129361196234499737e-03
6.325000000000000178e+00 3.549878289159402495e-04 -1.075525529072725219e-03
6.349999999999999645e+00 3.347725715764488766e-04 -1.024178239479358156e-03
6.375000000000000000e+00 3.156812717467269024e-04 -9.752118218452243865e-04
6.400000000000000355e+00 2.976542300586915591e-04 -9.285227895885840620e-04
6.424999999999999822e+00 2.806346577893830047e-04 -8.840115743608354532e-04
6.450000000000000178e+00 2.645685584912535341e-04 -8.415824239627759176e-04
6.474999999999999645e+00 2.494046124828212959e-04 -8.011432992557474984e-04
6.500000000000000000e+00 2.350940641831516685e-04 -7.626057703348924129e-04
6.525000000000000355e+00 2.215906122848175172e-04 -7.258849122293856626e-04
6.549999999999999822e+00 2.088503027844504877e-04 -6.908992004030988735e-04
6.575000000000000178e+00 1.968314249214349115e-04 -6.575704063434882705e-04
6.599999999999999645e+00 1.854944101067182753e-04 -6.258234935411802159e-04
6.625000000000000000e+00 1.748017339485276409e-04 -5.955865141719448750e-04
6.650000000000000355e+00 1.647178214943959072e-04 -5.667905067922750966e-04
6.674999999999999822e+00 1.552089558060256846e-04 -5.393693953465364789e-04
6.700000000000000178e+00 1.462431899638408567e-04 -5.132598897567532603e-04
6.724999999999999645e+00 1.377902625630348114e-04 -4.884013883264704415e-04
6.750000000000000888e+00 1.298215167163117086e-04 -4.647358821409336795e-04
6.775000000000001243e+00 1.223098225253868554e-04 -4.422078615913124723e-04
6.799999999999999822e+00 1.152295029303670884e-04 -4.207642250961319045e-04
6.825000000000001066e+00 1.085562627993826333e-04 -4.003541900438155462e-04
6.849999999999999645e+00 1.022671210861092131e-04 -3.809292059408389379e-04
6.875000000000000000e+00 9.634034586386118080e-05 -3.624428697238224581e-04
6.900000000000001243e+00 9.075539204366781453e-05 -3.448508431827255788e-04
6.924999999999999822e+00 8.549284159960727917e-05 -3.281107724454793259e-04
6.950000000000001066e+00 8.053434615476953305e-05 -3.121822094901446193e-04
6.974999999999999645e+00 7.586257182111736611e-05 -2.970265356748784630e-04
7.000000000000000000e+00 7.146114623000744486e-05 -2.826068873040732854e-04
7.025000000000001243e+00 6.731460773140121351e-05 -2.688880832758443955e-04
7.049999999999999822e+00 6.340835677259668176e-05 -2.558365548767224857e-04
7.075000000000001066e+00 5.972860948763919942e-05 -2.434202778002786545e-04
7.099999999999999645e+00 5.626235353328058996e-05 -2.316087064651224409e-04
7.125000000000000000e+00 5.299730619633415786e-05 -2.203727106938076338e-04
7.150000000000001243e+00 4.992187477213754469e-05 -2.096845147889726195e-04
7.174999999999999822e+00 4.702511917822316912e-05 -1.995176390094709012e-04
7.200000000000000178e+00 4.429671672650367848e-05 -1.898468434114490230e-04
7.224999999999999645e+00 4.172692893696934552e-05 -1.806480739820935861e-04
7.250000000000000000e+00 3.930657024179806918e-05 -1.718984109615546085e-04
7.275000000000001243e+00 3.702697840572353983e-05 -1.635760192256198692e-04
7.299999999999999822e+00 3.487998647969789201e-05 -1.556601005904208234e-04
7.325000000000000178e+00 3.285789611153867238e-05 -1.481308479022246756e-04
7.349999999999999645e+00 3.095345205860733758e-05 -1.409694007892669122e-04
7.375000000000000000e+00 2.915981778067125457e-05 -1.341578029766044347e-04
7.400000000000001243e+00 2.747055203158773519e-05 -1.276789610953613834e-04
7.424999999999999822e+00 2.587958641092670485e-05 -1.215166049502038563e-04
7.450000000000000178e+00 2.438120387561449636e-05 -1.156552492389574787e-04
7.474999999999999645e+00 2.297001824207163970e-05 -1.100801567416310572e-04
7.500000000000000000e+00 2.164095472735013862e-05 -1.047773030099049445e-04
7.525000000000000355e+00 2.038923158162748504e-05 -9.973334259039554821e-05
7.549999999999999822e+00 1.921034285372204395e-05 -9.493557680579260769e-05
7.575000000000000178e+00 1.810004230840342663e-05 -9.037192309874907028e-05
7.599999999999999645e+00 1.705432848234477895e-05 -8.603088591698517223e-05
7.625000000000000000e+00 1.606943082984175738e-05 -8.190152908844213994e-05
7.650000000000000355e+00 1.514179687464535092e-05 -7.797344960654820664e-05
7.674999999999999822e+00 1.426808025590274980e-05 -7.423675272197319719e-05
7.700000000000000178e+00 1.344512953794560738e-05 -7.068202822187227960e-05
7.724999999999999645e+00 1.266997764840972429e-05 -6.730032777276876159e-05
7.750000000000000000e+00 1.193983181743149057e-05 -6.408314320943692003e-05
7.775000000000000355e+00 1.125206391161019605e-05 -6.102238566880091082e-05
7.799999999999999822e+00 1.060420108693842522e-05 -5.811036549232603138e-05
7.825000000000000178e+00 9.993916721130750681e-06 -5.533977284970990174e-05
7.849999999999999645e+00 9.419021622643987106e-06 -5.270365906655645688e-05
7.875000000000000000e+00 8.877455546413489743e-06 -5.019541866544727742e-05
7.900000000000000355e+00 8.367279070695263292e-06 -4.780877214970696680e-05
7.924999999999999822e+00 7.886665902197102445e-06 -4.553774956987849848e-05
7.950000000000000178e+00 7.433895676684152826e-06 -4.337667491307282963e-05
7.974999999999999645e+00 7.007347309591983071e-06 -4.132015134543925051e-05
8.000000000000000000e+00 6.605492928135815252e-06 -3.936304731942927472e-05
8.025000000000000355e+00 6.226892386271145154e-06 -3.750048353332325468e-05
8.050000000000000711e+00 5.870188331205348161e-06 -3.572782070411960537e-05
8.074999999999999289e+00 5.534101759493732340e-06 -3.404064809015961530e-05
8.099999999999999645e+00 5.217427976596161334e-06 -3.243477268040047197e-05
8.125000000000000000e+00 4.919032859321138689e-06 -3.090620895573306572e-05
8.150000000000000355e+00 4.637849317981505303e-06 -2.945116912583268241e-05
8.175000000000000711e+00 4.372873864607416798e-06 -2.806605375308682590e-05
8.199999999999999289e+00 4.123163213794206082e-06 -2.674744269189662237e-05
8.224999999999999645e+00 3.887830871028432497e-06 -2.549208629504386042e-05
8.250000000000000000e+00 3.666043695575656647e-06 -2.429689686543678800e-05
8.275000000000000355e+00 3.457018456981448321e-06 -2.315894035800422708e-05
8.300000000000000711e+00 3.260018431504161810e-06 -2.207542835912587129e-05
8.324999999999999289e+00 3.074350103815262542e-06 -2.104371038691509288e-05
8.349999999999999645e+00 2.899360047648468256e-06 -2.006126656283809689e-05
8.375000000000000000e+00 2.734432055717923895e-06 -1.912570070280784657e-05
8.400000000000000355e+00 2.578984574980200024e-06 -1.823473386459160519e-05
8.425000000000000711e+00 2.432468480241778793e-06 -1.738619836986495022e-05
8.449999999999999289e+00 2.294365190637963344e-06 -1.657803229626953666e-05
8.474999999999999645e+00 2.164185103651774730e-06 -1.580827441075300979e-05
8.500000000000000000e+00 2.041466294338614740e-06 -1.507505949360918547e-05
8.525000000000000355e+00 1.925773406992562670e-06 -1.437661398624261506e-05
8.550000000000000711e+00 1.816696655430794973e-06 -1.371125188681812337e-05
8.574999999999999289e+00 1.713850847887892453e-06 -1.307737081809990855e-05
8.599999999999999645e+00 1.616874363079890238e-06 -1.247344820060689849e-05
8.625000000000000000e+00 1.525428023840031740e-06 -1.189803748073855329e-05
8.650000000000000355e+00 1.439193841020756458e-06 -1.134976438522603501e-05
8.675000000000000711e+00 1.357873629403098219e-06 -1.082732319736692181e-05
8.699999999999999289e+00 1.281187525222013551e-06 -1.032947307348604190e-05
8.724999999999999645e+00 1.208872457725241167e-06 -9.855034437068583376e-06
8.750000000000000000e+00 1.140680641984130858e-06 -9.402885500367711959e-06
8.775000000000000355e+00 1.076378164906861602e-06 -8.971958967416698437e-06
8.800000000000000711e+00 1.015743730749295608e-06 -8.561238967996789943e-06
8.824999999999999289e+00 9.585676171006668728e-07 -8.169758259812554894e-06
8.849999999999999645e+00 9.046508698030544341e-07 -7.796595717858763138e-06
8.875000000000000000e+00 8.538047385434555089e-07 -7.440874108307577863e-06
8.900000000000000355e+00 8.058503279275605826e-07 -7.101758122310437413e-06
8.925000000000000711e+00 7.606184152296286851e-07 -6.778452625939654278e-06
8.949999999999999289e+00 7.179493691265195981e-07 -6.470201068780355749e-06
8.974999999999999645e+00 6.776930957379450888e-07 -6.176283987257972451e-06
9.000000000000000000e+00 6.397089402718117297e-07 -5.896017540539794253e-06
9.025000000000000355e+00 6.038654841571474782e-07 -5.628752026444586039e-06
9.050000000000000711e+00 5.700401969885974155e-07 -5.373870340869187835e-06
9.074999999999999289e+00 5.381189272399315345e-07 -5.130786364559041057e-06
9.099999999999999645e+00 5.079952419923665868e-07 -4.898943282741303648e-06
9.125000000000000000e+00 4.795696503121167649e-07 -4.677811863272075313e-06
9.150000000000000355e+00 4.527487639987651755e-07 -4.466888734778309311e-06
9.175000000000000711e+00 4.274444607103186535e-07 -4.265694715652511064e-06
9.199999999999999289e+00 4.035731164444024870e-07 -4.073773246533829391e-06
9.224999999999999645e+00 3.810549668894401305e-07 -3.890688972942181101e-06
9.250000000000000000e+00 3.598136413713405310e-07 -3.716026511885053086e-06
9.275000000000000355e+00 3.397758913439532524e-07 -3.549389418519565140e-06
9.300000000000000711e+00 3.208715106076094089e-07 -3.390399348726098601e-06
9.324999999999999289e+00 3.030334202197566094e-07 -3.238695393658926968e-06
9.349999999999999645e+00 2.861978707211679916e-07 -3.093933545714780783e-06
9.375000000000000000e+00 2.703047005630783678e-07 -2.955786244114105297e-06
9.400000000000000355e+00 2.552975843891345466e-07 -2.823941944079039905e-06
9.425000000000000711e+00 2.411242086835406024e-07 -2.698104656762975517e-06
9.449999999999999289e+00 2.277363246731836230e-07 -2.577993417289606360e-06
9.474999999999999645e+00 2.150896473935918508e-07 -2.463341653945724986e-06
9.500000000000000000e+00 2.031435928834512460e-07 -2.353896450525115179e-06
9.525000000000000355e+00 1.918608693302671735e-07 -2.249417713465737040e-06
9.550000000000000711e+00 1.812069592435101927e-07 -2.149677272999731461e-06
9.574999999999999289e+00 1.711495456662410814e-07 -2.054457960623457701e-06
9.599999999999999645e+00 1.616579437375116227e-07 -1.963552712173873968e-06
9.625000000000000000e+00 1.527025986012309063e-07 -1.876763745559965287e-06
9.650000000000000355e+00 1.442547019046505017e-07 -1.793901855155264258e-06
9.675000000000000711e+00 1.362859631076992649e-07 -1.714785851713630660e-06
9.699999999999999289e+00 1.287685510020799612e-07 -1.639242159680124949e-06
9.724999999999999645e+00 1.216751979671729598e-07 -1.567104564986471758e-06
9.750000000000000000e+00 1.149794379037493838e-07 -1.498214088764344082e-06
9.775000000000000355e+00 1.086559313526179679e-07 -1.432418948065964762e-06
9.800000000000000711e+00 1.026808204538306184e-07 -1.369574555800256936e-06
9.824999999999999289e+00 9.703205352691889280e-08 -1.309543509724545083e-06
9.849999999999999645e+00 9.168962450045854614e-08 -1.252195524787422705e-06
9.875000000000000000e+00 8.663568534736333248e-08 -1.197407273780960335e-06
9.900000000000000355e+00 8.185450819363512261e-08 -1.145062116425248931e-06
9.925000000000000711e+00 7.733229534931729267e-08 -1.095049714804048801e-06
9.949999999999999289e+00 7.305685698320290096e-08 -1.047265550721033922e-06
9.974999999999999645e+00 6.901719478337284029e-08 -1.001610375895954305e-06
1.000000000000000000e+01 6.520304293986567883e-08 -9.579896366422293478e-07
1.002500000000000036e+01 6.160442360914181117e-08 -9.163129195268113787e-07
1.005000000000000071e+01 5.821127182487142996e-08 -8.764934627556449684e-07
1.007499999999999929e+01 5.501317503395949361e-08 -8.384477700289499492e-07
1.009999999999999964e+01 5.199925648440064948e-08 -8.020953505821847855e-07
1.012500000000000000e+01 4.915821185084781188e-08 -7.673585928189248851e-07
1.015000000000000036e+01 4.647848750753350035e-08 -7.341627617335943916e-07
1.017500000000000071e+01 4.394856966502164422e-08 -7.024360945866855135e-07
1.019999999999999929e+01 4.155733888326107716e-08 -6.721099571241224121e-07
1.022499999999999964e+01 3.929443609116881734e-08 -6.431190158171593439e-07
1.025000000000000000e+01 3.715058544446986811e-08 -6.154013808639322023e-07
1.027500000000000036e+01 3.511782610295156871e-08 -5.888986802273740984e-07
1.030000000000000071e+01 3.318961823608513430e-08 -5.635560358675756819e-07
1.032499999999999929e+01 3.136080653739620508e-08 -5.393219280737595170e-07
1.034999999999999964e+01 2.962744455828791279e-08 -5.161479502737363799e-07
1.037500000000000000e+01 2.798650255278915425e-08 -4.939884726543975985e-07
1.040000000000000036e+01 2.643549760716803743e-08 -4.728002461795176656e-07
1.042500000000000071e+01 2.497209530657954264e-08 -4.525419872540133315e-07
1.044999999999999929e+01 2.359373585250394061e-08 -4.331739863063638368e-07
1.047499999999999964e+01 2.229733376854988995e-08 -4.146577805545946393e-07
1.050000000000000000e+01 2.107908980678167849e-08 -3.969559225578009538e-07
1.052500000000000036e+01 1.993443794985177734e-08 -3.800318632977916683e-07
1.055000000000000071e+01 1.885813157790928622e-08 -3.638499530575164560e-07
1.057499999999999929e+01 1.784445373988341143e-08 -3.483755476571020018e-07
1.059999999999999964e+01 1.688751952493142163e-08 -3.335751936489021797e-07
1.062500000000000000e+01 1.598162623084336183e-08 -3.194168559537710208e-07
1.065000000000000036e+01 1.512160089853743038e-08 -3.058701463633275024e-07
1.067500000000000071e+01 1.430309572588019321e-08 -2.929065120395769198e-07
1.069999999999999929e+01 1.352278963055699695e-08 -2.804993495640543519e-07
1.072499999999999964e+01 1.277846766696398513e-08 -2.686240210307471973e-07
1.075000000000000000e+01 1.206896725586010056e-08 -2.572577629288285864e-07
1.077500000000000036e+01 1.139399872757431444e-08 -2.463794937703692397e-07
1.080000000000000071e+01 1.075386511422307936e-08 -2.359695407724656594e-07
1.082499999999999929e+01 1.014911982981741815e-08 -2.260093172380052277e-07
1.084999999999999964e+01 9.580209215460919787e-09 -2.164809891028859202e-07
1.087500000000000000e+01 9.047148601905396580e-09 -2.073671706318171893e-07
1.090000000000000036e+01 8.549275528266656895e-09 -1.986506850513793695e-07
1.092500000000000071e+01 8.085112723727307407e-09 -1.903144169762494046e-07
1.094999999999999929e+01 7.652358037154021189e-09 -1.823412707359187200e-07
1.097499999999999964e+01 7.248000802323188904e-09 -1.747142342404236719e-07
1.100000000000000000e+01 6.868546739708355742e-09 -1.674165336579380791e-07
1.102500000000000036e+01 6.510318610363720129e-09 -1.604318519585688220e-07
1.105000000000000071e+01 6.169789773077711234e-09 -1.537445760712821124e-07
1.107499999999999929e+01 5.843903623606599752e-09 -1.473400339012402055e-07
1.109999999999999964e+01 5.530334308252752428e-09 -1.412046844650029741e-07
1.112500000000000000e+01 5.227652686529620842e-09 -1.353262313748886507e-07
1.115000000000000036e+01 4.935374947222903649e-09 -1.296936409545241688e-07
1.117500000000000071e+01 4.653887754089631045e-09 -1.242970598129676580e-07
1.119999999999999929e+01 4.384260965143093119e-09 -1.191276407968305725e-07
1.122499999999999964e+01 4.127974411242330738e-09 -1.141772990057324576e-07
1.125000000000000000e+01 3.886596951346852758e-09 -1.094384291868167939e-07
1.127500000000000036e+01 3.661462224249848282e-09 -1.049036209986251324e-07
1.130000000000000071e+01 3.453385668324174832e-09 -1.005654087790867686e-07
1.132499999999999929e+01 3.262461258275093659e-09 -9.641608745576052234e-08
1.134999999999999964e+01 3.087965064485917461e-09 -9.244761694827508146e-08
1.137500000000000000e+01 2.928377751990428868e-09 -8.865162508397788536e-08
1.140000000000000036e+01 2.781521579016554768e-09 -8.501950544380426996e-08
1.142500000000000071e+01 2.644791684502315083e-09 -8.154259357933299876e-08
1.144999999999999929e+01 2.515448593952127270e-09 -7.821239442078810012e-08
1.147499999999999964e+01 2.390930707780335472e-09 -7.502082697663054794e-08
1.150000000000000000e+01 2.269143167810284733e-09 -7.196045041238923507e-08
1.152500000000000036e+01 2.148683108640427816e-09 -6.902463855305172151e-08
1.155000000000000071e+01 2.028970521192820205e-09 -6.620767738966854664e-08
1.157499999999999929e+01 1.910267244030475141e-09 -6.350477110711426616e-08
1.159999999999999964e+01 1.793582249168724034e-09 -6.091195497548380128e-08
1.162500000000000000e+01 1.680477171442790530e-09 -5.842592649095623047e-08
1.165000000000000036e+01 1.572799660143459094e-09 -5.604381733191159416e-08
1.167500000000000071e+01 1.472381951080779338e-09 -5.376293685051164789e-08
1.169999999999999929e+01 1.380746516973100487e-09 -5.158052148837499073e-08
1.172499999999999964e+01 1.298859326162557468e-09 -4.949352347820792511e-08
1.175000000000000000e+01 1.226964336367782689e-09 -4.749846654739276828e-08
1.177500000000000036e+01 1.164521300580356357e-09 -4.559138683721312725e-08
1.180000000000000071e+01 1.110254508868179312e-09 -4.376786542788112708e-08
1.182499999999999929e+01 1.062304678032550815e-09 -4.202314611739842110e-08
1.184999999999999964e+01 1.018461990853514931e-09 -4.035232046367726933e-08
1.187500000000000000e+01 9.764472778420131215e-10 -3.875055295152348435e-08
1.190000000000000036e+01 9.342019149623333903e-10 -3.721331388560675583e-08
1.192500000000000071e+01 8.901461928948263534e-10 -3.573658686164515038e-08
1.194999999999999929e+01 8.433705733646341832e-10 -3.431702148094825776e-08
1.197499999999999964e+01 7.937338632230876862e-10 -3.295200984789375351e-08
1.200000000000000000e+01 7.418554360555263983e-10 -3.163967615420463111e-08
1.202500000000000036e+01 6.890033915980868914e-10 -3.037878078461399710e-08
1.205000000000000071e+01 6.368949265883556019e-10 -2.916855222450818119e-08
1.207499999999999929e+01 5.874372400679827684e-10 -2.800846999380321879e-08
1.209999999999999964e+01 5.424452330871996283e-10 -2.689802838758375712e-08
1.212500000000000000e+01 5.033752431006100795e-10 -2.583651329518184205e-08
1.215000000000000036e+01 4.711114525552837347e-10 -2.482282227524390496e-08
1.217500000000000071e+01 4.458340670133014281e-10 -2.385535190057554784e-08
1.219999999999999929e+01 4.269867803547722001e-10 -2.293196686199787427e-08
1.222499999999999964e+01 4.133471763523019076e-10 -2.205005394057248565e-08
1.225000000000000000e+01 4.031894390937984800e-10 -2.120665221618585751e-08
1.227500000000000036e+01 3.945160600566698064e-10 -2.039864039672692646e-08
1.230000000000000071e+01 3.853258761289658582e-10 -1.962295445319938171e-08
1.232499999999999929e+01 3.738810109406702648e-10 -1.887680476961371694e-08
1.234999999999999964e+01 3.589357532594680251e-10 -1.815786237795506958e-08
1.237500000000000000e+01 3.398959738488867162e-10 -1.746438835573812606e-08
1.240000000000000036e+01 3.168875498002138308e-10 -1.679528859105387477e-08
1.242500000000000071e+01 2.907250295731801556e-10 -1.615008657281694934e-08
1.244999999999999929e+01 2.627856643466952367e-10 -1.552881831793657739e-08
1.247499999999999964e+01 2.348069750439501803e-10 -1.493186426702119478e-08
1.250000000000000000e+01 2.086364589880408238e-10 -1.435974161399884029e-08
1.252500000000000036e+01 1.859684540360236942e-10 -1.381288585518266226e-08
1.255000000000000071e+01 1.681046604908623864e-10 -1.329145155990379431e-08
1.257499999999999929e+01 1.557712523523920929e-10 -1.279515954810350497e-08
1.259999999999999964e+01 1.490174443826163383e-10 -1.232321098361010272e-08
1.262500000000000000e+01 1.472088709284694296e-10 -1.187427949872201993e-08
1.265000000000000036e+01 1.491159356170470719e-10 -1.144658158905536867e-08
1.267500000000000071e+01 1.530841350386154199e-10 -1.103801469378591553e-08
1.269999999999999929e+01 1.572621087201389018e-10 -1.064634310147732144e-08
1.272499999999999964e+01 1.598553931595187059e-10 -1.026940537635838337e-08
1.275000000000000000e+01 1.593705177194587385e-10 -9.905314225363843348e-09
1.277500000000000036e+01 1.548157334970877789e-10 -9.552621025061724174e-09
1.280000000000000071e+01 1.458309050544213509e-10 -9.210422329056176544e-09
1.282499999999999929e+01 1.327291279411360222e-10 -8.878393903278472442e-09
1.284999999999999964e+01 1.164449961091106053e-10 -8.556747977976381570e-09
1.287500000000000000e+01 9.839738579673171957e-11 -8.246120079199772655e-09
1.290000000000000036e+01 8.028642367738096751e-11 -7.947401498018358706e-09
1.292500000000000071e+01 6.385323533697508442e-11 -7.661540861896118924e-09
1.294999999999999929e+01 5.063602445798775026e-11 -7.389342382207834698e-09
1.297499999999999964e+01 4.175626830867470849e-11 -7.131288588276766699e-09
1.300000000000000000e+01 3.776439792267030289e-11 -6.887411775988846495e-09
1.302500000000000036e+01 3.856585553804371420e-11 -6.657231459906396723e-09
1.305000000000000071e+01 4.343714767258764046e-11 -6.439765875378124433e-09
1.307499999999999929e+01 5.112897657045913078e-11 -6.233615242941056922e-09
1.309999999999999964e+01 6.004149036618383661e-11 -6.037104629000497312e-09
1.312500000000000000e+01 6.844684064316641898e-11 -5.848466064538304918e-09
1.315000000000000036e+01 7.472786293507751221e-11 -5.666034316383979061e-09
1.317500000000000071e+01 7.759969731813252148e-11 -5.488429017257050081e-09
1.319999999999999929e+01 7.628379448384484942e-11 -5.314697958315939135e-09
1.322499999999999964e+01 7.061057094755102582e-11 -5.144401920700964443e-09
1.325000000000000000e+01 6.103702161060010274e-11 -4.977629661485329390e-09
1.327500000000000036e+01 4.857750788282257461e-11 -4.814941433384265011e-09
1.330000000000000071e+01 3.465793868270154879e-11 -4.657249321372294799e-09
1.332499999999999929e+01 2.091411484568769179e-11 -4.505651349386590634e-09
1.334999999999999964e+01 8.962588074121018192e-12 -4.361242625728572552e-09
1.337500000000000000e+01 1.759518425118729406e-13 -4.224929747663825779e-09
1.340000000000000036e+01 -4.506339712320322272e-12 -4.097274078277375111e-09
1.342500000000000071e+01 -4.705693777170172631e-12 -3.978385316496852249e-09
1.344999999999999929e+01 -6.534234797834147787e-13 -3.867879639070067979e-09
1.347499999999999964e+01 6.845108422498860687e-12 -3.764907683845167259e-09
1.350000000000000178e+01 1.652562623704974150e-11 -3.668247917042829582e-09
1.352500000000000213e+01 2.684285868206519622e-11 -3.576451920833950116e-09
1.355000000000000249e+01 3.618607216876693393e-11 -3.488021027714321663e-09
1.357499999999999929e+01 4.310216884619409843e-11 -3.401589619015313858e-09
1.359999999999999964e+01 4.649531532532940243e-11 -3.316089551271894968e-09
1.362500000000000000e+01 4.577566034570971774e-11 -3.230873075544745354e-09
1.365000000000000213e+01 4.093691864607480145e-11 -3.145777489537171824e-09
1.367500000000000249e+01 3.255256537669573182e-11 -3.061122940751462711e-09
1.369999999999999929e+01 2.169179110043484319e-11 -2.977644150972872913e-09
1.372499999999999964e+01 9.767423855714547977e-12 -2.896365931515356690e-09
1.375000000000000000e+01 -1.662621794447709139e-12 -2.818440106676041207e-09
1.377500000000000213e+01 -1.111250237290500870e-11 -2.744966657450228473e-09
1.380000000000000249e+01 -1.737402262382325987e-11 -2.676823905577439679e-09
1.382499999999999929e+01 -1.968220133854402618e-11 -2.614531162084978904e-09
1.384999999999999964e+01 -1.781820009443426780e-11 -2.558162537661507394e-09
1.387500000000000000e+01 -1.213579612940857563e-11 -2.507323466385057285e-09
1.390000000000000213e+01 -3.508263950120029335e-12 -2.461192672724110857e-09
1.392500000000000249e+01 6.796381349631792483e-12 -2.418623258320044683e-09
1.394999999999999929e+01 1.729399283273064534e-11 -2.378288445440590789e-09
1.397499999999999964e+01 2.649162054598941205e-11 -2.338851429207735927e-09
1.400000000000000000e+01 3.309460369174887710e-11 -2.299135608990051008e-09
1.402500000000000213e+01 3.618474748311599187e-11 -2.258271594297799420e-09
1.405000000000000249e+01 3.534507464298835631e-11 -2.215800756199244273e-09
1.407499999999999929e+01 3.071424037468866264e-11 -2.171721261778123008e-09
1.409999999999999964e+01 2.296355392480528588e-11 -2.126470601785471197e-09
1.412500000000000000e+01 1.320033219005536792e-11 -2.080847440222064159e-09
1.415000000000000213e+01 2.811492421197452294e-12 -2.035884020405057860e-09
1.417500000000000249e+01 -6.730520947264253630e-12 -1.992687090486601956e-09
1.419999999999999929e+01 -1.407231039751660394e-11 -1.952269586122703328e-09
1.422499999999999964e+01 -1.816617151470040867e-11 -1.915396385062777372e-09
1.425000000000000000e+01 -1.841306515485319593e-11 -1.882465352267358907e-09
1.427500000000000036e+01 -1.474238655558424318e-11 -1.853439877319875718e-09
1.430000000000000249e+01 -7.617934448016677949e-12 -1.827841822095911692e-09
1.432499999999999929e+01 2.030231513441627985e-12 -1.804805406315763112e-09
1.434999999999999964e+01 1.293807123538714598e-11 -1.783184131271969723e-09
1.437500000000000000e+01 2.368512765966490543e-11 -1.761695519093144239e-09
1.440000000000000036e+01 3.289242551707304990e-11 -1.739083411313559346e-09
1.442500000000000249e+01 3.941301836504534448e-11 -1.714275224036874866e-09
1.444999999999999929e+01 4.248874440429703433e-11 -1.686512507875360555e-09
1.447499999999999964e+01 4.185157852300957285e-11 -1.655437006479955590e-09
1.450000000000000000e+01 3.775579710415227328e-11 -1.621120732345337892e-09
1.452500000000000036e+01 3.093688793112870826e-11 -1.584036480409373832e-09
1.455000000000000249e+01 2.250331183847641807e-11 -1.544973475933530978e-09
1.457499999999999929e+01 1.377654552365990293e-11 -1.504910475405328916e-09
1.459999999999999964e+01 6.101954101035146874e-12 -1.464864490523179940e-09
1.462500000000000000e+01 6.569580444559196317e-13 -1.425736548237197482e-09
1.465000000000000036e+01 -1.716735515257728122e-12 -1.388176226225377805e-09
1.467500000000000249e+01 -6.335584772459570294e-13 -1.352483909755935720e-09
1.469999999999999929e+01 3.779476230589778213e-12 -1.318564395003621065e-09
1.472499999999999964e+01 1.089801664876037911e-11 -1.285938213127131175e-09
1.475000000000000000e+01 1.968503205406430847e-11 -1.253808968331896408e-09
1.477500000000000036e+01 2.883304808499519645e-11 -1.221177215338086518e-09
1.480000000000000249e+01 3.694416008279533274e-11 -1.186984910001193956e-09
1.482499999999999929e+01 4.272292740292369462e-11 -1.150270296695376118e-09
1.484999999999999964e+01 4.515551501580418202e-11 -1.110311685075026134e-09
1.487500000000000000e+01 4.365048473639175077e-11 -1.066740157089193888e-09
1.490000000000000036e+01 3.812199472648605614e-11 -1.019605602253350625e-09
1.492500000000000071e+01 2.900417319202851398e-11 -9.693869419247451807e-10
1.494999999999999929e+01 1.719492716017289991e-11 -9.169451269624151963e-10
1.497499999999999964e+01 3.937160968399550183e-12 -8.634253467635354487e-10
