# raxis[fm], SN, VN, SP, VP
2.101448349307773875e-07 9.332281133672400142e-02 9.788012887390155903e-02 8.643113586988761254e-02 9.007311718606964002e-02
2.500000000000000139e-02 9.332140334485489186e-02 9.788088520731497155e-02 8.642926871282125001e-02 9.007316927883955715e-02
5.000000000000000278e-02 9.328141317545603217e-02 9.784567679796810080e-02 8.639149925246809858e-02 9.003987179286872256e-02
7.499999999999999722e-02 9.321383726018278582e-02 9.778605254292070670e-02 8.632772367221722143e-02 8.998354201264371910e-02
1.000000000000000056e-01 9.311922510280415399e-02 9.770253197890942098e-02 8.623843423709282030e-02 8.990464474932127747e-02
1.250000000000000000e-01 9.299791170883424385e-02 9.759541461005163954e-02 8.612393402540369225e-02 8.980345403795034209e-02
1.499999999999999944e-01 9.285025680257265324e-02 9.746500862541258858e-02 8.598454940507106736e-02 8.968025397477738525e-02
1.749999999999999889e-01 9.267668337629900166e-02 9.731167734118900681e-02 8.582066376881654357e-02 8.953537936346346593e-02
2.000000000000000111e-01 9.247768231290177943e-02 9.713584083683730885e-02 8.563272197149024434e-02 8.936921735194679195e-02
2.250000000000000056e-01 9.225381530029526378e-02 9.693798037800904766e-02 8.542123273297863584e-02 8.918221117035229906e-02
2.500000000000000000e-01 9.200571650923530798e-02 9.671863892644370908e-02 8.518677037643411498e-02 8.897486068892390687e-02
2.750000000000000222e-01 9.173409314574856865e-02 9.647842474538159685e-02 8.492997514572081519e-02 8.874772562935334674e-02
2.999999999999999889e-01 9.143971133479787683e-02 9.621799698726220262e-02 8.465154004579956981e-02 8.850141205107836528e-02
3.250000000000000111e-01 9.112340224849355130e-02 9.593806996490636396e-02 8.435221660475443473e-02 8.823657625088530965e-02
3.499999999999999778e-01 9.078605828181424142e-02 9.563941240998215243e-02 8.403281132969096789e-02 8.795392408290174380e-02
3.750000000000000000e-01 9.042863254520434879e-02 9.532284552795904087e-02 8.369418515227995681e-02 8.765420904024925908e-02
4.000000000000000222e-01 9.005214237337469396e-02 9.498924640633346628e-02 8.333725633054679671e-02 8.733823491537365258e-02
4.249999999999999889e-01 8.965766765682169070e-02 9.463954825719976538e-02 8.296299915152269278e-02 8.700685613705655408e-02
4.500000000000000111e-01 8.924634425966505857e-02 9.427473619479379008e-02 8.257243773284134170e-02 8.666097387257287732e-02
4.749999999999999778e-01 8.881935752988165400e-02 9.389583912602827986e-02 8.216664007814399040e-02 8.630152832635158699e-02
5.000000000000000000e-01 8.837794184403822972e-02 9.350393019378161474e-02 8.174671781089316858e-02 8.592949929436967393e-02
5.250000000000000222e-01 8.792337471294132956e-02 9.310012201211971539e-02 8.131382042011738032e-02 8.554590142556051102e-02
5.500000000000000444e-01 8.745697604859804797e-02 9.268556487623638707e-02 8.086913486811825313e-02 8.515178258133315747e-02
5.749999999999999556e-01 8.698010637987618754e-02 9.226144609167764854e-02 8.041388393449537542e-02 8.474822319750940913e-02
5.999999999999999778e-01 8.649416288793430885e-02 9.182898813193086929e-02 7.994932262239157206e-02 8.433633457638299580e-02
6.250000000000000000e-01 8.600057047979609015e-02 9.138943954871543707e-02 7.947673000243915542e-02 8.391725046230510965e-02
6.500000000000000222e-01 8.550078063843773168e-02 9.094407332388945719e-02 7.899740810887458109e-02 8.349212540289202567e-02
6.750000000000000444e-01 8.499626790798769926e-02 9.049418463900636700e-02 7.851267887213973784e-02 8.306213263603506869e-02
6.999999999999999556e-01 8.448852447517869735e-02 9.004108584928224857e-02 7.802387951280037592e-02 8.262845974709316643e-02
7.249999999999999778e-01 8.397905553810249002e-02 8.958610259388291586e-02 7.753235818553548542e-02 8.219230500299253006e-02
7.500000000000000000e-01 8.346936981583266690e-02 8.913056637130321869e-02 7.703946532700399474e-02 8.175487049094060099e-02
7.750000000000000222e-01 8.296097624458409481e-02 8.867580762257598614e-02 7.654655106311056278e-02 8.131735586151910000e-02
8.000000000000000444e-01 8.245539055473441459e-02 8.822316299448071386e-02 7.605497139125337591e-02 8.088096509541987944e-02
8.249999999999999556e-01 8.195412175434931001e-02 8.777396771952614141e-02 7.556607553788362297e-02 8.044689937389015721e-02
8.499999999999999778e-01 8.145866504677126696e-02 8.732954447600790870e-02 7.508120013791301506e-02 8.001634712668589944e-02
8.750000000000000000e-01 8.097050002102150479e-02 8.689120333471134217e-02 7.460166749285418453e-02 7.959048400380452915e-02
9.000000000000000222e-01 8.049108112532063486e-02 8.646023303867808596e-02 7.412877706177328774e-02 7.917046488549812910e-02
9.250000000000001554e-01 8.002183573164202424e-02 8.603789779916182212e-02 7.366380391724808296e-02 7.875742106056854430e-02
9.499999999999999556e-01 7.956415877692837868e-02 8.562543371147700311e-02 7.320799395939688037e-02 7.835245691402192847e-02
9.749999999999999778e-01 7.911940700573635854e-02 8.522404307814775148e-02 7.276255905572467930e-02 7.795664509050367896e-02
1.000000000000000000e+00 7.868889343811336090e-02 8.483488937511811379e-02 7.232867180747540314e-02 7.757102165540820382e-02
1.024999999999999911e+00 7.827388304706292543e-02 8.445909274021369539e-02 7.190746203393627578e-02 7.719658217786250221e-02
1.050000000000000044e+00 7.787558716743753218e-02 8.409772536997169035e-02 7.150001165210133347e-02 7.683427751433000163e-02
1.074999999999999956e+00 7.749515923704171361e-02 8.375180700526962951e-02 7.110735109667253029e-02 7.648500986173499550e-02
1.100000000000000089e+00 7.713369068582685839e-02 8.342230165885110293e-02 7.073045540182174018e-02 7.614962959506588192e-02
1.125000000000000000e+00 7.679220382474823137e-02 8.311011076334391678e-02 7.037023787650126261e-02 7.582892902744586827e-02
1.149999999999999911e+00 7.647165032880727520e-02 8.281607123971486406e-02 7.002754901391437803e-02 7.552364085637087998e-02
1.175000000000000044e+00 7.617290705499150938e-02 8.254095247345424879e-02 6.970317260098878032e-02 7.523443537888853394e-02
1.199999999999999956e+00 7.589677154620592947e-02 8.228545170307907664e-02 6.939782146081363567e-02 7.496191605381602452e-02
1.225000000000000089e+00 7.564396058265307476e-02 8.205019264614331342e-02 6.911213616495612277e-02 7.470661818381997554e-02
1.250000000000000000e+00 7.541510619254382375e-02 8.183572261097907252e-02 6.884668144862943207e-02 7.446900639208801909e-02
1.274999999999999911e+00 7.521075121418847875e-02 8.164250745229090223e-02 6.860194199596167386e-02 7.424946981837285409e-02
1.300000000000000044e+00 7.503135080700430726e-02 8.147093362016717688e-02 6.837832385743865260e-02 7.404832403033798083e-02
1.324999999999999956e+00 7.487726831442251263e-02 8.132130455545086289e-02 6.817615051920322689e-02 7.386580763953581874e-02
1.350000000000000089e+00 7.474877396793656870e-02 8.119383934605119146e-02 6.799566144870494711e-02 7.370208081384049814e-02
1.375000000000000000e+00 7.464604207518596435e-02 8.108867021817982301e-02 6.783700948170660883e-02 7.355722297046171643e-02
1.399999999999999911e+00 7.456915043080765415e-02 8.100584190406619201e-02 6.770025990929398607e-02 7.343123194284227606e-02
1.425000000000000044e+00 7.451808303045154291e-02 8.094531481877841050e-02 6.758539277616558427e-02 7.332402678353366898e-02
1.449999999999999956e+00 7.449272818877245017e-02 8.090696331719428314e-02 6.749230123260034631e-02 7.323544628890610309e-02
1.475000000000000089e+00 7.449287891901897052e-02 8.089057618808799532e-02 6.742079127468109112e-02 7.316524906676587225e-02
1.500000000000000000e+00 7.451823594227090231e-02 8.089585983503616573e-02 6.737058438740205213e-02 7.311311638484724318e-02
1.524999999999999911e+00 7.456840634295820724e-02 8.092243701506818265e-02 6.734131593427203355e-02 7.307865084894663021e-02
1.550000000000000044e+00 7.464290829703731922e-02 8.096985174600213053e-02 6.733253925948469443e-02 7.306138083095058133e-02
1.574999999999999956e+00 7.474117072953360974e-02 8.103756879035854677e-02 6.734372526159526640e-02 7.306076000858396924e-02
1.600000000000000089e+00 7.486253651315723234e-02 8.112497691939356270e-02 6.737426504928040183e-02 7.307617033000525508e-02
1.625000000000000000e+00 7.500626115615864620e-02 8.123138692653548987e-02 6.742346891829421873e-02 7.310692024248494070e-02
1.649999999999999911e+00 7.517151510761534150e-02 8.135603500838334279e-02 6.749056744935805208e-02 7.315224769697449558e-02
1.675000000000000044e+00 7.535739483005675365e-02 8.149809345751883594e-02 6.757472170567109526e-02 7.321132995629564544e-02
1.699999999999999956e+00 7.556292242181809893e-02 8.165666963065809636e-02 6.767502293686637749e-02 7.328328271094010360e-02
1.725000000000000311e+00 7.578704889018782198e-02 8.183080904194332816e-02 6.779049551146219821e-02 7.336716309166567418e-02
1.750000000000000000e+00 7.602865659303148504e-02 8.201949829213375787e-02 6.792009876433673099e-02 7.346197278166918809e-02
1.774999999999999911e+00 7.628657049241041599e-02 8.222167583941908386e-02 6.806273694162558174e-02 7.356666758771880643e-02
1.800000000000000044e+00 7.655955795960243948e-02 8.243623068740840720e-02 6.821725974765903422e-02 7.368015675356491545e-02
1.824999999999999956e+00 7.684633447638834769e-02 8.266200845158139243e-02 6.838246732919321669e-02 7.380130913174835772e-02
1.850000000000000311e+00 7.714556659557754437e-02 8.289781325017410440e-02 6.855711295915768722e-02 7.392895468937031589e-02
1.875000000000000000e+00 7.745587632650838272e-02 8.314241204656516726e-02 6.873990716276685842e-02 7.406188926629390934e-02
1.899999999999999911e+00 7.777584796892854369e-02 8.339454112652418261e-02 6.892952428016700661e-02 7.419888133765274729e-02
1.925000000000000044e+00 7.810403430399392999e-02 8.365291115946502098e-02 6.912460819291139924e-02 7.433867638428330593e-02
1.949999999999999956e+00 7.843895728443463222e-02 8.391620717862890988e-02 6.932377363818288674e-02 7.447999772290039844e-02
1.975000000000000089e+00 7.877911461110061186e-02 8.418309515106688068e-02 6.952561227627918061e-02 7.462155381533977505e-02
2.000000000000000000e+00 7.912298772341262720e-02 8.445222888509877623e-02 6.972869988813427955e-02 7.476204431576072285e-02
2.024999999999999911e+00 7.946904485493681836e-02 8.472225192381092895e-02 6.993160052752460387e-02 7.490016249855094288e-02
2.049999999999999822e+00 7.981574322113085818e-02 8.499179938735904050e-02 7.013286876376938206e-02 7.503459857401788280e-02
2.075000000000000178e+00 8.016153877288435814e-02 8.525950684038131888e-02 7.033105830614592990e-02 7.516404777651941593e-02
2.100000000000000089e+00 8.050488866210518679e-02 8.552401160310045547e-02 7.052472548121443974e-02 7.528721169322497020e-02
2.125000000000000000e+00 8.084425306403074385e-02 8.578395390596807446e-02 7.071243188947735903e-02 7.540280116171264868e-02
2.149999999999999911e+00 8.117810034652049589e-02 8.603798112927385500e-02 7.089274915559470869e-02 7.550954081771041326e-02
2.174999999999999822e+00 8.150491443050879303e-02 8.628475413182382092e-02 7.106426568797095944e-02 7.560617518483382649e-02
2.200000000000000178e+00 8.182319904610914352e-02 8.652295072187014824e-02 7.122559234179492993e-02 7.569147271552190137e-02
2.225000000000000089e+00 8.213147784111725358e-02 8.675126503855740134e-02 7.137536297319319045e-02 7.576422555401296499e-02
2.250000000000000000e+00 8.242829976461581165e-02 8.696841139045338731e-02 7.151223914750233501e-02 7.582325471705778086e-02
2.274999999999999911e+00 8.271224543495279968e-02 8.717313046186223047e-02 7.163491749255899987e-02 7.586741547205075320e-02
2.299999999999999822e+00 8.298192523191773307e-02 8.736418663773452831e-02 7.174212828552256616e-02 7.589559527791765736e-02
2.325000000000000178e+00 8.323598531112107179e-02 8.754037241812895331e-02 7.183264159639890511e-02 7.590671984843651299e-02
2.350000000000000089e+00 8.347311071252976056e-02 8.770051146211378656e-02 7.190527088549703016e-02 7.589975539202138688e-02
2.375000000000000000e+00 8.369202959370944384e-02 8.784346134542320161e-02 7.195887674026409109e-02 7.587371189405119065e-02
2.399999999999999911e+00 8.389151453011370330e-02 8.796811574646490328e-02 7.199236999616508148e-02 7.582764514249978882e-02
2.424999999999999822e+00 8.407038264186378340e-02 8.807340302844247903e-02 7.200471103284857011e-02 7.576065564135142649e-02
2.450000000000000178e+00 8.422750075237704637e-02 8.815829051329900079e-02 7.199491545422090355e-02 7.567189365857966699e-02
2.475000000000000089e+00 8.436178609759303892e-02 8.822178507567196570e-02 7.196205585724324560e-02 7.556056025519466979e-02
2.500000000000000000e+00 8.447221070784798058e-02 8.826293768666082507e-02 7.190526510046781061e-02 7.542591007242560597e-02
2.524999999999999911e+00 8.455779973059691923e-02 8.828084175372587217e-02 7.182373563760846569e-02 7.526725024473697456e-02
2.549999999999999822e+00 8.461763573752618950e-02 8.827463536052809756e-02 7.171672343194072929e-02 7.508394361209012879e-02
2.575000000000000178e+00 8.465085881117326294e-02 8.824350390006167888e-02 7.158354920569993951e-02 7.487541000442544947e-02
2.600000000000000089e+00 8.465666700712098924e-02 8.818667948894134967e-02 7.142359803920528272e-02 7.464112541486421504e-02
2.625000000000000000e+00 8.463431881772674747e-02 8.810344270076884976e-02 7.123632181214971382e-02 7.438062398300378242e-02
2.649999999999999911e+00 8.458313308260821672e-02 8.799312357551389296e-02 7.102124006867303885e-02 7.409349889878963369e-02
2.674999999999999822e+00 8.450249162993837826e-02 8.785510426790436866e-02 7.077794120102959274e-02 7.377940342086880543e-02
2.700000000000000178e+00 8.439183989446454037e-02 8.768882012767055534e-02 7.050608312888448359e-02 7.343805156216735852e-02
2.725000000000000089e+00 8.425068661006912540e-02 8.749375923892092899e-02 7.020539362639688363e-02 7.306921823857852327e-02
2.750000000000000000e+00 8.407860435207049898e-02 8.726946620333433935e-02 6.987567018470619562e-02 7.267274025634232193e-02
2.774999999999999911e+00 8.387522796076876674e-02 8.701553864345468181e-02 6.951677811858252010e-02 7.224851370710330678e-02
2.799999999999999822e+00 8.364025810064396049e-02 8.673162976738493790e-02 6.912865349857767738e-02 7.179649644162933164e-02
2.825000000000000178e+00 8.337346080751537047e-02 8.641745260680050444e-02 6.871130215638163174e-02 7.131670904302747638e-02
2.850000000000000089e+00 8.307466452507514254e-02 8.607277623916927134e-02 6.826479720035387444e-02 7.080923200042384125e-02
2.875000000000000000e+00 8.274376407484967944e-02 8.569742876669086962e-02 6.778928077315246603e-02 7.027420706876606749e-02
2.899999999999999911e+00 8.238071691742082647e-02 8.529129785808602093e-02 6.728496157003228950e-02 6.971183688921567256e-02
2.924999999999999822e+00 8.198554175723611614e-02 8.485432627036683384e-02 6.675211268435905787e-02 6.912238150290463123e-02
2.950000000000000178e+00 8.155832618903158249e-02 8.438652230626207673e-02 6.619107553463478288e-02 6.850616359131724009e-02
2.975000000000000089e+00 8.109921724730236037e-02 8.388795227973085133e-02 6.560225358030120912e-02 6.786356321415473736e-02
3.000000000000000000e+00 8.060842141621660240e-02 8.335874101663472147e-02 6.498611120129581253e-02 6.719501729777654919e-02
3.024999999999999911e+00 8.008620305555419483e-02 8.279907132775334022e-02 6.434317061112351799e-02 6.650101715443121342e-02
3.049999999999999822e+00 7.953288547985157275e-02 8.220918448267303114e-02 6.367401184315978069e-02 6.578210825010424867e-02
3.075000000000000178e+00 7.894884913515703984e-02 8.158937722074473264e-02 6.297927015755458435e-02 6.503888740676670721e-02
3.100000000000000089e+00 7.833453415788943497e-02 8.094000598345708897e-02 6.225963726818511262e-02 6.427200478364428204e-02
3.125000000000000000e+00 7.769043232784254849e-02 8.026148580562343648e-02 6.151585471118652809e-02 6.348216108892001941e-02
3.149999999999999911e+00 7.701708775770430004e-02 7.955428328483830913e-02 6.074871210196840926e-02 6.267010222215313453e-02
3.174999999999999822e+00 7.631510063629448615e-02 7.881892153615642493e-02 5.995904867389928450e-02 6.183662146233544210e-02
3.200000000000000178e+00 7.558512005385015220e-02 7.805597856487522801e-02 5.914774772635300604e-02 6.098255703235582609e-02
3.225000000000000089e+00 7.482784269937461930e-02 7.726608685752509031e-02 5.831573369335733142e-02 6.010878970869205223e-02
3.250000000000000000e+00 7.404401046327235836e-02 7.644992460981059335e-02 5.746396884612450795e-02 5.921623672940015681e-02
3.274999999999999911e+00 7.323440801052574778e-02 7.560821858476464430e-02 5.659345078315133198e-02 5.830585208932107660e-02
3.299999999999999822e+00 7.239986067180084750e-02 7.474174206785055841e-02 5.570520903442966604e-02 5.737862329068541684e-02
3.325000000000000178e+00 7.154123622740402033e-02 7.385131278200500471e-02 5.480030455339979234e-02 5.643556907501157821e-02
3.350000000000000089e+00 7.065943837875549027e-02 7.293778858218244454e-02 5.387982490714719741e-02 5.547773576169878762e-02
3.375000000000000444e+00 6.975540617116068876e-02 7.200207070337717730e-02 5.294488182821950606e-02 5.450619734200574246e-02
3.399999999999999911e+00 6.883011001553474006e-02 7.104509739451632389e-02 5.199660639425826569e-02 5.352204948807310486e-02
3.424999999999999822e+00 6.788454656773444673e-02 7.006783777576543193e-02 5.103614491894488403e-02 5.252640491728888250e-02
3.450000000000000622e+00 6.691974254993703075e-02 6.907129355626168143e-02 5.006465923400876816e-02 5.152039267659287020e-02
3.475000000000000533e+00 6.593675035603260848e-02 6.805649640341604467e-02 4.908332315596715401e-02 5.050515575088013881e-02
3.500000000000000000e+00 6.493664009044643193e-02 6.702450232330749158e-02 4.809331553553609917e-02 4.948184569135208322e-02
3.524999999999999911e+00 6.392050472283127005e-02 6.597639161515504724e-02 4.709582195904953722e-02 4.845162128504031107e-02
3.549999999999999822e+00 6.288945339839091542e-02 6.491326785668542765e-02 4.609202935226352355e-02 4.741564650565618932e-02
3.575000000000000622e+00 6.184460899402258877e-02 6.383624906784833575e-02 4.508312260758907952e-02 4.637508389036221895e-02
3.600000000000000089e+00 6.078710575187312726e-02 6.274647146270231901e-02 4.407028192173408770e-02 4.533109526101483655e-02
3.625000000000000000e+00 5.971808605408838316e-02 6.164507900533730544e-02 4.305467921884252591e-02 4.428483409843998048e-02
3.649999999999999911e+00 5.863870304091849811e-02 6.053322792031902433e-02 4.203747910300179025e-02 4.323744766048205623e-02
3.674999999999999822e+00 5.755011129087152233e-02 5.941208375427863009e-02 4.101983128694027675e-02 4.219007317511912908e-02
3.700000000000000622e+00 5.645346682186385551e-02 5.828281224589403758e-02 4.000286955157256880e-02 4.114383158579908856e-02
3.725000000000000089e+00 5.534992592873311940e-02 5.714658089279736619e-02 3.898770977762046341e-02 4.009982741467352230e-02
3.750000000000000000e+00 5.424064168570998101e-02 5.600455755617471387e-02 3.797544692742301636e-02 3.905914665832402322e-02
3.774999999999999911e+00 5.312676369676858773e-02 5.485790535203818874e-02 3.696715379910172489e-02 3.802285298298844346e-02
3.799999999999999822e+00 5.200943371877903704e-02 5.370778225854167670e-02 3.596387747973505550e-02 3.699198659265592881e-02
3.825000000000000178e+00 5.088978182791770166e-02 5.255533759690484558e-02 3.496663598734268963e-02 3.596756085688006255e-02
3.850000000000000089e+00 4.976892863784009025e-02 5.140170774694495515e-02 3.397641895473942769e-02 3.495055940857337562e-02
3.875000000000000000e+00 4.864797955941864427e-02 5.024801700678831196e-02 3.299418380392651895e-02 3.394193599265659528e-02
3.899999999999999911e+00 4.752802359401164106e-02 4.909537342834718182e-02 3.202085379279002303e-02 3.294261113975987393e-02
3.924999999999999822e+00 4.641013426935846481e-02 4.794486822691242794e-02 3.105731840390281787e-02 3.195347133123897093e-02
3.950000000000000178e+00 4.529536402779670012e-02 4.679757377651973943e-02 3.010442979007820971e-02 3.097536752788290423e-02
3.975000000000000089e+00 4.418474114164032407e-02 4.565453849810138104e-02 2.916300018788531637e-02 3.000911165783807372e-02
4.000000000000000000e+00 4.307927309556042889e-02 4.451678697031622584e-02 2.823380380201856096e-02 2.905547650494006567e-02
4.025000000000000355e+00 4.197994272585129499e-02 4.338531963662470292e-02 2.731757460662288459e-02 2.811519547135729255e-02
4.049999999999999822e+00 4.088770382425106764e-02 4.226110931464786141e-02 2.641500369234089582e-02 2.718896039424464547e-02
4.075000000000000178e+00 3.980348218170329938e-02 4.114510095990184246e-02 2.552673970088682048e-02 2.627742129978084817e-02
4.099999999999999645e+00 3.872817514410801382e-02 4.003820801100456406e-02 2.465338876546194560e-02 2.538118454291509243e-02
4.125000000000000000e+00 3.766264720445144237e-02 3.894131117660188518e-02 2.379551256284741234e-02 2.450081254362419803e-02
4.150000000000000355e+00 3.660773038848721961e-02 3.785526041072090342e-02 2.295362855809270769e-02 2.363682488861894651e-02
4.174999999999999822e+00 3.556422386380493628e-02 3.678086948757060964e-02 2.212821027669079413e-02 2.278969585644001136e-02
4.200000000000000178e+00 3.453289109921113542e-02 3.571891672517019112e-02 2.131968642142354972e-02 2.195985539845905082e-02
4.224999999999999645e+00 3.351445994734463668e-02 3.467014576133559123e-02 2.052844136426459562e-02 2.114768997279690976e-02
4.250000000000000000e+00 3.250961935906445527e-02 3.363526120225093785e-02 1.975481407172334156e-02 2.035354084985009290e-02
4.275000000000000355e+00 3.151902113379103504e-02 3.261492768955222971e-02 1.899909985603353765e-02 1.957770444099895396e-02
4.299999999999999822e+00 3.054327999070878541e-02 3.160977246939956908e-02 1.826155139606213534e-02 1.882043459125640888e-02
4.325000000000000178e+00 2.958296841368021624e-02 3.062038305234063285e-02 1.754237684352331558e-02 1.808194209213004680e-02
4.349999999999999645e+00 2.863861927423149573e-02 2.964730404097092042e-02 1.684174219114425997e-02 1.736239404139111597e-02
4.375000000000000000e+00 2.771072721521213381e-02 2.869104174524454709e-02 1.615977319204372695e-02 1.666191738742246395e-02
4.400000000000000355e+00 2.679974484935045836e-02 2.775206123827356208e-02 1.549655442083899479e-02 1.598059839989796754e-02
4.424999999999999822e+00 2.590608360599206197e-02 2.683078460522423173e-02 1.485213094960360219e-02 1.531848299419677310e-02
4.450000000000000178e+00 2.503011546501509102e-02 2.592759424049458430e-02 1.422651048609750724e-02 1.467557963651359813e-02
4.474999999999999645e+00 2.417217193734636990e-02 2.504283167601940169e-02 1.361966411849099487e-02 1.405185998276347638e-02
4.500000000000000000e+00 2.333254308885396658e-02 2.417679685635124379e-02 1.303152712651996226e-02 1.344725979968601319e-02
4.525000000000000355e+00 2.251147840446335660e-02 2.332974950771066550e-02 1.246200071440844645e-02 1.286168092048914358e-02
4.549999999999999822e+00 2.170918777770455832e-02 2.250190836963623237e-02 1.191095385525028222e-02 1.229499219834936583e-02
4.575000000000000178e+00 2.092584223797011936e-02 2.169345303753312040e-02 1.137822503025125685e-02 1.174703179398269015e-02
4.599999999999999645e+00 2.016157409991782556e-02 2.090452350177560495e-02 1.086362364559345824e-02 1.121760827101612491e-02
4.625000000000000000e+00 1.941647876710369744e-02 2.013522188083324838e-02 1.036693231711083817e-02 1.070650284229247330e-02
4.650000000000000355e+00 1.869061496797935762e-02 1.938561465359609978e-02 9.887908240329193119e-03 1.021347170060324036e-02
4.674999999999999822e+00 1.798400522370824026e-02 1.865573075924981811e-02 9.426284742310137021e-03 9.738246409952756519e-03
4.700000000000000178e+00 1.729663801492976882e-02 1.794556347529574492e-02 8.981773653299506693e-03 9.280536165285594927e-03
4.724999999999999645e+00 1.662846928007987932e-02 1.725507374597904514e-02 8.554067267524308529e-03 8.840030607533985382e-03
4.750000000000000000e+00 1.597942281817789703e-02 1.658419008044019829e-02 8.142839723657639694e-03 8.416400962967696131e-03
4.775000000000000355e+00 1.534939207338654153e-02 1.593280966167897120e-02 7.747749006309497151e-03 8.009301749919628052e-03
4.799999999999999822e+00 1.473824140031387842e-02 1.530080008565648693e-02 7.368438679481459537e-03 7.618372721749977483e-03
4.825000000000000178e+00 1.414580768020455050e-02 1.468800074347516998e-02 7.004539700200417343e-03 7.243240593032128360e-03
4.849999999999999645e+00 1.357190195633772856e-02 1.409422447789908904e-02 6.655672193648388621e-03 6.883520828677049466e-03
4.875000000000000000e+00 1.301631099971235772e-02 1.351925924082019760e-02 6.321447133534825562e-03 6.538819377862961808e-03
4.900000000000000355e+00 1.247879873055613049e-02 1.296286957206388077e-02 6.001467874010622469e-03 6.208734251096975285e-03
4.924999999999999822e+00 1.195910802105333397e-02 1.242479821957662503e-02 5.695331811525972815e-03 5.892857104445792769e-03
4.950000000000000178e+00 1.145696236698418025e-02 1.190476783277647985e-02 5.402631909424134710e-03 5.590774794766130255e-03
4.974999999999999645e+00 1.097206737048238810e-02 1.140248256582309348e-02 5.122958068741863269e-03 5.302070819822255962e-03
5.000000000000000000e+00 1.050411253804154656e-02 1.091762982469822972e-02 4.855898565260407911e-03 5.026326750504122622e-03
5.025000000000000355e+00 1.005277281031977631e-02 1.044988176317479880e-02 4.601041313454477810e-03 4.763123491289754721e-03
5.049999999999999822e+00 9.617710154271128659e-03 9.998896998727167112e-03 4.357975086779258302e-03 4.512042570498811349e-03
5.075000000000000178e+00 9.198575130207418266e-03 9.564322152805825386e-03 4.126290649735382156e-03 4.272667281502246818e-03
5.099999999999999645e+00 8.795008380393348757e-03 9.145793270778562051e-03 3.905581803853675881e-03 4.044583715367772864e-03
5.125000000000000000e+00 8.406642132627439173e-03 8.742937465709990641e-03 3.695446377762532861e-03 3.827381821617598101e-03
5.150000000000000355e+00 8.033101601477287204e-03 8.355374290935276352e-03 3.495487109991866122e-03 3.620656297205817123e-03
5.174999999999999822e+00 7.674006422275786964e-03 7.982717211921940351e-03 3.305312484421731381e-03 3.424007453872813210e-03
5.200000000000000178e+00 7.328971900170892784e-03 7.624574899085222353e-03 3.124537442023777103e-03 3.237041958456376295e-03
5.224999999999999645e+00 6.997610276368979379e-03 7.280552486347945454e-03 2.952784044089935660e-03 3.059373507866266183e-03
5.250000000000000000e+00 6.679531905087332175e-03 6.950252832640218571e-03 2.789682052895421909e-03 2.890623454133559901e-03
5.275000000000000355e+00 6.374346393959420126e-03 6.633277659011830273e-03 2.634869439402383589e-03 2.730421329917798613e-03
5.299999999999999822e+00 6.081663662569266118e-03 6.329228597350520721e-03 2.487992832643587393e-03 2.578405295998858864e-03
5.325000000000000178e+00 5.801094963820194357e-03 6.037708322616189976e-03 2.348707913241607995e-03 2.434222586759672742e-03
5.349999999999999645e+00 5.532253734599295453e-03 5.758321431638625289e-03 2.216679688633765508e-03 2.297529811551883398e-03
5.375000000000000000e+00 5.274756504795713279e-03 5.490675308339022266e-03 2.091582769642690541e-03 2.167993219507864146e-03
5.400000000000000355e+00 5.028223682968502133e-03 5.234381037138911494e-03 1.973101565552866365e-03 2.045288948942864966e-03
5.424999999999999822e+00 4.792280202513169753e-03 4.989054081118408576e-03 1.860930398587894684e-03 1.929103159645040614e-03
5.450000000000000178e+00 4.566556221533618967e-03 4.754314924564140461e-03 1.754773615709945755e-03 1.819132127817824031e-03
5.474999999999999645e+00 4.350687748407383593e-03 4.529789771076883978e-03 1.654345650996933868e-03 1.715082339295383174e-03
5.500000000000000000e+00 4.144317086944166936e-03 4.315111061569322504e-03 1.559371000664515035e-03 1.616670494008126246e-03
5.525000000000000355e+00 3.947093358673337167e-03 4.109918005686632320e-03 1.469584212756953239e-03 1.523623498693065133e-03
5.549999999999999822e+00 3.758672887010176909e-03 3.913856964159229297e-03 1.384729809425639920e-03 1.435678392103178396e-03
5.575000000000000178e+00 3.578719571855537920e-03 3.726581856048134800e-03 1.304562195273591347e-03 1.352582265207597162e-03
5.599999999999999645e+00 3.406905173621220702e-03 3.547754506459095767e-03 1.228845524982494653e-03 1.274092149308107434e-03
5.625000000000000000e+00 3.242909536331508268e-03 3.377044881527310402e-03 1.157353542126806625e-03 1.199974857533005245e-03
5.650000000000000355e+00 3.086420848250331396e-03 3.214131319124869171e-03 1.089869423481482774e-03 1.130006818617192502e-03
5.674999999999999822e+00 2.937135773512412982e-03 3.058700755605378747e-03 1.026185575668580718e-03 1.063973902981216885e-03
5.700000000000000178e+00 2.794759537525364022e-03 2.910448802670018934e-03 9.661034153341489664e-04 1.001671195758176798e-03
5.724999999999999645e+00 2.659006091801283372e-03 2.769079866331549712e-03 9.094331712828257778e-04 9.429027836098520477e-04
5.750000000000000000e+00 2.529598095286641948e-03 2.634307260131932716e-03 8.559936281476227720e-04 8.874815357279386505e-04
5.775000000000000355e+00 2.406266925478274532e-03 2.505853159593322659e-03 8.056118816142057064e-04 8.352288365671112994e-04
5.799999999999999822e+00 2.288752699328871956e-03 2.383448636987431368e-03 7.581230978626902605e-04 7.859743459960721185e-04
5.825000000000000178e+00 2.176804196147283377e-03 2.266833624147606210e-03 7.133702450029359710e-04 7.395557389061874600e-04
5.849999999999999645e+00 2.070178809631108459e-03 2.155756832019079059e-03 6.712038378201342238e-04 6.958184350299709883e-04
5.875000000000000000e+00 1.968642458134978786e-03 2.049975707742399296e-03 6.314816749543833256e-04 6.546153453059122204e-04
5.900000000000000355e+00 1.871969465511788859e-03 1.949256318706338569e-03 5.940685697358107260e-04 6.158065993670558706e-04
5.924999999999999822e+00 1.779942433792120566e-03 1.853373217267205919e-03 5.588360882364991084e-04 5.792592743111779846e-04
5.950000000000000178e+00 1.692352099952670755e-03 1.762109310906426890e-03 5.256622855583012715e-04 5.448471312024689159e-04
5.974999999999999645e+00 1.608997180081581839e-03 1.675255703289943270e-03 4.944314456525593805e-04 5.124503484371243289e-04
6.000000000000000000e+00 1.529684204893736865e-03 1.592611537264893885e-03 4.650338267843507852e-04 4.819552634111744401e-04
6.025000000000000355e+00 1.454227339423811750e-03 1.513983812804526588e-03 4.373654082938424181e-04 4.532541137639007462e-04
6.049999999999999822e+00 1.382448199844104253e-03 1.439187208342925352e-03 4.113276439407806493e-04 4.262447868823566847e-04
6.075000000000000178e+00 1.314175657452891065e-03 1.368043886825257970e-03 3.868272186737956118e-04 4.008305719666674111e-04
6.099999999999999645e+00 1.249245638375908515e-03 1.300383293746421075e-03 3.637758123439450877e-04 3.769199178173075347e-04
6.125000000000000000e+00 1.187500920477945138e-03 1.236041949761576683e-03 3.420898695644415135e-04 3.544261965313265567e-04
6.150000000000000355e+00 1.128790932219304096e-03 1.174863243854502729e-03 3.216903778920291563e-04 3.332674751160727249e-04
6.174999999999999822e+00 1.072971544980479619e-03 1.116697230493068037e-03 3.025026511001863649e-04 3.133662953234561004e-04
6.200000000000000178e+00 1.019904863625552662e-03 1.061400414172199895e-03 2.844561196567805118e-04 2.946494575673269277e-04
6.224999999999999645e+00 9.694590201161265271e-04 1.008835538393934713e-03 2.674841289311477295e-04 2.770478134058837103e-04
6.250000000000000000e+00 9.215079658257575987e-04 9.588713754547367740e-04 2.515237442395998227e-04 2.604960653325637753e-04
6.275000000000000355e+00 8.759312658657024322e-04 9.113825167581599950e-04 2.365155634771078227e-04 2.449325738830042745e-04
6.299999999999999822e+00 8.326138964305411852e-04 8.662491641131774001e-04 2.224035368203243089e-04 2.302991718121046353e-04
6.325000000000000178e+00 7.914460441361397414e-04 8.233569248268702732e-04 2.091347936663626725e-04 2.165409858370990852e-04
6.349999999999999645e+00 7.523229093563171734e-04 7.825966102334910033e-04 1.966594768927182563e-04 2.036062658026250292e-04
6.375000000000000000e+00 7.151445118336173957e-04 7.438640359693817752e-04 1.849305840760232574e-04 1.914462206233733129e-04
6.400000000000000355e+00 6.798155008198250191e-04 7.070598267228608586e-04 1.739038156156528885e-04 1.800148615896760842e-04
6.424999999999999822e+00 6.462449707626519331e-04 6.720892266326058658e-04 1.635374297780409854e-04 1.692688527241264509e-04
6.450000000000000178e+00 6.143462787412490387e-04 6.388619118644856204e-04 1.537921039853452443e-04 1.591673674921373772e-04
6.474999999999999645e+00 5.840368688411806588e-04 6.072918083222683151e-04 1.446308029297040370e-04 1.496719521857147806e-04
6.500000000000000000e+00 5.552381013624281070e-04 5.772969155717770683e-04 1.360186529480643348e-04 1.407463960874891934e-04
6.525000000000000355e+00 5.278750854538583146e-04 5.487991350557557381e-04 1.279228220254221367e-04 1.323566075606646248e-04
6.549999999999999822e+00 5.018765179595588736e-04 5.217241023717913767e-04 1.203124063208523670e-04 1.244704961090384321e-04
6.575000000000000178e+00 4.771745280199065210e-04 4.960010264687520322e-04 1.131583219557273808e-04 1.170578606106241612e-04
6.599999999999999645e+00 4.537045249748352825e-04 4.715625328870389345e-04 1.064332021867629940e-04 1.100902827696642356e-04
6.625000000000000000e+00 4.314050528842702532e-04 4.483445126640219543e-04 1.001113001258143283e-04 1.035410262662576187e-04
6.650000000000000355e+00 4.102176495960138539e-04 4.262859764931425195e-04 9.416839618815848968e-05 9.738494092504146912e-05
6.674999999999999822e+00 3.900867109060565619e-04 4.053289132533149236e-04 8.858171069629947015e-05 9.159837185143340646e-05
6.700000000000000178e+00 3.709593605422910334e-04 3.854181553988019013e-04 8.332982097103379111e-05 8.615907363760046567e-05
6.724999999999999645e+00 3.527853238154518740e-04 3.665012479830099200e-04 7.839258275055990236e-05 8.104612883059171221e-05
6.750000000000000888e+00 3.355168068662673264e-04 3.485283229865219351e-04 7.375105596581296317e-05 7.623987086163840369e-05
6.775000000000001243e+00 3.191083813431236046e-04 3.314519791192781359e-04 6.938743463847549763e-05 7.172181126208805200e-05
6.799999999999999822e+00 3.035168722624028087e-04 3.152271659927280358e-04 6.528498037587606893e-05 6.747457074759330941e-05
6.825000000000001066e+00 2.887012510687005920e-04 2.998110725927984510e-04 6.142795967255640810e-05 6.348181406024687608e-05
6.849999999999999645e+00 2.746225341471414221e-04 2.851630210707344656e-04 5.780158482868805869e-05 5.972818853649942934e-05
6.875000000000000000e+00 2.612436843194780155e-04 2.712443650178182381e-04 5.439195800900699135e-05 5.619926612625838835e-05
6.900000000000001243e+00 2.485295172413011055e-04 2.580183914808079982e-04 5.118601858167558033e-05 5.288148857965715050e-05
6.924999999999999822e+00 2.364466118475054871e-04 2.454502277746869999e-04 4.817149338421876495e-05 4.976211584502369381e-05
6.950000000000001066e+00 2.249632243984592403e-04 2.335067520480651766e-04 4.533684977170309875e-05 4.682917730511440601e-05
6.974999999999999645e+00 2.140606048058736979e-04 2.221451099995142258e-04 4.267177501890813206e-05 4.407090239317867128e-05
7.000000000000000000e+00 2.036875844135459615e-04 2.113595926057572653e-04 4.016473261127708735e-05 4.147749095525624953e-05
7.025000000000001243e+00 1.938282740192497024e-04 2.011091882665250251e-04 3.780706398160297373e-05 3.903885183726113050e-05
7.049999999999999822e+00 1.844568211890374484e-04 1.913669267490584862e-04 3.558976942882760520e-05 3.674564578362059047e-05
7.075000000000001066e+00 1.755486817953877865e-04 1.821072038212626933e-04 3.350439466058690858e-05 3.458910020122649739e-05
7.099999999999999645e+00 1.670805546985431266e-04 1.733057130636619990e-04 3.154299783083514078e-05 3.256097492386283120e-05
7.125000000000000000e+00 1.590303195502329545e-04 1.649393809980675822e-04 2.969811856257031034e-05 3.065352999329608920e-05
7.150000000000001243e+00 1.513769775212949972e-04 1.569863052383460372e-04 2.796274880958157905e-05 2.885949537086229683e-05
7.174999999999999822e+00 1.441005948628887713e-04 1.494256955534715493e-04 2.633030541692009746e-05 2.717204241538028335e-05
7.200000000000000178e+00 1.371822492333294385e-04 1.422378177882383595e-04 2.479460436805209795e-05 2.558475708743291103e-05
7.224999999999999645e+00 1.306039786607343439e-04 1.354039405545931984e-04 2.334983655264246524e-05 2.409161475700285866e-05
7.250000000000000000e+00 1.243487329585239894e-04 1.289062844893758253e-04 2.199054499858208247e-05 2.268695652799047053e-05
7.275000000000001243e+00 1.184003275564385208e-04 1.227279740879626811e-04 2.071160346448195657e-05 2.136546699149531866e-05
7.299999999999999822e+00 1.127433995372078711e-04 1.168529917582975821e-04 1.950819632299817226e-05 2.012215330437780320e-05
7.325000000000000178e+00 1.073633659179655737e-04 1.112661341997354459e-04 1.837579964846114495e-05 1.895232552991350509e-05
7.349999999999999645e+00 1.022463839710662832e-04 1.059529709879582010e-04 1.731016346450803798e-05 1.785157817835699362e-05
7.375000000000000000e+00 9.737931354515049983e-05 1.008998051848301577e-04 1.630729507461134968e-05 1.681577286598224581e-05
7.400000000000001243e+00 9.274968124432828541e-05 9.609363593517828578e-05 1.536344338042009485e-05 1.584102203026739063e-05
7.424999999999999822e+00 8.834564641966507830e-05 9.152212291319083775e-05 1.447508414291011401e-05 1.492367361347396982e-05
7.450000000000000178e+00 8.415596887940676783e-05 8.717355258475466056e-05 1.363890619118476763e-05 1.406029669758700999e-05
7.474999999999999645e+00 8.016997821314777030e-05 8.303680616585684443e-05 1.285179843515735825e-05 1.324766802310957892e-05
7.500000000000000000e+00 7.637754467285308880e-05 7.910132918785972437e-05 1.211083765471451692e-05 1.248275930713522376e-05
7.525000000000000355e+00 7.276905151787368769e-05 7.535710260798892236e-05 1.141327706765928596e-05 1.176272534512440964e-05
7.549999999999999822e+00 6.933536879196567455e-05 7.179461538980756394e-05 1.075653558898061108e-05 1.108489284767889050e-05
7.575000000000000178e+00 6.606782843056277249e-05 6.840483849883138053e-05 1.013818772434121083e-05 1.044674995434252151e-05
7.599999999999999645e+00 6.295820060059992230e-05 6.517920019696282871e-05 9.555954094828762648e-06 9.845936379662181533e-06
7.625000000000000000e+00 5.999867128148445017e-05 6.210956260259089569e-05 9.007692552417569714e-06 9.280234176408723876e-06
7.650000000000000355e+00 5.718182098636083769e-05 5.918819946269446557e-05 8.491389817780830058e-06 8.747559058080398923e-06
7.674999999999999822e+00 5.450060456688745448e-05 5.640777504979234105e-05 8.005153643321942511e-06 8.245952251915961124e-06
7.700000000000000178e+00 5.194833205948389790e-05 5.376132415133733235e-05 7.547205453258837716e-06 7.773572854399407787e-06
7.724999999999999645e+00 4.951865051441969780e-05 5.124223308180464535e-05 7.115873429875576254e-06 7.328690653294805266e-06
7.750000000000000000e+00 4.720552674997305972e-05 4.884422167381048094e-05 6.709586026855364383e-06 6.909679388694379267e-06
7.775000000000000355e+00 4.500323100366743700e-05 4.656132619601127296e-05 6.326865885385722879e-06 6.515010432172973474e-06
7.799999999999999822e+00 4.290632142083238574e-05 4.438788314793815570e-05 5.966324115125698283e-06 6.143246851426016618e-06
7.825000000000000178e+00 4.090962933435591343e-05 4.231851388933171980e-05 5.626654924016478414e-06 5.793037837079809337e-06
7.849999999999999645e+00 3.900824531274302276e-05 4.034811006365617415e-05 5.306630577724098398e-06 5.463113469644261616e-06
7.875000000000000000e+00 3.719750592630471898e-05 3.847181977394796825e-05 5.005096675740857004e-06 5.152279810372081267e-06
7.900000000000000355e+00 3.547298119333749152e-05 3.668503447679852378e-05 4.720967709659703837e-06 4.859414295068989442e-06
7.924999999999999822e+00 3.383046267026979209e-05 3.498337654746484668e-05 4.453222893954877097e-06 4.583461406506691940e-06
7.950000000000000178e+00 3.226595216196956675e-05 3.336268748650131778e-05 4.200902250823440743e-06 4.323428613396139847e-06
7.974999999999999645e+00 3.077565100747074598e-05 3.181901673475919618e-05 3.963102935460441569e-06 4.078382555343846380e-06
8.000000000000000000e+00 2.935594992650961702e-05 3.034861107325476643e-05 3.738975788473490102e-06 3.847445466393923017e-06
8.025000000000000355e+00 2.800341938438398402e-05 2.894790456513641360e-05 3.527722095116035800e-06 3.629791813295151395e-06
8.050000000000000711e+00 2.671480045397933299e-05 2.761350901548409814e-05 3.328590545606049633e-06 3.424645142304668709e-06
8.074999999999999289e+00 2.548699615284103479e-05 2.634220492951671165e-05 3.140874378309118625e-06 3.231275116491306458e-06
8.099999999999999645e+00 2.431706322260053648e-05 2.513093293343190819e-05 2.963908699907183312e-06 3.048994736392223174e-06
8.125000000000000000e+00 2.320220433478635089e-05 2.397678564046637817e-05 2.797067964551436360e-06 2.877157727651612100e-06
8.150000000000000355e+00 2.213976069708990262e-05 2.287699993521082731e-05 2.639763611421040535e-06 2.715156089927446148e-06
8.175000000000000711e+00 2.112720504117629794e-05 2.182894965692521244e-05 2.491441843284367426e-06 2.562417794580234281e-06
8.199999999999999289e+00 2.016213497082628155e-05 2.083013866065602522e-05 2.351581543540282219e-06 2.418404624183430750e-06
8.224999999999999645e+00 1.924226665299435583e-05 1.987819423442646388e-05 2.219692315553491005e-06 2.282610142604785880e-06
8.250000000000000000e+00 1.836542883396793360e-05 1.897086085682103519e-05 2.095312642416021915e-06 2.154557787621677248e-06
8.275000000000000355e+00 1.752955716270177959e-05 1.810599427810321663e-05 1.978008161267197616e-06 2.033799081092605545e-06
8.300000000000000711e+00 1.673268880462289569e-05 1.728155590286690706e-05 1.867370040099393875e-06 1.919911948228732105e-06
8.324999999999999289e+00 1.597295733300621248e-05 1.649560746145307448e-05 1.763013451698479548e-06 1.812499137427161419e-06
8.349999999999999645e+00 1.524858788302461667e-05 1.574630595737842195e-05 1.664576143607097397e-06 1.711186737076800564e-06
8.375000000000000000e+00 1.455789255362474225e-05 1.503189887378764880e-05 1.571717091385041885e-06 1.615622782586344678e-06
8.400000000000000355e+00 1.389926604491336253e-05 1.435071962523732934e-05 1.484115234481592759e-06 1.525475946390261997e-06
8.425000000000000711e+00 1.327118151935347158e-05 1.370118324327853544e-05 1.401468290503504977e-06 1.440434309271660462e-06
8.449999999999999289e+00 1.267218667474918553e-05 1.308178228349862378e-05 1.323491636670754863e-06 1.360204204532558328e-06
8.474999999999999645e+00 1.210090001766083478e-05 1.249108294221753150e-05 1.249917263066004549e-06 1.284509132128324043e-06
8.500000000000000000e+00 1.155600732664595715e-05 1.192772137100871838e-05 1.180492787163294985e-06 1.213088739541359082e-06
8.525000000000000355e+00 1.103625829676856045e-05 1.139040017974456922e-05 1.114980527423958944e-06 1.145697862788317439e-06
8.550000000000000711e+00 1.054046335499646901e-05 1.087788511921301649e-05 1.053156633868035821e-06 1.082105626467499144e-06
8.574999999999999289e+00 1.006749063761922215e-05 1.038900193229475285e-05 9.948102682473960545e-07 1.022094596625869268e-06
8.599999999999999645e+00 9.616263121629330335e-06 9.922633365945601633e-06 9.397428373299249881e-07 9.654599854318223887e-07
8.625000000000000000e+00 9.185755901759167904e-06 9.477716335278265968e-06 8.877672699844152932e-07 9.120089043610570251e-07
8.650000000000000355e+00 8.774993606067451503e-06 9.053239231956379499e-06 8.387073365336276286e-07 8.615596608023632133e-07
8.675000000000000711e+00 8.383047942357014739e-06 8.648239369447781886e-06 7.923970112571328241e-07 8.139410974924277426e-07
8.699999999999999289e+00 8.009035369064292949e-06 8.261800557963453013e-06 7.486798722950459973e-07 7.689919720638542793e-07
8.724999999999999645e+00 7.652114884142765885e-06 7.893050802524217592e-06 7.074085365685983310e-07 7.265603732957740506e-07
8.750000000000000000e+00 7.311485925587915279e-06 7.541160117500255076e-06 6.684441286902515040e-07 6.865031719474666774e-07
8.775000000000000355e+00 6.986386378100242184e-06 7.205338451833573704e-06 6.316557825043664352e-07 6.486855048226071277e-07
8.800000000000000711e+00 6.676090680455441555e-06 6.884833719246748903e-06 5.969201716661494443e-07 6.129802898525178726e-07
8.824999999999999289e+00 6.379908028114922471e-06 6.578929927919639397e-06 5.641210678312581275e-07 5.792677696407195228e-07
8.849999999999999645e+00 6.097180666370385274e-06 6.286945404457729679e-06 5.331489256932732246e-07 5.474350823554233207e-07
8.875000000000000000e+00 5.827282269343633687e-06 6.008231107355425825e-06 5.039004928764129637e-07 5.173758583448873592e-07
8.900000000000000355e+00 5.569616400398642706e-06 5.742169025409455333e-06 4.762784422931065269e-07 4.889898407473497576e-07
8.925000000000000711e+00 5.323615049869708874e-06 5.488170656602833871e-06 4.501910266022766355e-07 4.621825282432626068e-07
8.949999999999999289e+00 5.088737246042628508e-06 5.245675563477132810e-06 4.255517537435554338e-07 4.368648396058443783e-07
8.974999999999999645e+00 4.864467735559662757e-06 5.014150000830520983e-06 4.022790803368731799e-07 4.129527976702191442e-07
9.000000000000000000e+00 4.650315729982226141e-06 4.793085612214580350e-06 3.802961245234323801e-07 3.903672320567476459e-07
9.025000000000000355e+00 4.445813714890654558e-06 4.581998191734145720e-06 3.595303952348523726e-07 3.690334998671864055e-07
9.050000000000000711e+00 4.250516318269506731e-06 4.380426507658929944e-06 3.399135373301012302e-07 3.488812224701090797e-07
9.074999999999999289e+00 4.063999235410501229e-06 4.187931184709084950e-06 3.213810920884182494e-07 3.298440381589335872e-07
9.099999999999999645e+00 3.885858207288873860e-06 4.004093642176050649e-06 3.038722712527207633e-07 3.118593690609943945e-07
9.125000000000000000e+00 3.715708049594496143e-06 3.828515084863208671e-06 2.873297451234368350e-07 2.948682020457749131e-07
9.150000000000000355e+00 3.553181730117061363e-06 3.660815544173176537e-06 2.716994424346813921e-07 2.788148824612327540e-07
9.175000000000000711e+00 3.397929491813378681e-06 3.500632966937516751e-06 2.569303623012279461e-07 2.636469198914177407e-07
9.199999999999999289e+00 3.249618019238151378e-06 3.347622349361321392e-06 2.429743973683202333e-07 2.493148055330226005e-07
9.224999999999999645e+00 3.107929646293913336e-06 3.201454913908047270e-06 2.297861668847775662e-07 2.357718401780290445e-07
9.250000000000000000e+00 2.972561603018072164e-06 3.061817326939935115e-06 2.173228598285071303e-07 2.229739722057509729e-07
9.275000000000000355e+00 2.843225299561520716e-06 2.928410954958430825e-06 2.055440871857890822e-07 2.108796451982383228e-07
9.300000000000000711e+00 2.719645645497207555e-06 2.800951157623791180e-06 1.944117427921064055e-07 1.994496543749004268e-07
9.324999999999999289e+00 2.601560402561835617e-06 2.679166615641203760e-06 1.838898723730789437e-07 1.886470115060828848e-07
9.349999999999999645e+00 2.488719569223270406e-06 2.562798691710790095e-06 1.739445501308498571e-07 1.784368176278833648e-07
9.375000000000000000e+00 2.380884795450903112e-06 2.451600822886389248e-06 1.645437626256143570e-07 1.687861432629610900e-07
9.400000000000000355e+00 2.277828826193199095e-06 2.345337942805534271e-06 1.556572992068783227e-07 1.596639155212196617e-07
9.425000000000000711e+00 2.179334972090982195e-06 2.243785932291221591e-06 1.472566491078079748e-07 1.510408118361503060e-07
9.449999999999999289e+00 2.085196606057744917e-06 2.146731096801327326e-06 1.393149043443900666e-07 1.428891599304985127e-07
9.474999999999999645e+00 1.995216684470648706e-06 2.053969669483003735e-06 1.318066681747192830e-07 1.351828434859340534e-07
9.500000000000000000e+00 1.909207291707626731e-06 1.965307338523364498e-06 1.247079689901970502e-07 1.278972133234672469e-07
9.525000000000000355e+00 1.826989206865601241e-06 1.880558797563036541e-06 1.179961792370392924e-07 1.210090037738653209e-07
9.550000000000000711e+00 1.748391491548265167e-06 1.799547317991241682e-06 1.116499388649123940e-07 1.144962538893293253e-07
9.574999999999999289e+00 1.673251097708656444e-06 1.722104342087158495e-06 1.056490832707059383e-07 1.083382331242872473e-07
9.599999999999999645e+00 1.601412494506950951e-06 1.648069095953575040e-06 9.997457551895828040e-08 1.025153714444091345e-07
9.625000000000000000e+00 1.532727313255524040e-06 1.577288221227427357e-06 9.460844225990860339e-08 9.700919338399485993e-08
9.650000000000000355e+00 1.467054009553929724e-06 1.509615424649109893e-06 8.953371342543838218e-08 9.180225590130372691e-08
9.675000000000000711e+00 1.404257541759918656e-06 1.444911144627275867e-06 8.473436546460914893e-08 8.687808982882675231e-08
9.699999999999999289e+00 1.344209064972710650e-06 1.383042233906747422e-06 8.019526784670619125e-08 8.222114476874024778e-08
9.724999999999999645e+00 1.286785639789495911e-06 1.323881657573868417e-06 7.590213250275253071e-08 7.781673707709602578e-08
9.750000000000000000e+00 1.231869955082777752e-06 1.267308205647722214e-06 7.184146622921382317e-08 7.365100083479137783e-08
9.775000000000000355e+00 1.179350064110611071e-06 1.213206219507195591e-06 6.800052588499491125e-08 6.971084164351398548e-08
9.800000000000000711e+00 1.129119133307451963e-06 1.161465331489129275e-06 6.436727611866446390e-08 6.598389312433685249e-08
9.824999999999999289e+00 1.081075203131300754e-06 1.111980217004280086e-06 6.093034943479226794e-08 6.245847582718016758e-08
9.849999999999999645e+00 1.035120960366653308e-06 1.064650358554568851e-06 5.767900869099644772e-08 5.912355854885016398e-08
9.875000000000000000e+00 9.911635213252045921e-07 1.019379821062021975e-06 5.460311159425136455e-08 5.596872184659629201e-08
9.900000000000000355e+00 9.491142254153414213e-07 9.760770379575532647e-07 5.169307732797029008e-08 5.298412362200606771e-08
9.925000000000000711e+00 9.088884385662907387e-07 9.346546075042861517e-07 4.893985504984509333e-08 5.016046671575210169e-08
9.949999999999999289e+00 8.704053660228367976e-07 8.950290988474652502e-07 4.633489409655445392e-08 4.748896828064978122e-08
9.974999999999999645e+00 8.335878740579072014e-07 8.571208673164670832e-07 4.387011601850258010e-08 4.496133093148402539e-08
1.000000000000000000e+01 7.983623201666221358e-07 8.208538785299276680e-07 4.153788815884667782e-08 4.256971556478736340e-08
1.002500000000000036e+01 7.646583913257666540e-07 7.861555408711527012e-07 3.933099871056281305e-08 4.030671570347871989e-08
1.005000000000000071e+01 7.324089499288852657e-07 7.529565459249075163e-07 3.724263318211705023e-08 3.816533329018171023e-08
1.007499999999999929e+01 7.015498870225976669e-07 7.211907164910955857e-07 3.526635219478777883e-08 3.613895584229577563e-08
1.009999999999999964e+01 6.720199824904572154e-07 6.907948618043295808e-07 3.339607058855196863e-08 3.422133492242721731e-08
1.012500000000000000e+01 6.437607718470872431e-07 6.617086396094605875e-07 3.162603767294946206e-08 3.240656583893750654e-08
1.015000000000000036e+01 6.167164193200177423e-07 6.338744247610133153e-07 2.995081858986460201e-08 3.068906847352277714e-08
1.017500000000000071e+01 5.908335969197911968e-07 6.072371840299426997e-07 2.836527676701398446e-08 2.906356921340254579e-08
1.019999999999999929e+01 5.660613692046992933e-07 5.817443568177991325e-07 2.686455729172274988e-08 2.752508388874427076e-08
1.022499999999999964e+01 5.423510834676095086e-07 5.573457414915949006e-07 2.544407126721540842e-08 2.606890165710334994e-08
1.025000000000000000e+01 5.196562650837493633e-07 5.339933870699983100e-07 2.409948108816568159e-08 2.469056983747641793e-08
1.027500000000000036e+01 4.979325177688356440e-07 5.116414900003713704e-07 2.282668645974118660e-08 2.338587957736070168e-08
1.030000000000000071e+01 4.771374285146871663e-07 4.902462957830699882e-07 2.162181125038348114e-08 2.215085230955087735e-08
1.032499999999999929e+01 4.572304769751733140e-07 4.697660052109528318e-07 2.048119111423185711e-08 2.098172700612482365e-08
1.034999999999999964e+01 4.381729490894301248e-07 4.501606849984747573e-07 1.940136173552297757e-08 1.987494812997583025e-08
1.037500000000000000e+01 4.199278547411714839e-07 4.313921825941683878e-07 1.837904777592552437e-08 1.882715424920066640e-08
1.040000000000000036e+01 4.024598492586146173e-07 4.134240449732254618e-07 1.741115245278797188e-08 1.783516731696928861e-08
1.042500000000000071e+01 3.857351585731612783e-07 3.962214412206492470e-07 1.649474766438968317e-08 1.689598253594996154e-08
1.044999999999999929e+01 3.697215078614998649e-07 3.797510887240025484e-07 1.562706469148362702e-08 1.600675879154530246e-08
1.047499999999999964e+01 3.543880535055691545e-07 3.639811828023746774e-07 1.480548542300410139e-08 1.516480962627041517e-08
1.050000000000000000e+01 3.397053182120406948e-07 3.488813296092681931e-07 1.402753405181340438e-08 1.436759471840748329e-08
1.052500000000000036e+01 3.256451291411934772e-07 3.344224821521463376e-07 1.329086924420920487e-08 1.361271182573875045e-08
1.055000000000000071e+01 3.121805589026286357e-07 3.205768792811178311e-07 1.259327675165720048e-08 1.289788919341312621e-08
1.057499999999999929e+01 2.992858692806147878e-07 3.073179875051250593e-07 1.193266242134689452e-08 1.222097837285502639e-08
1.059999999999999964e+01 2.869364575615318758e-07 2.946204455017852826e-07 1.130704561758168380e-08 1.157994745387121263e-08
1.062500000000000000e+01 2.751088053391936416e-07 2.824600111934885729e-07 1.071455297422248631e-08 1.097287466205562866e-08
1.065000000000000036e+01 2.637804296809570151e-07 2.708135112677797835e-07 1.015341252532555634e-08 1.039794231243759986e-08
1.067500000000000071e+01 2.529298365435510111e-07 2.596587930266327800e-07 9.621948158269644785e-09 9.853431111422678423e-09
1.069999999999999929e+01 2.425364763322586543e-07 2.489746784548603597e-07 9.118574350476831178e-09 9.337714762802949187e-09
1.072499999999999964e+01 2.325807015026833862e-07 2.387409204023081263e-07 8.641791225069303439e-09 8.849254874175117423e-09
1.075000000000000000e+01 2.230437261090405438e-07 2.289381607814055555e-07 8.190179869508528137e-09 8.386596154213881776e-09
1.077500000000000036e+01 2.139075872071495796e-07 2.195478906839653932e-07 7.762397910673738186e-09 7.948361866619884727e-09
1.080000000000000071e+01 2.051551080256468948e-07 2.105524123274641060e-07 7.357175342017006249e-09 7.533249543280705671e-09
1.082499999999999929e+01 1.967698628224515582e-07 2.019348027458288264e-07 6.973310568760159700e-09 7.140026926619642444e-09
1.084999999999999964e+01 1.887361433470140652e-07 1.936788791416025819e-07 6.609666688821572780e-09 6.767528142363811789e-09
1.087500000000000000e+01 1.810389268337157963e-07 1.857691658219811971e-07 6.265167962686360647e-09 6.414650081855518642e-09
1.090000000000000036e+01 1.736638454551886827e-07 1.781908626453798264e-07 5.938796489977909401e-09 6.080348982436702448e-09
1.092500000000000071e+01 1.665971571668180103e-07 1.709298149072859705e-07 5.629589064645297578e-09 5.763637201463924085e-09
1.094999999999999929e+01 1.598257178780160331e-07 1.639724845981885536e-07 5.336634197777176374e-09 5.463580161087616108e-09
1.097499999999999964e+01 1.533369548883713153e-07 1.573059229701745979e-07 5.059069311868040601e-09 5.179293465100008036e-09
1.100000000000000000e+01 1.471188415297475749e-07 1.509177443505002215e-07 4.796078087817728610e-09 4.909940173565193352e-09
1.102500000000000036e+01 1.411598729586661858e-07 1.447961011446677919e-07 4.546887958038642904e-09 4.654728230385548767e-09
1.105000000000000071e+01 1.354490430453056032e-07 1.389296599737547881e-07 4.310767727834126429e-09 4.412908025859920841e-09
1.107499999999999929e+01 1.299758223084536534e-07 1.333075788930441172e-07 4.087025342749548793e-09 4.183770096597545526e-09
1.109999999999999964e+01 1.247301368479462832e-07 1.279194856421002421e-07 3.875005769643465942e-09 3.966642954634147419e-09
1.112500000000000000e+01 1.197023482285131711e-07 1.227554568783967537e-07 3.674088988813873382e-09 3.760891029284354833e-09
1.115000000000000036e+01 1.148832342711258618e-07 1.178059983491040954e-07 3.483688106187433618e-09 3.565912724418101377e-09
1.117500000000000071e+01 1.102639707099097721e-07 1.130620259576439837e-07 3.303247565178874863e-09 3.381138584178454942e-09
1.119999999999999929e+01 1.058361136747966145e-07 1.085148476837350173e-07 3.132241455133049003e-09 3.206029557550178105e-09
1.122499999999999964e+01 1.015915829619559355e-07 1.041561463176073616e-07 2.970171908744268610e-09 3.040075356428525821e-09
1.125000000000000000e+01 9.752264605572846032e-08 9.997796297092202903e-08 2.816567592649143665e-09 2.882792902654584117e-09
1.127500000000000036e+01 9.362190286753085808e-08 9.597268132863340731e-08 2.670982280933686772e-09 2.733724864283212023e-09
1.130000000000000071e+01 8.988227115893023529e-08 9.213301260776981594e-08 2.532993498432608789e-09 2.592438267095324405e-09
1.132499999999999929e+01 8.629697261747819031e-08 8.845198119071615245e-08 2.402201246509625195e-09 2.458523183169411592e-09
1.134999999999999964e+01 8.285951955546437203e-08 8.492291090207489841e-08 2.278226794088870267e-09 2.331591492142085143e-09
1.137500000000000000e+01 7.956370220309998638e-08 8.153941189965191285e-08 2.160711534779451718e-09 2.211275708281237756e-09
1.140000000000000036e+01 7.640357656897455409e-08 7.829536815146064681e-08 2.049315906802844663e-09 2.097227872404288988e-09
1.142500000000000071e+01 7.337345284192007420e-08 7.518492547198575077e-08 1.943718370617990732e-09 1.989118503045945978e-09
1.144999999999999929e+01 7.046788430960935778e-08 7.220248009217235954e-08 1.843614443195517339e-09 1.886635605503201859e-09
1.147499999999999964e+01 6.768165677038544509e-08 6.934266773885271562e-08 1.748715782360746331e-09 1.789483733508169942e-09
1.150000000000000000e+01 6.500977841586001030e-08 6.660035320035050048e-08 1.658749324031475187e-09 1.697383102488721704e-09
1.152500000000000036e+01 6.244747016293728354e-08 6.397062035621933094e-08 1.573456464096589869e-09 1.610068751422934307e-09
1.155000000000000071e+01 5.999015641483275135e-08 6.144876264998392075e-08 1.492592284934456955e-09 1.527289749117429853e-09
1.157499999999999929e+01 5.763345623167033077e-08 5.903027398475491689e-08 1.415924823101362925e-09 1.448808443893312665e-09
1.159999999999999964e+01 5.537317489211402409e-08 5.671084002261176225e-08 1.343234377940418702e-09 1.374399753148749083e-09
1.162500000000000000e+01 5.320529582833874850e-08 5.448632986941855697e-08 1.274312857340141637e-09 1.303850493003657115e-09
1.165000000000000036e+01 5.112597291747696015e-08 5.235278812764955683e-08 1.208963156700467055e-09 1.236958741969254624e-09
1.167500000000000071e+01 4.913152311344688428e-08 5.030642730059260493e-08 1.146998574748838219e-09 1.173533240597188563e-09
1.169999999999999929e+01 4.721841940382839474e-08 4.834362053206071233e-08 1.088242257759541083e-09 1.113392822725302832e-09
1.172499999999999964e+01 4.538328407713683015e-08 4.646089466648984081e-08 1.032526675432158986e-09 1.056365877401097149e-09
1.175000000000000000e+01 4.362288228653966060e-08 4.465492361498209441e-08 9.796931250666353111e-10 1.002289840148250381e-09
1.177500000000000036e+01 4.193411589668446063e-08 4.292252201353655242e-08 9.295912619003451153e-10 9.510107117644660636e-10
1.180000000000000071e+01 4.031401760092768490e-08 4.126063916031422885e-08 8.820786540332283406e-10 9.023826023121899888e-10
1.182499999999999929e+01 3.875974529684345648e-08 3.966635321942180975e-08 8.370203623010265450e-10 8.562672998930281231e-10
1.184999999999999964e+01 3.726857670843232893e-08 3.813686567924415693e-08 7.942885422146713113e-10 8.125338626873372555e-10
1.187500000000000000e+01 3.583790424400044887e-08 3.666949605393152903e-08 7.537620679316148283e-10 7.710582330029359019e-10
1.190000000000000036e+01 3.446523007915040326e-08 3.526167681713959711e-08 7.153261753421857708e-10 7.317228720659916273e-10
1.192500000000000071e+01 3.314816145485451732e-08 3.391094855764515496e-08 6.788721246959042210e-10 6.944164138034974317e-10
1.194999999999999929e+01 3.188440618099640880e-08 3.261495534692267244e-08 6.442968820863957941e-10 6.590333380315991773e-10
1.197499999999999964e+01 3.067176833622951380e-08 3.137144030921942741e-08 6.115028165644402153e-10 6.254736605696905380e-10
1.200000000000000000e+01 2.950814415540474590e-08 3.017824138510184999e-08 5.803974144349515222e-10 5.936426400028530527e-10
1.202500000000000036e+01 2.839151809622759051e-08 2.903328727985008863e-08 5.508930085272453634e-10 5.634505002456629302e-10
1.205000000000000071e+01 2.731995907717950401e-08 2.793459358848151443e-08 5.229065220042183134e-10 5.348121679139536713e-10
1.207499999999999929e+01 2.629161687909956137e-08 2.688025908954992427e-08 4.963592257539233172e-10 5.076470237123414673e-10
1.209999999999999964e+01 2.530471870316743531e-08 2.586846220022330123e-08 4.711765090920068240e-10 4.818786671733949769e-10
1.212500000000000000e+01 2.435756587836350064e-08 2.489745758548978446e-08 4.472876621284449885e-10 4.574346939874864887e-10
1.215000000000000036e+01 2.344853071177687282e-08 2.396557291465903558e-08 4.246256696406285973e-10 4.342464847611194736e-10
1.217500000000000071e+01 2.257605347545648116e-08 2.307120575863005855e-08 4.031270169984339000e-10 4.122490055496072451e-10
1.219999999999999929e+01 2.173863952377991683e-08 2.221282062171393528e-08 3.827315053075336178e-10 3.913806189850912831e-10
1.222499999999999964e+01 2.093485653555971113e-08 2.138894610205812943e-08 3.633820765513315682e-10 3.715829050163913992e-10
1.225000000000000000e+01 2.016333187540548339e-08 2.059817217499381940e-08 3.450246486451749857e-10 3.528004915834267371e-10
1.227500000000000036e+01 1.942275006908357142e-08 1.983914759388952143e-08 3.276079587380941305e-10 3.349808942413626451e-10
1.230000000000000071e+01 1.871185038785895832e-08 1.911057740333488368e-08 3.110834149913467994e-10 3.180743642429723937e-10
1.232499999999999929e+01 1.802942453702941527e-08 1.841122055970781670e-08 2.954049561955150207e-10 3.020337447022697025e-10
1.234999999999999964e+01 1.737431444407789214e-08 1.773988765440705299e-08 2.805289188456248486e-10 2.868143343899269409e-10
1.237500000000000000e+01 1.674541014207267451e-08 1.709543873524069768e-08 2.664139112497417016e-10 2.723737587518263943e-10
1.240000000000000036e+01 1.614164774414097973e-08 1.647678122166241000e-08 2.530206943534101983e-10 2.586718477763857616e-10
1.242500000000000071e+01 1.556200750502966648e-08 1.588286790974277141e-08 2.403120686807082259e-10 2.456705202893617171e-10
1.244999999999999929e+01 1.500551196594448990e-08 1.531269506294654368e-08 2.282527675836615754e-10 2.333336743663399386e-10
1.247499999999999964e+01 1.447122417902823153e-08 1.476530058496191112e-08 2.168093560121545809e-10 2.216270837326433206e-10
1.250000000000000000e+01 1.395824600800316002e-08 1.423976227099556277e-08 2.059501343823948536e-10 2.105182993709121495e-10
1.252500000000000036e+01 1.346571650165685293e-08 1.373519613410944922e-08 1.956450479762719900e-10 1.999765565142962044e-10
1.255000000000000071e+01 1.299281033699674976e-08 1.325075480332505291e-08 1.858656008098048243e-10 1.899726865323657170e-10
1.257499999999999929e+01 1.253873632904371351e-08 1.278562599036898330e-08 1.765847741630001036e-10 1.804790334380543643e-10
1.259999999999999964e+01 1.210273600436657674e-08 1.233903102207229768e-08 1.677769492829976461e-10 1.714693747861842141e-10
1.262500000000000000e+01 1.168408223559028495e-08 1.191022343556890747e-08 1.594178342712668579e-10 1.629188467088728316e-10
1.265000000000000036e+01 1.128207793423231848e-08 1.149848763356539748e-08 1.514843949225811297e-10 1.548038730219770040e-10
1.267500000000000071e+01 1.089605479933957704e-08 1.110313759707599040e-08 1.439547890646110484e-10 1.471020980280994262e-10
1.269999999999999929e+01 1.052537211951003027e-08 1.072351565313151313e-08 1.368083043035833180e-10 1.397923228114402692e-10
1.272499999999999964e+01 1.016941562599065846e-08 1.035899129508217388e-08 1.300252992128572460e-10 1.328544448844686524e-10
1.275000000000000000e+01 9.827596394644802055e-09 1.000896005321935071e-08 1.235871475684524732e-10 1.262694011211348142e-10
1.277500000000000036e+01 9.499349794680449682e-09 9.672842413542137154e-09 1.174761852766795646e-10 1.200191135150684244e-10
1.280000000000000071e+01 9.184134482123303053e-09 9.350082782590807034e-09 1.116756605018330919e-10 1.140864378887792359e-10
1.282499999999999929e+01 8.881431436107931388e-09 9.040148496360811854e-09 1.061696861748321897e-10 1.084551153768146289e-10
1.284999999999999964e+01 8.590743036145511173e-09 8.742528871399210885e-09 1.009431949352321250e-10 1.031097263049849072e-10
1.287500000000000000e+01 8.311592178607265694e-09 8.456734296268767487e-09 9.598189658438901173e-11 9.803564657104290673e-11
1.290000000000000036e+01 8.043521430740847682e-09 8.182295361645099049e-09 9.127223768078940996e-11 9.321900628304803248e-11
1.292500000000000071e+01 7.786092220610525785e-09 7.918762027388851582e-09 8.680136335426062673e-11 8.864665061572411948e-11
1.294999999999999929e+01 7.538884061423085473e-09 7.665702825007655328e-09 8.255708102949123655e-11 8.430610269943318090e-11
1.297499999999999964e+01 7.301493808768888479e-09 7.422704093992439174e-09 7.852782603132973504e-11 8.018552842734982244e-11
1.300000000000000000e+01 7.073534949372282413e-09 7.189369250579555131e-09 7.470262904020333992e-11 7.627370309469904596e-11
1.302500000000000036e+01 6.854636920006800820e-09 6.965318087553489742e-09 7.107108525759162246e-11 7.255997982926386712e-11
1.305000000000000071e+01 6.644444455290216271e-09 6.750186103765944704e-09 6.762332514568712878e-11 6.903425963716701792e-11
1.307499999999999929e+01 6.442616963130414086e-09 6.543623862105267739e-09 6.434998677676078226e-11 6.568696305693003959e-11
1.309999999999999964e+01 6.248827926646961660e-09 6.345296374705552323e-09 6.124218951283383696e-11 6.250900326913144415e-11
1.312500000000000000e+01 6.062764331444916524e-09 6.154882514237929135e-09 5.829150912755174009e-11 5.949176058983936055e-11
1.315000000000000036e+01 5.884126117166521051e-09 5.972074450177519792e-09 5.548995422746037347e-11 5.662705833417901958e-11
1.317500000000000071e+01 5.712625652293159114e-09 5.796577108987377492e-09 5.282994387525855935e-11 5.390713991091667534e-11
1.319999999999999929e+01 5.547987231215339100e-09 5.628107657207757787e-09 5.030428644231215217e-11 5.132464714524004671e-11
1.322499999999999964e+01 5.389946592631201447e-09 5.466395006482923952e-09 4.790615947524472228e-11 4.887259971191379170e-11
1.325000000000000000e+01 5.238250458375031565e-09 5.311179339600303653e-09 4.562909066450027436e-11 4.654437562445991238e-11
1.327500000000000036e+01 5.092656091816638577e-09 5.162211656656944234e-09 4.346693980339221322e-11 4.433369277055808562e-11
1.330000000000000071e+01 4.952930875009996940e-09 5.019253340507207301e-09 4.141388167164988115e-11 4.223459138866917665e-11
1.332499999999999929e+01 4.818851903805540306e-09 4.882075740682711663e-09 3.946438982745387847e-11 4.024141747585598305e-11
1.334999999999999964e+01 4.690205600174085456e-09 4.750459775010354733e-09 3.761322122602722327e-11 3.834880704237772126e-11
1.337500000000000000e+01 4.566787341024420842e-09 4.624195548188472850e-09 3.585540165513199595e-11 3.655167120220896097e-11
1.340000000000000036e+01 4.448401102827449747e-09 4.503081986614068199e-09 3.418621191249864199e-11 3.484518202395644816e-11
1.342500000000000071e+01 4.334859121388698801e-09 4.386926488783781193e-09 3.260117471720573681e-11 3.322475913267902397e-11
1.344999999999999929e+01 4.225981566141499074e-09 4.275544590621512367e-09 3.109604228721448350e-11 3.168605699449979285e-11
1.347499999999999964e+01 4.121596228359620063e-09 4.168759645114196787e-09 2.966678457668181525e-11 3.022495287595745874e-11
1.350000000000000178e+01 4.021538222714352733e-09 4.066402515663721115e-09 2.830957811044919666e-11 2.883753541627749889e-11
1.352500000000000213e+01 3.925649701626550474e-09 3.968311282589167790e-09 2.702079541536982469e-11 2.752009380698977139e-11
1.355000000000000249e+01 3.833779581887908392e-09 3.874330962238222458e-09 2.579699497031019487e-11 2.626910751778725761e-11
1.357499999999999929e+01 3.745783283048948028e-09 3.784313238190420911e-09 2.463491171823939861e-11 2.508123656561052697e-11
1.359999999999999964e+01 3.661522477093051449e-09 3.698116204057442990e-09 2.353144806288837781e-11 2.395331230198645603e-11
1.362500000000000000e+01 3.580864848937007435e-09 3.615604117407434348e-09 2.248366530735567025e-11 2.288232866588127436e-11
1.365000000000000213e+01 3.503683867318760752e-09 3.536647164361100035e-09 2.148877554236010241e-11 2.186543388054361207e-11
1.367500000000000249e+01 3.429858565652244011e-09 3.461121234427181518e-09 2.054413398216887094e-11 2.089992259428655764e-11
1.369999999999999929e+01 3.359273332447752614e-09 3.388907705163965031e-09 1.964723168317074170e-11 1.998322843676161990e-11
1.372499999999999964e+01 3.291817710913977756e-09 3.319893236271713509e-09 1.879568862621906134e-11 1.911291694648491332e-11
1.375000000000000000e+01 3.227386207374757689e-09 3.253969572738317343e-09 1.798724718787451583e-11 1.828667887434619001e-11
1.377500000000000213e+01 3.165878108149852866e-09 3.191033356677234057e-09 1.721976593442581629e-11 1.750232384145289771e-11
1.380000000000000249e+01 3.107197304564499408e-09 3.130985947512643612e-09 1.649121373743364067e-11 1.675777431596330633e-11
1.382499999999999929e+01 3.051252125767575259e-09 3.073733250182249494e-09 1.579966420387339575e-11 1.605105991196967829e-11
1.384999999999999964e+01 2.997955179052263903e-09 3.019185551042735217e-09 1.514329037913259354e-11 1.538031197564235689e-11
1.387500000000000000e+01 2.947223197386896605e-09 2.967257361176940880e-09 1.452035974933361352e-11 1.474375845938454710e-11
1.390000000000000213e+01 2.898976893876736472e-09 2.917867266815346385e-09 1.392922949327346917e-11 1.413971906893783980e-11
1.392500000000000249e+01 2.853140822889983220e-09 2.870937786597374241e-09 1.336834197224496823e-11 1.356660065267772778e-11
1.394999999999999929e+01 2.809643247593351540e-09 2.826395235410363528e-09 1.283622047471036670e-11 1.302289283758317414e-11
1.397499999999999964e+01 2.768416013654091501e-09 2.784169594555982545e-09 1.233146517455016016e-11 1.250716389834335436e-11
1.400000000000000000e+01 2.729394428876416076e-09 2.744194388005211069e-09 1.185274929218222915e-11 1.201805683308778386e-11
1.402500000000000213e+01 2.692517148550869776e-09 2.706406564513937366e-09 1.139881547366576525e-11 1.155428565007093270e-11
1.405000000000000249e+01 2.657726066305440137e-09 2.670746385381726514e-09 1.096847235254670388e-11 1.111463185382019727e-11
1.407499999999999929e+01 2.624966210256922873e-09 2.637157317646372208e-09 1.056059128487773353e-11 1.069794110765588754e-11
1.409999999999999964e+01 2.594185644270436678e-09 2.605585932516425450e-09 1.017410327093504535e-11 1.030312007685563740e-11
1.412500000000000000e+01 2.565335374144072719e-09 2.575981808853256386e-09 9.807996033265638156e-12 9.929133442605362867e-12
1.415000000000000213e+01 2.538369258544210724e-09 2.548297441523032810e-09 9.461311243606871008e-12 9.575001066922217517e-12
1.417500000000000249e+01 2.513243924525452178e-09 2.522488154447596166e-09 9.133141905602466302e-12 9.239795311254837500e-12
1.419999999999999929e+01 2.489918687477038516e-09 2.498512018191385505e-09 8.822629874154166090e-12 8.922638499365110988e-12
1.422499999999999964e+01 2.468355475345352196e-09 2.476329771929497500e-09 8.528963512472808910e-12 8.622700517249673799e-12
1.425000000000000000e+01 2.448518756989467471e-09 2.455904749649531466e-09 8.251375471326531833e-12 8.339196543893685143e-12
1.427500000000000036e+01 2.430375474533841375e-09 2.437202810447212848e-09 7.989140587643065047e-12 8.071384900272033255e-12
1.430000000000000249e+01 2.413894979589056341e-09 2.420192272782748154e-09 7.741573897040925674e-12 7.818565017933014578e-12
1.432499999999999929e+01 2.399048973218158235e-09 2.404843852571734435e-09 7.508028754019247527e-12 7.580075513679710594e-12
1.434999999999999964e+01 2.385811449532414344e-09 2.391130604990851692e-09 7.287895064433289974e-12 7.355292379063675021e-12
1.437500000000000000e+01 2.374158642806525115e-09 2.379027869884942927e-09 7.080597604536537742e-12 7.143627264367178843e-12
1.440000000000000036e+01 2.364068978009117394e-09 2.368513220668075312e-09 6.885594440100664816e-12 6.944525858900557219e-12
1.442500000000000249e+01 2.355523024650140529e-09 2.359566416617067172e-09 6.702375436042980476e-12 6.757466364918675509e-12
1.444999999999999929e+01 2.348503453852210067e-09 2.352169358461555521e-09 6.530460849767027600e-12 6.581958059697787996e-12
1.447499999999999964e+01 2.342994998558280372e-09 2.346306047180180086e-09 6.369400001165633901e-12 6.417539935859393986e-12
1.450000000000000000e+01 2.338984416793166313e-09 2.341962545917663119e-09 6.218770024584051523e-12 6.263779422644168880e-12
1.452500000000000036e+01 2.336460457901359237e-09 2.339126944942689107e-09 6.078174693101793951e-12 6.120271183394272077e-12
1.455000000000000249e+01 2.335413831688428456e-09 2.337789329571398602e-09 5.947243316128973729e-12 5.986635986003837603e-12
1.457499999999999929e+01 2.335837180397926319e-09 2.337941750986086592e-09 5.825629700970075978e-12 5.862519642631545527e-12
1.459999999999999964e+01 2.337725053460217297e-09 2.339578199883290343e-09 5.713011177661815896e-12 5.747592010576374622e-12
1.462500000000000000e+01 2.341073884954063662e-09 2.342694582889988357e-09 5.609087692087593115e-12 5.641546063178897660e-12
1.465000000000000036e+01 2.345881973725981361e-09 2.347288701690888349e-09 5.513580950263824331e-12 5.544097016182917135e-12
1.467500000000000249e+01 2.352149466116567252e-09 2.353360234814102883e-09 5.426233624717528792e-12 5.454981513354999318e-12
1.469999999999999929e+01 2.359878341247013207e-09 2.360910722026576960e-09 5.346808612988623343e-12 5.373956869160056880e-12
1.472499999999999964e+01 2.369072398822856547e-09 2.369943551294615084e-09 5.275088344725936147e-12 5.300800359358437502e-12
1.475000000000000000e+01 2.379737249415916857e-09 2.380463948268766694e-09 5.210874146368117676e-12 5.235308568789014830e-12
1.477500000000000036e+01 2.391880307189041084e-09 2.392478968256154538e-09 5.153985651489047732e-12 5.177296789073688422e-12
1.480000000000000249e+01 2.405510785031916331e-09 2.405997490647012352e-09 5.104260254371037276e-12 5.126598459332965255e-12
1.482499999999999929e+01 2.420639692079764179e-09 2.421030215765835750e-09 5.061552610711758168e-12 5.083064654308208874e-12
1.484999999999999964e+01 2.437279833590187147e-09 2.437589664121071912e-09 5.025734181785009377e-12 5.046563617524553859e-12
1.487500000000000000e+01 2.455445813156885159e-09 2.455690178030830585e-09 4.996692820545644723e-12 5.016980337236484498e-12
1.490000000000000036e+01 2.475154037242264090e-09 2.475347925605412971e-09 4.974332398550985596e-12 4.994216164094687803e-12
1.492500000000000071e+01 2.496422722014260962e-09 2.496580907070882930e-09 4.958572472170126832e-12 4.978188469022518793e-12
1.494999999999999929e+01 2.519271902475937185e-09 2.519408963421148298e-09 4.949347988322158720e-12 4.968830341305816534e-12
1.497499999999999964e+01 2.543723443879593293e-09 2.543853787389324709e-09 4.946609027586778261e-12 4.966090325273304112e-12
