# col1: r[fm],  col2: chargedensity, col3: weak density [fm^-3](normailized to Q=1)
2.101448349307773875e-07 8.449515006289412544e-02 -8.758377837993726323e-02
2.500000000000000139e-02 8.448818996685968086e-02 -8.757689977766452971e-02
5.000000000000000278e-02 8.446733010706283795e-02 -8.755628637866937070e-02
7.499999999999999722e-02 8.443263165371889256e-02 -8.752200529471564072e-02
1.000000000000000056e-01 8.438419617919891424e-02 -8.747416801007237841e-02
1.250000000000000000e-01 8.432216510599040149e-02 -8.741292984113893660e-02
1.499999999999999944e-01 8.424671896240544522e-02 -8.733848920408092409e-02
1.749999999999999889e-01 8.415807647165456096e-02 -8.725108671218695378e-02
2.000000000000000111e-01 8.405649350333210812e-02 -8.715100412761621340e-02
2.250000000000000056e-01 8.394226191739120879e-02 -8.703856319317132550e-02
2.500000000000000000e-01 8.381570832930138049e-02 -8.691412436867290703e-02
2.750000000000000222e-01 8.367719282148469717e-02 -8.677808549360703505e-02
2.999999999999999889e-01 8.352710762072119988e-02 -8.663088039328692425e-02
3.250000000000000111e-01 8.336587575456280708e-02 -8.647297744029008859e-02
3.499999999999999778e-01 8.319394969255466954e-02 -8.630487807693858204e-02
3.750000000000000000e-01 8.301180997093404734e-02 -8.612711529867052296e-02
4.000000000000000222e-01 8.281996379310957446e-02 -8.594025209284342215e-02
4.249999999999999889e-01 8.261894359319038594e-02 -8.574487982329820346e-02
4.500000000000000111e-01 8.240930554654080087e-02 -8.554161654823316807e-02
4.749999999999999778e-01 8.219162801001722585e-02 -8.533110525780041034e-02
5.000000000000000000e-01 8.196650987523269871e-02 -8.511401201837093256e-02
5.250000000000000222e-01 8.173456882073039387e-02 -8.489102401249859486e-02
5.500000000000000444e-01 8.149643945300301395e-02 -8.466284746698297947e-02
5.749999999999999556e-01 8.125277133141506347e-02 -8.443020546571225471e-02
5.999999999999999778e-01 8.100422687773924102e-02 -8.419383564872706671e-02
6.250000000000000000e-01 8.075147917665145836e-02 -8.395448780372370690e-02
6.500000000000000222e-01 8.049520967863386944e-02 -8.371292136058834654e-02
6.750000000000000444e-01 8.023610582087975507e-02 -8.346990280315919053e-02
6.999999999999999556e-01 7.997485858467841269e-02 -8.322620301499690509e-02
7.249999999999999778e-01 7.971216000922826117e-02 -8.298259457736451017e-02
7.500000000000000000e-01 7.944870068188042422e-02 -8.273984903787011402e-02
7.750000000000000222e-01 7.918516722360043059e-02 -8.249873416741196341e-02
8.000000000000000444e-01 7.892223978620981073e-02 -8.226001122139631194e-02
8.249999999999999556e-01 7.866058957508248461e-02 -8.202443221895158731e-02
8.499999999999999778e-01 7.840087640780710188e-02 -8.179273725134700301e-02
8.750000000000000000e-01 7.814374631626330725e-02 -8.156565182835406880e-02
9.000000000000000222e-01 7.788982919693887563e-02 -8.134388426914181125e-02
9.250000000000001554e-01 7.763973651238477436e-02 -8.112812314268169622e-02
9.499999999999999556e-01 7.739405904562542127e-02 -8.091903476169311216e-02
9.749999999999999778e-01 7.715336470915169775e-02 -8.071726073392085365e-02
1.000000000000000000e+00 7.691819641075957337e-02 -8.052341557496010827e-02
1.024999999999999911e+00 7.668906997979610396e-02 -8.033808438780518091e-02
1.050000000000000044e+00 7.646647215911411832e-02 -8.016182061561619165e-02
1.074999999999999956e+00 7.625085866994792128e-02 -7.999514387566210305e-02
1.100000000000000089e+00 7.604265235873924889e-02 -7.983853788378858507e-02
1.125000000000000000e+00 7.584224143642297189e-02 -7.969244847988060654e-02
1.149999999999999911e+00 7.564997782163974949e-02 -7.955728176548736152e-02
1.175000000000000044e+00 7.546617559966123379e-02 -7.943340236495269324e-02
1.199999999999999956e+00 7.529110960845822320e-02 -7.932113182101682702e-02
1.225000000000000089e+00 7.512501416235738139e-02 -7.922074713495651233e-02
1.250000000000000000e+00 7.496808192223153311e-02 -7.913247945999658806e-02
1.274999999999999911e+00 7.482046291931267190e-02 -7.905651295509175114e-02
1.300000000000000044e+00 7.468226373769751292e-02 -7.899298380438778133e-02
1.324999999999999956e+00 7.455354685862590480e-02 -7.894197940589318951e-02
1.350000000000000089e+00 7.443433016782227685e-02 -7.890353773125782788e-02
1.375000000000000000e+00 7.432458662573399044e-02 -7.887764685718119673e-02
1.399999999999999911e+00 7.422424409945532764e-02 -7.886424466792303634e-02
1.425000000000000044e+00 7.413318535451070279e-02 -7.886321872768663199e-02
1.449999999999999956e+00 7.405124820445020684e-02 -7.887440632126208051e-02
1.475000000000000089e+00 7.397822581629534544e-02 -7.889759466119017350e-02
1.500000000000000000e+00 7.391386717014665486e-02 -7.893252125974373201e-02
1.524999999999999911e+00 7.385787767158788486e-02 -7.897887446411173962e-02
1.550000000000000044e+00 7.380991991576328626e-02 -7.903629415321361540e-02
1.574999999999999956e+00 7.376961460204889409e-02 -7.910437259446623237e-02
1.600000000000000089e+00 7.373654159800657748e-02 -7.918265545851776999e-02
1.625000000000000000e+00 7.371024115076318939e-02 -7.927064298941412235e-02
1.649999999999999911e+00 7.369021524310406801e-02 -7.936779132688165372e-02
1.675000000000000044e+00 7.367592909046086214e-02 -7.947351397643574733e-02
1.699999999999999956e+00 7.366681277369055425e-02 -7.958718342191868633e-02
1.725000000000000311e+00 7.366226300119703418e-02 -7.970813287392627955e-02
1.750000000000000000e+00 7.366164499264378496e-02 -7.983565814648149739e-02
1.774999999999999911e+00 7.366429447536314290e-02 -7.996901965334818341e-02
1.800000000000000044e+00 7.366951978366302611e-02 -8.010744451461726534e-02
1.824999999999999956e+00 7.367660405062560758e-02 -8.025012876368443904e-02
1.850000000000000311e+00 7.368480748170798400e-02 -8.039623964449478521e-02
1.875000000000000000e+00 7.369336969947194727e-02 -8.054491798894197752e-02
1.899999999999999911e+00 7.370151214904789583e-02 -8.069528066454025039e-02
1.925000000000000044e+00 7.370844055439849940e-02 -8.084642308287892654e-02
1.949999999999999956e+00 7.371334741601086316e-02 -8.099742175985254200e-02
1.975000000000000089e+00 7.371541454121791070e-02 -8.114733691916034553e-02
2.000000000000000000e+00 7.371381559885552270e-02 -8.129521513102519470e-02
2.024999999999999911e+00 7.370771869033962420e-02 -8.144009197843900261e-02
2.049999999999999822e+00 7.369628892945995213e-02 -8.158099474347305091e-02
2.075000000000000178e+00 7.367869102323282293e-02 -8.171694510628592367e-02
2.100000000000000089e+00 7.365409184604969350e-02 -8.184696184943486552e-02
2.125000000000000000e+00 7.362166299915084977e-02 -8.197006355998341653e-02
2.149999999999999911e+00 7.358058334720121718e-02 -8.208527132174124608e-02
2.174999999999999822e+00 7.353004152351726164e-02 -8.219161138982830628e-02
2.200000000000000178e+00 7.346923839535467182e-02 -8.228811783967203419e-02
2.225000000000000089e+00 7.339738948066777680e-02 -8.237383518256718995e-02
2.250000000000000000e+00 7.331372730793070391e-02 -8.244782094007961637e-02
2.274999999999999911e+00 7.321750371097507371e-02 -8.250914816986834599e-02
2.299999999999999822e+00 7.310799205134417555e-02 -8.255690793592530830e-02
2.325000000000000178e+00 7.298448936134858955e-02 -8.259021171676352024e-02
2.350000000000000089e+00 7.284631840178946993e-02 -8.260819374568301177e-02
2.375000000000000000e+00 7.269282962913070634e-02 -8.261001327786167414e-02
2.399999999999999911e+00 7.252340306768903511e-02 -8.259485677960874683e-02
2.424999999999999822e+00 7.233745008311784352e-02 -8.256194003563591122e-02
2.450000000000000178e+00 7.213441505404155629e-02 -8.251051017061365733e-02
2.475000000000000089e+00 7.191377693913195146e-02 -8.243984758156869264e-02
2.500000000000000000e+00 7.167505073719696029e-02 -8.234926777783793672e-02
2.524999999999999911e+00 7.141778883799553002e-02 -8.223812312534177493e-02
2.549999999999999822e+00 7.114158226152887676e-02 -8.210580449189718022e-02
2.575000000000000178e+00 7.084606178353358708e-02 -8.195174279019888652e-02
2.600000000000000089e+00 7.053089894486633260e-02 -8.177541041499554464e-02
2.625000000000000000e+00 7.019580694246872754e-02 -8.157632257091508576e-02
2.649999999999999911e+00 6.984054139967892094e-02 -8.135403848738821664e-02
2.674999999999999822e+00 6.946490101383884230e-02 -8.110816251720370795e-02
2.700000000000000178e+00 6.906872807944600123e-02 -8.083834511541436452e-02
2.725000000000000089e+00 6.865190888551389592e-02 -8.054428369560207024e-02
2.750000000000000000e+00 6.821437398631163829e-02 -8.022572336088447387e-02
2.774999999999999911e+00 6.775609834522559882e-02 -7.988245750748729224e-02
2.799999999999999822e+00 6.727710135207837228e-02 -7.951432829917953748e-02
2.825000000000000178e+00 6.677744671481926353e-02 -7.912122701134916003e-02
2.850000000000000089e+00 6.625724222702336630e-02 -7.870309424395000031e-02
2.875000000000000000e+00 6.571663941308109047e-02 -7.825992000296051743e-02
2.899999999999999911e+00 6.515583305330670261e-02 -7.779174365034517702e-02
2.924999999999999822e+00 6.457506059144475785e-02 -7.729865372280195213e-02
2.950000000000000178e+00 6.397460142721904386e-02 -7.678078761982146117e-02
2.975000000000000089e+00 6.335477609667226895e-02 -7.623833116179644376e-02
3.000000000000000000e+00 6.271594534311884794e-02 -7.567151801912423703e-02
3.024999999999999911e+00 6.205850908161460178e-02 -7.508062901347341278e-02
3.049999999999999822e+00 6.138290525996421831e-02 -7.446599129265718542e-02
3.075000000000000178e+00 6.068960861947305524e-02 -7.382797738089708073e-02
3.100000000000000089e+00 5.997912935891629160e-02 -7.316700410667852095e-02
3.125000000000000000e+00 5.925201170555390029e-02 -7.248353141090146945e-02
3.149999999999999911e+00 5.850883239745446884e-02 -7.177806103860333298e-02
3.174999999999999822e+00 5.775019908188768619e-02 -7.105113511816234240e-02
3.200000000000000178e+00 5.697674863507311283e-02 -7.030333463255315773e-02
3.225000000000000089e+00 5.618914540910310840e-02 -6.953527778789296565e-02
3.250000000000000000e+00 5.538807941235093790e-02 -6.874761828515607576e-02
3.274999999999999911e+00 5.457426443010613554e-02 -6.794104350152094240e-02
3.299999999999999822e+00 5.374843609251975934e-02 -6.711627258832579546e-02
3.325000000000000178e+00 5.291134989718155462e-02 -6.627405449302874174e-02
3.350000000000000089e+00 5.206377919378420149e-02 -6.541516591289604776e-02
3.375000000000000444e+00 5.120651313836593888e-02 -6.454040918837805618e-02
3.399999999999999911e+00 5.034035462457598503e-02 -6.365061014428601005e-02
3.424999999999999822e+00 4.946611819930191861e-02 -6.274661588697305614e-02
3.450000000000000622e+00 4.858462796985983656e-02 -6.182929256576683713e-02
3.475000000000000533e+00 4.769671550979816266e-02 -6.089952310691424536e-02
3.500000000000000000e+00 4.680321777022716789e-02 -5.995820492829904286e-02
3.524999999999999911e+00 4.590497500347127252e-02 -5.900624764318957577e-02
3.549999999999999822e+00 4.500282870575059158e-02 -5.804457076126590120e-02
3.575000000000000622e+00 4.409761958553107264e-02 -5.707410139516263387e-02
3.600000000000000089e+00 4.319018556412558552e-02 -5.609577198073679299e-02
3.625000000000000000e+00 4.228135981505978802e-02 -5.511051801920874293e-02
3.649999999999999911e+00 4.137196884862173046e-02 -5.411927584922174989e-02
3.674999999999999822e+00 4.046283064786355271e-02 -5.312298045669566066e-02
3.700000000000000622e+00 3.955475286210854285e-02 -5.212256333010906184e-02
3.725000000000000089e+00 3.864853106372016789e-02 -5.111895036851910740e-02
3.750000000000000000e+00 3.774494707350935230e-02 -5.011305984921754497e-02
3.774999999999999911e+00 3.684476735970182437e-02 -4.910580046143689370e-02
3.799999999999999822e+00 3.594874151486341513e-02 -4.809806941196557994e-02
3.825000000000000178e+00 3.505760081461840871e-02 -4.709075060793244116e-02
3.850000000000000089e+00 3.417205686140847853e-02 -4.608471292139355857e-02
3.875000000000000000e+00 3.329280031595933942e-02 -4.508080853972362689e-02
3.899999999999999911e+00 3.242049971856876545e-02 -4.407987140519987329e-02
3.924999999999999822e+00 3.155580040182174445e-02 -4.308271574658564113e-02
3.950000000000000178e+00 3.069932349589053061e-02 -4.209013470498586262e-02
3.975000000000000089e+00 2.985166502718968398e-02 -4.110289905576260810e-02
4.000000000000000000e+00 2.901339511082947145e-02 -4.012175602786488549e-02
4.025000000000000355e+00 2.818505723703103316e-02 -3.914742822153770979e-02
4.049999999999999822e+00 2.736716765142123073e-02 -3.818061262501854652e-02
4.075000000000000178e+00 2.656021482889318538e-02 -3.722197973049303638e-02
4.099999999999999645e+00 2.576465904048630060e-02 -3.627217274925396279e-02
4.125000000000000000e+00 2.498093201248681450e-02 -3.533180692567331610e-02
4.150000000000000355e+00 2.420943667667275340e-02 -3.440146894925519283e-02
4.174999999999999822e+00 2.345054701031484834e-02 -3.348171646367714693e-02
4.200000000000000178e+00 2.270460796420653918e-02 -3.257307767135813464e-02
4.224999999999999645e+00 2.197193547663630134e-02 -3.167605103171645259e-02
4.250000000000000000e+00 2.125281657084895220e-02 -3.079110505090990393e-02
4.275000000000000355e+00 2.054750953318885964e-02 -2.991867816050207754e-02
4.299999999999999822e+00 1.985624416878917220e-02 -2.905917868217767000e-02
4.325000000000000178e+00 1.917922213138846185e-02 -2.821298487535713745e-02
4.349999999999999645e+00 1.851661732362738094e-02 -2.738044506433882225e-02
4.375000000000000000e+00 1.786857636400964941e-02 -2.656187784142989908e-02
4.400000000000000355e+00 1.723521911660702219e-02 -2.575757234242123661e-02
4.424999999999999822e+00 1.661663927953584141e-02 -2.496778859070052092e-02
4.450000000000000178e+00 1.601290502822707087e-02 -2.419275790628161102e-02
4.474999999999999645e+00 1.542405970953488609e-02 -2.343268337603864743e-02
4.500000000000000000e+00 1.485012258276487661e-02 -2.268774038145768973e-02
4.525000000000000355e+00 1.429108960373906903e-02 -2.195807718024662611e-02
4.549999999999999822e+00 1.374693424803458477e-02 -2.124381553815923168e-02
4.575000000000000178e+00 1.321760836953224556e-02 -2.054505140739078597e-02
4.599999999999999645e+00 1.270304309038498142e-02 -1.986185564788249536e-02
4.625000000000000000e+00 1.220314971846775919e-02 -1.919427478783387528e-02
4.650000000000000355e+00 1.171782068831003949e-02 -1.854233181967379282e-02
4.674999999999999822e+00 1.124693052144833116e-02 -1.790602702768696874e-02
4.700000000000000178e+00 1.079033680208700031e-02 -1.728533884344946037e-02
4.724999999999999645e+00 1.034788116393254957e-02 -1.668022472520138202e-02
4.750000000000000000e+00 9.919390284082651651e-03 -1.609062205728874206e-02
4.775000000000000355e+00 9.504676879916922408e-03 -1.551644906584809074e-02
4.799999999999999822e+00 9.103540705052551307e-03 -1.495760574698693814e-02
4.825000000000000178e+00 8.715769540596609091e-03 -1.441397480383331368e-02
4.849999999999999645e+00 8.341140178139083705e-03 -1.388542258898140501e-02
4.875000000000000000e+00 7.979419391176797299e-03 -1.337180004904012232e-02
4.900000000000000355e+00 7.630364891925451622e-03 -1.287294366818791252e-02
4.924999999999999822e+00 7.293726270748910646e-03 -1.238867640783735888e-02
4.950000000000000178e+00 6.969245915699448339e-03 -1.191880863970793021e-02
4.974999999999999645e+00 6.656659909907980226e-03 -1.146313906978597627e-02
5.000000000000000000e+00 6.355698904781263703e-03 -1.102145565081023328e-02
5.025000000000000355e+00 6.066088967152656435e-03 -1.059353648106031026e-02
5.049999999999999822e+00 5.787552398693897836e-03 -1.017915068734248814e-02
5.075000000000000178e+00 5.519808526035393376e-03 -9.778059290170370774e-03
5.099999999999999645e+00 5.262574460169766773e-03 -9.390016049232723094e-03
5.125000000000000000e+00 5.015565823838545600e-03 -9.014768287336648658e-03
5.150000000000000355e+00 4.778497445736385775e-03 -8.652057691120450256e-03
5.174999999999999822e+00 4.551084020518421543e-03 -8.301621086953127338e-03
5.200000000000000178e+00 4.333040733771624867e-03 -7.963191190582337778e-03
5.224999999999999645e+00 4.124083851311136778e-03 -7.636497329261250980e-03
5.250000000000000000e+00 3.923931272385100880e-03 -7.321266135274283847e-03
5.275000000000000355e+00 3.732303046611023817e-03 -7.017222209989013200e-03
5.299999999999999822e+00 3.548921854711936663e-03 -6.724088757776708163e-03
5.325000000000000178e+00 3.373513453361784604e-03 -6.441588189359428139e-03
5.349999999999999645e+00 3.205807084673505808e-03 -6.169442694347160305e-03
5.375000000000000000e+00 3.045535851059754176e-03 -5.907374782914577745e-03
5.400000000000000355e+00 2.892437056357605521e-03 -5.655107796728481295e-03
5.424999999999999822e+00 2.746252514229307815e-03 -5.412366389368035262e-03
5.450000000000000178e+00 2.606728824931686325e-03 -5.178876976581074480e-03
5.474999999999999645e+00 2.473617621590247593e-03 -4.954368156793191938e-03
5.500000000000000000e+00 2.346675787127434302e-03 -4.738571102336375934e-03
5.525000000000000355e+00 2.225665642988026473e-03 -4.531219921899858928e-03
5.549999999999999822e+00 2.110355110788069647e-03 -4.332051994733431000e-03
5.575000000000000178e+00 2.000517847998305090e-03 -4.140808277162726959e-03
5.599999999999999645e+00 1.895933358766923975e-03 -3.957233582012322989e-03
5.625000000000000000e+00 1.796387080995429531e-03 -3.781076831580656300e-03
5.650000000000000355e+00 1.701670450808315553e-03 -3.612091284873076083e-03
5.674999999999999822e+00 1.611580945600106073e-03 -3.450034739873184247e-03
5.700000000000000178e+00 1.525922106897991846e-03 -3.294669711715646990e-03
5.724999999999999645e+00 1.444503544337097942e-03 -3.145763587708652349e-03
5.750000000000000000e+00 1.367140922099706248e-03 -3.003088760234389441e-03
5.775000000000000355e+00 1.293655929210791537e-03 -2.866422738624417686e-03
5.799999999999999822e+00 1.223876235101876596e-03 -2.735548241156179200e-03
5.825000000000000178e+00 1.157635431848374075e-03 -2.610253268343893426e-03
5.849999999999999645e+00 1.094772964449701024e-03 -2.490331158698352344e-03
5.875000000000000000e+00 1.035134050457477226e-03 -2.375580628107142218e-03
5.900000000000000355e+00 9.785695901696539120e-04 -2.265805793942640440e-03
5.924999999999999822e+00 9.249360685042536025e-04 -2.160816184945178828e-03
5.950000000000000178e+00 8.740954495547199193e-04 -2.060426737860347659e-03
5.974999999999999645e+00 8.259150647187944337e-04 -1.964457781739961575e-03
6.000000000000000000e+00 7.802674951935486712e-04 -1.872735010752618135e-03
6.025000000000000355e+00 7.370304495474523871e-04 -1.785089446298465752e-03
6.049999999999999822e+00 6.960866370207250721e-04 -1.701357389186379217e-03
6.075000000000000178e+00 6.573236371688536165e-04 -1.621380362612465618e-03
6.099999999999999645e+00 6.206337664489693876e-04 -1.545005046674365881e-03
6.125000000000000000e+00 5.859139423500531055e-04 -1.472083205162882892e-03
6.150000000000000355e+00 5.530655456784892019e-04 -1.402471605385658673e-03
6.174999999999999822e+00 5.219942816224586602e-04 -1.336031931790262247e-03
6.200000000000000178e+00 4.926100402239053577e-04 -1.272630694160320009e-03
6.224999999999999645e+00 4.648267568787421873e-04 -1.212139131152449893e-03
6.250000000000000000e+00 4.385622734597565005e-04 -1.154433109920365410e-03
6.275000000000000355e+00 4.137382006106467215e-04 -1.099393022533948390e-03
6.299999999999999822e+00 3.902797816948515839e-04 -1.046903679846334463e-03
6.325000000000000178e+00 3.681157588030870096e-04 -9.968542033942469002e-04
6.349999999999999645e+00 3.471782411351819332e-04 -9.491379158408274003e-04
6.375000000000000000e+00 3.274025759822351265e-04 -9.036522303922939073e-04
6.400000000000000355e+00 3.087272224520131499e-04 -8.602985395459400528e-04
6.424999999999999822e+00 2.910936280112002531e-04 -8.189821034633880305e-04
6.450000000000000178e+00 2.744461078674494234e-04 -7.796119382136642434e-04
6.474999999999999645e+00 2.587317271854077554e-04 -7.421007040983575121e-04
6.500000000000000000e+00 2.439001861238414292e-04 -7.063645942558706555e-04
6.525000000000000355e+00 2.299037076929346334e-04 -6.723232237417666032e-04
6.549999999999999822e+00 2.166969284569768284e-04 -6.398995192934397178e-04
6.575000000000000178e+00 2.042367921409442841e-04 -6.090196100047905268e-04
6.599999999999999645e+00 1.924824462328659841e-04 -5.796127191541497166e-04
6.625000000000000000e+00 1.813951417001131712e-04 -5.516110574411502805e-04
6.650000000000000355e+00 1.709381359512011521e-04 -5.249497178905696134e-04
6.674999999999999822e+00 1.610765991715566226e-04 -4.995665726707554420e-04
6.700000000000000178e+00 1.517775241409822379e-04 -4.754021720497131668e-04
6.724999999999999645e+00 1.430096396034354945e-04 -4.523996456746109214e-04
6.750000000000000888e+00 1.347433272104121339e-04 -4.305046063132443590e-04
6.775000000000001243e+00 1.269505420031057498e-04 -4.096650561432817845e-04
6.799999999999999822e+00 1.196047363424316244e-04 -3.898312956223992155e-04
6.825000000000001066e+00 1.126807871465908945e-04 -3.709558349248365315e-04
6.849999999999999645e+00 1.061549262591234520e-04 -3.529933078924012580e-04
6.875000000000000000e+00 1.000046737502213718e-04 -3.359003884237519630e-04
6.900000000000001243e+00 9.420877395274071205e-05 -3.196357092167469876e-04
6.924999999999999822e+00 8.874713405087639271e-05 -3.041597827841354979e-04
6.950000000000001066e+00 8.360076507126042633e-05 -2.894349246810177709e-04
6.974999999999999645e+00 7.875172516803765742e-05 -2.754251789091681740e-04
7.000000000000000000e+00 7.418306513934998670e-05 -2.620962454938130146e-04
7.025000000000001243e+00 6.987877615587105736e-05 -2.494154102575948332e-04
7.049999999999999822e+00 6.582373971650701120e-05 -2.373514768392358601e-04
7.075000000000001066e+00 6.200367986748375802e-05 -2.258747010171416195e-04
7.099999999999999645e+00 5.840511772581150150e-05 -2.149567273984728962e-04
7.125000000000000000e+00 5.501532833617323287e-05 -2.045705285214971579e-04
7.150000000000001243e+00 5.182229986357950288e-05 -1.946903463948930425e-04
7.174999999999999822e+00 4.881469508634375193e-05 -1.852916364647676879e-04
7.200000000000000178e+00 4.598181511078607697e-05 -1.763510139630236552e-04
7.224999999999999645e+00 4.331356518646979278e-05 -1.678462025539545716e-04
7.250000000000000000e+00 4.080042246482973659e-05 -1.597559851643858919e-04
7.275000000000001243e+00 3.843340551976387606e-05 -1.520601568602941809e-04
7.299999999999999822e+00 3.620404543958171800e-05 -1.447394796224422779e-04
7.325000000000000178e+00 3.410435830685452083e-05 -1.377756388761956817e-04
7.349999999999999645e+00 3.212681890531903401e-05 -1.311512016457801026e-04
7.375000000000000000e+00 3.026433552803634808e-05 -1.248495762283902361e-04
7.400000000000001243e+00 2.851022580372346345e-05 -1.188549733152557958e-04
7.424999999999999822e+00 2.685819350295783769e-05 -1.131523685204329638e-04
7.450000000000000178e+00 2.530230632694912695e-05 -1.077274663092521375e-04
7.474999999999999645e+00 2.383697471340659262e-05 -1.025666653426857383e-04
7.500000000000000000e+00 2.245693171289465137e-05 -9.765702526832941116e-05
7.525000000000000355e+00 2.115721399269570585e-05 -9.298623499139176336e-05
7.549999999999999822e+00 1.993314401374100315e-05 -8.854258245008734055e-05
7.575000000000000178e+00 1.878031340159577186e-05 -8.431492590049843579e-05
7.599999999999999645e+00 1.769456749862776873e-05 -8.029266668939305984e-05
7.625000000000000000e+00 1.667199104648922137e-05 -7.646572346351749444e-05
7.650000000000000355e+00 1.570889491129932739e-05 -7.282450773480638037e-05
7.674999999999999822e+00 1.480180373386663941e-05 -6.935990069697529382e-05
7.700000000000000178e+00 1.394744436811720869e-05 -6.606323117349886256e-05
7.724999999999999645e+00 1.314273496533751051e-05 -6.292625457212696943e-05
7.750000000000000000e+00 1.238477457081722529e-05 -5.994113272753876556e-05
7.775000000000000355e+00 1.167083312156400229e-05 -5.710041453078139686e-05
7.799999999999999822e+00 1.099834176625538414e-05 -5.439701726915408474e-05
7.825000000000000178e+00 1.036488346680160871e-05 -5.182420863008382775e-05
7.849999999999999645e+00 9.768183879927474388e-06 -4.937558935308567588e-05
7.875000000000000000e+00 9.206102551701083537e-06 -4.704507654111281793e-05
7.900000000000000355e+00 8.676624483559042643e-06 -4.482688766299254275e-05
7.924999999999999822e+00 8.177852141767056110e-06 -4.271552528945197775e-05
7.950000000000000178e+00 7.707997982098144252e-06 -4.070576260564249795e-05
7.974999999999999645e+00 7.265377547933218451e-06 -3.879262973278647611e-05
8.000000000000000000e+00 6.848403175462871024e-06 -3.697140087283367564e-05
8.025000000000000355e+00 6.455578307731089224e-06 -3.523758226533126855e-05
8.050000000000000711e+00 6.085492384575363983e-06 -3.358690091883328262e-05
8.074999999999999289e+00 5.736816243135035281e-06 -3.201529405402992286e-05
8.099999999999999645e+00 5.408297938006010857e-06 -3.051889917589987702e-05
8.125000000000000000e+00 5.098758874935690929e-06 -2.909404468045050115e-05
8.150000000000000355e+00 4.807090149267918055e-06 -2.773724089957926845e-05
8.175000000000000711e+00 4.532248990473767165e-06 -2.644517149576146157e-05
8.199999999999999289e+00 4.273255235641555199e-06 -2.521468513527111422e-05
8.224999999999999645e+00 4.029187784690148097e-06 -2.404278739236783381e-05
8.250000000000000000e+00 3.799181024251186104e-06 -2.292663286395693579e-05
8.275000000000000355e+00 3.582421240919801301e-06 -2.186351750109441012e-05
8.300000000000000711e+00 3.378143073398036634e-06 -2.085087118671474673e-05
8.324999999999999289e+00 3.185626073085098933e-06 -1.988625060511584779e-05
8.349999999999999645e+00 3.004191451372048613e-06 -1.896733245600550112e-05
8.375000000000000000e+00 2.833199088256855448e-06 -1.809190706353439420e-05
8.400000000000000355e+00 2.672044861715279931e-06 -1.725787241916682693e-05
8.425000000000000711e+00 2.520158332743864831e-06 -1.646322867840381389e-05
8.449999999999999289e+00 2.377000790829781821e-06 -1.570607310797886031e-05
8.474999999999999645e+00 2.242063632982575894e-06 -1.498459545553317568e-05
8.500000000000000000e+00 2.114867020892087557e-06 -1.429707369159216777e-05
8.525000000000000355e+00 1.994958739204668462e-06 -1.364187005679077937e-05
8.550000000000000711e+00 1.881913166286113375e-06 -1.301742733836757751e-05
8.574999999999999289e+00 1.775330268677408957e-06 -1.242226529989710791e-05
8.599999999999999645e+00 1.674834541754576844e-06 -1.185497719725351037e-05
8.625000000000000000e+00 1.580073840112732138e-06 -1.131422633047785664e-05
8.650000000000000355e+00 1.490718069073384586e-06 -1.079874260333873452e-05
8.675000000000000711e+00 1.406457739470325962e-06 -1.030731908673969309e-05
8.699999999999999289e+00 1.327002417307241234e-06 -9.838808605608543532e-06
8.724999999999999645e+00 1.252079124021661304e-06 -9.392120388127580196e-06
8.750000000000000000e+00 1.181430758610451360e-06 -8.966216828701942419e-06
8.775000000000000355e+00 1.114814617905406310e-06 -8.560110420341387842e-06
8.800000000000000711e+00 1.052001085121938719e-06 -8.172860907535882055e-06
8.824999999999999289e+00 9.927725406033944724e-07 -7.803572698284858857e-06
8.849999999999999645e+00 9.369225247608580902e-07 -7.451392555257510429e-06
8.875000000000000000e+00 8.842551549290493496e-07 -7.115507564062813222e-06
8.900000000000000355e+00 8.345847693531792160e-07 -6.795143354228215129e-06
8.925000000000000711e+00 7.877357465400610724e-07 -6.489562528977642148e-06
8.949999999999999289e+00 7.435424304272815615e-07 -6.198063245889699241e-06
8.974999999999999645e+00 7.018490833675372940e-07 -5.919977883942444848e-06
9.000000000000000000e+00 6.625097911468642410e-07 -5.654671734234844544e-06
9.025000000000000355e+00 6.253882565091263487e-07 -5.401541661324954141e-06
9.050000000000000711e+00 5.903574383228393792e-07 -5.160014698500341828e-06
9.074999999999999289e+00 5.572990195978372131e-07 -4.929546560924431749e-06
9.099999999999999645e+00 5.261027153802787582e-07 -4.709620082628318434e-06
9.125000000000000000e+00 4.966654573476772704e-07 -4.499743603797064116e-06
9.150000000000000355e+00 4.688905120975490420e-07 -4.299449350883219413e-06
9.175000000000000711e+00 4.426866019659305987e-07 -4.108291861626934961e-06
9.199999999999999289e+00 4.179670993146264591e-07 -3.925846508841253116e-06
9.224999999999999645e+00 3.946493571899951549e-07 -3.751708170781712944e-06
9.250000000000000000e+00 3.726542225563032952e-07 -3.585490082831429793e-06
9.275000000000000355e+00 3.519057552082211192e-07 -3.426822887156844740e-06
9.300000000000000711e+00 3.323311492392551474e-07 -3.275353876494069225e-06
9.324999999999999289e+00 3.138608283560616998e-07 -3.130746407966946385e-06
9.349999999999999645e+00 2.964286647907570699e-07 -2.992679445983495493e-06
9.375000000000000000e+00 2.799722570868431313e-07 -2.860847181796906109e-06
9.400000000000000355e+00 2.644331965674021117e-07 -2.734958672946198139e-06
9.425000000000000711e+00 2.497572563893393095e-07 -2.614737449071024914e-06
9.449999999999999289e+00 2.358944502601314140e-07 -2.499921040895983480e-06
9.474999999999999645e+00 2.227989280424655061e-07 -2.390260405123288667e-06
9.500000000000000000e+00 2.104286998891003401e-07 -2.285519237250746084e-06
9.525000000000000355e+00 1.987452057877535579e-07 -2.185473184297130903e-06
9.550000000000000711e+00 1.877127698704517578e-07 -2.089908987265951599e-06
9.574999999999999289e+00 1.772979956660924282e-07 -1.998623596536466048e-06
9.599999999999999645e+00 1.674691672135290643e-07 -1.911423310422414155e-06
9.625000000000000000e+00 1.581957205694129350e-07 -1.828122986946901804e-06
9.650000000000000355e+00 1.494478409276155900e-07 -1.748545371692833366e-06
9.675000000000000711e+00 1.411962236097095662e-07 -1.672520571243828020e-06
9.699999999999999289e+00 1.334120150830302511e-07 -1.599885684433009253e-06
9.724999999999999645e+00 1.260669259999086886e-07 -1.530484584549988852e-06
9.750000000000000000e+00 1.191334853967662843e-07 -1.464167827620774108e-06
9.775000000000000355e+00 1.125853867925560722e-07 -1.400792647359459295e-06
9.800000000000000711e+00 1.063978654511557386e-07 -1.340222988274027499e-06
9.824999999999999289e+00 1.005480431119406767e-07 -1.282329526024011634e-06
9.849999999999999645e+00 9.501518227069569513e-08 -1.226989628626053411e-06
9.875000000000000000e+00 8.978080581677386892e-08 -1.174087222916782651e-06
9.900000000000000355e+00 8.482865746170736078e-08 -1.123512546141985067e-06
9.925000000000000711e+00 8.014450119143087255e-08 -1.075161780560860271e-06
9.949999999999999289e+00 7.571578076353161596e-08 -1.028936586966621881e-06
9.974999999999999645e+00 7.153117986537255513e-08 -9.847435685904299684e-07
1.000000000000000000e+01 6.758013733764727210e-08 -9.424937077892854352e-07
1.002500000000000036e+01 6.385237795366751253e-08 -9.021018228611545247e-07
1.005000000000000071e+01 6.033751688053489889e-08 -8.634860905437515458e-07
1.007499999999999929e+01 5.702478558214964147e-08 -8.265676716440523983e-07
1.009999999999999964e+01 5.390290998106903276e-08 -7.912704639889677728e-07
1.012500000000000000e+01 5.096015073976725168e-08 -7.575209903064499170e-07
1.015000000000000036e+01 4.818449325615426258e-08 -7.252484111550936572e-07
1.017500000000000071e+01 4.556395477068381487e-08 -6.943846369919913437e-07
1.019999999999999929e+01 4.308696034090695281e-08 -6.648645011175822099e-07
1.022499999999999964e+01 4.074273070027686211e-08 -6.366259482525508894e-07
1.025000000000000000e+01 3.852162416316506673e-08 -6.096101927677528594e-07
1.027500000000000036e+01 3.641538190773834724e-08 -5.837618062047563125e-07
1.030000000000000071e+01 3.441724002782145905e-08 -5.590287047625020312e-07
1.032499999999999929e+01 3.252189074601990375e-08 -5.353620224136236319e-07
1.034999999999999964e+01 3.072529639675338296e-08 -5.127158720926676897e-07
1.037500000000000000e+01 2.902438026496026148e-08 -4.910470135813001933e-07
1.040000000000000036e+01 2.741663538488194702e-08 -4.703144602155654511e-07
1.042500000000000071e+01 2.589970344387193094e-08 -4.504790653612689133e-07
1.044999999999999929e+01 2.447097977608887340e-08 -4.315031326747718023e-07
1.047499999999999964e+01 2.312729640760731316e-08 -4.133500911301922377e-07
1.050000000000000000e+01 2.186472394843767231e-08 -3.959842669659075027e-07
1.052500000000000036e+01 2.067851646840219937e-08 -3.793707716840595525e-07
1.055000000000000071e+01 1.956320357831294885e-08 -3.634755094554104246e-07
1.057499999999999929e+01 1.851281369426620923e-08 -3.482652913225328339e-07
1.059999999999999964e+01 1.752119455975762451e-08 -3.337080294206966865e-07
1.062500000000000000e+01 1.658238410320210304e-08 -3.197729741068354177e-07
1.065000000000000036e+01 1.569097825952836150e-08 -3.064309517293478112e-07
1.067500000000000071e+01 1.484244342769625242e-08 -2.936545615447319842e-07
1.069999999999999929e+01 1.403332945136812923e-08 -2.814182966942189400e-07
1.072499999999999964e+01 1.326135326927271076e-08 -2.696985653898095606e-07
1.075000000000000000e+01 1.252534161468560348e-08 -2.584736028435007680e-07
1.077500000000000036e+01 1.182504081857086131e-08 -2.477232800132273036e-07
1.080000000000000071e+01 1.116082013065646531e-08 -2.374288297831153280e-07
1.082499999999999929e+01 1.053330952763374364e-08 -2.275725227514226563e-07
1.084999999999999964e+01 9.943021698571821783e-09 -2.181373317456880750e-07
1.087500000000000000e+01 9.390009706686208249e-09 -2.091066257082956049e-07
1.090000000000000036e+01 8.873606429982101824e-09 -2.004639293848967689e-07
1.092500000000000071e+01 8.392280253426929013e-09 -1.921927761206406930e-07
1.094999999999999929e+01 7.943625084425052113e-09 -1.842766681651341450e-07
1.097499999999999964e+01 7.524484104307366559e-09 -1.766991441229869662e-07
1.100000000000000000e+01 7.131188214858086899e-09 -1.694439386412752293e-07
1.102500000000000036e+01 6.759874471347130632e-09 -1.624952069374448533e-07
1.105000000000000071e+01 6.406839111767954361e-09 -1.558377783548017837e-07
1.107499999999999929e+01 6.068875448406082964e-09 -1.494573995677257960e-07
1.109999999999999964e+01 5.743549441753937713e-09 -1.433409300550482448e-07
1.112500000000000000e+01 5.429374909175582576e-09 -1.374764595944846514e-07
1.115000000000000036e+01 5.125864505017204145e-09 -1.318533287107839736e-07
1.117500000000000071e+01 4.833450091744258263e-09 -1.264620468186186902e-07
1.119999999999999929e+01 4.553284242515854204e-09 -1.212941170973433308e-07
1.122499999999999964e+01 4.286950959137773093e-09 -1.163417901312076432e-07
1.125000000000000000e+01 4.036126080409461549e-09 -1.115977781511667472e-07
1.127500000000000036e+01 3.802234378825764678e-09 -1.070549669561948449e-07
1.130000000000000071e+01 3.586150499127189853e-09 -1.027061627893228310e-07
1.132499999999999929e+01 3.387984360124461837e-09 -9.854390633171378746e-08
1.134999999999999964e+01 3.206979655344449006e-09 -9.456037655916862323e-08
1.137500000000000000e+01 3.041538196835690121e-09 -9.074739468281002583e-08
1.140000000000000036e+01 2.889365324997656266e-09 -8.709652455193776864e-08
1.142500000000000071e+01 2.747714965914319858e-09 -8.359925270195258218e-08
1.144999999999999929e+01 2.613699280471277757e-09 -8.024722045375099158e-08
1.147499999999999964e+01 2.484619281274383554e-09 -7.703247358936038269e-08
1.150000000000000000e+01 2.358270272001613433e-09 -7.394769311662453162e-08
1.152500000000000036e+01 2.233179843057158676e-09 -7.098637359716395947e-08
1.155000000000000071e+01 2.108745910620736144e-09 -6.814292321395775843e-08
1.157499999999999929e+01 1.985256363902241234e-09 -6.541267078472986120e-08
1.159999999999999964e+01 1.863788451310245151e-09 -6.279177808431806622e-08
1.162500000000000000e+01 1.746002717243631423e-09 -6.027706896624380792e-08
1.165000000000000036e+01 1.633860723299848749e-09 -5.786579825905805075e-08
1.167500000000000071e+01 1.529306137602234948e-09 -5.555539162477241418e-08
1.169999999999999929e+01 1.433953482368000534e-09 -5.334319135492329023e-08
1.172499999999999964e+01 1.348827400123823543e-09 -5.122624202261569628e-08
1.175000000000000000e+01 1.274187967503169772e-09 -4.920114417078981863e-08
1.177500000000000036e+01 1.209465360741672028e-09 -4.726399458309252804e-08
1.180000000000000071e+01 1.153311872457350607e-09 -4.541041964720285228e-08
1.182499999999999929e+01 1.103762983632432304e-09 -4.363569538195585561e-08
1.184999999999999964e+01 1.058484166020213024e-09 -4.193493584534678301e-08
1.187500000000000000e+01 1.015068452972843708e-09 -4.030332237365449983e-08
1.190000000000000036e+01 9.713430828952828433e-10 -3.873634069837327784e-08
1.192500000000000071e+01 9.256426168562891304e-10 -3.722999225712466034e-08
1.194999999999999929e+01 8.770109434536950589e-10 -3.578094987072041044e-08
1.197499999999999964e+01 8.253047407020453034e-10 -3.438663595423451066e-08
1.200000000000000000e+01 7.711848280269829820e-10 -3.304521236360279968e-08
1.202500000000000036e+01 7.159974778991585803e-10 -3.175548333495455397e-08
1.205000000000000071e+01 6.615629588065657233e-10 -3.051672498191672959e-08
1.207499999999999929e+01 6.099012947610374599e-10 -2.932846495224705743e-08
1.209999999999999964e+01 5.629336394302660367e-10 -2.819024250828121201e-08
1.212500000000000000e+01 5.222007622928298766e-10 -2.710138184129470399e-08
1.215000000000000036e+01 4.886373878151437930e-10 -2.606080929445741475e-08
1.217500000000000071e+01 4.624331229749597430e-10 -2.506693891778976723e-08
1.219999999999999929e+01 4.429984606895663333e-10 -2.411764110825081001e-08
1.222499999999999964e+01 4.290396446385992789e-10 -2.321029751342665136e-08
1.225000000000000000e+01 4.187311162227453756e-10 -2.234193343985659710e-08
1.227500000000000036e+01 4.099608324205445826e-10 -2.150940834513531562e-08
1.230000000000000071e+01 4.006138678098272062e-10 -2.070963719037935841e-08
1.232499999999999929e+01 3.888547106901655354e-10 -1.993981133127820990e-08
1.234999999999999964e+01 3.733691544277875062e-10 -1.919758801900996236e-08
1.237500000000000000e+01 3.535326107654274573e-10 -1.848122217751509670e-08
1.240000000000000036e+01 3.294821058744342383e-10 -1.778962231029667431e-08
1.242500000000000071e+01 3.020827530367364206e-10 -1.712232309586541528e-08
1.244999999999999929e+01 2.727941635605061665e-10 -1.647937880626457942e-08
1.247499999999999964e+01 2.434560742821909605e-10 -1.586119262563586647e-08
1.250000000000000000e+01 2.160234769083498920e-10 -1.526830570260033620e-08
1.252500000000000036e+01 1.922883054174773957e-10 -1.470117517978373562e-08
1.255000000000000071e+01 1.736262882058947947e-10 -1.415997172815831660e-08
1.257499999999999929e+01 1.608037756904086162e-10 -1.364442418754252847e-08
1.259999999999999964e+01 1.538708043033033554e-10 -1.315373220358189441e-08
1.262500000000000000e+01 1.521544729285596705e-10 -1.268655816053619848e-08
1.265000000000000036e+01 1.543527578327128197e-10 -1.224109867809502017e-08
1.267500000000000071e+01 1.587149475488718502e-10 -1.181522492238016802e-08
1.269999999999999929e+01 1.632830391572005124e-10 -1.140667156631015825e-08
1.272499999999999964e+01 1.661601715616507243e-10 -1.101324766910791296e-08
1.275000000000000000e+01 1.657687180827207073e-10 -1.063303990827090893e-08
1.277500000000000036e+01 1.610623743900826067e-10 -1.026457993670427656e-08
1.280000000000000071e+01 1.516632338794130825e-10 -9.906952795433576375e-09
1.282499999999999929e+01 1.379054413820465914e-10 -9.559831670938572741e-09
1.284999999999999964e+01 1.207801167376461027e-10 -9.223434617442506613e-09
1.287500000000000000e+01 1.017899162940561758e-10 -8.898409666222770787e-09
1.290000000000000036e+01 8.273406836725422436e-11 -8.585664660162123658e-09
1.292500000000000071e+01 6.545417682169679062e-11 -8.286165634620829332e-09
1.294999999999999929e+01 5.157627046021530753e-11 -8.000731762845285745e-09
1.297499999999999964e+01 4.228484435448226705e-11 -7.729855162435072041e-09
1.300000000000000000e+01 3.815991313007635057e-11 -7.473570159723039004e-09
1.302500000000000036e+01 3.909914988139294351e-11 -7.231389631253287807e-09
1.305000000000000071e+01 4.433522659906983172e-11 -7.002316593413307629e-09
1.307499999999999929e+01 5.254521929510281788e-11 -6.784928739317123352e-09
1.309999999999999964e+01 6.203622175943239686e-11 -6.577523583081687917e-09
1.312500000000000000e+01 7.098087443466178618e-11 -6.378303528699845368e-09
1.315000000000000036e+01 7.766981579536196471e-11 -6.185574867787744075e-09
1.317500000000000071e+01 8.074596158157866262e-11 -5.997932949319038757e-09
1.319999999999999929e+01 7.938830715720671757e-11 -5.814407910799001857e-09
1.322499999999999964e+01 7.342018382089367719e-11 -5.634551026141836047e-09
1.325000000000000000e+01 6.332753359054920353e-11 -5.458450061247783925e-09
1.327500000000000036e+01 5.018536751982298395e-11 -5.286672002359929869e-09
1.330000000000000071e+01 3.550325445762583294e-11 -5.120141528526030792e-09
1.332499999999999929e+01 2.101186417460335203e-11 -4.959972487029940920e-09
1.334999999999999964e+01 8.420554950252636358e-12 -4.807275967856609190e-09
1.337500000000000000e+01 -8.202141536773874872e-13 -4.662971659258375536e-09
1.340000000000000036e+01 -5.718772649039351485e-12 -4.527628502516589424e-09
1.342500000000000071e+01 -5.877032335930456076e-12 -4.401356432805681461e-09
1.344999999999999929e+01 -1.542015531805422471e-12 -4.283763723041541590e-09
1.347499999999999964e+01 6.432420650284103160e-12 -4.173985317385719470e-09
1.350000000000000178e+01 1.670766712183829233e-11 -4.070777613997499804e-09
1.352500000000000213e+01 2.764875553057364077e-11 -3.972666060976751740e-09
1.355000000000000249e+01 3.755242662316683512e-11 -3.878124630675505044e-09
1.357499999999999929e+01 4.488305993058045037e-11 -3.785762122840001278e-09
1.359999999999999964e+01 4.848365610231751854e-11 -3.694489310550268001e-09
1.362500000000000000e+01 4.773286960986077658e-11 -3.603643952887528901e-09
1.365000000000000213e+01 4.262673142435425798e-11 -3.513056600209978989e-09
1.367500000000000249e+01 3.377426753941647593e-11 -3.423048470026318500e-09
1.369999999999999929e+01 2.230828131509818671e-11 -3.334362159661446306e-09
1.372499999999999964e+01 9.724246307307441339e-12 -3.248035211219263238e-09
1.375000000000000000e+01 -2.329839520380324541e-12 -3.165234419861085026e-09
1.377500000000000213e+01 -1.228314932904563843e-11 -3.087074065592856872e-09
1.380000000000000249e+01 -1.885934565075983196e-11 -3.014443285976206544e-09
1.382499999999999929e+01 -2.125145689339059934e-11 -2.947866408003111978e-09
1.384999999999999964e+01 -1.923042262987106495e-11 -2.887415246940230044e-09
1.387500000000000000e+01 -1.317272489449088749e-11 -2.832685110168732023e-09
1.390000000000000213e+01 -4.003853403640049981e-12 -2.782837325371616529e-09
1.392500000000000249e+01 6.933941884356542538e-12 -2.736701848766836289e-09
1.394999999999999929e+01 1.807076758045165981e-11 -2.692925294546287665e-09
1.397499999999999964e+01 2.782843332628281688e-11 -2.650143490196519240e-09
1.400000000000000000e+01 3.483942379680986444e-11 -2.607154465406460810e-09
1.402500000000000213e+01 3.813514985324595390e-11 -2.563067875757084568e-09
1.405000000000000249e+01 3.727758526240804501e-11 -2.517410292290994316e-09
1.407499999999999929e+01 3.241645220443554614e-11 -2.470172074094990585e-09
1.409999999999999964e+01 2.426452897737628959e-11 -2.421789699644554779e-09
1.412500000000000000e+01 1.399508113723338574e-11 -2.373066435948757858e-09
1.415000000000000213e+01 3.076176671175345477e-12 -2.325042738908774931e-09
1.417500000000000249e+01 -6.934720051744221584e-12 -2.278834632936886387e-09
1.419999999999999929e+01 -1.460711229813606689e-11 -2.235462658822007036e-09
1.422499999999999964e+01 -1.883472628935995876e-11 -2.195695075540565693e-09
1.425000000000000000e+01 -1.898645053746113266e-11 -2.159926897480742707e-09
1.427500000000000036e+01 -1.499033820520968638e-11 -2.128111217424298189e-09
1.430000000000000249e+01 -7.339509937369346720e-12 -2.099751912721094109e-09
1.432499999999999929e+01 2.980305922746860098e-12 -2.073958266363498638e-09
1.434999999999999964e+01 1.463099201494849419e-11 -2.049553502591796844e-09
1.437500000000000000e+01 2.611003560882362806e-11 -2.025221783070251482e-09
1.440000000000000036e+01 3.595986635410715192e-11 -1.999673091327020106e-09
1.442500000000000249e+01 4.296924702316264001e-11 -1.971803052317303778e-09
1.444999999999999929e+01 4.633875684551677453e-11 -1.940825684970396361e-09
1.447499999999999964e+01 4.578754234882357705e-11 -1.906361011664372771e-09
1.450000000000000000e+01 4.158680406955395230e-11 -1.868465847562029675e-09
1.452500000000000036e+01 3.451578096912863236e-11 -1.827604129832196041e-09
1.455000000000000249e+01 2.574675972761553973e-11 -1.784561559960590850e-09
1.457499999999999929e+01 1.667549773926246671e-11 -1.740317057477715358e-09
1.459999999999999964e+01 8.720963494331082897e-12 -1.695889494841749334e-09
1.462500000000000000e+01 3.122425836046358992e-12 -1.652181435575090971e-09
1.465000000000000036e+01 7.622278001084976991e-13 -1.609841976768653912e-09
1.467500000000000249e+01 2.038853994130719191e-12 -1.569167914983121574e-09
1.469999999999999929e+01 6.807862085866376478e-12 -1.530057070033965447e-09
1.472499999999999964e+01 1.439877101175276614e-11 -1.492020227635404930e-09
1.475000000000000000e+01 2.370543764948491474e-11 -1.454249947921268240e-09
1.477500000000000036e+01 3.333731244536569724e-11 -1.415736579395743714e-09
1.480000000000000249e+01 4.181057515351615069e-11 -1.375415258396640013e-09
1.482499999999999929e+01 4.775271168206487747e-11 -1.332323388983732942e-09
1.484999999999999964e+01 5.009234497946929465e-11 -1.285746711466786499e-09
1.487500000000000000e+01 4.820823818588692706e-11 -1.235333653294443698e-09
1.490000000000000036e+01 4.201712805589756714e-11 -1.181162111821686394e-09
1.492500000000000071e+01 3.198850481225618691e-11 -1.123749374104493627e-09
1.494999999999999929e+01 1.908455365273793914e-11 -1.064003749555699789e-09
1.497499999999999964e+01 4.633734817378369393e-12 -1.003124473439527833e-09
