# col1: r[fm],  col2: chargedensity, col3: weak density [fm^-3](normailized to Q=1)
2.101448349307773875e-07 8.509822871279724976e-02 -8.793796779068663305e-02
2.500000000000000139e-02 8.509175491016307546e-02 -8.793165756044543646e-02
5.000000000000000278e-02 8.507235284210272475e-02 -8.791274801316054099e-02
7.499999999999999722e-02 8.504008041637364790e-02 -8.788130247067876821e-02
1.000000000000000056e-01 8.499503377765411927e-02 -8.783742611149281121e-02
1.250000000000000000e-01 8.493734676994782462e-02 -8.778126544637160356e-02
1.499999999999999944e-01 8.486719021219761572e-02 -8.771300760816205799e-02
1.749999999999999889e-01 8.478477101242280767e-02 -8.763287947723376325e-02
2.000000000000000111e-01 8.469033114905799575e-02 -8.754114666694225166e-02
2.250000000000000056e-01 8.458414654914606090e-02 -8.743811239439316929e-02
2.500000000000000000e-01 8.446652589161389446e-02 -8.732411626068890820e-02
2.750000000000000222e-01 8.433780936023506369e-02 -8.719953296189156267e-02
2.999999999999999889e-01 8.419836736546559841e-02 -8.706477094747953893e-02
3.250000000000000111e-01 8.404859924768701140e-02 -8.692027103757238304e-02
3.499999999999999778e-01 8.388893196716257217e-02 -8.676650500419740009e-02
3.750000000000000000e-01 8.371981877890301293e-02 -8.660397411594973616e-02
4.000000000000000222e-01 8.354173788430224734e-02 -8.643320764010480051e-02
4.249999999999999889e-01 8.335519104640251586e-02 -8.625476129204888431e-02
4.500000000000000111e-01 8.316070215239765306e-02 -8.606921561914855634e-02
4.749999999999999778e-01 8.295881570570642904e-02 -8.587717430508330640e-02
5.000000000000000000e-01 8.275009523068607709e-02 -8.567926238125067595e-02
5.250000000000000222e-01 8.253512157564227292e-02 -8.547612433399533194e-02
5.500000000000000444e-01 8.231449110390193225e-02 -8.526842209984844545e-02
5.749999999999999556e-01 8.208881376789409212e-02 -8.505683294531607430e-02
5.999999999999999778e-01 8.185871106689900090e-02 -8.484204723258782777e-02
6.250000000000000000e-01 8.162481389482637018e-02 -8.462476607739397028e-02
6.500000000000000222e-01 8.138776028955785335e-02 -8.440569890968746547e-02
6.750000000000000444e-01 8.114819309960705218e-02 -8.418556095151172314e-02
6.999999999999999556e-01 8.090675758681190044e-02 -8.396507062907204721e-02
7.249999999999999778e-01 8.066409898532155009e-02 -8.374494693752126961e-02
7.500000000000000000e-01 8.042086003727222376e-02 -8.352590677728753688e-02
7.750000000000000222e-01 8.017767852440596532e-02 -8.330866228001768126e-02
8.000000000000000444e-01 7.993518481273111098e-02 -8.309391814059284564e-02
8.249999999999999556e-01 7.969399942449890972e-02 -8.288236896946660215e-02
8.499999999999999778e-01 7.945473064865810064e-02 -8.267469667709463621e-02
8.750000000000000000e-01 7.921797219792746370e-02 -8.247156789977562463e-02
9.000000000000000222e-01 7.898430091803088082e-02 -8.227363147408507660e-02
9.250000000000001554e-01 7.875427455271878652e-02 -8.208151596546750528e-02
9.499999999999999556e-01 7.852842956711607314e-02 -8.189582725559130250e-02
9.749999999999999778e-01 7.830727903172246540e-02 -8.171714619280368019e-02
1.000000000000000000e+00 7.809131056998888654e-02 -8.154602631040828997e-02
1.024999999999999911e+00 7.788098437363867588e-02 -8.138299161839454565e-02
1.050000000000000044e+00 7.767673129157341705e-02 -8.122853447550271166e-02
1.074999999999999956e+00 7.747895100003444890e-02 -8.108311354989687636e-02
1.100000000000000089e+00 7.728801026341723668e-02 -8.094715187802309364e-02
1.125000000000000000e+00 7.710424129651601011e-02 -8.082103503225510077e-02
1.149999999999999911e+00 7.692794023982742202e-02 -8.070510940852673731e-02
1.175000000000000044e+00 7.675936575974635911e-02 -8.059968064521375042e-02
1.199999999999999956e+00 7.659873778501651020e-02 -8.050501218403736947e-02
1.225000000000000089e+00 7.644623638969122448e-02 -8.042132398274148830e-02
1.250000000000000000e+00 7.630200083123744870e-02 -8.034879138784230268e-02
1.274999999999999911e+00 7.616612875043378417e-02 -8.028754417398911714e-02
1.300000000000000044e+00 7.603867553756951669e-02 -8.023766575456528494e-02
1.324999999999999956e+00 7.591965386733377785e-02 -8.019919256625737680e-02
1.350000000000000089e+00 7.580903340286913872e-02 -8.017211362856994927e-02
1.375000000000000000e+00 7.570674066788186940e-02 -8.015637027777480772e-02
1.399999999999999911e+00 7.561265908453460027e-02 -8.015185607362913800e-02
1.425000000000000044e+00 7.552662917411397114e-02 -8.015841687639252422e-02
1.449999999999999956e+00 7.544844891713389790e-02 -8.017585109120177467e-02
1.475000000000000089e+00 7.537787426951554626e-02 -8.020391007665543526e-02
1.500000000000000000e+00 7.531461983166690133e-02 -8.024229871442600803e-02
1.524999999999999911e+00 7.525835966752521256e-02 -8.029067613675598680e-02
1.550000000000000044e+00 7.520872827080164746e-02 -8.034865660869097703e-02
1.574999999999999956e+00 7.516532167566176981e-02 -8.041581056177748987e-02
1.600000000000000089e+00 7.512769870881010059e-02 -8.049166577563476865e-02
1.625000000000000000e+00 7.509538237938911953e-02 -8.057570870327285251e-02
1.649999999999999911e+00 7.506786140225539528e-02 -8.066738593527447709e-02
1.675000000000000044e+00 7.504459184911602132e-02 -8.076610579703068227e-02
1.699999999999999956e+00 7.502499892077232890e-02 -8.087124007217982857e-02
1.725000000000000311e+00 7.500847883244096681e-02 -8.098212584433721328e-02
1.750000000000000000e+00 7.499440080290811772e-02 -8.109806744820244329e-02
1.774999999999999911e+00 7.498210913723395155e-02 -8.121833852028324807e-02
1.800000000000000044e+00 7.497092539194262495e-02 -8.134218413884393428e-02
1.824999999999999956e+00 7.496015061116322042e-02 -8.146882304231918559e-02
1.850000000000000311e+00 7.494906762205347239e-02 -8.159744991534582936e-02
1.875000000000000000e+00 7.493694337801573568e-02 -8.172723773174342399e-02
1.899999999999999911e+00 7.492303133866419496e-02 -8.185734014417844762e-02
1.925000000000000044e+00 7.490657387614246820e-02 -8.198689391081732947e-02
1.949999999999999956e+00 7.488680469813720209e-02 -8.211502134993879654e-02
1.975000000000000089e+00 7.486295127869732613e-02 -8.224083281416166846e-02
2.000000000000000000e+00 7.483423728866492319e-02 -8.236342917658270868e-02
2.024999999999999911e+00 7.479988501809653467e-02 -8.248190432165941610e-02
2.049999999999999822e+00 7.475911778345896430e-02 -8.259534763407981595e-02
2.075000000000000178e+00 7.471116231262196761e-02 -8.270284647912935772e-02
2.100000000000000089e+00 7.465525110075095505e-02 -8.280348866820332054e-02
2.125000000000000000e+00 7.459062473017936956e-02 -8.289636490315660522e-02
2.149999999999999911e+00 7.451653414726239211e-02 -8.298057119317432673e-02
2.174999999999999822e+00 7.443224288915156750e-02 -8.305521123783839166e-02
2.200000000000000178e+00 7.433702925344597146e-02 -8.311939877010623978e-02
2.225000000000000089e+00 7.423018840381864769e-02 -8.317225985304849134e-02
2.250000000000000000e+00 7.411103440502313233e-02 -8.321293512444069562e-02
2.274999999999999911e+00 7.397890218116288941e-02 -8.324058198367520478e-02
2.299999999999999822e+00 7.383314939174291658e-02 -8.325437671594938804e-02
2.325000000000000178e+00 7.367315822078619736e-02 -8.325351654926177458e-02
2.350000000000000089e+00 7.349833707513349357e-02 -8.323722164037489213e-02
2.375000000000000000e+00 7.330812218889738718e-02 -8.320473698653213512e-02
2.399999999999999911e+00 7.310197913184701690e-02 -8.315533426029789177e-02
2.424999999999999822e+00 7.287940422020336428e-02 -8.308831356538423640e-02
2.450000000000000178e+00 7.263992582888724459e-02 -8.300300511169936279e-02
2.475000000000000089e+00 7.238310560465605059e-02 -8.289877080808473464e-02
2.500000000000000000e+00 7.210853957979161677e-02 -8.277500577129991155e-02
2.524999999999999911e+00 7.181585918607294450e-02 -8.263113974977931431e-02
2.549999999999999822e+00 7.150473216872171855e-02 -8.246663846055195257e-02
2.575000000000000178e+00 7.117486339988741972e-02 -8.228100483752361083e-02
2.600000000000000089e+00 7.082599559109628573e-02 -8.207378018911178075e-02
2.625000000000000000e+00 7.045790990397286790e-02 -8.184454526304120459e-02
2.649999999999999911e+00 7.007042645849689833e-02 -8.159292121598624159e-02
2.674999999999999822e+00 6.966340473811168110e-02 -8.131857048571304591e-02
2.700000000000000178e+00 6.923674389116554750e-02 -8.102119756344308699e-02
2.725000000000000089e+00 6.879038292844394387e-02 -8.070054966432782528e-02
2.750000000000000000e+00 6.832430081691548418e-02 -8.035641729418246948e-02
2.774999999999999911e+00 6.783851647024193021e-02 -7.998863471094862232e-02
2.799999999999999822e+00 6.733308863704966230e-02 -7.959708027971551525e-02
2.825000000000000178e+00 6.680811568839234438e-02 -7.918167672049351846e-02
2.850000000000000089e+00 6.626373530620992269e-02 -7.874239124827606129e-02
2.875000000000000000e+00 6.570012407488806661e-02 -7.827923560522509483e-02
2.899999999999999911e+00 6.511749697822297178e-02 -7.779226598505778467e-02
2.924999999999999822e+00 6.451610680420422073e-02 -7.728158284989776472e-02
2.950000000000000178e+00 6.389624346005134958e-02 -7.674733063999440719e-02
2.975000000000000089e+00 6.325823319990629690e-02 -7.618969737682218524e-02
3.000000000000000000e+00 6.260243776752306977e-02 -7.560891416017817557e-02
3.024999999999999911e+00 6.192925345624480937e-02 -7.500525456002392344e-02
3.049999999999999822e+00 6.123911008855033311e-02 -7.437903390399253079e-02
3.075000000000000178e+00 6.053246991751268929e-02 -7.373060846172599381e-02
3.100000000000000089e+00 5.980982645266180037e-02 -7.306037452752807415e-02
3.125000000000000000e+00 5.907170321298228777e-02 -7.236876740322477353e-02
3.149999999999999911e+00 5.831865241010271428e-02 -7.165626028359822763e-02
3.174999999999999822e+00 5.755125356512157120e-02 -7.092336304729428276e-02
3.200000000000000178e+00 5.677011206294104578e-02 -7.017062095666674881e-02
3.225000000000000089e+00 5.597585764841021827e-02 -6.939861327058520490e-02
3.250000000000000000e+00 5.516914286897871972e-02 -6.860795177477237161e-02
3.274999999999999911e+00 5.435064146890261627e-02 -6.779927923471913698e-02
3.299999999999999822e+00 5.352104674030119108e-02 -6.697326777663456521e-02
3.325000000000000178e+00 5.268106983652553338e-02 -6.613061720220954343e-02
3.350000000000000089e+00 5.183143805336434123e-02 -6.527205324320264901e-02
3.375000000000000444e+00 5.097289308358975840e-02 -6.439832576200336944e-02
3.399999999999999911e+00 5.010618925025306369e-02 -6.351020690439894423e-02
3.424999999999999822e+00 4.923209172400287020e-02 -6.260848921079155416e-02
3.450000000000000622e+00 4.835137472954374738e-02 -6.169398369209769944e-02
3.475000000000000533e+00 4.746481974620703204e-02 -6.076751787653549008e-02
3.500000000000000000e+00 4.657321370748922912e-02 -5.982993383348129968e-02
3.524999999999999911e+00 4.567734720434290380e-02 -5.888208618057231419e-02
3.549999999999999822e+00 4.477801269698204051e-02 -5.792484008024258862e-02
3.575000000000000622e+00 4.387600273998600031e-02 -5.695906923191002003e-02
3.600000000000000089e+00 4.297210822554293347e-02 -5.598565386606951799e-02
3.625000000000000000e+00 4.206711664973816073e-02 -5.500547874657623487e-02
3.649999999999999911e+00 4.116181040685337050e-02 -5.401943118741166922e-02
3.674999999999999822e+00 4.025696511666447541e-02 -5.302839909018758346e-02
3.700000000000000622e+00 3.935334798969866710e-02 -5.203326900855499010e-02
3.725000000000000089e+00 3.845171623531558336e-02 -5.103492424552948103e-02
3.750000000000000000e+00 3.755281551730719342e-02 -5.003424298951909127e-02
3.774999999999999911e+00 3.665737846147232998e-02 -4.903209649455371466e-02
3.799999999999999822e+00 3.576612321931757488e-02 -4.802934730986687523e-02
3.825000000000000178e+00 3.487975209169089791e-02 -4.702684756359678392e-02
3.850000000000000089e+00 3.399895021578257931e-02 -4.602543730496330698e-02
3.875000000000000000e+00 3.312438431855542487e-02 -4.502594290886672429e-02
3.899999999999999911e+00 3.225670153931298884e-02 -4.402917554645665449e-02
3.924999999999999822e+00 3.139652832379509484e-02 -4.303592972485282414e-02
3.950000000000000178e+00 3.054446939191681268e-02 -4.204698189887052379e-02
3.975000000000000089e+00 2.970110678104104229e-02 -4.106308915731746167e-02
4.000000000000000000e+00 2.886699896649139521e-02 -4.008498798618114617e-02
4.025000000000000355e+00 2.804268006085923817e-02 -3.911339311080946901e-02
4.049999999999999822e+00 2.722865909352071775e-02 -3.814899641898751581e-02
4.075000000000000178e+00 2.642541937163600183e-02 -3.719246596661753695e-02
4.099999999999999645e+00 2.563341792373762668e-02 -3.624444506750206657e-02
4.125000000000000000e+00 2.485308502680838583e-02 -3.530555146849669729e-02
4.150000000000000355e+00 2.408482381749630502e-02 -3.437637661103585401e-02
4.174999999999999822e+00 2.332900998780462754e-02 -3.345748497973139585e-02
4.200000000000000178e+00 2.258599156523678764e-02 -3.254941353840882373e-02
4.224999999999999645e+00 2.185608877697703747e-02 -3.165267125358096206e-02
4.250000000000000000e+00 2.113959399725968968e-02 -3.076773870497737096e-02
4.275000000000000355e+00 2.043677177664761715e-02 -2.989506778236488208e-02
4.299999999999999822e+00 1.974785895151540821e-02 -2.903508146752065491e-02
4.325000000000000178e+00 1.907306483163850180e-02 -2.818817369987259430e-02
4.349999999999999645e+00 1.841257146343730500e-02 -2.735470932400961216e-02
4.375000000000000000e+00 1.776653396612287369e-02 -2.653502411699286759e-02
4.400000000000000355e+00 1.713508093774558649e-02 -2.572942489317380649e-02
4.424999999999999822e+00 1.651831492795058018e-02 -2.493818968403670178e-02
4.450000000000000178e+00 1.591631297409185422e-02 -2.416156799043110356e-02
4.474999999999999645e+00 1.532912719723419741e-02 -2.339978110442907100e-02
4.500000000000000000e+00 1.475678545446655436e-02 -2.265302249792312816e-02
4.525000000000000355e+00 1.419929204385018094e-02 -2.192145827496417079e-02
4.549999999999999822e+00 1.365662845821615130e-02 -2.120522768471212391e-02
4.575000000000000178e+00 1.312875418390653352e-02 -2.050444369173393816e-02
4.599999999999999645e+00 1.261560754041751546e-02 -1.981919360023005200e-02
4.625000000000000000e+00 1.211710655675569785e-02 -1.914953972860458653e-02
4.650000000000000355e+00 1.163314988017079624e-02 -1.849552013062647632e-02
4.674999999999999822e+00 1.116361771278814863e-02 -1.785714935926376035e-02
4.700000000000000178e+00 1.070837277155033476e-02 -1.723441926912757521e-02
4.724999999999999645e+00 1.026726126680123884e-02 -1.662729985334557292e-02
4.750000000000000000e+00 9.840113894818976886e-03 -1.603574011060577773e-02
4.775000000000000355e+00 9.426746839638412354e-03 -1.545966893808262653e-02
4.799999999999999822e+00 9.026962779598479009e-03 -1.489899604597509468e-02
4.825000000000000178e+00 8.640551894206035394e-03 -1.435361288945721792e-02
4.849999999999999645e+00 8.267292867117935484e-03 -1.382339361395466988e-02
4.875000000000000000e+00 7.906953881294439754e-03 -1.330819600981140299e-02
4.900000000000000355e+00 7.559293602658179352e-03 -1.280786247258661539e-02
4.924999999999999822e+00 7.224062148885333594e-03 -1.232222096541159967e-02
4.950000000000000178e+00 6.901002040247478792e-03 -1.185108598002871175e-02
4.974999999999999645e+00 6.589849129700128295e-03 -1.139425949332063294e-02
5.000000000000000000e+00 6.290333509668817082e-03 -1.095153191631042036e-02
5.025000000000000355e+00 6.002180393213407336e-03 -1.052268303277047005e-02
5.049999999999999822e+00 5.725110967454484848e-03 -1.010748292472007752e-02
5.075000000000000178e+00 5.458843217329916765e-03 -9.705692882223102003e-03
5.099999999999999645e+00 5.203092717920998998e-03 -9.317066295024826333e-03
5.125000000000000000e+00 4.957573393756797842e-03 -8.941349523697950802e-03
5.150000000000000355e+00 4.721998243682523633e-03 -8.578282748111787370e-03
5.174999999999999822e+00 4.496080030070130802e-03 -8.227600791199761801e-03
5.200000000000000178e+00 4.279531931363414823e-03 -7.889033916185228534e-03
5.224999999999999645e+00 4.072068157186498061e-03 -7.562308595633836748e-03
5.250000000000000000e+00 3.873404525500886292e-03 -7.247148250930017348e-03
5.275000000000000355e+00 3.683259001566852476e-03 -6.943273961021500032e-03
5.299999999999999822e+00 3.501352198738587329e-03 -6.650405139528745187e-03
5.325000000000000178e+00 3.327407841389315533e-03 -6.368260179568828276e-03
5.349999999999999645e+00 3.161153190509868177e-03 -6.096557065883668157e-03
5.375000000000000000e+00 3.002319432741386816e-03 -5.835013954082541275e-03
5.400000000000000355e+00 2.850642033782488111e-03 -5.583349717001732763e-03
5.424999999999999822e+00 2.705861057247976702e-03 -5.341284458344880241e-03
5.450000000000000178e+00 2.567721450150393762e-03 -5.108539993896318160e-03
5.474999999999999645e+00 2.435973296230527652e-03 -4.884840300697982675e-03
5.500000000000000000e+00 2.310372038385567501e-03 -4.669911934653670979e-03
5.525000000000000355e+00 2.190678671443966122e-03 -4.463484417080376514e-03
5.549999999999999822e+00 2.076659906524221371e-03 -4.265290590772245066e-03
5.575000000000000178e+00 1.968088308201952890e-03 -4.075066946187334664e-03
5.599999999999999645e+00 1.864742405704130843e-03 -3.892553918417222033e-03
5.625000000000000000e+00 1.766406779357186955e-03 -3.717496155658614292e-03
5.650000000000000355e+00 1.672872123540046193e-03 -3.549642759977576518e-03
5.674999999999999822e+00 1.583935287432069539e-03 -3.388747501238064189e-03
5.700000000000000178e+00 1.499399294895739773e-03 -3.234569005154916497e-03
5.724999999999999645e+00 1.419073344887293933e-03 -3.086870916520480408e-03
5.750000000000000000e+00 1.342772793836920133e-03 -2.945422038736921280e-03
5.775000000000000355e+00 1.270319121475119899e-03 -2.809996450856170475e-03
5.799999999999999822e+00 1.201539881595595953e-03 -2.680373603379481145e-03
5.825000000000000178e+00 1.136268639232350386e-03 -2.556338394094989728e-03
5.849999999999999645e+00 1.074344895687224773e-03 -2.437681225231905311e-03
5.875000000000000000e+00 1.015614002774869497e-03 -2.324198043185047961e-03
5.900000000000000355e+00 9.599270675595456990e-04 -2.215690362016816458e-03
5.924999999999999822e+00 9.071408487490452942e-04 -2.111965271880672426e-03
5.950000000000000178e+00 8.571176457944832240e-04 -2.012835433438294516e-03
5.974999999999999645e+00 8.097251816298367847e-04 -1.918119059269120024e-03
6.000000000000000000e+00 7.648364798808531201e-04 -1.827639883203030719e-03
6.025000000000000355e+00 7.223297372864594936e-04 -1.741227118450974429e-03
6.049999999999999822e+00 6.820881920111103187e-04 -1.658715405366930403e-03
6.075000000000000178e+00 6.439999884853920891e-04 -1.579944749650347667e-03
6.099999999999999645e+00 6.079580393923088820e-04 -1.504760451788486131e-03
6.125000000000000000e+00 5.738598854134208810e-04 -1.433013028540139344e-03
6.150000000000000355e+00 5.416075533555388469e-04 -1.364558127270260827e-03
6.174999999999999822e+00 5.111074132869632570e-04 -1.299256433952924528e-03
6.200000000000000178e+00 4.822700353144430225e-04 -1.236973575661534869e-03
6.224999999999999645e+00 4.550100466213902834e-04 -1.177580018355122880e-03
6.250000000000000000e+00 4.292459893597762614e-04 -1.120950960743909239e-03
6.275000000000000355e+00 4.049001799406649373e-04 -1.066966224975056084e-03
6.299999999999999822e+00 3.818985702025685740e-04 -1.015510144821151883e-03
6.325000000000000178e+00 3.601706108564973726e-04 -9.664714519828602069e-04
6.349999999999999645e+00 3.396491175177565125e-04 -9.197431610381157779e-04
6.375000000000000000e+00 3.202701395447242949e-04 -8.752224534892890252e-04
6.400000000000000355e+00 3.019728318214075051e-04 -8.328105612832631573e-04
6.424999999999999822e+00 2.846993295508262636e-04 -7.924126501129681675e-04
6.450000000000000178e+00 2.683946260751752426e-04 -7.539377027571413136e-04
6.474999999999999645e+00 2.530064537091785814e-04 -7.172984026802536189e-04
6.500000000000000000e+00 2.384851675653509493e-04 -6.824110180970468197e-04
6.525000000000000355e+00 2.247836323610068936e-04 -6.491952867039500578e-04
6.549999999999999822e+00 2.118571122222418358e-04 -6.175743012889637956e-04
6.575000000000000178e+00 1.996631635328770889e-04 -5.874743964472100687e-04
6.599999999999999645e+00 1.881615309092649860e-04 -5.588250366454695266e-04
6.625000000000000000e+00 1.773140464080911593e-04 -5.315587058901426794e-04
6.650000000000000355e+00 1.670845320878479995e-04 -5.056107992543461705e-04
6.674999999999999822e+00 1.574387060421201742e-04 -4.809195165086140988e-04
6.700000000000000178e+00 1.483440920027468259e-04 -4.574257580744970752e-04
6.724999999999999645e+00 1.397699325748684126e-04 -4.350730234825832959e-04
6.750000000000000888e+00 1.316871061174997308e-04 -4.138073124688533403e-04
6.775000000000001243e+00 1.240680472282835317e-04 -3.935770287903609266e-04
6.799999999999999822e+00 1.168866707359028596e-04 -3.743328867882570366e-04
6.825000000000001066e+00 1.101182990550762401e-04 -3.560278206783948417e-04
6.849999999999999645e+00 1.037395927228250761e-04 -3.386168965120644808e-04
6.875000000000000000e+00 9.772848391486282189e-05 -3.220572267249427988e-04
6.900000000000001243e+00 9.206411273969017405e-05 -3.063078871830405398e-04
6.924999999999999822e+00 8.672676612433795665e-05 -2.913298366396903090e-04
6.950000000000001066e+00 8.169781913716582630e-05 -2.770858385354644745e-04
6.974999999999999645e+00 7.695967863467131898e-05 -2.635403850993945263e-04
7.000000000000000000e+00 7.249572916471642959e-05 -2.506596237401813310e-04
7.025000000000001243e+00 6.829028110166239908e-05 -2.384112857451725100e-04
7.049999999999999822e+00 6.432852102336325908e-05 -2.267646173276520363e-04
7.075000000000001066e+00 6.059646436122764578e-05 -2.156903130758882833e-04
7.099999999999999645e+00 5.708091035979732068e-05 -2.051604518578248597e-04
7.125000000000000000e+00 5.376939937097225975e-05 -1.951484352230110008e-04
7.150000000000001243e+00 5.065017248206054668e-05 -1.856289283194903082e-04
7.174999999999999822e+00 4.771213343991712237e-05 -1.765778033109510975e-04
7.200000000000000178e+00 4.494481279114875919e-05 -1.679720852427146174e-04
7.224999999999999645e+00 4.233833411647634136e-05 -1.597899002688219449e-04
7.250000000000000000e+00 3.988338220205791634e-05 -1.520104261212035116e-04
7.275000000000001243e+00 3.757117296665644284e-05 -1.446138446799466535e-04
7.299999999999999822e+00 3.539342495453964079e-05 -1.375812964934137062e-04
7.325000000000000178e+00 3.334233221107956872e-05 -1.308948370998368465e-04
7.349999999999999645e+00 3.141053838044198613e-05 -1.245373950171557351e-04
7.375000000000000000e+00 2.959111189935315469e-05 -1.184927312931535726e-04
7.400000000000001243e+00 2.787752220328802474e-05 -1.127454005396198689e-04
7.424999999999999822e+00 2.626361690575638370e-05 -1.072807134080490962e-04
7.450000000000000178e+00 2.474359995203101790e-05 -1.020847004955811172e-04
7.474999999999999645e+00 2.331201078031718365e-05 -9.714407769432737512e-05
7.500000000000000000e+00 2.196370454218355886e-05 -9.244621301185192033e-05
7.525000000000000355e+00 2.069383343790643032e-05 -8.797909489341508528e-05
7.549999999999999822e+00 1.949782921122408520e-05 -8.373130206788986817e-05
7.575000000000000178e+00 1.837138682386384162e-05 -7.969197492012067340e-05
7.599999999999999645e+00 1.731044929689924447e-05 -7.585078836627048653e-05
7.625000000000000000e+00 1.631119366849263024e-05 -7.219792617890714121e-05
7.650000000000000355e+00 1.537001798126998341e-05 -6.872405667979832088e-05
7.674999999999999822e+00 1.448352918289072427e-05 -6.542030969458114428e-05
7.700000000000000178e+00 1.364853180434171387e-05 -6.227825464813790577e-05
7.724999999999999645e+00 1.286201727495044512e-05 -5.928987967473632766e-05
7.750000000000000000e+00 1.212115374187204657e-05 -5.644757162355249148e-05
7.775000000000000355e+00 1.142327628364975729e-05 -5.374409685712729133e-05
7.799999999999999822e+00 1.076587743948006834e-05 -5.117258276540412738e-05
7.825000000000000178e+00 1.014659801363304603e-05 -4.872649994781937734e-05
7.849999999999999645e+00 9.563218153104897695e-06 -4.639964504640875070e-05
7.875000000000000000e+00 9.013648730803563145e-06 -4.418612424021409115e-05
7.900000000000000355e+00 8.495923091983897650e-06 -4.208033743158324152e-05
7.924999999999999822e+00 8.008189235052343098e-06 -4.007696316599563668e-05
7.950000000000000178e+00 7.548702497798651579e-06 -3.817094432742164058e-05
7.974999999999999645e+00 7.115818806815517761e-06 -3.635747464122193306e-05
8.000000000000000000e+00 6.707988523706705804e-06 -3.463198599794688513e-05
8.025000000000000355e+00 6.323750890130910493e-06 -3.299013658688611657e-05
8.050000000000000711e+00 5.961729039449749948e-06 -3.142779980153176861e-05
8.074999999999999289e+00 5.620625510702338990e-06 -2.994105385406062219e-05
8.099999999999999645e+00 5.299218175220988763e-06 -2.852617201617066006e-05
8.125000000000000000e+00 4.996356471136099028e-06 -2.717961339186060132e-05
8.150000000000000355e+00 4.710957838222799343e-06 -2.589801412580715754e-05
8.175000000000000711e+00 4.442004255501545858e-06 -2.467817895900163637e-05
8.199999999999999289e+00 4.188538805190620374e-06 -2.351707306032234750e-05
8.224999999999999645e+00 3.949662216149960205e-06 -2.241181408631701049e-05
8.250000000000000000e+00 3.724529373721900150e-06 -2.135966444851100611e-05
8.275000000000000355e+00 3.512345816314173406e-06 -2.035802379429763157e-05
8.300000000000000711e+00 3.312364267599920736e-06 -1.940442173046873271e-05
8.324999999999999289e+00 3.123881273127600858e-06 -1.849651083461888884e-05
8.349999999999999645e+00 2.946234018822072371e-06 -1.763206000692220808e-05
8.375000000000000000e+00 2.778797405360703248e-06 -1.680894821250381445e-05
8.400000000000000355e+00 2.620981437460012033e-06 -1.602515865313133261e-05
8.425000000000000711e+00 2.472228962928869508e-06 -1.527877338827023969e-05
8.449999999999999289e+00 2.332013766522841289e-06 -1.456796840219057357e-05
8.474999999999999645e+00 2.199838992355766206e-06 -1.389100908938525674e-05
8.500000000000000000e+00 2.075235840313910454e-06 -1.324624610836923721e-05
8.525000000000000355e+00 1.957762460507468774e-06 -1.263211153715406382e-05
8.550000000000000711e+00 1.847002958225023823e-06 -1.204711525472237330e-05
8.574999999999999289e+00 1.742566421572276959e-06 -1.148984147276057055e-05
8.599999999999999645e+00 1.644085895094192431e-06 -1.095894535085702771e-05
8.625000000000000000e+00 1.551217243398842663e-06 -1.045314964497397863e-05
8.650000000000000355e+00 1.463637876322480921e-06 -9.971241360996418676e-06
8.675000000000000711e+00 1.381045337588493102e-06 -9.512068409485033109e-06
8.699999999999999289e+00 1.303155788093214491e-06 -9.074536281110978154e-06
8.724999999999999645e+00 1.229702438834982854e-06 -8.657604781476177570e-06
8.750000000000000000e+00 1.160434003976673177e-06 -8.260284876567621461e-06
8.775000000000000355e+00 1.095113249553192556e-06 -7.881635704306989284e-06
8.800000000000000711e+00 1.033515707342846588e-06 -7.520761803259193447e-06
8.824999999999999289e+00 9.754286074509746574e-07 -7.176810597090196994e-06
8.849999999999999645e+00 9.206500595260104555e-07 -6.848970154872563295e-06
8.875000000000000000e+00 8.689884845814993491e-07 -6.536467225347123443e-06
8.900000000000000355e+00 8.202622711413843509e-07 -6.238565521034664449e-06
8.925000000000000711e+00 7.742996047522175461e-07 -5.954564208533616671e-06
8.949999999999999289e+00 7.309384021192831296e-07 -5.683796547432161267e-06
8.974999999999999645e+00 6.900262728254447988e-07 -5.425628613659142104e-06
9.000000000000000000e+00 6.514204335878069062e-07 -5.179458044781088869e-06
9.025000000000000355e+00 6.149875121269448849e-07 -4.944712754411812764e-06
9.050000000000000711e+00 5.806031980968966033e-07 -4.720849579154051720e-06
9.074999999999999289e+00 5.481517242751400201e-07 -4.507352842021888248e-06
9.099999999999999645e+00 5.175251887677666684e-07 -4.303732838245779192e-06
9.125000000000000000e+00 4.886227544901584070e-07 -4.109524269820326894e-06
9.150000000000000355e+00 4.613497822390343275e-07 -3.924284671117073336e-06
9.175000000000000711e+00 4.356169654251283056e-07 -3.747592877519492311e-06
9.199999999999999289e+00 4.113395366837718337e-07 -3.579047590795562146e-06
9.224999999999999645e+00 3.884366087356372424e-07 -3.418266088928223351e-06
9.250000000000000000e+00 3.668306953624071126e-07 -3.264883115138887695e-06
9.275000000000000355e+00 3.464474355462786477e-07 -3.118549962851531172e-06
9.300000000000000711e+00 3.272155179252848468e-07 -2.978933752860895500e-06
9.324999999999999289e+00 3.090667772936242978e-07 -2.845716878855511481e-06
9.349999999999999645e+00 2.919364136287058809e-07 -2.718596580593142008e-06
9.375000000000000000e+00 2.757632696515972757e-07 -2.597284592553202415e-06
9.400000000000000355e+00 2.604900974927151542e-07 -2.481506811567442317e-06
9.425000000000000711e+00 2.460637490339498366e-07 -2.371002930092312274e-06
9.449999999999999289e+00 2.324352374196960797e-07 -2.265525992086144102e-06
9.474999999999999645e+00 2.195596371760548406e-07 -2.164841844256433474e-06
9.500000000000000000e+00 2.073958144943733737e-07 -2.068728474714418868e-06
9.525000000000000355e+00 1.959060042104039589e-07 -1.976975250890465501e-06
9.550000000000000711e+00 1.850552723042137548e-07 -1.889382086436508998e-06
9.574999999999999289e+00 1.748109194069173146e-07 -1.805758580112178743e-06
9.599999999999999645e+00 1.651418895425744768e-07 -1.725923176754029437e-06
9.625000000000000000e+00 1.560182479939880389e-07 -1.649702400225658133e-06
9.650000000000000355e+00 1.474107830427188652e-07 -1.576930201135658534e-06
9.675000000000000711e+00 1.392907695779215360e-07 -1.507447448828167958e-06
9.699999999999999289e+00 1.316299107248901734e-07 -1.441101579913948726e-06
9.724999999999999645e+00 1.244004497667885032e-07 -1.377746396627800189e-06
9.750000000000000000e+00 1.175754219461957404e-07 -1.317241990305100554e-06
9.775000000000000355e+00 1.111289975243209691e-07 -1.259454750793941707e-06
9.800000000000000711e+00 1.050368560506596607e-07 -1.204257413496972492e-06
9.824999999999999289e+00 9.927652880017416274e-08 -1.151529093352002204e-06
9.849999999999999645e+00 9.382765201574322541e-08 -1.101155259491085088e-06
9.875000000000000000e+00 8.867208708411289899e-08 -1.053027615099809311e-06
9.900000000000000355e+00 8.379388322276622558e-08 -1.007043862343777563e-06
9.925000000000000711e+00 7.917908074324403766e-08 -9.631073502315103258e-07
9.949999999999999289e+00 7.481537556620729552e-08 -9.211266211993728831e-07
9.974999999999999645e+00 7.069168506895231092e-08 -8.810148877276771294e-07
1.000000000000000000e+01 6.679766902184286612e-08 -8.426894812494251110e-07
1.002500000000000036e+01 6.312326548033839240e-08 -8.060713205142034621e-07
1.005000000000000071e+01 5.965829919753250700e-08 -7.710844448491863371e-07
1.007499999999999929e+01 5.639220990136497248e-08 -7.376556496926064483e-07
1.009999999999999964e+01 5.331393109860798045e-08 -7.057142485733550024e-07
1.012500000000000000e+01 5.041192926921569331e-08 -6.751919691910349358e-07
1.015000000000000036e+01 4.767439137350564615e-08 -6.460229738554246567e-07
1.017500000000000071e+01 4.508952848111924419e-08 -6.181439785066458016e-07
1.019999999999999929e+01 4.264594791031642301e-08 -5.914944322549994751e-07
1.022499999999999964e+01 4.033303747741982708e-08 -5.660167123792077760e-07
1.025000000000000000e+01 3.814130463264996858e-08 -5.416562889739355051e-07
1.027500000000000036e+01 3.606262023490036280e-08 -5.183618189874112623e-07
1.030000000000000071e+01 3.409033066557262452e-08 -4.960851404114172332e-07
1.032499999999999929e+01 3.221922067202530893e-08 -4.747811522771542265e-07
1.034999999999999964e+01 3.044533041289962200e-08 -4.544075828284666939e-07
1.037500000000000000e+01 2.876565039509071155e-08 -4.349246644023118613e-07
1.040000000000000036e+01 2.717773489178313201e-08 -4.162947469878163759e-07
1.042500000000000071e+01 2.567928540140369523e-08 -3.984818912511577454e-07
1.044999999999999929e+01 2.426775955373241886e-08 -3.814514849013887465e-07
1.047499999999999964e+01 2.294005693489730964e-08 -3.651699232600802146e-07
1.050000000000000000e+01 2.169232231247043772e-08 -3.496043861333321798e-07
1.052500000000000036e+01 2.051989025545680135e-08 -3.347227301097064622e-07
1.055000000000000071e+01 1.941737547706229156e-08 -3.204934996784314297e-07
1.057499999999999929e+01 1.837889315773942625e-08 -3.068860446928229892e-07
1.059999999999999964e+01 1.739837578864001965e-08 -2.938707175198193856e-07
1.062500000000000000e+01 1.646994015432531206e-08 -2.814191129423885246e-07
1.065000000000000036e+01 1.558825165259466243e-08 -2.695043087083216486e-07
1.067500000000000071e+01 1.474883413611143518e-08 -2.581010653676010366e-07
1.069999999999999929e+01 1.394828153844351572e-08 -2.471859504005437800e-07
1.072499999999999964e+01 1.318434162904056149e-08 -2.367373628391504856e-07
1.075000000000000000e+01 1.245586028261065609e-08 -2.267354488942241792e-07
1.077500000000000036e+01 1.176259409341868684e-08 -2.171619145870875901e-07
1.080000000000000071e+01 1.110491738134275201e-08 -2.079997559046539196e-07
1.082499999999999929e+01 1.048346405246551289e-08 -1.992329384813854021e-07
1.084999999999999964e+01 9.898753470439333320e-09 -1.908460658276604679e-07
1.087500000000000000e+01 9.350851303580915564e-09 -1.828240765604004994e-07
1.090000000000000036e+01 8.839111057647238871e-09 -1.751520070227806116e-07
1.092500000000000071e+01 8.362030477617391435e-09 -1.678148465043568959e-07
1.094999999999999929e+01 7.917240838034010752e-09 -1.607974994929330909e-07
1.097499999999999964e+01 7.501628664520733646e-09 -1.540848546417312119e-07
1.100000000000000000e+01 7.111571137060090286e-09 -1.476619456326626739e-07
1.102500000000000036e+01 6.743250917397634183e-09 -1.415141767023735460e-07
1.105000000000000071e+01 6.393005536914005046e-09 -1.356275771366857624e-07
1.107499999999999929e+01 6.057662096667074446e-09 -1.299890455158419180e-07
1.109999999999999964e+01 5.734810579295161953e-09 -1.245865464365383578e-07
1.112500000000000000e+01 5.422978011804599816e-09 -1.194092295396529667e-07
1.115000000000000036e+01 5.121679772793388565e-09 -1.144474518108137660e-07
1.117500000000000071e+01 4.831341609849089916e-09 -1.096926978491780459e-07
1.119999999999999929e+01 4.553103868196756188e-09 -1.051374070864624939e-07
1.122499999999999964e+01 4.288535652465227787e-09 -1.007747298662148525e-07
1.125000000000000000e+01 4.039298894389254544e-09 -9.659824408384554235e-08
1.127500000000000036e+01 3.806808849834141245e-09 -9.260166934714026849e-08
1.130000000000000071e+01 3.591937699505147053e-09 -8.877861579784785839e-08
1.132499999999999929e+01 3.394801525321924190e-09 -8.512239967802417638e-08
1.134999999999999964e+01 3.214659095878396682e-09 -8.162594835213997421e-08
1.137500000000000000e+01 3.049935182168458887e-09 -7.828180501949869166e-08
1.140000000000000036e+01 2.898363790688272210e-09 -7.508222953431425326e-08
1.142500000000000071e+01 2.757230198132415665e-09 -7.201937864344970263e-08
1.144999999999999929e+01 2.623677182099033290e-09 -6.908553814735006888e-08
1.147499999999999964e+01 2.495032284131922296e-09 -6.627337266552977446e-08
1.150000000000000000e+01 2.369110436504433782e-09 -6.357615662417326809e-08
1.152500000000000036e+01 2.244450082586708323e-09 -6.098795305633126919e-08
1.155000000000000071e+01 2.120450507474823196e-09 -5.850371442734535417e-08
1.157499999999999929e+01 1.997392061327571883e-09 -5.611929073745626625e-08
1.159999999999999964e+01 1.876337297739176547e-09 -5.383134319306025009e-08
1.162500000000000000e+01 1.758927598694044669e-09 -5.163717488217275457e-08
1.165000000000000036e+01 1.647104139473799668e-09 -4.953450131989186868e-08
1.167500000000000071e+01 1.542792323480269369e-09 -4.752119191318826241e-08
1.169999999999999929e+01 1.447593520081581854e-09 -4.559501721355523816e-08
1.172499999999999964e+01 1.362526550976408529e-09 -4.375343576287784609e-08
1.175000000000000000e+01 1.287854164602647764e-09 -4.199344864530709582e-08
1.177500000000000036e+01 1.223017645861409073e-09 -4.031154027241614837e-08
1.180000000000000071e+01 1.166687583516998675e-09 -3.870371190517932804e-08
1.182499999999999929e+01 1.116922684199794547e-09 -3.716560158008286278e-08
1.184999999999999964e+01 1.071413633274444462e-09 -3.569267222066201097e-08
1.187500000000000000e+01 1.027777453981029577e-09 -3.428044052176499767e-08
1.190000000000000036e+01 9.838611123299516167e-10 -3.292471376693947369e-08
1.192500000000000071e+01 9.380121987425223370e-10 -3.162180100856344648e-08
1.194999999999999929e+01 8.892794276087691195e-10 -3.036866885736363128e-08
1.197499999999999964e+01 8.375157222795179444e-10 -2.916302010907374377e-08
1.200000000000000000e+01 7.833703713298703154e-10 -2.800328430261429008e-08
1.202500000000000036e+01 7.281721950814845652e-10 -2.688852161772145769e-08
1.205000000000000071e+01 6.737207352505666483e-10 -2.581825352136065856e-08
1.207499999999999929e+01 6.220150808357805941e-10 -2.479224363548636540e-08
1.209999999999999964e+01 5.749582961505251026e-10 -2.381025898821312556e-08
1.212500000000000000e+01 5.340785285883774559e-10 -2.287184435041260144e-08
1.215000000000000036e+01 5.003051832061176602e-10 -2.197614023312329229e-08
1.217500000000000071e+01 4.738306426843247138e-10 -2.112176891429373352e-08
1.219999999999999929e+01 4.540759300607002843e-10 -2.030680323719950123e-08
1.222499999999999964e+01 4.397641488241252970e-10 -1.952882137972346228e-08
1.225000000000000000e+01 4.290906384166928877e-10 -1.878503888703783491e-08
1.227500000000000036e+01 4.199654434657667247e-10 -1.807249866712565518e-08
1.230000000000000071e+01 4.102939268602375324e-10 -1.738829180131875781e-08
1.232499999999999929e+01 3.982563423617235984e-10 -1.672977798859580015e-08
1.234999999999999964e+01 3.825476458857011504e-10 -1.609477477540845032e-08
1.237500000000000000e+01 3.625446534312696248e-10 -1.548168930349313193e-08
1.240000000000000036e+01 3.383779676115806854e-10 -1.488957447765115448e-08
1.242500000000000071e+01 3.108994552031186286e-10 -1.431810210013817789e-08
1.244999999999999929e+01 2.815505994290525509e-10 -1.376745704522514895e-08
1.247499999999999964e+01 2.521507249455924810e-10 -1.323816749767760236e-08
1.250000000000000000e+01 2.246350145402710428e-10 -1.273089496872820989e-08
1.252500000000000036e+01 2.007789767160976045e-10 -1.224621324239531695e-08
1.255000000000000071e+01 1.819475781682938636e-10 -1.178440666211644691e-08
1.257499999999999929e+01 1.689035474101143304e-10 -1.134531530114567453e-08
1.259999999999999964e+01 1.617009051078530236e-10 -1.092824784860360241e-08
1.262500000000000000e+01 1.596777507050554002e-10 -1.053197350211359149e-08
1.265000000000000036e+01 1.615485099212662414e-10 -1.015479317028995131e-08
1.267500000000000071e+01 1.655820624724926483e-10 -9.794679299469963877e-09
1.269999999999999929e+01 1.698404042235625750e-10 -9.449464246534987428e-09
1.272499999999999964e+01 1.724443148909959653e-10 -9.117050565316827546e-09
1.275000000000000000e+01 1.718290292036352113e-10 -8.795613749720530355e-09
1.277500000000000036e+01 1.669545885172007411e-10 -8.483769287441245297e-09
1.280000000000000071e+01 1.574420887425751494e-10 -8.180681005157909350e-09
1.282499999999999929e+01 1.436175398450493409e-10 -7.886096027489136872e-09
1.284999999999999964e+01 1.264579808980173802e-10 -7.600301951689747710e-09
1.287500000000000000e+01 1.074480430075176524e-10 -7.324012611854067096e-09
1.290000000000000036e+01 8.836752884284642669e-11 -7.058198693586804073e-09
1.292500000000000071e+01 7.103992197811684766e-11 -6.803886922448323189e-09
1.294999999999999929e+01 5.707694792646407078e-11 -6.561955759678354216e-09
1.297499999999999964e+01 4.765457377407104338e-11 -6.332955791454577751e-09
1.300000000000000000e+01 4.335119659169596307e-11 -6.116979367386866125e-09
1.302500000000000036e+01 4.406995409132392751e-11 -5.913597050057939680e-09
1.305000000000000071e+01 4.905524554564651620e-11 -5.721869055739886009e-09
1.307499999999999929e+01 5.700045187169728774e-11 -5.540429426883131556e-09
1.309999999999999964e+01 6.623124085739295026e-11 -5.367630642851837883e-09
1.312500000000000000e+01 7.493848367035431425e-11 -5.201728086330937365e-09
1.315000000000000036e+01 8.142816813773377839e-11 -5.041078460666682234e-09
1.317500000000000071e+01 8.435355043512345156e-11 -4.884324486136668963e-09
1.319999999999999929e+01 8.289754585508480478e-11 -4.730540346718421679e-09
1.322499999999999964e+01 7.688047896305031603e-11 -4.579317976206476050e-09
1.325000000000000000e+01 6.677881711579556303e-11 -4.430782608744309349e-09
1.327500000000000036e+01 5.365298460212990696e-11 -4.285535918625919921e-09
1.330000000000000071e+01 3.899491228155442932e-11 -4.144535086839060073e-09
1.332499999999999929e+01 2.451704995728239592e-11 -4.008924964604680808e-09
1.334999999999999964e+01 1.191248557332732138e-11 -3.879846855587817443e-09
1.337500000000000000e+01 2.619599685190197990e-12 -3.758250496589408683e-09
1.340000000000000036e+01 -2.376181563677218338e-12 -3.644735191386300781e-09
1.342500000000000071e+01 -2.676369153345626246e-12 -3.539441811094301561e-09
1.344999999999999929e+01 1.478944886661166714e-12 -3.442010168493570846e-09
1.347499999999999964e+01 9.248326196762751388e-12 -3.351607153080038538e-09
1.350000000000000178e+01 1.930929075054741427e-11 -3.267021118012423727e-09
1.352500000000000213e+01 3.004439315133679332e-11 -3.186808951733132142e-09
1.355000000000000249e+01 3.976681055707911284e-11 -3.109474980866031499e-09
1.357499999999999929e+01 4.695395750480470137e-11 -3.033656741212145094e-09
1.359999999999999964e+01 5.045663585764079110e-11 -2.958291705662052793e-09
1.362500000000000000e+01 4.965498103113342783e-11 -2.882742055741402053e-09
1.365000000000000213e+01 4.453998682869069583e-11 -2.806860473363904691e-09
1.367500000000000249e+01 3.570983771261767606e-11 -2.730988216559034766e-09
1.369999999999999929e+01 2.428221091770854983e-11 -2.655886236772336098e-09
1.372499999999999964e+01 1.173527664478926473e-11 -2.582609300687453906e-09
1.375000000000000000e+01 -3.000452601123854806e-13 -2.512340924827483539e-09
1.377500000000000213e+01 -1.026743701517448698e-11 -2.446212242925588132e-09
1.380000000000000249e+01 -1.690052372309247192e-11 -2.385129923215266415e-09
1.382499999999999929e+01 -1.939643857475627786e-11 -2.329636902437658330e-09
1.384999999999999964e+01 -1.752388298022909126e-11 -2.279824886395436569e-09
1.387500000000000000e+01 -1.165118035023361818e-11 -2.235310358150966945e-09
1.390000000000000213e+01 -2.690999759040757344e-12 -2.195276892389502168e-09
1.392500000000000249e+01 8.029980623734736414e-12 -2.158577404880328601e-09
1.394999999999999929e+01 1.895788634878055607e-11 -2.123881708770269748e-09
1.397499999999999964e+01 2.852863799595112171e-11 -2.089848584845476023e-09
1.400000000000000000e+01 3.538483729854102360e-11 -2.055298320147768876e-09
1.402500000000000213e+01 3.856250464509427974e-11 -2.019361806366689749e-09
1.405000000000000249e+01 3.762198152803732408e-11 -1.981585672431914231e-09
1.407499999999999929e+01 3.270526536365613616e-11 -1.941979186462843619e-09
1.409999999999999964e+01 2.451233092935320130e-11 -1.900996822602616523e-09
1.412500000000000000e+01 1.420028886308463253e-11 -1.859459317980800197e-09
1.415000000000000213e+01 3.219906093739355831e-12 -1.818424590678365224e-09
1.417500000000000249e+01 -6.887444078843423947e-12 -1.779026681254924914e-09
1.419999999999999929e+01 -1.470395376799300506e-11 -1.742305239721818381e-09
1.422499999999999964e+01 -1.913094281750478731e-11 -1.709049195190796693e-09
1.425000000000000000e+01 -1.953881208329350468e-11 -1.679676103225189959e-09
1.427500000000000036e+01 -1.585093497345025434e-11 -1.654163620895573353e-09
1.430000000000000249e+01 -8.550320572220801370e-12 -1.632042169136048139e-09
1.432499999999999929e+01 1.391332659535371368e-12 -1.612449351421609299e-09
1.434999999999999964e+01 1.265178944207815775e-11 -1.594238149645213857e-09
1.437500000000000000e+01 2.374398692626177065e-11 -1.576123490418533918e-09
1.440000000000000036e+01 3.322318806425755606e-11 -1.556846683087439593e-09
1.442500000000000249e+01 3.988663036712173946e-11 -1.535334803603673748e-09
1.444999999999999929e+01 4.293797493604517053e-11 -1.510833087146617477e-09
1.447499999999999964e+01 4.209391061870249777e-11 -1.482992252798694421e-09
1.450000000000000000e+01 3.761842376017563148e-11 -1.451899101030991343e-09
1.452500000000000036e+01 3.028041228662223407e-11 -1.418046707742187879e-09
1.455000000000000249e+01 2.124096122848763327e-11 -1.382248948002244189e-09
1.457499999999999929e+01 1.188635279188924705e-11 -1.345511800046014604e-09
1.459999999999999964e+01 3.630349509054874635e-12 -1.308879821870666636e-09
1.462500000000000000e+01 -2.286595090052316633e-12 -1.273279497401017145e-09
1.465000000000000036e+01 -4.973200244651492161e-12 -1.239381484389100247e-09
1.467500000000000249e+01 -4.013931900092956773e-12 -1.207501010492486140e-09
1.469999999999999929e+01 4.711722885718802757e-13 -1.177550238196356421e-09
1.472499999999999964e+01 7.841532888221269648e-12 -1.149049123019839637e-09
1.475000000000000000e+01 1.702363174471592585e-11 -1.121193097430493799e-09
1.477500000000000036e+01 2.665886505282403081e-11 -1.092968008127635973e-09
1.480000000000000249e+01 3.529104461338892359e-11 -1.063296196716815166e-09
1.482499999999999929e+01 4.156754152694713154e-11 -1.031193336482920083e-09
1.484999999999999964e+01 4.442630138290418596e-11 -9.959142159332905003e-10
1.487500000000000000e+01 4.324301309394593144e-11 -9.570672386534800304e-10
1.490000000000000036e+01 3.791833190184041864e-11 -9.146818167567601969e-10
1.492500000000000071e+01 2.889337065253542699e-11 -8.692193620836977061e-10
1.494999999999999929e+01 1.709163888171602098e-11 -8.215263946675369046e-10
1.497499999999999964e+01 3.795674502980106266e-12 -7.727362513425670790e-10
