# raxis[fm], SN, VN, SP, VP
2.101448349307773875e-07 9.738529560763507786e-02 1.016150262524194436e-01 8.988049759148089568e-02 9.330813138142862728e-02
2.500000000000000139e-02 9.738333999933791729e-02 1.016151663866324828e-01 8.987829927911106243e-02 9.330777576582324762e-02
5.000000000000000278e-02 9.733976780765357661e-02 1.015762822952864380e-01 8.983788848899877666e-02 9.327166872249031959e-02
7.499999999999999722e-02 9.726617681917637537e-02 1.015104884165619059e-01 8.976967367806643061e-02 9.321061927716969842e-02
1.000000000000000056e-01 9.716315075536728629e-02 1.014183385983189883e-01 8.967417456480133997e-02 9.312512034291835217e-02
1.250000000000000000e-01 9.703104935051551361e-02 1.013001576736038828e-01 8.955171403907867533e-02 9.301546633114349261e-02
1.499999999999999944e-01 9.687025809801964871e-02 1.011562806554179433e-01 8.940263875814098704e-02 9.288196256734644607e-02
1.749999999999999889e-01 9.668123127197784938e-02 1.009871030976045442e-01 8.922735705247572535e-02 9.272496960573219094e-02
2.000000000000000111e-01 9.646449792496764042e-02 1.007930843741714072e-01 8.902634411176484075e-02 9.254490590057962152e-02
2.250000000000000056e-01 9.622066287557057285e-02 1.005747507308593497e-01 8.880014284433739025e-02 9.234225047504475425e-02
2.500000000000000000e-01 9.595040555471930077e-02 1.003326921004548539e-01 8.854936294474810565e-02 9.211754006695334340e-02
2.750000000000000222e-01 9.565448693948351566e-02 1.000675718791374652e-01 8.827468710308984667e-02 9.187137797000394235e-02
2.999999999999999889e-01 9.533373124837381252e-02 9.978010976052364978e-02 8.797685394587245744e-02 9.160441797309723522e-02
3.250000000000000111e-01 9.498903133057698400e-02 9.947108370356390339e-02 8.765666300279859047e-02 9.131736609262811055e-02
3.499999999999999778e-01 9.462134718497924868e-02 9.914133267056571275e-02 8.731497317071271191e-02 9.101098288009214221e-02
3.750000000000000000e-01 9.423169914167869865e-02 9.879174876253321580e-02 8.695269663864328702e-02 9.068607630115828322e-02
4.000000000000000222e-01 9.382117476417227431e-02 9.842328176322011346e-02 8.657080489206342433e-02 9.034350555501083346e-02
4.249999999999999889e-01 9.339093191551553486e-02 9.803694469644991250e-02 8.617033140700369742e-02 8.998418589460548123e-02
4.500000000000000111e-01 9.294219092671746063e-02 9.763381029322334981e-02 8.575236454017871879e-02 8.960908549383103661e-02
4.749999999999999778e-01 9.247622240743745559e-02 9.721499637506848812e-02 8.531803612728003361e-02 8.921921171606632395e-02
5.000000000000000000e-01 9.199434942385133207e-02 9.678166813082889064e-02 8.486852369268178820e-02 8.881561326149484126e-02
5.250000000000000222e-01 9.149794113276257801e-02 9.633503289827491378e-02 8.440504450735425435e-02 8.839937527699004427e-02
5.500000000000000444e-01 9.098841288791045812e-02 9.587634003601377963e-02 8.392885571597098748e-02 8.797161912172865583e-02
5.749999999999999556e-01 9.046722145153905659e-02 9.540687798223602967e-02 8.344124985894982305e-02 8.753349958476211445e-02
5.999999999999999778e-01 8.993585924373370677e-02 9.492796838958582339e-02 8.294354941879333865e-02 8.708619918551389893e-02
6.250000000000000000e-01 8.939585117561534011e-02 9.444096281012501204e-02 8.243710435917939172e-02 8.663092532551518177e-02
6.500000000000000222e-01 8.884875217210033704e-02 9.394724220214144272e-02 8.192328987743581481e-02 8.616890998466521234e-02
6.750000000000000444e-01 8.829613865394224381e-02 9.344820800518954806e-02 8.140349831614795972e-02 8.570140111052776399e-02
6.999999999999999556e-01 8.773960642141716282e-02 9.294528072785827877e-02 8.087913758278346410e-02 8.522966146894350725e-02
7.249999999999999778e-01 8.718076390645927709e-02 9.243989402762745056e-02 8.035162506237515656e-02 8.475496329555268216e-02
7.500000000000000000e-01 8.662122433633405449e-02 9.193348788580976705e-02 7.982238055698009926e-02 8.427858204079793913e-02
7.750000000000000222e-01 8.606260428133928608e-02 9.142750411037059433e-02 7.929282517290076049e-02 8.380179230443969562e-02
8.000000000000000444e-01 8.550652601999621238e-02 9.092339225760032173e-02 7.876438367887717007e-02 8.332587334416603764e-02
8.249999999999999556e-01 8.495460065990365073e-02 9.042259410321740187e-02 7.823846930836829416e-02 8.285209504155781335e-02
8.499999999999999778e-01 8.440843004485100443e-02 8.992654305587645391e-02 7.771648556582477774e-02 8.238171735168642318e-02
8.750000000000000000e-01 8.386959700609010471e-02 8.943665815436482869e-02 7.719981744469019136e-02 8.191598479444817116e-02
9.000000000000000222e-01 8.333966121804897709e-02 8.895433706144911801e-02 7.668982821616039669e-02 8.145612041973679385e-02
9.250000000000001554e-01 8.282015352216114124e-02 8.848095322763675774e-02 7.618785415073475731e-02 8.100332321676863290e-02
9.499999999999999556e-01 8.231256869532964371e-02 8.801784802381087958e-02 7.569519833921339869e-02 8.055876107201252745e-02
9.749999999999999778e-01 8.181836226383816524e-02 8.756632749192537479e-02 7.521312802419209687e-02 8.012356804968509549e-02
1.000000000000000000e+00 8.133894264405505670e-02 8.712765576325355588e-02 7.474286739822567915e-02 7.969883824364308589e-02
1.024999999999999911e+00 8.087567018701408150e-02 8.670305248678472632e-02 7.428559742855632420e-02 7.928562386625884195e-02
1.050000000000000044e+00 8.042985106494970893e-02 8.629369003421426265e-02 7.384245036433301212e-02 7.888493293382504989e-02
1.074999999999999956e+00 8.000272765935657893e-02 8.590068266205104497e-02 7.341450103009503070e-02 7.849771929965750072e-02
1.100000000000000089e+00 7.959547860746502002e-02 8.552508623523316644e-02 7.300276706358389822e-02 7.812488246366484923e-02
1.125000000000000000e+00 7.920921086422848256e-02 8.516789164794304201e-02 7.260820192095443493e-02 7.776726173710379886e-02
1.149999999999999911e+00 7.884495784168270294e-02 8.483002262215237621e-02 7.223169362529412163e-02 7.742563462555354659e-02
1.175000000000000044e+00 7.850367412957071078e-02 8.451233101316753260e-02 7.187405998336789115e-02 7.710071260065480547e-02
1.199999999999999956e+00 7.818623368102575744e-02 8.421559472074031938e-02 7.153604690212005124e-02 7.679313909831821106e-02
1.225000000000000089e+00 7.789342505685084572e-02 8.394051469863152148e-02 7.121832425027246893e-02 7.650348691378691668e-02
1.250000000000000000e+00 7.762594443795423071e-02 8.368770666761414512e-02 7.092147968679596293e-02 7.623225086152145280e-02
1.274999999999999911e+00 7.738439912776046148e-02 8.345770495665122413e-02 7.064602182702464650e-02 7.597985124574059557e-02
1.300000000000000044e+00 7.716930221838740056e-02 8.325095847819459494e-02 7.039237552590729696e-02 7.574663032542602870e-02
1.324999999999999956e+00 7.698106990053986409e-02 8.306782730582037977e-02 7.016087935161968714e-02 7.553284916500532797e-02
1.350000000000000089e+00 7.682002127612348741e-02 8.290858312915672101e-02 6.995178551256157895e-02 7.533868815926442197e-02
1.375000000000000000e+00 7.668637586448789900e-02 8.277340682582301490e-02 6.976525745524883582e-02 7.516424475222610591e-02
1.399999999999999911e+00 7.658025249356423259e-02 8.266238763769785669e-02 6.960136899279877054e-02 7.500953283502920232e-02
1.425000000000000044e+00 7.650166638565639166e-02 8.257552013023020110e-02 6.946010151176412739e-02 7.487447997355034524e-02
1.449999999999999956e+00 7.645053378363202146e-02 8.251270903291953174e-02 6.934134784562684395e-02 7.475893163651582685e-02
1.475000000000000089e+00 7.642667276705207569e-02 8.247377051403917414e-02 6.924491329499309067e-02 7.466265262745228060e-02
1.500000000000000000e+00 7.642980038770576245e-02 8.245842916955786750e-02 6.917051273818931867e-02 7.458532411423654529e-02
1.524999999999999911e+00 7.645953506085599594e-02 8.246632054479680063e-02 6.911777237135656449e-02 7.452654594002174060e-02
1.550000000000000044e+00 7.651540288917886568e-02 8.249699763192855362e-02 6.908623587096633656e-02 7.448584277566426548e-02
1.574999999999999956e+00 7.659683256580392119e-02 8.254992552618885260e-02 6.907535941596999740e-02 7.446265916944395935e-02
1.600000000000000089e+00 7.670316249344003023e-02 8.262448874818578703e-02 6.908451787108305098e-02 7.445636619777436238e-02
1.625000000000000000e+00 7.683363756644996656e-02 8.271998734211838400e-02 6.911300244171822427e-02 7.446625821780823717e-02
1.649999999999999911e+00 7.698741156980272449e-02 8.283563983184952240e-02 6.916002200336557326e-02 7.449155557295535079e-02
1.675000000000000044e+00 7.716355646014608216e-02 8.297059248470739501e-02 6.922471147497259725e-02 7.453141304489752095e-02
1.699999999999999956e+00 7.736106637805792441e-02 8.312392295166232126e-02 6.930613569394723783e-02 7.458492344325268197e-02
1.725000000000000311e+00 7.757885856723505114e-02 8.329464045429135766e-02 6.940329047310782318e-02 7.465111783996634942e-02
1.750000000000000000e+00 7.781577440682416191e-02 8.348168742069206338e-02 6.951510279428650685e-02 7.472896736151214692e-02
1.774999999999999911e+00 7.807059226137673391e-02 8.368395191445214543e-02 6.964044269378118213e-02 7.481739466938057415e-02
1.800000000000000044e+00 7.834202677382838542e-02 8.390026597026260802e-02 6.977812324386656329e-02 7.491527288332529289e-02
1.824999999999999956e+00 7.862873456281159468e-02 8.412941149281155662e-02 6.992690498780597397e-02 7.502143097940901229e-02
1.850000000000000311e+00 7.892931866640462424e-02 8.437012395182326430e-02 7.008550068139576816e-02 7.513465781421427292e-02
1.875000000000000000e+00 7.924233503251838784e-02 8.462109866694328408e-02 7.025258122699154506e-02 7.525370844508161294e-02
1.899999999999999911e+00 7.956629668154288626e-02 8.488099405913786255e-02 7.042677947500387836e-02 7.537730688848308380e-02
1.925000000000000044e+00 7.989967740765645254e-02 8.514843496599236450e-02 7.060669398450582224e-02 7.550415000579011049e-02
1.949999999999999956e+00 8.024091757958885796e-02 8.542201791347239781e-02 7.079089458724670270e-02 7.563291297815152858e-02
1.975000000000000089e+00 8.058843055196159011e-02 8.570031691967869292e-02 7.097792814853481902e-02 7.576225486578044843e-02
2.000000000000000000e+00 8.094060783128491365e-02 8.598188769266081055e-02 7.116632412834704435e-02 7.589082288433472712e-02
2.024999999999999911e+00 8.129582250807984578e-02 8.626527063888508873e-02 7.135459780601152713e-02 7.601725637289204196e-02
2.049999999999999822e+00 8.165243902885734040e-02 8.654899974266580531e-02 7.154125940191596866e-02 7.614019480783397464e-02
2.075000000000000178e+00 8.200881235912911571e-02 8.683160078597237930e-02 7.172481431203839297e-02 7.625827654205019623e-02
2.100000000000000089e+00 8.236329519447316283e-02 8.711159802030153665e-02 7.190376928227168452e-02 7.637014676122678980e-02
2.125000000000000000e+00 8.271424716036328284e-02 8.738752239122005161e-02 7.207664188477762301e-02 7.647446452298745090e-02
2.149999999999999911e+00 8.306003274940462755e-02 8.765790875369100510e-02 7.224195925980451960e-02 7.656990059474798327e-02
2.174999999999999822e+00 8.339902803631316086e-02 8.792130150671190192e-02 7.239826431383027117e-02 7.665514472483521413e-02
2.200000000000000178e+00 8.372962726648094933e-02 8.817626068066237999e-02 7.254412272139895701e-02 7.672891047993629643e-02
2.225000000000000089e+00 8.405024389845898447e-02 8.842136182619012019e-02 7.267812375961373028e-02 7.678993613847973077e-02
2.250000000000000000e+00 8.435931967750115446e-02 8.865520428578310685e-02 7.279888880764705250e-02 7.683699244211342205e-02
2.274999999999999911e+00 8.465532490935875898e-02 8.887641097663692702e-02 7.290507349389339919e-02 7.686888355121165861e-02
2.299999999999999822e+00 8.493676289974602667e-02 8.908363194583036881e-02 7.299537147203918885e-02 7.688445042288810649e-02
2.325000000000000178e+00 8.520217324944613646e-02 8.927554659120659486e-02 7.306851717185366968e-02 7.688257296448718081e-02
2.350000000000000089e+00 8.545013737403635290e-02 8.945086875480934285e-02 7.312329255410310314e-02 7.686217595242585132e-02
2.375000000000000000e+00 8.567927856175414081e-02 8.960834646535265069e-02 7.315852732104384526e-02 7.682222845827212099e-02
2.399999999999999911e+00 8.588826673524627142e-02 8.974676584033065840e-02 7.317310277922760287e-02 7.676174724269022032e-02
2.424999999999999822e+00 8.607582005867950303e-02 8.986495162576219053e-02 7.316595435030964767e-02 7.667979861410834097e-02
2.450000000000000178e+00 8.624071140589123496e-02 8.996177344058960135e-02 7.313607749947338699e-02 7.657550370281208940e-02
2.475000000000000089e+00 8.638176610589405613e-02 9.003614452291770764e-02 7.308252693688051249e-02 7.644803717375291130e-02
2.500000000000000000e+00 8.649786582757561237e-02 9.008702303413018697e-02 7.300441939482005260e-02 7.629662939682317624e-02
2.524999999999999911e+00 8.658795257629316178e-02 9.011341763802095672e-02 7.290093701664412951e-02 7.612056954509792417e-02
2.549999999999999822e+00 8.665102855506637280e-02 9.011438580151083511e-02 7.277132796713874086e-02 7.591920559121261014e-02
2.575000000000000178e+00 8.668615858444100875e-02 9.008903797010328618e-02 7.261490921308923208e-02 7.569194713082433301e-02
2.600000000000000089e+00 8.669246677231030873e-02 9.003653373621162137e-02 7.243106370304260022e-02 7.543826224172053840e-02
2.625000000000000000e+00 8.666914606351158734e-02 8.995608792785216024e-02 7.221924673880304735e-02 7.515768265861150210e-02
2.649999999999999911e+00 8.661545614690077666e-02 8.984697429132929014e-02 7.197898619050420443e-02 7.484980534840147970e-02
2.674999999999999822e+00 8.653072244026122073e-02 8.970852042128535375e-02 7.170988086040436249e-02 7.451428954004495064e-02
2.700000000000000178e+00 8.641434134621271690e-02 8.954011606307270277e-02 7.141160440729303616e-02 7.415086149162741780e-02
2.725000000000000089e+00 8.626577460932531582e-02 8.934120802032162467e-02 7.108390063148178895e-02 7.375930993631878152e-02
2.750000000000000000e+00 8.608455589795983853e-02 8.911130296261257633e-02 7.072658803639386704e-02 7.333948914919932727e-02
2.774999999999999911e+00 8.587028762208454014e-02 8.884997008278884556e-02 7.033955822401241620e-02 7.289131949712616965e-02
2.799999999999999822e+00 8.562264069421690604e-02 8.855683965891965326e-02 6.992277405324152928e-02 7.241478521873158380e-02
2.825000000000000178e+00 8.534135791326860621e-02 8.823160489311343557e-02 6.947627109042059379e-02 7.190993517172741822e-02
2.850000000000000089e+00 8.502625425146717597e-02 8.787402314563455552e-02 6.900015841464333943e-02 7.137688402452664616e-02
2.875000000000000000e+00 8.467721193292344906e-02 8.748391802890158331e-02 6.849461459276671993e-02 7.081581136447605285e-02
2.899999999999999911e+00 8.429417922327805957e-02 8.706117286952497203e-02 6.795988442940713303e-02 7.022695627172743926e-02
2.924999999999999822e+00 8.387717723474726050e-02 8.660573516083729106e-02 6.739628350988613459e-02 6.961062079220776966e-02
2.950000000000000178e+00 8.342629800256758099e-02 8.611762180216725460e-02 6.680419631166253924e-02 6.896717139451613576e-02
2.975000000000000089e+00 8.294170022900729244e-02 8.559691404501039436e-02 6.618407231328841955e-02 6.829703487523632044e-02
3.000000000000000000e+00 8.242360489130465262e-02 8.504375663866509116e-02 6.553642187936904728e-02 6.760069609267557733e-02
3.024999999999999911e+00 8.187229667435065583e-02 8.445835493811190697e-02 6.486181470138294158e-02 6.687869461340359423e-02
3.049999999999999822e+00 8.128812707242814850e-02 8.384097665842213387e-02 6.416088159592600593e-02 6.613162580652627576e-02
3.075000000000000178e+00 8.067151081046095018e-02 8.319195625899344915e-02 6.343431123630002832e-02 6.536014164864650811e-02
3.100000000000000089e+00 8.002292042509484560e-02 8.251168760366958677e-02 6.268284465711468356e-02 6.456494460491107867e-02
3.125000000000000000e+00 7.934288836950534329e-02 8.180062385191903818e-02 6.190727503746054627e-02 6.374678640413969366e-02
3.149999999999999911e+00 7.863200972540078382e-02 8.105928018319930040e-02 6.110844800691698359e-02 6.290646851042140664e-02
3.174999999999999822e+00 7.789093434691352069e-02 8.028823186233190190e-02 6.028725599144159342e-02 6.204483965834602099e-02
3.200000000000000178e+00 7.712036161535162915e-02 7.948810951528989532e-02 5.944463236224773600e-02 6.116279053406587646e-02
3.225000000000000089e+00 7.632104376616198615e-02 7.865959720871666672e-02 5.858155154571566270e-02 6.026125132941121537e-02
3.250000000000000000e+00 7.549378549115114134e-02 7.780343340445981803e-02 5.769902754111737309e-02 5.934119113250078958e-02
3.274999999999999911e+00 7.463943955649574025e-02 7.692040699953030247e-02 5.679811018493020197e-02 5.840361454755740866e-02
3.299999999999999822e+00 7.375890099214513218e-02 7.601136009319880982e-02 5.587987956320784877e-02 5.744956085535980750e-02
3.325000000000000178e+00 7.285310867664264445e-02 7.507717498682592305e-02 5.494544449702066374e-02 5.648009493795354274e-02
3.350000000000000089e+00 7.192304671314644904e-02 7.411878748746357493e-02 5.399594303359438185e-02 5.549631424611552871e-02
3.375000000000000444e+00 7.096973057396342710e-02 7.313717556698887123e-02 5.303253063875226769e-02 5.449933857232939355e-02
3.399999999999999911e+00 6.999421226616021896e-02 7.213334869665517790e-02 5.205638245052426200e-02 5.349030391614520430e-02
3.424999999999999822e+00 6.899757619989248247e-02 7.110835671147436310e-02 5.106868953335122474e-02 5.247036586868951413e-02
3.450000000000000622e+00 6.798093678962105479e-02 7.006328464926596389e-02 5.007065531058387670e-02 5.144069471844658209e-02
3.475000000000000533e+00 6.694543297066882226e-02 6.899924904741672194e-02 4.906349052886006812e-02 5.040247149155723666e-02
3.500000000000000000e+00 6.589222739251517080e-02 6.791739029200373479e-02 4.804841112128348246e-02 4.935688222699202016e-02
3.524999999999999911e+00 6.482250670129895143e-02 6.681887608194739259e-02 4.702663739721182207e-02 4.830511898686960792e-02
3.549999999999999822e+00 6.373747779944298475e-02 6.570489804390704236e-02 4.599939007444573541e-02 4.724837621136712684e-02
3.575000000000000622e+00 6.263836220341753580e-02 6.457667084131324398e-02 4.496788551612895118e-02 4.618784863853262618e-02
3.600000000000000089e+00 6.152639067944580542e-02 6.343542030092819139e-02 4.393333055658529829e-02 4.512472264709162934e-02
3.625000000000000000e+00 6.040280731779991419e-02 6.228238577396870423e-02 4.289692423196608123e-02 4.406017711628286426e-02
3.649999999999999911e+00 5.926886423920074004e-02 6.111881956795603421e-02 4.185985307657300036e-02 4.299538139932833347e-02
3.674999999999999822e+00 5.812581956761057878e-02 5.994598057431260035e-02 4.082328901172176810e-02 4.193149088254472662e-02
3.700000000000000622e+00 5.697492838419446898e-02 5.876513336672386373e-02 3.978838272373561025e-02 4.086964485194614222e-02
3.725000000000000089e+00 5.581744818257588364e-02 5.757754176582110389e-02 3.875626531443317202e-02 3.981096172763189112e-02
3.750000000000000000e+00 5.465463332083100173e-02 5.638446874504982054e-02 3.772804484482732840e-02 3.875653861120513521e-02
3.774999999999999911e+00 5.348772961479424798e-02 5.518717241222787645e-02 3.670480191466358316e-02 3.770744763819750683e-02
3.799999999999999822e+00 5.231797800543207255e-02 5.398690494631816494e-02 3.568759107708281697e-02 3.666473482260345501e-02
3.825000000000000178e+00 5.114660641993141327e-02 5.278490925209707724e-02 3.467743544297560709e-02 3.562941732692933433e-02
3.850000000000000089e+00 4.997483010116213903e-02 5.158241590530149995e-02 3.367532610600318388e-02 3.460248102609461696e-02
3.875000000000000000e+00 4.880384561428768864e-02 5.038064002325846197e-02 3.268221823827478778e-02 3.358487816800472675e-02
3.899999999999999911e+00 4.763483235222644441e-02 4.918077851765023656e-02 3.169903127142517651e-02 3.257752526108183277e-02
3.924999999999999822e+00 4.646894848991247468e-02 4.798400662754086221e-02 3.072664663904193030e-02 3.158130111221822689e-02
3.950000000000000178e+00 4.530732863951633660e-02 4.679147674182347616e-02 2.976590613345589734e-02 3.059704581713300689e-02
3.975000000000000089e+00 4.415108415051086782e-02 4.560432028028444523e-02 2.881761186171881775e-02 2.962556153946432555e-02
4.000000000000000000e+00 4.300129488958135543e-02 4.442363753754047240e-02 2.788252149595840321e-02 2.866760671582244818e-02
4.025000000000000355e+00 4.185901291010622749e-02 4.325050016841663209e-02 2.696135050823439752e-02 2.772389760550396376e-02
4.049999999999999822e+00 4.072526071099179940e-02 4.208594905720741686e-02 2.605477129857093274e-02 2.679510724071762148e-02
4.075000000000000178e+00 3.960102590993552080e-02 4.093099226121768575e-02 2.516341072284904168e-02 2.588186462408982244e-02
4.099999999999999645e+00 3.848725862172439061e-02 3.978660063782244599e-02 2.428784875416582084e-02 2.498475244870288631e-02
4.125000000000000000e+00 3.738487611792831733e-02 3.865371013096929181e-02 2.342862161203310839e-02 2.410430895096921100e-02
4.150000000000000355e+00 3.629475408351571369e-02 3.753321869862162596e-02 2.258621749844430537e-02 2.324102658087525211e-02
4.174999999999999822e+00 3.521773071077991674e-02 3.642597729536733997e-02 2.176107959414626952e-02 2.239534814665407325e-02
4.200000000000000178e+00 3.415460463040167344e-02 3.533281005397837654e-02 2.095360582082979317e-02 2.156767808560939442e-02
4.224999999999999645e+00 3.310612550588125369e-02 3.425448971119605945e-02 2.016414370393117966e-02 2.075836944508898871e-02
4.250000000000000000e+00 3.207300341349879347e-02 3.319173939387026762e-02 1.939299727910743024e-02 1.996772682961549944e-02
4.275000000000000355e+00 3.105590353626850458e-02 3.214524450026828156e-02 1.864042500942647562e-02 1.919601315639219916e-02
4.299999999999999822e+00 3.005544898235424506e-02 3.111564495925549581e-02 1.790664220288014363e-02 1.844344661195841326e-02
4.325000000000000178e+00 2.907221532328425201e-02 3.010353605631022403e-02 1.719181926676729283e-02 1.771020208502316340e-02
4.349999999999999645e+00 2.810673148332131638e-02 2.910946427455003704e-02 1.649608323601336329e-02 1.699641010423824650e-02
4.375000000000000000e+00 2.715948156004127645e-02 2.813392993138234127e-02 1.581952005458922908e-02 1.630215951251271292e-02
4.400000000000000355e+00 2.623090275051790515e-02 2.717738629459407612e-02 1.516217474261634564e-02 1.562749820930464315e-02
4.424999999999999822e+00 2.532138810280774865e-02 2.624024268919033370e-02 1.452405403849089255e-02 1.497243594465597939e-02
4.450000000000000178e+00 2.443128307659101633e-02 2.532286031753596192e-02 1.390512591809627517e-02 1.433694344886123767e-02
4.474999999999999645e+00 2.356088665138188210e-02 2.442555357369930596e-02 1.330532154808011791e-02 1.372095446152057745e-02
4.500000000000000000e+00 2.271045300247942489e-02 2.354859219151514763e-02 1.272453735521962212e-02 1.312436802767366455e-02
4.525000000000000355e+00 2.188019151717675650e-02 2.269219913039316125e-02 1.216263645154348587e-02 1.254704885564311007e-02
4.549999999999999822e+00 2.107026812768142063e-02 2.185655356144344461e-02 1.161945065539329684e-02 1.198883014463704433e-02
4.575000000000000178e+00 2.028080579512918369e-02 2.104179139083488595e-02 1.109478202576119794e-02 1.144951513021539614e-02
4.599999999999999645e+00 1.951188581264392402e-02 2.024800561642243341e-02 1.058840483171675194e-02 1.092887858137125967e-02
4.625000000000000000e+00 1.876354916585191990e-02 1.947524832447122475e-02 1.010006753558429990e-02 1.042666908512580870e-02
4.650000000000000355e+00 1.803579762355932148e-02 1.872353173537080404e-02 9.629494552038301083e-03 9.942610794152033360e-03
4.674999999999999822e+00 1.732859522879535985e-02 1.799282935342480863e-02 9.176388202799470525e-03 9.476405221526356532e-03
4.700000000000000178e+00 1.664186979645203290e-02 1.728307779738746247e-02 8.740430636523762939e-03 9.027733303175083587e-03
4.724999999999999645e+00 1.597551475617803654e-02 1.659417822436356355e-02 8.321285842275739919e-03 8.596257239048825383e-03
4.750000000000000000e+00 1.532939045988604247e-02 1.592599816707802179e-02 7.918601362222374429e-03 8.181622452827616923e-03
4.775000000000000355e+00 1.470332602558394042e-02 1.527837292804039467e-02 7.532010222099233543e-03 7.783459306900126357e-03
4.799999999999999822e+00 1.409712133884302374e-02 1.465110751935607032e-02 7.161132851008894171e-03 7.401385027664611829e-03
4.825000000000000178e+00 1.351054864916222641e-02 1.404397863189724323e-02 6.805578752477224255e-03 7.035005550469556647e-03
4.849999999999999645e+00 1.294335455654889444e-02 1.345673626712232118e-02 6.464948307492420290e-03 6.683917167264663214e-03
4.875000000000000000e+00 1.239526184237370147e-02 1.288910581231402126e-02 6.138834423545218126e-03 6.347708307909622795e-03
4.900000000000000355e+00 1.186597127100001703e-02 1.234078978190966333e-02 5.826824107655260987e-03 6.025961094822115255e-03
4.924999999999999822e+00 1.135516366822778879e-02 1.181146967600985032e-02 5.528500115507016706e-03 5.718252904373443378e-03
4.950000000000000178e+00 1.086250174433155830e-02 1.130080807355837887e-02 5.243442398322528675e-03 5.424157957145164105e-03
4.974999999999999645e+00 1.038763183936171168e-02 1.080845041711750443e-02 4.971229440374294074e-03 5.143248690159635608e-03
5.000000000000000000e+00 9.930185765393787639e-03 1.033402674215369750e-02 4.711439604220268862e-03 4.875097052956575000e-03
5.025000000000000355e+00 9.489782717749601498e-03 9.877153599413412630e-03 4.463652407032898950e-03 4.619275824919169375e-03
5.049999999999999822e+00 9.066030849616985368e-03 9.437435851624880953e-03 4.227449606079542767e-03 4.375359796912002205e-03
5.075000000000000178e+00 8.658528950806734098e-03 9.014468137126823225e-03 4.002416282730457062e-03 4.142926773523306939e-03
5.099999999999999645e+00 8.266868224903490062e-03 8.607836785860774678e-03 3.788141878947829527e-03 3.921558697005117153e-03
5.125000000000000000e+00 7.890633712456514987e-03 8.217121380496286362e-03 3.584221047294496292e-03 3.710842557201624037e-03
5.150000000000000355e+00 7.529405811071499324e-03 7.841896137592957103e-03 3.390254477166361208e-03 3.510371180820998777e-03
5.174999999999999822e+00 7.182761627802697162e-03 7.481731413376837246e-03 3.205849607499255093e-03 3.319744016019061418e-03
5.200000000000000178e+00 6.850276434618319393e-03 7.136195198322366033e-03 3.030621331677151292e-03 3.138567863113506974e-03
5.224999999999999645e+00 6.531524849957179649e-03 6.804854277248998003e-03 2.864192543728305215e-03 2.966457424217422076e-03
5.250000000000000000e+00 6.226082027046933240e-03 6.487275508831452479e-03 2.706194647263086752e-03 2.803035858976145583e-03
5.275000000000000355e+00 5.933524798455732871e-03 6.183027026993925986e-03 2.556268005219588212e-03 2.647935263796455298e-03
5.299999999999999822e+00 5.653432651010955982e-03 5.891679193442128995e-03 2.414062290921235258e-03 2.500797021886264852e-03
5.325000000000000178e+00 5.385388678598802652e-03 5.612805676315162952e-03 2.279236791534240518e-03 2.361272164296322404e-03
5.349999999999999645e+00 5.128980481942831994e-03 5.345984330004600708e-03 2.151460664065547781e-03 2.229021622409554752e-03
5.375000000000000000e+00 4.883800947699926120e-03 5.090798037893092855e-03 2.030413117167873503e-03 2.103716439815833325e-03
5.400000000000000355e+00 4.649448925059388935e-03 4.846835428098721262e-03 1.915783527848108434e-03 1.985037908511939984e-03
5.424999999999999822e+00 4.425529898369939298e-03 4.613691611772208906e-03 1.807271537727390878e-03 1.872677691388316065e-03
5.450000000000000178e+00 4.211656529564620707e-03 4.390968756051005957e-03 1.704587078905647020e-03 1.766337862003505236e-03
5.474999999999999645e+00 4.007449211202660996e-03 4.178276588475262308e-03 1.607450386220446534e-03 1.665730903183043794e-03
5.500000000000000000e+00 3.812536500657590956e-03 3.975232959985195921e-03 1.515591956382606950e-03 1.570579710797592775e-03
5.525000000000000355e+00 3.626555416331179223e-03 3.781464217682027357e-03 1.428752440289791535e-03 1.480617514532856253e-03
5.549999999999999822e+00 3.449151829723728652e-03 3.596605484337387585e-03 1.346682558152401989e-03 1.395587754204692188e-03
5.575000000000000178e+00 3.279980719833102895e-03 3.420301041228450065e-03 1.269142965332885255e-03 1.315243987050478472e-03
5.599999999999999645e+00 3.118706322789227808e-03 3.252204515114278782e-03 1.195904066713144578e-03 1.239349715291145808e-03
5.625000000000000000e+00 2.965002361460097532e-03 3.091979065360652128e-03 1.126745859014826462e-03 1.167678210628133977e-03
5.650000000000000355e+00 2.818552124842315081e-03 2.939297534660205002e-03 1.061457717158151249e-03 1.100012322612689639e-03
5.674999999999999822e+00 2.679048542448922432e-03 2.793842535135476670e-03 9.998381752455280137e-04 1.036144261519573052e-03
5.700000000000000178e+00 2.546194205639672713e-03 2.655306499662161979e-03 9.416946919089211896e-04 9.758753686885415736e-04
5.724999999999999645e+00 2.419701398400974333e-03 2.523391688286585541e-03 8.868434194828817051e-04 9.190158738364507043e-04
5.750000000000000000e+00 2.299292046105545686e-03 2.397810189344963105e-03 8.351089471393015459e-04 8.653846517906862773e-04
5.775000000000000355e+00 2.184697638089804286e-03 2.278283870617208405e-03 7.863240355738780737e-04 8.148089633139098511e-04
5.799999999999999822e+00 2.075659146263651895e-03 2.164544276646598875e-03 7.403293569876730033e-04 7.671241820039801339e-04
5.825000000000000178e+00 1.971926913792627217e-03 2.056332532590320929e-03 6.969732301997900396e-04 7.221735295858016431e-04
5.849999999999999645e+00 1.873260517864091309e-03 1.953399230536188424e-03 6.561113494743827214e-04 6.798078084146279287e-04
5.875000000000000000e+00 1.779428608819528645e-03 1.855504270887025926e-03 6.176065133918947877e-04 6.398851252528343393e-04
5.900000000000000355e+00 1.690208740622601560e-03 1.762416692465558141e-03 5.813283567735361580e-04 6.022706178498783746e-04
5.924999999999999822e+00 1.605387187048300680e-03 1.673914501040916960e-03 5.471530838207088214e-04 5.668361872958096450e-04
5.950000000000000178e+00 1.524758744694474678e-03 1.589784460608161323e-03 5.149632032010071367e-04 5.334602247356473332e-04
5.974999999999999645e+00 1.448126534991573278e-03 1.509821911534680585e-03 4.846472714884616454e-04 5.020273538273639429e-04
6.000000000000000000e+00 1.375301777807684360e-03 1.433830548305273234e-03 4.560996333106674835e-04 4.724281674355403104e-04
6.025000000000000355e+00 1.306103574213683628e-03 1.361622193978196185e-03 4.292201720361665221e-04 4.445589707068927504e-04
6.049999999999999822e+00 1.240358676266746377e-03 1.293016573348388645e-03 4.039140633665989238e-04 4.183215309647036638e-04
6.075000000000000178e+00 1.177901260594269766e-03 1.227841077780747903e-03 3.800915370836621481e-04 3.936228322539197990e-04
6.099999999999999645e+00 1.118572695885286430e-03 1.165930538684969162e-03 3.576676455409668622e-04 3.703748399876826292e-04
6.125000000000000000e+00 1.062221308695645563e-03 1.107126986722881514e-03 3.365620374297220220e-04 3.484942688417181213e-04
6.150000000000000355e+00 1.008702147875442786e-03 1.051279414738253738e-03 3.166987384542481855e-04 3.279023583770453577e-04
6.174999999999999822e+00 9.578767529489318026e-04 9.982435400049251110e-04 2.980059408652000440e-04 3.085246561107660482e-04
6.200000000000000178e+00 9.096129223531996405e-04 9.478815687171404658e-04 2.804157988951300130e-04 2.902908080054265785e-04
6.224999999999999645e+00 8.637844828141526266e-04 9.000619610533322533e-04 2.638642318616460868e-04 2.731343559880279733e-04
6.250000000000000000e+00 8.202710655985579651e-04 8.546592005339579464e-04 2.482907353392457351e-04 2.569925434258055435e-04
6.275000000000000355e+00 7.789578829985887871e-04 8.115535668549909119e-04 2.336381990926778788e-04 2.418061280292742841e-04
6.299999999999999822e+00 7.397355085667212246e-04 7.706309105959908761e-04 2.198527320597000315e-04 2.275192017413959968e-04
6.325000000000000178e+00 7.024996644943638140e-04 7.317824329729418365e-04 2.068834953791435127e-04 2.140790180582369479e-04
6.349999999999999645e+00 6.671510121845577752e-04 6.949044713061686661e-04 1.946825423818972927e-04 2.014358271349078191e-04
6.375000000000000000e+00 6.335949475705579537e-04 6.598982887151416546e-04 1.832046649687394584e-04 1.895427176061858273e-04
6.400000000000000355e+00 6.017414034429138803e-04 6.266698696016017190e-04 1.724072474942976436e-04 1.783554655021951630e-04
6.424999999999999822e+00 5.715046551016949184e-04 5.951297198812509782e-04 1.622501268377242022e-04 1.678323898142717382e-04
6.450000000000000178e+00 5.428031335610870086e-04 5.651926729923014868e-04 1.526954594154533804e-04 1.579342148226838753e-04
6.474999999999999645e+00 5.155592436835320811e-04 5.367777027812622222e-04 1.437075942557892690e-04 1.486239390907691130e-04
6.500000000000000000e+00 4.896991880760694906e-04 5.098077408412320360e-04 1.352529521372119678e-04 1.398667103893769541e-04
6.525000000000000355e+00 4.651527981293928520e-04 4.842095010226893587e-04 1.272999109122200723e-04 1.316297069217355824e-04
6.549999999999999822e+00 4.418533686176661485e-04 4.599133093327543976e-04 1.198186961831086358e-04 1.238820243556376687e-04
6.575000000000000178e+00 4.197375003058852585e-04 4.368529395873016236e-04 1.127812777955424590e-04 1.165945684460084196e-04
6.599999999999999645e+00 3.987449474938751636e-04 4.149654557313186176e-04 1.061612714973092964e-04 1.097399532675334737e-04
6.625000000000000000e+00 3.788184711804238377e-04 3.941910591655354342e-04 9.993384545167437465e-05 1.032924044214459844e-04
6.650000000000000355e+00 3.599036982751459431e-04 3.744729423768384450e-04 9.407563191294357171e-05 9.722766735143594907e-05
6.674999999999999822e+00 3.419489862457225269e-04 3.557571485287450239e-04 8.856464357266622951e-05 9.152292065526690271e-05
6.700000000000000178e+00 3.249052932406031936e-04 3.379924361815661387e-04 8.338019414893064736e-05 8.615669379088758059e-05
6.724999999999999645e+00 3.087260532223140867e-04 3.211301495149222361e-04 7.850282331823005418e-05 8.110878919612988429e-05
6.750000000000000888e+00 2.933670570432542874e-04 3.051240942123853309e-04 7.391422584768089993e-05 7.636020869486566333e-05
6.775000000000001243e+00 2.787863380095533948e-04 2.899304185902342357e-04 6.959718443163218895e-05 7.189308390844809907e-05
6.799999999999999822e+00 2.649440624315279680e-04 2.755074993891375493e-04 6.553550626254874402e-05 6.769061036363341203e-05
6.825000000000001066e+00 2.518024250935617771e-04 2.618158329538084524e-04 6.171396316967687882e-05 6.373698538104635898e-05
6.849999999999999645e+00 2.393255492703394471e-04 2.488179311184925027e-04 5.811823499273129626e-05 6.001734935269829136e-05
6.875000000000000000e+00 2.274793913048941355e-04 2.364782212590604523e-04 5.473485628051324590e-05 5.651773023927344960e-05
6.900000000000001243e+00 2.162316495698160101e-04 2.247629515643407650e-04 5.155116590796245265e-05 5.322499136205820398e-05
6.924999999999999822e+00 2.055516775471302423e-04 2.136401002309744205e-04 4.855525952860649644e-05 5.012678201022508357e-05
6.950000000000001066e+00 1.954104009136132625e-04 2.030792890892356482e-04 4.573594488149132904e-05 4.721149097206660397e-05
6.974999999999999645e+00 1.857905788458986984e-04 1.930413604056894204e-04 4.308332650163369327e-05 4.446757557938448068e-05
7.000000000000000000e+00 1.766460125044350170e-04 1.835213596668276725e-04 4.058609943770943716e-05 4.188591950047220553e-05
7.025000000000001243e+00 1.679616571791445721e-04 1.744813549279618974e-04 3.823580212700957115e-05 3.945641290455766185e-05
7.049999999999999822e+00 1.597139484842921315e-04 1.658967301758140572e-04 3.602368222640016637e-05 3.716997822930868294e-05
7.075000000000001066e+00 1.518805384841247924e-04 1.577441413499846949e-04 3.394151259112672273e-05 3.501808337238822614e-05
7.099999999999999645e+00 1.444402335017349215e-04 1.500014512297602920e-04 3.198155984228233931e-05 3.299270895715442200e-05
7.125000000000000000e+00 1.373729348492876070e-04 1.426476676715614353e-04 3.013655474764733209e-05 3.108631759589164996e-05
7.150000000000001243e+00 1.306595825132231064e-04 1.356628846055622664e-04 2.839966431239397058e-05 2.929182487731114146e-05
7.174999999999999822e+00 1.242821016477412769e-04 1.290282260434518586e-04 2.676446559503313928e-05 2.760257211530084786e-05
7.200000000000000178e+00 1.182233518257800128e-04 1.227257930469336119e-04 2.522492104784070932e-05 2.601230074697904887e-05
7.224999999999999645e+00 1.124670787181243235e-04 1.167386132316842020e-04 2.377535530169412804e-05 2.451512822061778645e-05
7.250000000000000000e+00 1.069978682793492909e-04 1.110505927596078935e-04 2.241043334882268756e-05 2.310552530661796073e-05
7.275000000000001243e+00 1.018011032207047801e-04 1.056464708722932758e-04 2.112514005758624793e-05 2.177829479890849398e-05
7.299999999999999822e+00 9.686292169739499683e-05 1.005117766398739670e-04 1.991476088906660326e-05 2.052855148180338356e-05
7.325000000000000178e+00 9.217017812237711155e-05 9.563278795955384212e-05 1.877486376277204519e-05 1.935170329224317323e-05
7.349999999999999645e+00 8.771040596335272254e-05 9.099649264322224446e-05 1.770128203047929155e-05 1.824343361867212517e-05
7.375000000000000000e+00 8.347178244355353950e-05 8.659055148039548476e-05 1.669009846500238813e-05 1.719968466470466714e-05
7.400000000000001243e+00 7.944309506682434492e-05 8.240326320948597580e-05 1.573763021530118111e-05 1.621664181634750368e-05
7.424999999999999822e+00 7.561370985809387827e-05 7.842353129437918270e-05 1.484041466934453657e-05 1.529071895314043427e-05
7.450000000000000178e+00 7.197354124449477624e-05 7.464083239675692696e-05 1.399519615707418462e-05 1.441854464013512233e-05
7.474999999999999645e+00 6.851302350644540616e-05 7.104518650313530444e-05 1.319891348217152539e-05 1.359694915883897006e-05
7.500000000000000000e+00 6.522308368586090296e-05 6.762712859108617892e-05 1.244868818375411168e-05 1.282295232971152637e-05
7.525000000000000355e+00 6.209511591746869248e-05 6.437768176267601443e-05 1.174181350731914078e-05 1.209375205323360636e-05
7.549999999999999822e+00 5.912095709443338681e-05 6.128833177243232170e-05 1.107574407015936977e-05 1.140671356253653635e-05
7.575000000000000178e+00 5.629286380109085240e-05 5.835100289559998991e-05 1.044808612844187299e-05 1.075935932321340719e-05
7.599999999999999645e+00 5.360349043339306954e-05 5.555803504881935521e-05 9.856588442689049443e-06 1.014935954705486114e-05
7.625000000000000000e+00 5.104586848057801135e-05 5.290216209519940768e-05 9.299133687637913592e-06 9.574523274053216453e-06
7.650000000000000355e+00 4.861338687910240016e-05 5.037649129991339064e-05 8.773730393572268997e-06 9.032790000885463131e-06
7.674999999999999822e+00 4.629977339501241862e-05 4.797448385310794177e-05 8.278505372752185612e-06 8.522221817796849801e-06
7.700000000000000178e+00 4.409907698568861576e-05 4.568993640984010641e-05 7.811696599837375231e-06 8.040996020658422566e-06
7.724999999999999645e+00 4.200565107949958776e-05 4.351696360444824301e-05 7.371646534597532084e-06 7.587398172304932833e-06
7.750000000000000000e+00 4.001413773538747403e-05 4.144998148185012084e-05 6.956795844706800498e-06 7.159815591155868415e-06
7.775000000000000355e+00 3.811945263215374153e-05 3.948369179434518535e-05 6.565677500511832149e-06 6.756731225511771500e-06
7.799999999999999822e+00 3.631677084420226707e-05 3.761306712357828907e-05 6.196911243888880752e-06 6.376717905967332290e-06
7.825000000000000178e+00 3.460151336747641424e-05 3.583333678678711200e-05 5.849198378464152547e-06 6.018432945759870103e-06
7.849999999999999645e+00 3.296933435227339566e-05 3.413997348932977613e-05 5.521316879119729701e-06 5.680613066395823626e-06
7.875000000000000000e+00 3.141610899789910443e-05 3.252868066472308249e-05 5.212116803774762936e-06 5.362069632447833770e-06
7.900000000000000355e+00 2.993792209810900427e-05 3.099538049420352457e-05 4.920515979838262970e-06 5.061684179200331403e-06
7.924999999999999822e+00 2.853105717384199041e-05 2.953620254911963413e-05 4.645495946171000009e-06 4.778404206415736552e-06
7.950000000000000178e+00 2.719198618296786974e-05 2.814747302871319778e-05 4.386098149944723146e-06 4.511239228833311543e-06
7.974999999999999645e+00 2.591735977264929015e-05 2.682570457232006807e-05 4.141420369581234377e-06 4.259257069018280711e-06
8.000000000000000000e+00 2.470399803748956016e-05 2.556758659835511654e-05 3.910613347174474084e-06 4.021580369377765688e-06
8.025000000000000355e+00 2.354888176789151022e-05 2.436997615424954790e-05 3.692877635921209861e-06 3.797383316965754242e-06
8.050000000000000711e+00 2.244914415596462918e-05 2.322988925140058412e-05 3.487460632689330644e-06 3.585888570473287797e-06
8.074999999999999289e+00 2.140206293437459952e-05 2.214449265056714757e-05 3.293653788503064711e-06 3.386364368374210487e-06
8.099999999999999645e+00 2.040505292974836496e-05 2.111109607659247407e-05 3.110789990612359334e-06 3.198121814796382140e-06
8.125000000000000000e+00 1.945565900642351359e-05 2.012714484948778374e-05 2.938241097544038238e-06 3.020512327101133256e-06
8.150000000000000355e+00 1.855154937781942987e-05 1.919021289478327853e-05 2.775415627569802212e-06 2.852925238606724725e-06
8.175000000000000711e+00 1.769050927050666401e-05 1.829799612489652497e-05 2.621756583666525341e-06 2.694785545676212228e-06
8.199999999999999289e+00 1.687043491730601247e-05 1.744830616520567538e-05 2.476739412475188203e-06 2.545551791770468751e-06
8.224999999999999645e+00 1.608932786683365271e-05 1.663906440948540624e-05 2.339870081726012721e-06 2.404714078144905381e-06
8.250000000000000000e+00 1.534528958885477757e-05 1.586829638810739382e-05 2.210683274161333477e-06 2.271792193227081013e-06
8.275000000000000355e+00 1.463651636141957853e-05 1.513412642702727352e-05 2.088740692869204270e-06 2.146333855359021887e-06
8.300000000000000711e+00 1.396129442595354486e-05 1.443477258954474451e-05 1.973629466299878879e-06 2.027913062301433451e-06
8.324999999999999289e+00 1.331799539408070639e-05 1.376854188185791495e-05 1.864960647209891598e-06 1.916128538132188104e-06
8.349999999999999645e+00 1.270507189356223265e-05 1.313382570697411945e-05 1.762367805192184844e-06 1.810602273980240062e-06
8.375000000000000000e+00 1.212105344172472887e-05 1.252909555726829674e-05 1.665505700149904405e-06 1.710978156785897676e-06
8.400000000000000355e+00 1.156454253295518095e-05 1.195289893161350002e-05 1.574049036185681573e-06 1.616920678729539287e-06
8.425000000000000711e+00 1.103421092961632097e-05 1.140385546422135640e-05 1.487691292003955357e-06 1.528113725848720610e-06
8.449999999999999289e+00 1.052879614560057493e-05 1.088065325539094235e-05 1.406143616456873483e-06 1.444259437529319372e-06
8.474999999999999645e+00 1.004709811234315237e-05 1.038204539293266310e-05 1.329133794498439174e-06 1.365077134223039787e-06
8.500000000000000000e+00 9.587976017667255361e-06 9.906846654302814913e-06 1.256405272882644132e-06 1.290302310483578172e-06
8.525000000000000355e+00 9.150345308104644048e-06 9.453930379583625610e-06 1.187716243421698768e-06 1.219685686546758609e-06
8.550000000000000711e+00 8.733174846450983322e-06 9.022225506721505815e-06 1.122838782088571843e-06 1.152992317635231502e-06
8.574999999999999289e+00 8.335484216102770070e-06 8.610713760167942424e-06 1.061558036439882375e-06 1.090000754853966681e-06
8.599999999999999645e+00 7.956341164534123082e-06 8.218426984941263250e-06 1.003671465319864159e-06 1.030502256827428847e-06
8.625000000000000000e+00 7.594859178646355441e-06 7.844444618417326020e-06 9.489881213450032323e-07 9.743000489149979160e-07
8.650000000000000355e+00 7.250195185041374444e-06 7.487891292620742258e-06 8.973279747059784679e-07 9.212086248466234198e-07
8.675000000000000711e+00 6.921547368547730061e-06 7.147934560225622261e-06 8.485212795175432830e-07 8.710530904230433992e-07
8.699999999999999289e+00 6.608153102894746338e-06 6.823782737539549139e-06 8.024079768333638074e-07 8.236685466200661109e-07
8.724999999999999645e+00 6.309286987573648201e-06 6.514682858385739583e-06 7.588371319865247214e-07 7.788995086815342322e-07
8.750000000000000000e+00 6.024258985444713312e-06 6.219918733301575522e-06 7.176664053943623695e-07 7.365993592091515681e-07
8.775000000000000355e+00 5.752412655723585552e-06 5.938809108264616699e-06 6.787615555423247564e-07 6.966298339583305765e-07
8.800000000000000711e+00 5.493123477371215058e-06 5.670705917790599324e-06 6.419959705082587822e-07 6.588605381779304452e-07
8.824999999999999289e+00 5.245797258123905497e-06 5.414992627530153976e-06 6.072502266761981153e-07 6.231684909509289128e-07
8.849999999999999645e+00 5.009868624770233097e-06 5.171082661592045561e-06 5.744116739774677100e-07 5.894376965106655457e-07
8.875000000000000000e+00 4.784799590432392438e-06 4.938417910235342997e-06 5.433740456862397665e-07 5.575587409535350648e-07
8.900000000000000355e+00 4.570078194752784410e-06 4.716467313712921355e-06 5.140370903495483104e-07 5.274284126388249055e-07
8.925000000000000711e+00 4.365217213222061350e-06 4.504725518275939477e-06 4.863062255725799086e-07 4.989493444318258209e-07
8.949999999999999289e+00 4.169752932182397766e-06 4.302711600586315412e-06 4.600922127265269624e-07 4.720296775478337706e-07
8.974999999999999645e+00 3.983243985887128980e-06 4.109967857019029665e-06 4.353108492330060659e-07 4.465827445855588731e-07
9.000000000000000000e+00 3.805270252495748791e-06 3.926058654374296798e-06 4.118826801985744207e-07 4.225267711242656613e-07
9.025000000000000355e+00 3.635431806029481329e-06 3.750569338930324325e-06 3.897327263177799465e-07 3.997845951695375514e-07
9.050000000000000711e+00 3.473347921210174218e-06 3.583105200714478498e-06 3.687902275069807561e-07 3.782834025197880438e-07
9.074999999999999289e+00 3.318656128594955283e-06 3.423290490213771979e-06 3.489884018138705751e-07 3.579544779272868178e-07
9.099999999999999645e+00 3.171011317350826307e-06 3.270767484740570101e-06 3.302642177467168152e-07 3.387329703717363869e-07
9.125000000000000000e+00 3.030084883243464708e-06 3.125195601914974502e-06 3.125581806549564770e-07 3.205576722823254306e-07
9.150000000000000355e+00 2.895563919417072615e-06 2.986250557837554442e-06 2.958141307649087615e-07 3.033708115192111059e-07
9.175000000000000711e+00 2.767150447878940552e-06 2.853623567638619777e-06 2.799790532738528480e-07 2.871178553054964025e-07
9.199999999999999289e+00 2.644560689525636112e-06 2.727020586176078488e-06 2.650028996325087623e-07 2.717473257606743044e-07
9.224999999999999645e+00 2.527524370762264471e-06 2.606161586928370472e-06 2.508384186857683232e-07 2.572106260042236299e-07
9.250000000000000000e+00 2.415784064797439614e-06 2.490779876988510525e-06 2.374409978768264088e-07 2.434618762345181842e-07
9.275000000000000355e+00 2.309094565889050574e-06 2.380621446381156564e-06 2.247685135986812719e-07 2.304577594393710616e-07
9.300000000000000711e+00 2.207222294804674521e-06 2.275444349945263039e-06 2.127811900946963568e-07 2.181573759089222530e-07
9.324999999999999289e+00 2.109944733933197237e-06 2.175018120040662253e-06 2.014414665793510343e-07 2.065221062336502686e-07
9.349999999999999645e+00 2.017049890544833030e-06 2.079123208610296598e-06 1.907138719091874357e-07 1.955154821117020354e-07
9.375000000000000000e+00 1.928335786712125409e-06 1.987550457044313796e-06 1.805649065734221998e-07 1.851030646852932571e-07
9.400000000000000355e+00 1.843609974565376904e-06 1.900100592360646146e-06 1.709629312356628647e-07 1.752523297580036589e-07
9.425000000000000711e+00 1.762689075618026734e-06 1.816583748476752304e-06 1.618780619933087593e-07 1.659325596799415331e-07
9.449999999999999289e+00 1.685398342890183041e-06 1.736819011238346465e-06 1.532820714550150367e-07 1.571147414976454896e-07
9.474999999999999645e+00 1.611571244707664089e-06 1.660633985978297396e-06 1.451482954007183786e-07 1.487714708215433570e-07
9.500000000000000000e+00 1.541049069064706498e-06 1.587864386514516248e-06 1.374515449192216668e-07 1.408768612416271035e-07
9.525000000000000355e+00 1.473680547504509999e-06 1.518353644435007029e-06 1.301680236155196608e-07 1.334064589687547489e-07
9.550000000000000711e+00 1.409321497548603494e-06 1.451952537702778491e-06 1.232752493703003850e-07 1.263371623573038357e-07
9.574999999999999289e+00 1.347834482716014287e-06 1.388518837563173531e-06 1.167519806332964310e-07 1.196471459213738353e-07
9.599999999999999645e+00 1.289088489268254417e-06 1.327916972843361453e-06 1.105781470539880038e-07 1.133157888328016876e-07
9.625000000000000000e+00 1.232958618818620405e-06 1.270017710775716999e-06 1.047347838057598754e-07 1.073236073942227449e-07
9.650000000000000355e+00 1.179325796015907553e-06 1.214697853488681403e-06 9.920396983400974902e-08 1.016521913701806161e-07
9.675000000000000711e+00 1.128076490544745417e-06 1.161839949395986215e-06 9.396876948469329098e-08 9.628414394388894764e-08
9.699999999999999289e+00 1.079102452721625241e-06 1.111332018724250175e-06 8.901317756986510364e-08 9.120302507265653822e-08
9.724999999999999645e+00 1.032300462009001241e-06 1.063067292475748098e-06 8.432206756090604862e-08 8.639329814824963256e-08
9.750000000000000000e+00 9.875720877990747311e-07 1.016943964148933782e-06 7.988114249611268772e-08 8.184027957724712016e-08
9.775000000000000355e+00 9.448234618542716056e-07 9.728649535805310354e-07 7.567688890312877686e-08 7.753009122570006094e-08
9.800000000000000711e+00 9.039650618215060655e-07 9.307376822998784001e-07 7.169653324165406293e-08 7.344961563208895894e-08
9.824999999999999289e+00 8.649115052673086564e-07 8.904738598213336781e-07 6.792800072523090432e-08 6.958645365754558958e-08
9.849999999999999645e+00 8.275813537119590789e-07 8.519892803293477214e-07 6.435987662721413525e-08 6.592888459208615187e-08
9.875000000000000000e+00 7.918969261660998356e-07 8.152036292393887454e-07 6.098136961116204858e-08 6.246582849361310513e-08
9.900000000000000355e+00 7.577841216945947241e-07 7.800402991409648260e-07 5.778227724035156092e-08 5.918681063410870823e-08
9.925000000000000711e+00 7.251722505633126809e-07 7.464262146594845781e-07 5.475295339354102540e-08 5.608192800004622523e-08
9.949999999999999289e+00 6.939938735388090427e-07 7.142916657910885688e-07 5.188427741443060485e-08 5.314181760003962700e-08
9.974999999999999645e+00 6.641846489437046405e-07 6.835701492909418781e-07 4.916762514215026384e-08 5.035762658966850432e-08
1.000000000000000000e+01 6.356831870800400660e-07 6.541982177198992433e-07 4.659484151696646245e-08 4.772098410539256662e-08
1.002500000000000036e+01 6.084309116570859927e-07 6.261153357657508876e-07 4.415821469587776663e-08 4.522397465547482511e-08
1.005000000000000071e+01 5.823719278819361526e-07 5.992637434828148210e-07 4.185045160983419072e-08 4.285911299266020122e-08
1.007499999999999929e+01 5.574528968792416684e-07 5.735883261083473778e-07 3.966465488483059514e-08 4.061932038019202619e-08
1.009999999999999964e+01 5.336229161340136085e-07 5.490364901301066672e-07 3.759430110959543477e-08 3.849790220798799412e-08
1.012500000000000000e+01 5.108334056602937268e-07 5.255580453003051069e-07 3.563322027542716517e-08 3.648852687179048729e-08
1.015000000000000036e+01 4.890379996118490459e-07 5.031050923016802542e-07 3.377557635726220632e-08 3.458520580702458097e-08
1.017500000000000071e+01 4.681924430722614727e-07 4.816319157884812824e-07 3.201584901934823938e-08 3.278227465956301954e-08
1.019999999999999929e+01 4.482544937696138711e-07 4.610948825396302210e-07 3.034881626162188543e-08 3.107437548848519236e-08
1.022499999999999964e+01 4.291838284742796330e-07 4.414523444739662375e-07 2.876953808103470288e-08 2.945643994177770194e-08
1.025000000000000000e+01 4.109419538522357839e-07 4.226645462891062952e-07 2.727334108387324043e-08 2.792367341401121292e-08
1.027500000000000036e+01 3.934921215567789260e-07 4.046935374982545038e-07 2.585580385730068076e-08 2.647154006038549101e-08
1.030000000000000071e+01 3.767992473513386329e-07 3.875030886512761429e-07 2.451274320484370834e-08 2.509574862361614326e-08
1.032499999999999929e+01 3.608298340685810441e-07 3.710586115352238464e-07 2.324020118006433803e-08 2.379223908725727010e-08
1.034999999999999964e+01 3.455518982187599403e-07 3.553270831612980483e-07 2.203443275661698047e-08 2.255717004784095954e-08
1.037500000000000000e+01 3.309349000709045982e-07 3.402769733546440708e-07 2.089189422882706775e-08 2.138690677086536369e-08
1.040000000000000036e+01 3.169496770381446288e-07 3.258781757714314461e-07 1.980923226691798525e-08 2.027800993815287809e-08
1.042500000000000071e+01 3.035683802069790231e-07 3.121019421770072270e-07 1.878327353550525840e-08 1.922722499881245283e-08
1.044999999999999929e+01 2.907644138597592581e-07 2.989208198285210279e-07 1.781101491172839829e-08 1.823147210985033098e-08
1.047499999999999964e+01 2.785123778447773685e-07 2.863085918103062852e-07 1.688961424774627825e-08 1.728783663862551622e-08
1.050000000000000000e+01 2.667880126572378615e-07 2.742402201806252794e-07 1.601638161966637308e-08 1.639356018868598225e-08
1.052500000000000036e+01 2.555681471003233298e-07 2.626917917936530536e-07 1.518877106955062738e-08 1.554603210761349379e-08
1.055000000000000071e+01 2.448306484028585815e-07 2.516404666680692239e-07 1.440437280815332494e-08 1.474278147890053987e-08
1.057499999999999929e+01 2.345543746746838486e-07 2.410644287796580256e-07 1.366090583152048531e-08 1.398146954022371567e-08
1.059999999999999964e+01 2.247191295882974759e-07 2.309428391610319519e-07 1.295621096767013357e-08 1.325988253331479336e-08
1.062500000000000000e+01 2.153056191800717170e-07 2.212557911986822077e-07 1.228824426525273555e-08 1.257592493331875778e-08
1.065000000000000036e+01 2.062954106691333044e-07 2.119842680214709024e-07 1.165507077950478404e-08 1.192761304970868277e-08
1.067500000000000071e+01 1.976708931978307447e-07 2.031101018798569490e-07 1.105485869489476535e-08 1.131306899198476937e-08
1.069999999999999929e+01 1.894152404022206123e-07 1.946159354220526977e-07 1.048587374185488223e-08 1.073051495172446511e-08
1.072499999999999964e+01 1.815123747246676803e-07 1.864851847752274739e-07 9.946473949447691401e-09 1.017826779879431433e-08
1.075000000000000000e+01 1.739469333862770780e-07 1.787020043461953049e-07 9.435104672535684675e-09 9.654733982729336365e-09
1.077500000000000036e+01 1.667042359397283292e-07 1.712512532596986280e-07 8.950293887193771858e-09 9.158404701902110072e-09
1.080000000000000071e+01 1.597702533277502919e-07 1.641184633561150970e-07 8.490647751180050014e-09 8.687851345119177323e-09
1.082499999999999929e+01 1.531315783755085277e-07 1.572898086748284418e-07 8.054846391938574694e-09 8.241721172711391746e-09
1.084999999999999964e+01 1.467753976489864532e-07 1.507520763520951418e-07 7.641639943780665626e-09 7.818733240124102636e-09
1.087500000000000000e+01 1.406894646149776693e-07 1.444926388671127956e-07 7.249844782189231153e-09 7.417674541443875655e-09
1.090000000000000036e+01 1.348620740406266753e-07 1.384994275718634835e-07 6.878339976522486345e-09 7.037396360949977265e-09
1.092500000000000071e+01 1.292820375743603437e-07 1.327609074440575125e-07 6.526063930450975596e-09 6.676810828921538874e-09
1.094999999999999929e+01 1.239386604523128870e-07 1.272660530056214168e-07 6.192011198359180934e-09 6.334887656508291703e-09
1.097499999999999964e+01 1.188217192771984968e-07 1.220043253514912499e-07 5.875229483251723447e-09 6.010651052315008506e-09
1.100000000000000000e+01 1.139214408191730802e-07 1.169656502364433487e-07 5.574816795673231422e-09 5.703176805305351119e-09
1.102500000000000036e+01 1.092284817906408039e-07 1.121403971701201960e-07 5.289918766996191182e-09 5.411589529446668385e-09
1.105000000000000071e+01 1.047339095492251139e-07 1.075193594728577476e-07 5.019726097325007906e-09 5.135060050253684159e-09
1.107499999999999929e+01 1.004291836853609276e-07 1.030937352470975248e-07 4.763472159228127990e-09 4.872802936924105144e-09
1.109999999999999964e+01 9.630613845309113181e-08 9.885510922146906501e-08 4.520430721135232365e-09 4.624074171487376520e-09
1.112500000000000000e+01 9.235696600456315857e-08 9.479543542661956478e-08 4.289913787814448877e-09 4.388168936639653610e-09
1.115000000000000036e+01 8.857420039066365933e-08 9.090702066383838305e-08 4.071269569095128197e-09 4.164419526180496161e-09
1.117500000000000071e+01 8.495070229197843276e-08 8.718250872937416403e-08 3.863880554067043450e-09 3.952193370678132279e-09
1.119999999999999929e+01 8.147964444605306041e-08 8.361486535916073467e-08 3.667161687708425837e-09 3.750891167886228971e-09
1.122499999999999964e+01 7.815449773849020389e-08 8.019736386033757828e-08 3.480558641740673349e-09 3.559945112327081397e-09
1.125000000000000000e+01 7.496901792697222093e-08 7.692357139752211777e-08 3.303546185079720044e-09 3.378817219370956177e-09
1.127500000000000036e+01 7.191723296877412331e-08 7.378733590336342600e-08 3.135626642685828339e-09 3.206997744739768125e-09
1.130000000000000071e+01 6.899343092375286303e-08 7.078277358432531110e-08 2.976328427956528915e-09 3.044003683619164666e-09
1.132499999999999929e+01 6.619214840612197269e-08 6.790425699405666392e-08 2.825204663857091706e-09 2.889377352037597919e-09
1.134999999999999964e+01 6.350815955955293921e-08 6.514640364799165208e-08 2.681831873328979988e-09 2.742685045901727700e-09
1.137500000000000000e+01 6.093646553140069422e-08 6.250406515410140481e-08 2.545808740274725802e-09 2.603515770094393402e-09
1.140000000000000036e+01 5.847228442296688188e-08 5.997231683589541436e-08 2.416754937743890973e-09 2.471480036953494220e-09
1.142500000000000071e+01 5.611104169379550388e-08 5.754644782488361618e-08 2.294310017723352658e-09 2.346208727979130592e-09
1.144999999999999929e+01 5.384836099906664192e-08 5.522195160082783662e-08 2.178132361689181778e-09 2.227352017563086696e-09
1.147499999999999964e+01 5.168005544012206276e-08 5.299451695907804561e-08 2.067898184562589316e-09 2.114578352936079904e-09
1.150000000000000000e+01 4.960211920911326190e-08 5.086001938535482983e-08 1.963300595688855641e-09 2.007573489475173301e-09
1.152500000000000036e+01 4.761071960961255200e-08 4.881451281917024246e-08 1.864048707534352264e-09 1.906039578181598475e-09
1.155000000000000071e+01 4.570218943593597369e-08 4.685422178800171719e-08 1.769866792333846031e-09 1.809694300728317132e-09
1.157499999999999929e+01 4.387301969472095964e-08 4.497553389520786529e-08 1.680493482931690681e-09 1.718270051184979983e-09
1.159999999999999964e+01 4.211985265304889789e-08 4.317499264542258064e-08 1.595681017744371537e-09 1.631513160529415339e-09
1.162500000000000000e+01 4.043947519816576499e-08 4.144929059195657458e-08 1.515194525728514728e-09 1.549183164471881322e-09
1.165000000000000036e+01 3.882881249455091588e-08 3.979526279146175343e-08 1.438811346884917154e-09 1.471052107667280872e-09
1.167500000000000071e+01 3.728492192472755122e-08 3.820988055177448456e-08 1.366320392834999394e-09 1.396903886883403031e-09
1.169999999999999929e+01 3.580498730087698971e-08 3.669024545955403465e-08 1.297521537744241781e-09 1.326533628154828688e-09
1.172499999999999964e+01 3.438631333489412770e-08 3.523358367492842466e-08 1.232225043593286668e-09 1.259747097049859749e-09
1.175000000000000000e+01 3.302632035511754752e-08 3.383724048096071709e-08 1.170251016046219527e-09 1.196360140673739845e-09
1.177500000000000036e+01 3.172253925850535737e-08 3.249867507633837222e-08 1.111428888571794064e-09 1.136198159450722851e-09
1.180000000000000071e+01 3.047260668754591211e-08 3.121545560019803191e-08 1.055596933105098220e-09 1.079095606083088261e-09
1.182499999999999929e+01 2.927426042170244151e-08 2.998525437852634682e-08 1.002601797839243960e-09 1.024895511376035114e-09
1.184999999999999964e+01 2.812533497365632206e-08 2.880584338207980010e-08 9.522980688987258480e-10 9.734490352852889337e-10
1.187500000000000000e+01 2.702375738106267569e-08 2.767508988621930519e-08 9.045478559848592313e-10 9.246150418460164799e-10
1.190000000000000036e+01 2.596754318496713847e-08 2.659095232349420185e-08 8.592203986825930512e-10 8.782596966186455420e-10
1.192500000000000071e+01 2.495479258644349991e-08 2.555147632025976707e-08 8.161916940307051608e-10 8.342560846964204808e-10
1.194999999999999929e+01 2.398368677339361084e-08 2.455479090899357914e-08 7.753441446978850927e-10 7.924838499087633477e-10
1.197499999999999964e+01 2.305248440982936980e-08 2.359910490836581399e-08 7.365662240259883221e-10 7.528288523728517736e-10
1.200000000000000000e+01 2.215951828030963211e-08 2.268270346349412915e-08 6.997521598891686484e-10 7.151828441810901209e-10
1.202500000000000036e+01 2.130319208254138928e-08 2.180394473914897787e-08 6.648016348540986408e-10 6.794431623220876755e-10
1.205000000000000071e+01 2.048197736147827211e-08 2.096125675902571492e-08 6.316195022126626254e-10 6.455124377495037585e-10
1.207499999999999929e+01 1.969441057855111347e-08 2.015313438449953367e-08 6.001155168392442284e-10 6.132983197478218967e-10
1.209999999999999964e+01 1.893909030996315131e-08 1.937813642659227878e-08 5.702040806337889219e-10 5.827132148930269332e-10
1.212500000000000000e+01 1.821467456825747354e-08 1.863488288516561603e-08 5.418040006716935741e-10 5.536740397829760528e-10
1.215000000000000036e+01 1.751987824163152205e-08 1.792205230963144132e-08 5.148382599326347791e-10 5.261019862202809570e-10
1.217500000000000071e+01 1.685347064572257038e-08 1.723837927572687996e-08 4.892338013485431917e-10 4.999222993503806082e-10
1.219999999999999929e+01 1.621427318283522130e-08 1.658265197315533411e-08 4.649213218529971930e-10 4.750640674079031431e-10
1.222499999999999964e+01 1.560115710380746669e-08 1.595370989913392234e-08 4.418350774099566741e-10 4.514600219535076261e-10
1.225000000000000000e+01 1.501304136793246433e-08 1.535044165311024325e-08 4.199126989977479374e-10 4.290463490638854981e-10
1.227500000000000036e+01 1.444889059656148703e-08 1.477178282813034810e-08 3.990950176084359657e-10 4.077625103478205657e-10
1.230000000000000071e+01 1.390771311621373335e-08 1.421671399454475280e-08 3.793258985864369016e-10 3.875510732546778093e-10
1.232499999999999929e+01 1.338855908720807540e-08 1.368425877193697633e-08 3.605520845954062069e-10 3.683575502773933666e-10
1.234999999999999964e+01 1.289051871401227565e-08 1.317348198534480604e-08 3.427230468045074311e-10 3.501302465601763366e-10
1.237500000000000000e+01 1.241272053367993113e-08 1.268348790202484401e-08 3.257908438302254342e-10 3.328201154674299827e-10
1.240000000000000036e+01 1.195432977890777445e-08 1.221341854518029997e-08 3.097099880954543958e-10 3.163806217089941456e-10
1.242500000000000071e+01 1.151454681240492358e-08 1.176245208123452758e-08 2.944373189253920601e-10 3.007676115560917958e-10
1.244999999999999929e+01 1.109260562941407487e-08 1.132980127738788048e-08 2.799318826490820323e-10 2.859391898157038569e-10
1.247499999999999964e+01 1.068777242536888300e-08 1.091471202634335296e-08 2.661548188011935792e-10 2.718556034486226527e-10
1.250000000000000000e+01 1.029934422580777436e-08 1.051646193522773433e-08 2.530692519386593807e-10 2.584791309177816766e-10
1.252500000000000036e+01 9.926647575793221431e-09 1.013435897586840215e-08 2.406401896354649440e-10 2.457739775242888212e-10
1.255000000000000071e+01 9.569037286211633561e-09 9.767740193715358069e-09 2.288344254031011277e-10 2.337061761644882020e-10
1.257499999999999929e+01 9.225895234445695651e-09 9.415970472819847881e-09 2.176204467960677965e-10 2.222434932098227310e-10
1.259999999999999964e+01 8.896629217024759504e-09 9.078441354397496810e-09 2.069683481412746808e-10 2.113553392609767355e-10
1.262500000000000000e+01 8.580671851966590136e-09 8.754569906615442981e-09 1.968497479295848099e-10 2.010126844947513915e-10
1.265000000000000036e+01 8.277479528626470330e-09 8.443797643349929664e-09 1.872377106176216170e-10 1.911879785532569580e-10
1.267500000000000071e+01 7.986531402967181392e-09 8.145589489760662523e-09 1.781066723133404468e-10 1.818550745427537503e-10
1.269999999999999929e+01 7.707328436258172996e-09 7.859432792626019106e-09 1.694323702519869653e-10 1.729891569165024372e-10
1.272499999999999964e+01 7.439392475300832617e-09 7.584836373475742832e-09 1.611917761294851007e-10 1.645666730944095537e-10
1.275000000000000000e+01 7.182265372361822443e-09 7.321329622645087388e-09 1.533630328358684063e-10 1.565652687636934058e-10
1.277500000000000036e+01 6.935508143078349916e-09 7.068461632458633312e-09 1.459253941687333654e-10 1.489637263123084387e-10
1.280000000000000071e+01 6.698700160676772219e-09 6.825800367832707321e-09 1.388591681690246230e-10 1.417419065731935856e-10
1.282499999999999929e+01 6.471438384919668232e-09 6.592931872661334669e-09 1.321456630999335650e-10 1.348806936813392967e-10
1.284999999999999964e+01 6.253336624267989822e-09 6.369459510424072892e-09 1.257671361418652977e-10 1.283619425941841320e-10
1.287500000000000000e+01 6.044024829811888571e-09 6.155003237524004308e-09 1.197067449194982345e-10 1.221684294249632587e-10
1.290000000000000036e+01 5.843148419588278732e-09 5.949198907930144707e-09 1.139485014227768049e-10 1.162838043038524130e-10
1.292500000000000071e+01 5.650367631965344935e-09 5.751697607762798427e-09 1.084772284310832625e-10 1.106925467345975346e-10
1.294999999999999929e+01 5.465356906832268751e-09 5.562165018520780807e-09 1.032785180736220489e-10 1.053799232317928256e-10
1.297499999999999964e+01 5.287804293389131605e-09 5.380280807707292789e-09 9.833869250400746825e-11 1.003319471112005364e-10
1.300000000000000000e+01 5.117410883385246793e-09 5.205738045666861981e-09 9.364476666245477722e-11 9.553534033993962959e-11
1.302500000000000036e+01 4.953890268705439496e-09 5.038242647498368202e-09 8.918441296664724139e-11 9.097749740947629918e-11
1.305000000000000071e+01 4.796968022252619706e-09 4.877512838959677566e-09 8.494592777290106842e-11 8.664645102427875183e-11
1.307499999999999929e+01 4.646381201121756799e-09 4.723278645327592383e-09 8.091819966329429461e-11 8.253083960984610362e-11
1.309999999999999964e+01 4.501877871104948681e-09 4.575281402223061933e-09 7.709067922306102644e-11 7.861987646047672753e-11
1.312500000000000000e+01 4.363216651609594542e-09 4.433273287455112991e-09 7.345335045467533073e-11 7.490332044764843236e-11
1.315000000000000036e+01 4.230166280112785308e-09 4.297016872979276709e-09 6.999670366320033491e-11 7.137144828257207413e-11
1.317500000000000071e+01 4.102505195313515442e-09 4.166284696106375304e-09 6.671170969901172245e-11 6.801502816804560642e-11
1.319999999999999929e+01 3.980021138181542049e-09 4.040858849135600487e-09 6.358979560092085417e-11 6.482529484567763264e-11
1.322499999999999964e+01 3.862510770137238828e-09 3.920530586622592863e-09 6.062282137984486547e-11 6.179392589908400922e-11
1.325000000000000000e+01 3.749779307630582782e-09 3.805099949528173290e-09 5.780305805839625436e-11 5.891301925299352433e-11
1.327500000000000036e+01 3.641640172419781206e-09 3.694375405526710894e-09 5.512316683653166783e-11 5.617507186413940890e-11
1.330000000000000071e+01 3.537914656881074466e-09 3.588173504784972567e-09 5.257617930630802345e-11 5.357295947898698355e-11
1.332499999999999929e+01 3.438431603710541748e-09 3.486318550553011976e-09 5.015547870286592427e-11 5.109991745301159575e-11
1.334999999999999964e+01 3.343027099407269763e-09 3.388642283937394416e-09 4.785478209463055676e-11 4.874952253157337280e-11
1.337500000000000000e+01 3.251544180954317168e-09 3.294983582255439827e-09 4.566812350695832236e-11 4.651567558531646759e-11
1.340000000000000036e+01 3.163832555139033893e-09 3.205188170395220784e-09 4.358983789020308768e-11 4.439258521051026109e-11
1.342500000000000071e+01 3.079748329979825111e-09 3.119108344631849584e-09 4.161454592790393255e-11 4.237475218830627189e-11
1.344999999999999929e+01 2.999153757749390164e-09 3.036602708374723183e-09 3.973713960439223194e-11 4.045695472194769131e-11
1.347499999999999964e+01 2.921916989107308140e-09 2.957535919343709656e-09 3.795276852895375208e-11 3.863423444711719802e-11
1.350000000000000178e+01 2.847911837876298014e-09 2.881778447694453940e-09 3.625682694177986496e-11 3.690188314174190665e-11
1.352500000000000213e+01 2.777017556017069805e-09 2.809206344634262727e-09 3.464494140592115795e-11 3.525543013306331201e-11
1.355000000000000249e+01 2.709118618376346927e-09 2.739701021090236822e-09 3.311295909034796041e-11 3.369063032850672556e-11
1.357499999999999929e+01 2.644104516801554242e-09 2.673149036010779925e-09 3.165693670264232136e-11 3.220345287091590530e-11
1.359999999999999964e+01 2.581869563233620657e-09 2.609441893900264101e-09 3.027312997785866901e-11 3.079007039046828119e-11
1.362500000000000000e+01 2.522312701406583596e-09 2.548475851204262675e-09 2.895798367235704108e-11 2.944684878962474062e-11
1.365000000000000213e+01 2.465337326799198135e-09 2.490151731179845946e-09 2.770812207522022034e-11 2.817033753718652712e-11
1.367500000000000249e+01 2.410851114499459267e-09 2.434374746901646956e-09 2.652034003844054524e-11 2.695726047503423354e-11
1.369999999999999929e+01 2.358765854658077817e-09 2.381054332069946089e-09 2.539159444675985619e-11 2.580450710446117388e-11
1.372499999999999964e+01 2.308997295221374868e-09 2.330103979301917461e-09 2.431899610510975177e-11 2.470912429833299811e-11
1.375000000000000000e+01 2.261464991647866062e-09 2.281441085601420800e-09 2.329980207849537055e-11 2.366830844826556226e-11
1.377500000000000213e+01 2.216092163326015542e-09 2.234986804716294925e-09 2.233140840333904131e-11 2.267939802187908001e-11
1.380000000000000249e+01 2.172805556423322045e-09 2.190665906105210184e-09 2.141134317021175934e-11 2.173986648722332740e-11
1.382499999999999929e+01 2.131535312909002161e-09 2.148406640248596262e-09 2.053725997195526132e-11 2.084731561100057395e-11
1.384999999999999964e+01 2.092214845504122463e-09 2.108140610050077255e-09 1.970693166579763757e-11 1.999946908803682536e-11
1.387500000000000000e+01 2.054780718324169833e-09 2.069802648086354508e-09 1.891824448528029086e-11 1.919416650537820070e-11
1.390000000000000213e+01 2.019172532989652901e-09 2.033330699474373316e-09 1.816919244101425083e-11 1.842935762381748835e-11
1.392500000000000249e+01 1.985332819990570097e-09 1.998665710135151596e-09 1.745787199610862549e-11 1.770309693892709236e-11
1.394999999999999929e+01 1.953206935100271470e-09 1.965751520243675733e-09 1.678247704098716859e-11 1.701353852978723447e-11
1.397499999999999964e+01 1.922742960643683697e-09 1.934534762663918253e-09 1.614129411318403366e-11 1.635893117873562511e-11
1.400000000000000000e+01 1.893891611433779347e-09 1.904964766177271194e-09 1.553269786405602349e-11 1.573761373354693754e-11
1.402500000000000213e+01 1.866606145198774107e-09 1.876993463321516303e-09 1.495514675788208520e-11 1.514801071464101222e-11
1.405000000000000249e+01 1.840842277330824697e-09 1.850575302665986348e-09 1.440717899344975245e-11 1.458862814013926024e-11
1.407499999999999929e+01 1.816558099794863753e-09 1.825667165356668131e-09 1.388740865315057436e-11 1.405804958434107643e-11
1.409999999999999964e+01 1.793714004043792402e-09 1.802228285772810032e-09 1.339452203413154457e-11 1.355493243145465437e-11
1.412500000000000000e+01 1.772272607793585017e-09 1.780220176144131547e-09 1.292727418130072045e-11 1.307800432883496995e-11
1.415000000000000213e+01 1.752198685518792628e-09 1.759606554984863364e-09 1.248448558915794311e-11 1.262605981888519851e-11
1.417500000000000249e+01 1.733459102535661009e-09 1.740353279207801087e-09 1.206503908809785563e-11 1.219795715069919282e-11
1.419999999999999929e+01 1.716022752546553149e-09 1.722428279788150987e-09 1.166787689052195208e-11 1.179261526121091089e-11
1.422499999999999964e+01 1.699860498525491534e-09 1.705801500853321904e-09 1.129199779925873661e-11 1.140901091727399515e-11
1.425000000000000000e+01 1.684945116830677576e-09 1.690444842080966245e-09 1.093645455925162268e-11 1.104617601167134659e-11
1.427500000000000036e+01 1.671251244435485894e-09 1.676332104293415403e-09 1.060035134939454270e-11 1.070319499746513108e-11
1.430000000000000249e+01 1.658755329174990166e-09 1.663438938142340972e-09 1.028284140860609638e-11 1.037920246346375937e-11
1.432499999999999929e+01 1.647435582910350620e-09 1.651742795782911630e-09 9.983124788466646488e-12 1.007338083389834183e-11
1.434999999999999964e+01 1.637271937518498933e-09 1.641222885441957611e-09 9.700446239651888330e-12 9.784958204796765555e-12
1.437500000000000000e+01 1.628246003619493797e-09 1.631860128789718698e-09 9.434093199106951164e-12 9.513206290952909855e-12
1.440000000000000036e+01 1.620341031958588378e-09 1.623637121029558395e-09 9.183393896173567842e-12 9.257438486719641241e-12
1.442500000000000249e+01 1.613541877364713713e-09 1.616538093624813034e-09 8.947715566037448824e-12 9.017008037828108222e-12
1.444999999999999929e+01 1.607834965211404317e-09 1.610548879586372430e-09 8.726462762235114732e-12 8.791306317715220605e-12
1.447499999999999964e+01 1.603208260310480787e-09 1.605656881249015401e-09 8.519075759353497910e-12 8.579761195828867921e-12
1.450000000000000000e+01 1.599651238172930592e-09 1.601851040468726119e-09 8.325029053511640171e-12 8.381835502168000788e-12
1.452500000000000036e+01 1.597154858575348640e-09 1.599121811177267181e-09 8.143829948602216242e-12 8.197025582357268425e-12
1.455000000000000249e+01 1.595711541374198355e-09 1.597461134234276190e-09 7.975017230003211319e-12 8.024859939520934474e-12
1.457499999999999929e+01 1.595315144513829983e-09 1.596862414520919436e-09 7.818159914069952280e-12 7.864897958555365264e-12
1.459999999999999964e+01 1.595960944177827045e-09 1.597320500222861457e-09 7.672856072615607697e-12 7.716728702464845183e-12
1.462500000000000000e+01 1.597645617036732254e-09 1.598831664253885799e-09 7.538731739771931445e-12 7.579969793139971408e-12
1.465000000000000036e+01 1.600367224548585486e-09 1.601393587774969823e-09 7.415439878867342887e-12 7.454266357509381291e-12
1.467500000000000249e+01 1.604125199272044088e-09 1.605005345767004534e-09 7.302659424040436135e-12 7.339290044590118786e-12
1.469999999999999929e+01 1.608920333155009219e-09 1.609667394618632062e-09 7.200094384002173861e-12 7.234738110892958564e-12
1.472499999999999964e+01 1.614754767764812590e-09 1.615381561693833643e-09 7.107473003274546644e-12 7.140332562275448731e-12
1.475000000000000000e+01 1.621631986429106260e-09 1.622151036847076716e-09 7.024546993372109397e-12 7.055819365065911185e-12
1.477500000000000036e+01 1.629556808259489116e-09 1.629980365856802222e-09 6.951090818460417202e-12 6.980967717025588922e-12
1.480000000000000249e+01 1.638535384032855493e-09 1.638875445751027580e-09 6.886901032265955565e-12 6.915569369141662371e-12
1.482499999999999929e+01 1.648575193908250535e-09 1.648843522001719418e-09 6.831795671804392840e-12 6.859438004455627513e-12
1.484999999999999964e+01 1.659685046959794395e-09 1.659893187567425690e-09 6.785613703299390332e-12 6.812408671006255369e-12
1.487500000000000000e+01 1.671875082508976961e-09 1.672034383766449393e-09 6.748214518454801094e-12 6.774337266086183815e-12
1.490000000000000036e+01 1.685156773242240170e-09 1.685278402965523459e-09 6.719477479780679159e-12 6.745100070602907034e-12
1.492500000000000071e+01 1.699542930102445419e-09 1.699637893071683759e-09 6.699301513109470153e-12 6.724593331706836979e-12
1.494999999999999929e+01 1.715047708945342983e-09 1.715126863817598920e-09 6.687604747796103490e-12 6.712732893876302228e-12
1.497499999999999964e+01 1.731686618954736405e-09 1.731760694833257675e-09 6.684324201880276789e-12 6.709453876433262539e-12
