# col1: r[fm],  col2: chargedensity, col3: weak density [fm^-3](normailized to Q=1)
2.101448349307773875e-07 5.660941342799165332e-02 -8.255170936071346000e-02
2.500000000000000139e-02 5.661263999637216465e-02 -8.254920338875752772e-02
5.000000000000000278e-02 5.662231269088378177e-02 -8.254169283114150268e-02
7.499999999999999722e-02 5.663841045217683778e-02 -8.252919970971604735e-02
1.000000000000000056e-01 5.666089809376568392e-02 -8.251176055356956862e-02
1.250000000000000000e-01 5.668972618415023951e-02 -8.248942614609247603e-02
1.499999999999999944e-01 5.672483090744474127e-02 -8.246226118628785517e-02
1.749999999999999889e-01 5.676613392528066099e-02 -8.243034387819260511e-02
2.000000000000000111e-01 5.681354226544963609e-02 -8.239376546417984115e-02
2.250000000000000056e-01 5.686694826312313489e-02 -8.235262971854702407e-02
2.500000000000000000e-01 5.692622957853218923e-02 -8.230705241714506015e-02
2.750000000000000222e-01 5.699124931093390439e-02 -8.225716079697220628e-02
2.999999999999999889e-01 5.706185622295548848e-02 -8.220309301685084502e-02
3.250000000000000111e-01 5.713788508256053417e-02 -8.214499762681645723e-02
3.499999999999999778e-01 5.721915712259032644e-02 -8.208303305001633798e-02
3.750000000000000000e-01 5.730548061078111904e-02 -8.201736707710838292e-02
4.000000000000000222e-01 5.739665151698258166e-02 -8.194817636970500030e-02
4.249999999999999889e-01 5.749245425953707772e-02 -8.187564596662849636e-02
4.500000000000000111e-01 5.759266250979096918e-02 -8.179996878484457890e-02
4.749999999999999778e-01 5.769704003268388143e-02 -8.172134510605127966e-02
5.000000000000000000e-01 5.780534154227678911e-02 -8.163998204004586923e-02
5.250000000000000222e-01 5.791731355372783940e-02 -8.155609295709359552e-02
5.500000000000000444e-01 5.803269521723374708e-02 -8.146989688342134994e-02
5.749999999999999556e-01 5.815121912433982021e-02 -8.138161785642565593e-02
5.999999999999999778e-01 5.827261208223592781e-02 -8.129148423894765052e-02
6.250000000000000000e-01 5.839659585665546437e-02 -8.119972799474975411e-02
6.500000000000000222e-01 5.852288788828825805e-02 -8.110658392986455634e-02
6.750000000000000444e-01 5.865120199082367314e-02 -8.101228890655821913e-02
6.999999999999999556e-01 5.878124904061097361e-02 -8.091708103809852615e-02
7.249999999999999778e-01 5.891273766837414744e-02 -8.082119887326190411e-02
7.500000000000000000e-01 5.904537496251552331e-02 -8.072488057954643748e-02
7.750000000000000222e-01 5.917886719149927782e-02 -8.062836313344912131e-02
8.000000000000000444e-01 5.931292054993736462e-02 -8.053188152504107966e-02
8.249999999999999556e-01 5.944724192969460391e-02 -8.043566798260678996e-02
8.499999999999999778e-01 5.958153971398999493e-02 -8.033995122149212298e-02
8.750000000000000000e-01 5.971552458947586295e-02 -8.024495571971936025e-02
9.000000000000000222e-01 5.984891036893951605e-02 -8.015090102154678875e-02
9.250000000000001554e-01 5.998141481580315099e-02 -8.005800106909703728e-02
9.499999999999999556e-01 6.011276046110076293e-02 -7.996646356153888635e-02
9.749999999999999778e-01 6.024267540405842808e-02 -7.987648934109672916e-02
1.000000000000000000e+00 6.037089408867470780e-02 -7.978827180535669195e-02
1.024999999999999911e+00 6.049715805056905815e-02 -7.970199634585894977e-02
1.050000000000000044e+00 6.062121663057347398e-02 -7.961783981370672281e-02
1.074999999999999956e+00 6.074282765379117321e-02 -7.953597001375506403e-02
1.100000000000000089e+00 6.086175807486757239e-02 -7.945654522974125722e-02
1.125000000000000000e+00 6.097778459178244265e-02 -7.937971378336869388e-02
1.149999999999999911e+00 6.109069423142875904e-02 -7.930561363077064108e-02
1.175000000000000044e+00 6.120028491052149217e-02 -7.923437199990662760e-02
1.199999999999999956e+00 6.130636597500212920e-02 -7.916610507227073157e-02
1.225000000000000089e+00 6.140875872016910569e-02 -7.910091771183844211e-02
1.250000000000000000e+00 6.150729689243743248e-02 -7.903890324350848484e-02
1.274999999999999911e+00 6.160182717211164921e-02 -7.898014328248098570e-02
1.300000000000000044e+00 6.169220963505851058e-02 -7.892470761514970568e-02
1.324999999999999956e+00 6.177831818988623741e-02 -7.887265413125965630e-02
1.350000000000000089e+00 6.186004098633282600e-02 -7.882402880637322251e-02
1.375000000000000000e+00 6.193728079013290089e-02 -7.877886573315198704e-02
1.399999999999999911e+00 6.200995531970986130e-02 -7.873718719963511414e-02
1.425000000000000044e+00 6.207799754058564157e-02 -7.869900381257284583e-02
1.449999999999999956e+00 6.214135591432846939e-02 -7.866431466393832006e-02
1.475000000000000089e+00 6.219999460002919450e-02 -7.863310753894255101e-02
1.500000000000000000e+00 6.225389360754967488e-02 -7.860535916415332947e-02
1.524999999999999911e+00 6.230304890296192721e-02 -7.858103549460876414e-02
1.550000000000000044e+00 6.234747246755061728e-02 -7.856009203904940064e-02
1.574999999999999956e+00 6.238719231237728480e-02 -7.854247422252134958e-02
1.600000000000000089e+00 6.242225245064725314e-02 -7.852811778559261324e-02
1.625000000000000000e+00 6.245271282997402057e-02 -7.851694921926236082e-02
1.649999999999999911e+00 6.247864922614863176e-02 -7.850888623433310842e-02
1.675000000000000044e+00 6.250015309928541596e-02 -7.850383826359541573e-02
1.699999999999999956e+00 6.251733141234755431e-02 -7.850170699467690083e-02
1.725000000000000311e+00 6.253030641119063093e-02 -7.850238693089400810e-02
1.750000000000000000e+00 6.253921536452185237e-02 -7.850576597696007353e-02
1.774999999999999911e+00 6.254421026166466502e-02 -7.851172604600134552e-02
1.800000000000000044e+00 6.254545746580954246e-02 -7.852014368404948430e-02
1.824999999999999956e+00 6.254313732054919694e-02 -7.853089070802816984e-02
1.850000000000000311e+00 6.253744370792564677e-02 -7.854383485324872849e-02
1.875000000000000000e+00 6.252858355689747127e-02 -7.855884042654825983e-02
1.899999999999999911e+00 6.251677630198552993e-02 -7.857576896142595690e-02
1.925000000000000044e+00 6.250225329276397346e-02 -7.859447987181497619e-02
1.949999999999999956e+00 6.248525715573018807e-02 -7.861483110142794550e-02
1.975000000000000089e+00 6.246604111080611421e-02 -7.863667976589595876e-02
2.000000000000000000e+00 6.244486824523122481e-02 -7.865988278514313148e-02
2.024999999999999911e+00 6.242201074785606180e-02 -7.868429750358618691e-02
2.049999999999999822e+00 6.239774910683489745e-02 -7.870978229580576080e-02
2.075000000000000178e+00 6.237237127347648041e-02 -7.873619715530984220e-02
2.100000000000000089e+00 6.234617179460519298e-02 -7.876340426391897909e-02
2.125000000000000000e+00 6.231945091529288161e-02 -7.879126853917128859e-02
2.149999999999999911e+00 6.229251365333504653e-02 -7.881965815701055811e-02
2.174999999999999822e+00 6.226566884644944150e-02 -7.884844504691217171e-02
2.200000000000000178e+00 6.223922817294390286e-02 -7.887750535655393969e-02
2.225000000000000089e+00 6.221350514657692649e-02 -7.890671988317123076e-02
2.250000000000000000e+00 6.218881408653727932e-02 -7.893597446886282953e-02
2.274999999999999911e+00 6.216546906388187993e-02 -7.896516035733319727e-02
2.299999999999999822e+00 6.214378282634931694e-02 -7.899417450986144507e-02
2.325000000000000178e+00 6.212406570414650414e-02 -7.902291987865017742e-02
2.350000000000000089e+00 6.210662450000610513e-02 -7.905130563610744676e-02
2.375000000000000000e+00 6.209176136745735153e-02 -7.907924735901880609e-02
2.399999999999999911e+00 6.207977268176854968e-02 -7.910666716694525480e-02
2.424999999999999822e+00 6.207094790835579468e-02 -7.913349381451578735e-02
2.450000000000000178e+00 6.206556847358177947e-02 -7.915966273755234428e-02
2.475000000000000089e+00 6.206390664278840785e-02 -7.918511605316583268e-02
2.500000000000000000e+00 6.206622441015038211e-02 -7.920980251409848183e-02
2.524999999999999911e+00 6.207277240454381340e-02 -7.923367741767474437e-02
2.549999999999999822e+00 6.208378881516755932e-02 -7.925670246977711830e-02
2.575000000000000178e+00 6.209949834019687365e-02 -7.927884560431280869e-02
2.600000000000000089e+00 6.212011116135986166e-02 -7.930008075870138839e-02
2.625000000000000000e+00 6.214582194705601387e-02 -7.932038760601616001e-02
2.649999999999999911e+00 6.217680888651724858e-02 -7.933975124456785211e-02
2.674999999999999822e+00 6.221323275755384630e-02 -7.935816184592879574e-02
2.700000000000000178e+00 6.225523603061344780e-02 -7.937561426266777354e-02
2.725000000000000089e+00 6.230294201217638494e-02 -7.939210759737781731e-02
2.750000000000000000e+00 6.235645403085827293e-02 -7.940764473492208098e-02
2.774999999999999911e+00 6.241585466993133241e-02 -7.942223184017123405e-02
2.799999999999999822e+00 6.248120505024719329e-02 -7.943587782383818019e-02
2.825000000000000178e+00 6.255254416769263914e-02 -7.944859377930914290e-02
2.850000000000000089e+00 6.262988828929824670e-02 -7.946039239361027406e-02
2.875000000000000000e+00 6.271323041193352377e-02 -7.947128733582191351e-02
2.899999999999999911e+00 6.280253978716394958e-02 -7.948129262635976466e-02
2.924999999999999822e+00 6.289776151534449966e-02 -7.949042199058482805e-02
2.950000000000000178e+00 6.299881621142472410e-02 -7.949868820019584392e-02
2.975000000000000089e+00 6.310559974429653940e-02 -7.950610240581508503e-02
3.000000000000000000e+00 6.321798305088660586e-02 -7.951267346411748649e-02
3.024999999999999911e+00 6.333581202563490220e-02 -7.951840726279509053e-02
3.049999999999999822e+00 6.345890748555008121e-02 -7.952330604660697022e-02
3.075000000000000178e+00 6.358706521071644246e-02 -7.952736774774842032e-02
3.100000000000000089e+00 6.372005605995043065e-02 -7.953058532378833034e-02
3.125000000000000000e+00 6.385762616125190139e-02 -7.953294610646498286e-02
3.149999999999999911e+00 6.399949717673231175e-02 -7.953443116468836283e-02
3.174999999999999822e+00 6.414536664178482894e-02 -7.953501468516092909e-02
3.200000000000000178e+00 6.429490837833685968e-02 -7.953466337407631703e-02
3.225000000000000089e+00 6.444777298204636129e-02 -7.953333588337507809e-02
3.250000000000000000e+00 6.460358838322710628e-02 -7.953098226501105483e-02
3.274999999999999911e+00 6.476196048108735781e-02 -7.952754345660020818e-02
3.299999999999999822e+00 6.492247385053753761e-02 -7.952295080168383934e-02
3.325000000000000178e+00 6.508469252036919173e-02 -7.951712560764009896e-02
3.350000000000000089e+00 6.524816082106420223e-02 -7.950997874402775112e-02
3.375000000000000444e+00 6.541240429990032024e-02 -7.950141028386355224e-02
3.399999999999999911e+00 6.557693070042332206e-02 -7.949130919002600493e-02
3.424999999999999822e+00 6.574123100281489829e-02 -7.947955304867115878e-02
3.450000000000000622e+00 6.590478052123747987e-02 -7.946600785124870170e-02
3.475000000000000533e+00 6.606704005392093071e-02 -7.945052782643766132e-02
3.500000000000000000e+00 6.622745708158546407e-02 -7.943295532308340678e-02
3.524999999999999911e+00 6.638546700977131232e-02 -7.941312074501985507e-02
3.549999999999999822e+00 6.654049445074801394e-02 -7.939084253849258699e-02
3.575000000000000622e+00 6.669195454087191444e-02 -7.936592723275764927e-02
3.600000000000000089e+00 6.683925428950626690e-02 -7.933816953430121444e-02
3.625000000000000000e+00 6.698179395586253970e-02 -7.930735247499411111e-02
3.649999999999999911e+00 6.711896845032558345e-02 -7.927324761434934031e-02
3.674999999999999822e+00 6.725016875694547758e-02 -7.923561529587953844e-02
3.700000000000000622e+00 6.737478337379865234e-02 -7.919420495734527665e-02
3.725000000000000089e+00 6.749219976783091268e-02 -7.914875549444654046e-02
3.750000000000000000e+00 6.760180584060815345e-02 -7.909899567723734093e-02
3.774999999999999911e+00 6.770299140114466319e-02 -7.904464461825115584e-02
3.799999999999999822e+00 6.779514964168985303e-02 -7.898541229101915806e-02
3.825000000000000178e+00 6.787767861208029996e-02 -7.892100009736581490e-02
3.850000000000000089e+00 6.794998268804647301e-02 -7.885110148158513965e-02
3.875000000000000000e+00 6.801147402874176129e-02 -7.877540258935487871e-02
3.899999999999999911e+00 6.806157401876151980e-02 -7.869358296904187255e-02
3.924999999999999822e+00 6.809971469005145217e-02 -7.860531631289378873e-02
3.950000000000000178e+00 6.812534011936272060e-02 -7.851027123550395614e-02
3.975000000000000089e+00 6.813790779727216251e-02 -7.840811208686671030e-02
4.000000000000000000e+00 6.813688996521494179e-02 -7.829849979730432730e-02
4.025000000000000355e+00 6.812177491742923974e-02 -7.818109275152877735e-02
4.049999999999999822e+00 6.809206826514396793e-02 -7.805554768908784524e-02
4.075000000000000178e+00 6.804729416070644243e-02 -7.792152062842483407e-02
4.099999999999999645e+00 6.798699647961560510e-02 -7.777866781174110067e-02
4.125000000000000000e+00 6.791073995858003254e-02 -7.762664666778658351e-02
4.150000000000000355e+00 6.781811128775590281e-02 -7.746511678961510994e-02
4.174999999999999822e+00 6.770872015524932730e-02 -7.729374092422854059e-02
4.200000000000000178e+00 6.758220024182401420e-02 -7.711218597090936655e-02
4.224999999999999645e+00 6.743821016357316733e-02 -7.692012398491476777e-02
4.250000000000000000e+00 6.727643436013978906e-02 -7.671723318308946993e-02
4.275000000000000355e+00 6.709658392594428089e-02 -7.650319894786340724e-02
4.299999999999999822e+00 6.689839738183904483e-02 -7.627771482604465969e-02
4.325000000000000178e+00 6.668164138467778945e-02 -7.604048351880604573e-02
4.349999999999999645e+00 6.644611137247581623e-02 -7.579121785929680832e-02
4.375000000000000000e+00 6.619163214313260324e-02 -7.552964177438888094e-02
4.400000000000000355e+00 6.591805836507365346e-02 -7.525549122718298845e-02
4.424999999999999822e+00 6.562527501860439261e-02 -7.496851513704196057e-02
4.450000000000000178e+00 6.531319776721755677e-02 -7.466847627407824373e-02
4.474999999999999645e+00 6.498177325851008101e-02 -7.435515212518127581e-02
4.500000000000000000e+00 6.463097935471115441e-02 -7.402833572882233648e-02
4.525000000000000355e+00 6.426082529306928470e-02 -7.368783647600662956e-02
4.549999999999999822e+00 6.387135177647819406e-02 -7.333348087485148936e-02
4.575000000000000178e+00 6.346263099474411251e-02 -7.296511327635689381e-02
4.599999999999999645e+00 6.303476657682192952e-02 -7.258259655900178853e-02
4.625000000000000000e+00 6.258789347421228610e-02 -7.218581276985712447e-02
4.650000000000000355e+00 6.212217777555002762e-02 -7.177466371996553407e-02
4.674999999999999822e+00 6.163781645227293243e-02 -7.134907153180766737e-02
4.700000000000000178e+00 6.113503703518088916e-02 -7.090897913677095266e-02
4.724999999999999645e+00 6.061409722170756076e-02 -7.045435072066275062e-02
4.750000000000000000e+00 6.007528441385623363e-02 -6.998517211547558570e-02
4.775000000000000355e+00 5.951891518699890804e-02 -6.950145113581492062e-02
4.799999999999999822e+00 5.894533469009402560e-02 -6.900321785863605673e-02
4.825000000000000178e+00 5.835491597831624772e-02 -6.849052484520050388e-02
4.849999999999999645e+00 5.774805927957500640e-02 -6.796344730443661108e-02
4.875000000000000000e+00 5.712519119688234254e-02 -6.742208319716895548e-02
4.900000000000000355e+00 5.648676384897219349e-02 -6.686655328094438799e-02
4.924999999999999822e+00 5.583325395193308033e-02 -6.629700109542757680e-02
4.950000000000000178e+00 5.516516184486823515e-02 -6.571359288854937419e-02
4.974999999999999645e+00 5.448301046272849973e-02 -6.511651748377157711e-02
5.000000000000000000e+00 5.378734425947667014e-02 -6.450598608897617492e-02
5.025000000000000355e+00 5.307872808465875086e-02 -6.388223204760694329e-02
5.049999999999999822e+00 5.235774601630959618e-02 -6.324551053279266200e-02
5.075000000000000178e+00 5.162500015294813061e-02 -6.259609818527545055e-02
5.099999999999999645e+00 5.088110936726788353e-02 -6.193429269606889886e-02
5.125000000000000000e+00 5.012670802403876996e-02 -6.126041233488545984e-02
5.150000000000000355e+00 4.936244466474071224e-02 -6.057479542551241769e-02
5.174999999999999822e+00 4.858898066156516760e-02 -5.987779976947976007e-02
5.200000000000000178e+00 4.780698884364772278e-02 -5.916980201955501784e-02
5.224999999999999645e+00 4.701715209872037171e-02 -5.845119700480846253e-02
5.250000000000000000e+00 4.622016195376161402e-02 -5.772239700921177191e-02
5.275000000000000355e+00 4.541671713863851961e-02 -5.698383100594919121e-02
5.299999999999999822e+00 4.460752213712710496e-02 -5.623594384982097405e-02
5.325000000000000178e+00 4.379328573002044117e-02 -5.547919543029058292e-02
5.349999999999999645e+00 4.297471953525008881e-02 -5.471405978786359620e-02
5.375000000000000000e+00 4.215253655002611927e-02 -5.394102419657652997e-02
5.400000000000000355e+00 4.132744969993804723e-02 -5.316058821542516549e-02
5.424999999999999822e+00 4.050017039975735422e-02 -5.237326271157078522e-02
5.450000000000000178e+00 3.967140713037019262e-02 -5.157956885814509590e-02
5.474999999999999645e+00 3.884186403588429232e-02 -5.078003710943837512e-02
5.500000000000000000e+00 3.801223954454197723e-02 -4.997520615621629109e-02
5.525000000000000355e+00 3.718322501668818586e-02 -4.916562186388322847e-02
5.549999999999999822e+00 3.635550342272508839e-02 -4.835183619620251477e-02
5.575000000000000178e+00 3.552974805377598355e-02 -4.753440612730846365e-02
5.599999999999999645e+00 3.470662126769497730e-02 -4.671389254479921954e-02
5.625000000000000000e+00 3.388677327309502774e-02 -4.589085914678325134e-02
5.650000000000000355e+00 3.307084095421138764e-02 -4.506587133585769622e-02
5.674999999999999822e+00 3.225944673962830717e-02 -4.423949511310874827e-02
5.700000000000000178e+00 3.145319751813146353e-02 -4.341229597533019513e-02
5.724999999999999645e+00 3.065268360515206042e-02 -4.258483781874249086e-02
5.750000000000000000e+00 2.985847776338671281e-02 -4.175768185254023074e-02
5.775000000000000355e+00 2.907113428117184817e-02 -4.093138552560312421e-02
5.799999999999999822e+00 2.829118811202810044e-02 -4.010650146965462348e-02
5.825000000000000178e+00 2.751915407846542219e-02 -3.928357646205832970e-02
5.849999999999999645e+00 2.675552614266184237e-02 -3.846315041130139029e-02
5.875000000000000000e+00 2.600077674602960937e-02 -3.764575536804334183e-02
5.900000000000000355e+00 2.525535621901388306e-02 -3.683191456442391071e-02
5.924999999999999822e+00 2.451969226178247682e-02 -3.602214148413625944e-02
5.950000000000000178e+00 2.379418949582864581e-02 -3.521693896560462028e-02
5.974999999999999645e+00 2.307922908597270090e-02 -3.441679834046472430e-02
6.000000000000000000e+00 2.237516843185520868e-02 -3.362219860944066357e-02
6.025000000000000355e+00 2.168234092779242408e-02 -3.283360565764495420e-02
6.049999999999999822e+00 2.100105578980622500e-02 -3.205147151128949490e-02
6.075000000000000178e+00 2.033159794873223847e-02 -3.127623363777649185e-02
6.099999999999999645e+00 1.967422800850117393e-02 -3.050831429111875923e-02
6.125000000000000000e+00 1.902918226892408304e-02 -2.974811990460062699e-02
6.150000000000000355e+00 1.839667281252609782e-02 -2.899604053251617422e-02
6.174999999999999822e+00 1.777688765509796362e-02 -2.825244934269043398e-02
6.200000000000000178e+00 1.716999095961707980e-02 -2.751770216129661301e-02
6.224999999999999645e+00 1.657612331299246344e-02 -2.679213707122121008e-02
6.250000000000000000e+00 1.599540206469622639e-02 -2.607607406490580412e-02
6.275000000000000355e+00 1.542792172577595218e-02 -2.536981475222719121e-02
6.299999999999999822e+00 1.487375442603312316e-02 -2.467364212358119993e-02
6.325000000000000178e+00 1.433295042636994684e-02 -2.398782036794320713e-02
6.349999999999999645e+00 1.380553868252585616e-02 -2.331259474531374373e-02
6.375000000000000000e+00 1.329152745572983844e-02 -2.264819151264763075e-02
6.400000000000000355e+00 1.279090496526673511e-02 -2.199481790213298621e-02
6.424999999999999822e+00 1.230364007765533813e-02 -2.135266215054077224e-02
6.450000000000000178e+00 1.182968302710693011e-02 -2.072189357831136919e-02
6.474999999999999645e+00 1.136896616218228094e-02 -2.010266271707049704e-02
6.500000000000000000e+00 1.092140471406952140e-02 -1.949510148435026208e-02
6.525000000000000355e+00 1.048689758261226596e-02 -1.889932340440496003e-02
6.549999999999999822e+00 1.006532813704155011e-02 -1.831542387411459402e-02
6.575000000000000178e+00 9.656565029211338844e-03 -1.774348047302655787e-02
6.599999999999999645e+00 9.260463017898163882e-03 -1.718355331656000809e-02
6.625000000000000000e+00 8.876863803301751968e-03 -1.663568545125789638e-02
6.650000000000000355e+00 8.505596871196690126e-03 -1.609990329070548620e-02
6.674999999999999822e+00 8.146480346180498544e-03 -1.557621709033266827e-02
6.700000000000000178e+00 7.799321853128051395e-03 -1.506462145879895222e-02
6.724999999999999645e+00 7.463919385318720789e-03 -1.456509590305109063e-02
6.750000000000000888e+00 7.140062176813072835e-03 -1.407760540348629817e-02
6.775000000000001243e+00 6.827531575617331976e-03 -1.360210101500514655e-02
6.799999999999999822e+00 6.526101913101177432e-03 -1.313852048915164702e-02
6.825000000000001066e+00 6.235541364159840998e-03 -1.268678891207670849e-02
6.849999999999999645e+00 5.955612791856608815e-03 -1.224681935277246829e-02
6.875000000000000000e+00 5.686074569854430300e-03 -1.181851351595007531e-02
6.900000000000001243e+00 5.426681375924556280e-03 -1.140176239409838865e-02
6.924999999999999822e+00 5.177184950238399724e-03 -1.099644691366227951e-02
6.950000000000001066e+00 4.937334813003944368e-03 -1.060243857090760640e-02
6.974999999999999645e+00 4.706878937245411766e-03 -1.021960005385354718e-02
7.000000000000000000e+00 4.485564374051560603e-03 -9.847785847598005196e-03
7.025000000000001243e+00 4.273137829315301096e-03 -9.486842821377662605e-03
7.049999999999999822e+00 4.069346192707887569e-03 -9.136610796711276683e-03
7.075000000000001066e+00 3.873937021234803019e-03 -8.796923096907922554e-03
7.099999999999999645e+00 3.686658981070366648e-03 -8.467607079012937077e-03
7.125000000000000000e+00 3.507262252354303826e-03 -8.148484649859353071e-03
7.150000000000001243e+00 3.335498902185384668e-03 -7.839372768261973837e-03
7.174999999999999822e+00 3.171123231129955103e-03 -7.540083935512498572e-03
7.200000000000000178e+00 3.013892098195346606e-03 -7.250426676219741580e-03
7.224999999999999645e+00 2.863565228455809165e-03 -6.970206011211478418e-03
7.250000000000000000e+00 2.719905506455679370e-03 -6.699223923715933414e-03
7.275000000000001243e+00 2.582679257272606482e-03 -6.437279819430274247e-03
7.299999999999999822e+00 2.451656515832946644e-03 -6.184170980418446199e-03
7.325000000000000178e+00 2.326611283864566965e-03 -5.939693012127223067e-03
7.349999999999999645e+00 2.207321772864616859e-03 -5.703640282225143701e-03
7.375000000000000000e+00 2.093570630740663151e-03 -5.475806349499911380e-03
7.400000000000001243e+00 1.985145149409668023e-03 -5.255984380734063204e-03
7.424999999999999822e+00 1.881837450625694231e-03 -5.043967553330272989e-03
7.450000000000000178e+00 1.783444647633578191e-03 -4.839549441481004813e-03
7.474999999999999645e+00 1.689768980856040399e-03 -4.642524383857255313e-03
7.500000000000000000e+00 1.600617926633031950e-03 -4.452687831099588767e-03
7.525000000000000355e+00 1.515804278948294954e-03 -4.269836671797620949e-03
7.549999999999999822e+00 1.435146204994970425e-03 -4.093769536097376267e-03
7.575000000000000178e+00 1.358467276255942739e-03 -3.924287076539712329e-03
7.599999999999999645e+00 1.285596477426350368e-03 -3.761192226167798473e-03
7.625000000000000000e+00 1.216368195931985053e-03 -3.604290434316961746e-03
7.650000000000000355e+00 1.150622194973710804e-03 -3.453389880794793289e-03
7.674999999999999822e+00 1.088203572958971761e-03 -3.308301669361747490e-03
7.700000000000000178e+00 1.028962711899604390e-03 -3.168840001533590554e-03
7.724999999999999645e+00 9.727552169133117004e-04 -3.034822331755397413e-03
7.750000000000000000e+00 9.194418484318312009e-04 -2.906069504959414400e-03
7.775000000000000355e+00 8.688884481636335432e-04 -2.782405877437164107e-03
7.799999999999999822e+00 8.209658593508622777e-04 -2.663659421852211662e-03
7.825000000000000178e+00 7.755498414551699167e-04 -2.549661817115464208e-03
7.849999999999999645e+00 7.325209791433791827e-04 -2.440248523757645224e-03
7.875000000000000000e+00 6.917645853386746512e-04 -2.335258845375601331e-03
7.900000000000000355e+00 6.531705981521557453e-04 -2.234535976706981085e-03
7.924999999999999822e+00 6.166334716888176738e-04 -2.137927038900558092e-03
7.950000000000000178e+00 5.820520609926593857e-04 -2.045283102592276425e-03
7.974999999999999645e+00 5.493295017094860068e-04 -1.956459199459175107e-03
8.000000000000000000e+00 5.183730853523540148e-04 -1.871314322993038355e-03
8.025000000000000355e+00 4.890941313077835787e-04 -1.789711419300427315e-03
8.050000000000000711e+00 4.614078568841590558e-04 -1.711517368783765100e-03
8.074999999999999289e+00 4.352332467553099091e-04 -1.636602959581936285e-03
8.099999999999999645e+00 4.104929230861633195e-04 -1.564842853642969128e-03
8.125000000000000000e+00 3.871130174533458619e-04 -1.496115546266121865e-03
8.150000000000000355e+00 3.650230454156425108e-04 -1.430303319888929971e-03
8.175000000000000711e+00 3.441557842811856366e-04 -1.367292192814098225e-03
8.199999999999999289e+00 3.244471542986110033e-04 -1.306971863479525599e-03
8.224999999999999645e+00 3.058361032069091415e-04 -1.249235650782613578e-03
8.250000000000000000e+00 2.882644938463429867e-04 -1.193980430886074735e-03
8.275000000000000355e+00 2.716769943841430531e-04 -1.141106570863875073e-03
8.300000000000000711e+00 2.560209706557972534e-04 -1.090517859498143713e-03
8.324999999999999289e+00 2.412463801636346224e-04 -1.042121435511735202e-03
8.349999999999999645e+00 2.273056673962444362e-04 -9.958277135156787425e-04
8.375000000000000000e+00 2.141536603110499458e-04 -9.515503079619722299e-04
8.400000000000000355e+00 2.017474680289184960e-04 -9.092059554134302888e-04
8.425000000000000711e+00 1.900463799920392208e-04 -8.687144354674413262e-04
8.449999999999999289e+00 1.790117670051489802e-04 -8.299984906914125013e-04
8.474999999999999645e+00 1.686069846918803806e-04 -7.929837459394645282e-04
8.500000000000000000e+00 1.587972799381997548e-04 -7.575986274174469418e-04
8.525000000000000355e+00 1.495497008591356613e-04 -7.237742818451784344e-04
8.550000000000000711e+00 1.408330107198956318e-04 -6.914444960312771853e-04
8.574999999999999289e+00 1.326176060833166124e-04 -6.605456171297490083e-04
8.599999999999999645e+00 1.248754392647019639e-04 -6.310164737929020240e-04
8.625000000000000000e+00 1.175799449784530932e-04 -6.027982983782392010e-04
8.650000000000000355e+00 1.107059708836240301e-04 -5.758346503125709405e-04
8.675000000000000711e+00 1.042297116003067096e-04 -5.500713406707803893e-04
8.699999999999999289e+00 9.812864569071108297e-05 -5.254563579927514286e-04
8.724999999999999645e+00 9.238147508590121074e-05 -5.019397953422747530e-04
8.750000000000000000e+00 8.696806648958686499e-05 -4.794737786067007146e-04
8.775000000000000355e+00 8.186939439447329556e-05 -4.580123960435802466e-04
8.800000000000000711e+00 7.706748548792652516e-05 -4.375116290978136300e-04
8.824999999999999289e+00 7.254536438099524337e-05 -4.179292845350224858e-04
8.849999999999999645e+00 6.828700074619979243e-05 -3.992249279596668424e-04
8.875000000000000000e+00 6.427725807425343618e-05 -3.813598188050468826e-04
8.900000000000000355e+00 6.050184434198221142e-05 -3.642968468931901890e-04
8.925000000000000711e+00 5.694726491349398232e-05 -3.480004706635042664e-04
8.949999999999999289e+00 5.360077797170130346e-05 -3.324366571591086785e-04
8.974999999999999645e+00 5.045035270308153018e-05 -3.175728238397592849e-04
9.000000000000000000e+00 4.748463034668958048e-05 -3.033777822627927020e-04
9.025000000000000355e+00 4.469288808551025367e-05 -2.898216836416208004e-04
9.050000000000000711e+00 4.206500562309785113e-05 -2.768759662590238512e-04
9.074999999999999289e+00 3.959143416955567549e-05 -2.645133046836559837e-04
9.099999999999999645e+00 3.726316747401109831e-05 -2.527075607161139120e-04
9.125000000000000000e+00 3.507171449682732763e-05 -2.414337359778051658e-04
9.150000000000000355e+00 3.300907331849481846e-05 -2.306679260528578430e-04
9.175000000000000711e+00 3.106770593163882748e-05 -2.203872760999612017e-04
9.199999999999999289e+00 2.924051365002410655e-05 -2.105699378657446971e-04
9.224999999999999645e+00 2.752081298076446256e-05 -2.011950280512687331e-04
9.250000000000000000e+00 2.590231192747125262e-05 -1.922425880054895887e-04
9.275000000000000355e+00 2.437908680627508059e-05 -1.836935447402744453e-04
9.300000000000000711e+00 2.294555974827584840e-05 -1.755296732782264169e-04
9.324999999999999289e+00 2.159647711972659199e-05 -1.677335603542255465e-04
9.349999999999999645e+00 2.032688910839691374e-05 -1.602885694936515308e-04
9.375000000000000000e+00 1.913213070029746033e-05 -1.531788074839617378e-04
9.400000000000000355e+00 1.800780420999534937e-05 -1.463890922431648994e-04
9.425000000000000711e+00 1.694976343986219055e-05 -1.399049220705522029e-04
9.449999999999999289e+00 1.595409944163654552e-05 -1.337124462445408275e-04
9.474999999999999645e+00 1.501712775223458964e-05 -1.277984369124704619e-04
9.500000000000000000e+00 1.413537688892142301e-05 -1.221502622007040074e-04
9.525000000000000355e+00 1.330557782827735815e-05 -1.167558604621891065e-04
9.550000000000000711e+00 1.252465416673033435e-05 -1.116037155745973878e-04
9.574999999999999289e+00 1.178971267063646857e-05 -1.066828332053918133e-04
9.599999999999999645e+00 1.109803396877292165e-05 -1.019827179700528091e-04
9.625000000000000000e+00 1.044706321285664281e-05 -9.749335142490500117e-05
9.650000000000000355e+00 9.834400621769558073e-06 -9.320517085402939663e-05
9.675000000000000711e+00 9.257791920098431185e-06 -8.910904882842810720e-05
9.699999999999999289e+00 8.715118768439180760e-06 -8.519627353208367713e-05
9.724999999999999645e+00 8.204389350240212905e-06 -8.145852986189347500e-05
9.750000000000000000e+00 7.723729319373054064e-06 -7.788788131516003268e-05
9.775000000000000355e+00 7.271373319481656654e-06 -7.447675267856309516e-05
9.800000000000000711e+00 6.845657260766270814e-06 -7.121791352674300012e-05
9.824999999999999289e+00 6.445011486503356604e-06 -6.810446252784139597e-05
9.849999999999999645e+00 6.067954888509248926e-06 -6.512981253923993150e-05
9.875000000000000000e+00 5.713089948640522871e-06 -6.228767646163568469e-05
9.900000000000000355e+00 5.379098603650686475e-06 -5.957205380553713166e-05
9.925000000000000711e+00 5.064738764537297971e-06 -5.697721791351465279e-05
9.949999999999999289e+00 4.768841277554341241e-06 -5.449770377541238121e-05
9.974999999999999645e+00 4.490307097914568403e-06 -5.212829637314704551e-05
1.000000000000000000e+01 4.228104460696408355e-06 -4.986401949680505845e-05
1.002500000000000036e+01 3.981265873850303003e-06 -4.770012498347994640e-05
1.005000000000000071e+01 3.748884819708238870e-06 -4.563208234369702567e-05
1.007499999999999929e+01 3.530112125021381364e-06 -4.365556875504378179e-05
1.009999999999999964e+01 3.324152035081549415e-06 -4.176645941715748746e-05
1.012500000000000000e+01 3.130258094810496758e-06 -3.996081827438147772e-05
1.015000000000000036e+01 2.947728989580249099e-06 -3.823488912068430433e-05
1.017500000000000071e+01 2.775904525040365539e-06 -3.658508710498175904e-05
1.019999999999999929e+01 2.614161925017551951e-06 -3.500799065350203298e-05
1.022499999999999964e+01 2.461912600601803842e-06 -3.350033381950139359e-05
1.025000000000000000e+01 2.318599495937251370e-06 -3.205899906113833986e-05
1.027500000000000036e+01 2.183695054068789244e-06 -3.068101043628998850e-05
1.030000000000000071e+01 2.056699778451508347e-06 -2.936352719129857426e-05
1.032499999999999929e+01 1.937141301719497580e-06 -2.810383770999205734e-05
1.034999999999999964e+01 1.824573821886772851e-06 -2.689935378185775666e-05
1.037500000000000000e+01 1.718577734101493248e-06 -2.574760514488576247e-05
1.040000000000000036e+01 1.618759277283521881e-06 -2.464623425955939697e-05
1.042500000000000071e+01 1.524750030422227708e-06 -2.359299127595387589e-05
1.044999999999999929e+01 1.436206130091732727e-06 -2.258572916483479241e-05
1.047499999999999964e+01 1.352807133710725578e-06 -2.162239899479479496e-05
1.050000000000000000e+01 1.274254514413082703e-06 -2.070104534950066482e-05
1.052500000000000036e+01 1.200269834774062138e-06 -1.981980189008720737e-05
1.055000000000000071e+01 1.130592699541641476e-06 -1.897688707649506330e-05
1.057499999999999929e+01 1.064978625030613292e-06 -1.817060006678936288e-05
1.059999999999999964e+01 1.003196980116145833e-06 -1.739931681471262471e-05
1.062500000000000000e+01 9.450291489869640795e-07 -1.666148638296863850e-05
1.065000000000000036e+01 8.902670399723135105e-07 -1.595562748327580751e-05
1.067500000000000071e+01 8.387120220838266157e-07 -1.528032524549909134e-05
1.069999999999999929e+01 7.901743174473131005e-07 -1.463422820808829159e-05
1.072499999999999964e+01 7.444728210958291895e-07 -1.401604551236314935e-05
1.075000000000000000e+01 7.014352677764812402e-07 -1.342454427517935981e-05
1.077500000000000036e+01 6.608986250569598791e-07 -1.285854710925617527e-05
1.080000000000000071e+01 6.227095689198521217e-07 -1.231692975882019167e-05
1.082499999999999929e+01 5.867248946023034439e-07 -1.179861882013789620e-05
1.084999999999999964e+01 5.528117320729270167e-07 -1.130258952198602470e-05
1.087500000000000000e+01 5.208474694013571247e-07 -1.082786354904174256e-05
1.090000000000000036e+01 4.907193334860266104e-07 -1.037350690065405419e-05
1.092500000000000071e+01 4.623236295587940496e-07 -9.938627787036567382e-06
1.094999999999999929e+01 4.355646914030244574e-07 -9.522374573373296386e-06
1.097499999999999964e+01 4.103536363951325843e-07 -9.123933788452447908e-06
1.100000000000000000e+01 3.866070477199530977e-07 -8.742528217632642044e-06
1.102500000000000036e+01 3.642457168459510944e-07 -8.377415099520479160e-06
1.105000000000000071e+01 3.431935714307894970e-07 -8.027884442335175104e-06
1.107499999999999929e+01 3.233768887058720100e-07 -7.693257469608915343e-06
1.109999999999999964e+01 3.047238559563644657e-07 -7.372885197022368176e-06
1.112500000000000000e+01 2.871644932499325606e-07 -7.066147133609683910e-06
1.115000000000000036e+01 2.706309059517592896e-07 -6.772450092784427651e-06
1.117500000000000071e+01 2.550577920044683567e-07 -6.491227092551648224e-06
1.119999999999999929e+01 2.403830974359831546e-07 -6.221936320711848314e-06
1.122499999999999964e+01 2.265486971101526497e-07 -5.964060140505167097e-06
1.125000000000000000e+01 2.135009783150054122e-07 -5.717104114640592558e-06
1.127500000000000036e+01 2.011912220915873459e-07 -5.480596030974412183e-06
1.130000000000000071e+01 1.895757084436728163e-07 -5.254084920186950920e-06
1.132499999999999929e+01 1.786155123272577100e-07 -5.037140063839583057e-06
1.134999999999999964e+01 1.682760017526756684e-07 -4.829349998941959899e-06
1.137500000000000000e+01 1.585260913273063013e-07 -4.630321531586592148e-06
1.140000000000000036e+01 1.493373384179724488e-07 -4.439678776545731590e-06
1.142500000000000071e+01 1.406829903080642484e-07 -4.257062241257916458e-06
1.144999999999999929e+01 1.325370965973675459e-07 -4.082127971404866698e-06
1.147499999999999964e+01 1.248737911645219555e-07 -3.914546771374489257e-06
1.150000000000000000e+01 1.176668238090049504e-07 -3.754003506998707945e-06
1.152500000000000036e+01 1.108893869573286726e-07 -3.600196490947311097e-06
1.155000000000000071e+01 1.045142423419154335e-07 -3.452836943985313268e-06
1.157499999999999929e+01 9.851411212700770730e-08 -3.311648519011348666e-06
1.159999999999999964e+01 9.286226399853964184e-08 -3.176366870267327074e-06
1.162500000000000000e+01 8.753319509837060775e-08 -3.046739247907537515e-06
1.165000000000000036e+01 8.250330837351353786e-08 -2.922524098613295406e-06
1.167500000000000071e+01 7.775147846546838037e-08 -2.803490655781819893e-06
1.169999999999999929e+01 7.325942176666601084e-08 -2.689418507989750311e-06
1.172499999999999964e+01 6.901181418939665611e-08 -2.580097140669794139e-06
1.175000000000000000e+01 6.499613630586473427e-08 -2.475325452796356068e-06
1.177500000000000036e+01 6.120226380731570024e-08 -2.374911256676942887e-06
1.180000000000000071e+01 5.762185635407548690e-08 -2.278670773816300534e-06
1.182499999999999929e+01 5.424762509245549909e-08 -2.186428142731858232e-06
1.184999999999999964e+01 5.107257490727647817e-08 -2.098014955165646827e-06
1.187500000000000000e+01 4.808931962441106336e-08 -2.013269835102595395e-06
1.190000000000000036e+01 4.528955720896967031e-08 -1.932038071213357460e-06
1.192500000000000071e+01 4.266376885328010267e-08 -1.854171307667207815e-06
1.194999999999999929e+01 4.020117440775873557e-08 -1.779527292205955609e-06
1.197499999999999964e+01 3.788994118080839559e-08 -1.707969674329853366e-06
1.200000000000000000e+01 3.571760866862352591e-08 -1.639367841385375478e-06
1.202500000000000036e+01 3.367166301469505595e-08 -1.573596777187634014e-06
1.205000000000000071e+01 3.174017576902309004e-08 -1.510536926462137674e-06
1.207499999999999929e+01 2.991241431847523266e-08 -1.450074049626626171e-06
1.209999999999999964e+01 2.817933695585289289e-08 -1.392099055495480437e-06
1.212500000000000000e+01 2.653390303455873919e-08 -1.336507804260509400e-06
1.215000000000000036e+01 2.497115535065812950e-08 -1.283200878812216357e-06
1.217500000000000071e+01 2.348806403609131503e-08 -1.232083328178876531e-06
1.219999999999999929e+01 2.208315436411795012e-08 -1.183064392003982065e-06
1.222499999999999964e+01 2.075597034529390184e-08 -1.136057218673563819e-06
1.225000000000000000e+01 1.950644784338192719e-08 -1.090978591517496860e-06
1.227500000000000036e+01 1.833428240553417706e-08 -1.047748677310229642e-06
1.230000000000000071e+01 1.723837647070579018e-08 -1.006290808939081195e-06
1.232499999999999929e+01 1.621643854155378558e-08 -9.665313102195022890e-07
1.234999999999999964e+01 1.526478504068655495e-08 -9.283993658053488690e-07
1.237500000000000000e+01 1.437836702519639391e-08 -8.918269336688930818e-07
1.240000000000000036e+01 1.355101287156493441e-08 -8.567486927301823290e-07
1.242500000000000071e+01 1.277584857025410981e-08 -8.231020141593367495e-07
1.244999999999999929e+01 1.204583362024479123e-08 -7.908269426626128240e-07
1.247499999999999964e+01 1.135433567554192672e-08 -7.598661736130118541e-07
1.250000000000000000e+01 1.069566300012974037e-08 -7.301650134131113568e-07
1.252500000000000036e+01 1.006548098267587561e-08 -7.016713137387450863e-07
1.255000000000000071e+01 9.461056009039663792e-09 -6.743353747408133643e-07
1.257499999999999929e+01 8.881294665171044039e-09 -6.481098173106248977e-07
1.259999999999999964e+01 8.326574923180529844e-09 -6.229494294701607215e-07
1.262500000000000000e+01 7.798394573694918480e-09 -5.988109959579309041e-07
1.265000000000000036e+01 7.298887002989734397e-09 -5.756531229502304046e-07
1.267500000000000071e+01 6.830271881597021819e-09 -5.534360707918692342e-07
1.269999999999999929e+01 6.394316327222180564e-09 -5.321216068236442289e-07
1.272499999999999964e+01 5.991879556376992237e-09 -5.116728879397908030e-07
1.275000000000000000e+01 5.622601567364419933e-09 -4.920543786052013497e-07
1.277500000000000036e+01 5.284775708280845864e-09 -4.732318055640785664e-07
1.280000000000000071e+01 4.975419250051304573e-09 -4.551721457257349880e-07
1.282499999999999929e+01 4.690528672561524830e-09 -4.378436395321720870e-07
1.284999999999999964e+01 4.425481301960141261e-09 -4.212158191339798432e-07
1.287500000000000000e+01 4.175525415861345137e-09 -4.052595390805124793e-07
1.290000000000000036e+01 3.936289694633381400e-09 -3.899469974870097788e-07
1.292500000000000071e+01 3.704241303624967683e-09 -3.752517374158364024e-07
1.294999999999999929e+01 3.477029996097195127e-09 -3.611486214735692934e-07
1.297499999999999964e+01 3.253672217764215134e-09 -3.476137767230115608e-07
1.300000000000000000e+01 3.034551893528655272e-09 -3.346245115095148486e-07
1.302500000000000036e+01 2.821240037058830956e-09 -3.221592099085668305e-07
1.305000000000000071e+01 2.616160223033577299e-09 -3.101972128481268999e-07
1.307499999999999929e+01 2.422147740394013649e-09 -2.987186969183814428e-07
1.309999999999999964e+01 2.241964093452152054e-09 -2.877045622665134579e-07
1.312500000000000000e+01 2.077833862132682839e-09 -2.771363398423141926e-07
1.315000000000000036e+01 1.931066799906883705e-09 -2.669961255764586162e-07
1.317500000000000071e+01 1.801815524861067270e-09 -2.572665454997647788e-07
1.319999999999999929e+01 1.688999824566934972e-09 -2.479307516095973782e-07
1.322499999999999964e+01 1.590405278413715487e-09 -2.389724442520738287e-07
1.325000000000000000e+01 1.502939963427296940e-09 -2.303759133106941200e-07
1.327500000000000036e+01 1.423011477556498965e-09 -2.221260881643402619e-07
1.330000000000000071e+01 1.346970698238015927e-09 -2.142085854795909673e-07
1.332499999999999929e+01 1.271560238679173234e-09 -2.066097444818898216e-07
1.334999999999999964e+01 1.194305887553644231e-09 -1.993166413566907410e-07
1.337500000000000000e+01 1.113798034333017859e-09 -1.923170776629050068e-07
1.340000000000000036e+01 1.029825927138317815e-09 -1.855995413104654448e-07
1.342500000000000071e+01 9.433483689844205573e-10 -1.791531427627504709e-07
1.344999999999999929e+01 8.563070742767747023e-10 -1.729675325290066323e-07
1.347499999999999964e+01 7.713104211031793568e-10 -1.670328087052334405e-07
1.350000000000000178e+01 6.912326922343737460e-10 -1.613394247159241741e-07
1.352500000000000213e+01 6.187847924320852715e-10 -1.558781072874931523e-07
1.355000000000000249e+01 5.561155403986957031e-10 -1.506397933271524414e-07
1.357499999999999929e+01 5.044976214644641428e-10 -1.456155916965457357e-07
1.359999999999999964e+01 4.641398177408534108e-10 -1.407967724459507304e-07
1.362500000000000000e+01 4.341493420280993670e-10 -1.361747823148411573e-07
1.365000000000000213e+01 4.126471184936852954e-10 -1.317412817837996631e-07
1.367500000000000249e+01 3.970179589796442812e-10 -1.274881960728833001e-07
1.369999999999999929e+01 3.842593618936088113e-10 -1.234077707351444495e-07
1.372499999999999964e+01 3.713797369961292710e-10 -1.194926219907511963e-07
1.375000000000000000e+01 3.557908544628214680e-10 -1.157357728890455349e-07
1.377500000000000213e+01 3.356409195448076836e-10 -1.121306684330221951e-07
1.380000000000000249e+01 3.100436539496973365e-10 -1.086711658895516161e-07
1.382499999999999929e+01 2.791736264901680409e-10 -1.053514999852738049e-07
1.384999999999999964e+01 2.442168045618592268e-10 -1.021662261815773700e-07
1.387500000000000000e+01 2.071852924690116468e-10 -9.911014829654808733e-08
1.390000000000000213e+01 1.706235328584514240e-10 -9.617823881062803280e-08
1.392500000000000249e+01 1.372477228498952065e-10 -9.336556120812073265e-08
1.394999999999999929e+01 1.095685591495420324e-10 -9.066720331929993105e-08
1.397499999999999964e+01 8.954892193592403230e-11 -8.807822907548532616e-08
1.400000000000000000e+01 7.834249913848011508e-11 -8.559365356712466685e-08
1.402500000000000213e+01 7.614752967424442199e-11 -8.320844299982251215e-08
1.405000000000000249e+01 8.219362036846212228e-11 -8.091753785180838502e-08
1.407499999999999929e+01 9.486113014602528467e-11 -7.871589434012826458e-08
1.409999999999999964e+01 1.119145936773751273e-10 -7.659853691203317784e-08
1.412500000000000000e+01 1.308164562038726108e-10 -7.456061308675463727e-08
1.415000000000000213e+01 1.490770412264139208e-10 -7.259744170924653096e-08
1.417500000000000249e+01 1.645925513124540376e-10 -7.070454675690979744e-08
1.419999999999999929e+01 1.759253494261863578e-10 -6.887767085564136670e-08
1.422499999999999964e+01 1.824894358615612873e-10 -6.711276551482900236e-08
1.425000000000000000e+01 1.846175241371052352e-10 -6.540595834240633569e-08
1.427500000000000036e+01 1.835025365692768676e-10 -6.375350066923364013e-08
1.430000000000000249e+01 1.810233785997803230e-10 -6.215170175631794232e-08
1.432499999999999929e+01 1.794801442255384868e-10 -6.059685764998025523e-08
1.434999999999999964e+01 1.812754601207667760e-10 -5.908518367183615782e-08
1.437500000000000000e+01 1.885849456936623280e-10 -5.761275924346688251e-08
1.440000000000000036e+01 2.030600637253163303e-10 -5.617549244383792869e-08
1.442500000000000249e+01 2.256010724053206457e-10 -5.476910955563146873e-08
1.444999999999999929e+01 2.562272874860320907e-10 -5.338917205707493062e-08
1.447499999999999964e+01 2.940579688333522396e-10 -5.203112067000578407e-08
1.450000000000000000e+01 3.374019594426603210e-10 -5.069034328044001527e-08
1.452500000000000036e+01 3.839397583334081710e-10 -4.936226137663494308e-08
1.455000000000000249e+01 4.309700924493069705e-10 -4.804242819225886846e-08
1.457499999999999929e+01 4.756857164426615912e-10 -4.672663119470688485e-08
1.459999999999999964e+01 5.154410742206543758e-10 -4.541099192671050688e-08
1.462500000000000000e+01 5.479776496397379031e-10 -4.409205728242845579e-08
1.465000000000000036e+01 5.715808001505116664e-10 -4.276687802361027170e-08
1.467500000000000249e+01 5.851531617173278728e-10 -4.143307215396910392e-08
1.469999999999999929e+01 5.882027649534181592e-10 -4.008887270651758762e-08
1.472499999999999964e+01 5.807567132619849817e-10 -3.873316091500924531e-08
1.475000000000000000e+01 5.632218544797692971e-10 -3.736548675230144432e-08
1.477500000000000036e+01 5.362208254748159296e-10 -3.598607906416227340e-08
1.480000000000000249e+01 5.004341779219307121e-10 -3.459584719106543542e-08
1.482499999999999929e+01 4.564767442735937013e-10 -3.319637506650492952e-08
1.484999999999999964e+01 4.048295295925229845e-10 -3.178990755045535458e-08
1.487500000000000000e+01 3.458381673798539000e-10 -3.037932745895036181e-08
1.490000000000000036e+01 2.797771573009866966e-10 -2.896812073365564861e-08
1.492500000000000071e+01 2.069673334985554704e-10 -2.756032655050685061e-08
1.494999999999999929e+01 1.279242586223312193e-10 -2.616046926725417580e-08
1.497499999999999964e+01 4.350893720241428878e-11 -2.477346991189973968e-08
