# raxis[fm], SN, VN, SP, VP
2.101448349307773875e-07 4.464909846903273444e-02 4.883209372983061264e-02 3.498838992335311787e-02 3.844520634923789815e-02
2.500000000000000139e-02 4.466255610024707362e-02 4.884639603715001943e-02 3.500118917129114993e-02 3.845797691744321650e-02
5.000000000000000278e-02 4.468916504562355646e-02 4.887393294652604692e-02 3.502986666912318720e-02 3.848541578719302109e-02
7.499999999999999722e-02 4.473332386849453168e-02 4.891961606085101083e-02 3.507755666531386929e-02 3.853101824054023378e-02
1.000000000000000056e-01 4.479503778954305182e-02 4.898345562625337074e-02 3.514417892095444973e-02 3.859471952582711751e-02
1.250000000000000000e-01 4.487425616174377241e-02 4.906539167651909755e-02 3.522961035571397365e-02 3.867640223634593449e-02
1.499999999999999944e-01 4.497089906641771329e-02 4.916533490039687315e-02 3.533368741081459319e-02 3.877591135683695206e-02
1.749999999999999889e-01 4.508487430270900070e-02 4.928318031920431164e-02 3.545621707674896650e-02 3.889306257290888608e-02
2.000000000000000111e-01 4.521606653425840061e-02 4.941879728831225643e-02 3.559696799311953125e-02 3.902763430042471837e-02
2.250000000000000056e-01 4.536434216094931138e-02 4.957203554808087276e-02 3.575567471940724329e-02 3.917937308759260329e-02
2.500000000000000000e-01 4.552955126565306349e-02 4.974272631070090350e-02 3.593203979500853018e-02 3.934799473492231470e-02
2.750000000000000222e-01 4.571152541468955638e-02 4.993068015733975740e-02 3.612573276677971679e-02 3.953318333089402697e-02
2.999999999999999889e-01 4.591007853890725909e-02 5.013568852613562582e-02 3.633639149803025159e-02 3.973459307430093207e-02
3.250000000000000111e-01 4.612500663199391865e-02 5.035752296231021247e-02 3.656362296745911677e-02 3.995184853516168394e-02
3.499999999999999778e-01 4.635608791100001569e-02 5.059593521888611917e-02 3.680700455397386411e-02 4.018454573671104840e-02
3.750000000000000000e-01 4.660308095480660689e-02 5.085065656049905097e-02 3.706608323720274323e-02 4.043225227625264068e-02
4.000000000000000222e-01 4.686572835226709283e-02 5.112140129588206572e-02 3.734037943448517693e-02 4.069451094138624297e-02
4.249999999999999889e-01 4.714375651074437928e-02 5.140786606582354451e-02 3.762938829370348487e-02 4.097084037399054135e-02
4.500000000000000111e-01 4.743687464167029716e-02 5.170972891276422179e-02 3.793257989246517220e-02 4.126073519310172882e-02
4.749999999999999778e-01 4.774477274333149834e-02 5.202664777145744879e-02 3.824939880728957242e-02 4.156366582415629840e-02
5.000000000000000000e-01 4.806712467582766046e-02 5.235826366300148915e-02 3.857926775861784258e-02 4.187908217182196441e-02
5.250000000000000222e-01 4.840358574290494487e-02 5.270419829804039169e-02 3.892158701981406760e-02 4.220641284880971567e-02
5.500000000000000444e-01 4.875379418454259262e-02 5.306405650430490173e-02 3.927573662265462784e-02 4.254506799118622229e-02
5.749999999999999556e-01 4.911737217419648999e-02 5.343742601809386289e-02 3.964107860510208275e-02 4.289444033465932005e-02
5.999999999999999778e-01 4.949392460186499004e-02 5.382387794379412532e-02 4.001695717454462065e-02 4.325390667787149673e-02
6.250000000000000000e-01 4.988304075664175274e-02 5.422296703082792046e-02 4.040270145364480148e-02 4.362282911271810754e-02
6.500000000000000222e-01 5.028429283772977570e-02 5.463423182787240789e-02 4.079762529275736405e-02 4.400055619226436038e-02
6.750000000000000444e-01 5.069723899811115486e-02 5.505719717386826223e-02 4.120103106460341891e-02 4.438642610503241298e-02
6.999999999999999556e-01 5.112142070716250292e-02 5.549137115854748531e-02 4.161220881293090784e-02 4.477976515587183542e-02
7.249999999999999778e-01 5.155636497960392611e-02 5.593624807418686590e-02 4.203043914123634484e-02 4.517989127262491550e-02
7.500000000000000000e-01 5.200158212258964435e-02 5.639130680713216881e-02 4.245499265976394876e-02 4.558611369867460184e-02
7.750000000000000222e-01 5.245656998622875294e-02 5.685601550582881913e-02 4.288513437813894214e-02 4.599773762186215587e-02
8.000000000000000444e-01 5.292081332264168131e-02 5.732982957063111062e-02 4.332012447905085606e-02 4.641406357909984293e-02
8.249999999999999556e-01 5.339378357102581713e-02 5.781219251524415820e-02 4.375921902327337132e-02 4.683438893667619257e-02
8.499999999999999778e-01 5.387493954498843302e-02 5.830253648973155595e-02 4.420167171675066370e-02 4.725800935573100381e-02
8.750000000000000000e-01 5.436372805236826256e-02 5.880028377697053138e-02 4.464673524910525715e-02 4.768422067298312000e-02
9.000000000000000222e-01 5.485958551659880778e-02 5.930484872479838132e-02 4.509366364207791772e-02 4.811232144218936801e-02
9.250000000000001554e-01 5.536193895227024819e-02 5.981563721537374451e-02 4.554171408997520487e-02 4.854161314285674461e-02
9.499999999999999556e-01 5.587020510357638275e-02 6.033204679387639546e-02 4.599014684053883556e-02 4.897140087815646942e-02
9.749999999999999778e-01 5.638379319513006638e-02 6.085347005422853117e-02 4.643822827886914112e-02 4.940099695622771070e-02
1.000000000000000000e+00 5.690210377231937761e-02 6.137929380442672112e-02 4.688523108614627705e-02 4.982972092814830917e-02
1.024999999999999911e+00 5.742453285517490347e-02 6.190890165904506387e-02 4.733043806106249085e-02 5.025690205751612294e-02
1.050000000000000044e+00 5.795046853026323413e-02 6.244167090350299931e-02 4.777314004589956059e-02 5.068187741520575190e-02
1.074999999999999956e+00 5.847929434069053245e-02 6.297697613597515176e-02 4.821263916340903788e-02 5.110399525668688631e-02
1.100000000000000089e+00 5.901038476471680283e-02 6.351418804902236870e-02 4.864824615336343916e-02 5.152261473410300191e-02
1.125000000000000000e+00 5.954311520598584706e-02 6.405268266453942316e-02 4.907928897159014731e-02 5.193711359902131175e-02
1.149999999999999911e+00 6.007686502285673052e-02 6.459183758055353497e-02 4.950511531327634468e-02 5.234688554687880191e-02
1.175000000000000044e+00 6.061100662848196985e-02 6.513102808073074901e-02 4.992508456874232559e-02 5.275133750719959019e-02
1.199999999999999956e+00 6.114491464938967558e-02 6.566963453688234864e-02 5.033857572666416286e-02 5.314989602292497645e-02
1.225000000000000089e+00 6.167796543709212764e-02 6.620704077338711302e-02 5.074498722674611328e-02 5.354200600060746856e-02
1.250000000000000000e+00 6.220953700707744505e-02 6.674263766835399070e-02 5.114373731337203827e-02 5.392713381153067809e-02
1.274999999999999911e+00 6.273901576821384884e-02 6.727582377208708719e-02 5.153426953393255155e-02 5.430476825544466174e-02
1.300000000000000044e+00 6.326578963457007987e-02 6.780600135442844956e-02 5.191604767889386463e-02 5.467441746462652769e-02
1.324999999999999956e+00 6.378925163361398587e-02 6.833258254444472823e-02 5.228855898135096464e-02 5.503561384066581186e-02
1.350000000000000089e+00 6.430880358640563010e-02 6.885498908508935756e-02 5.265131707061466299e-02 5.538791420957816375e-02
1.375000000000000000e+00 6.482385557785785846e-02 6.937265283864899046e-02 5.300386179634427458e-02 5.573090018426830189e-02
1.399999999999999911e+00 6.533382624754305312e-02 6.988501782885248037e-02 5.334575957739805252e-02 5.606417965290302202e-02
1.425000000000000044e+00 6.583814676951843525e-02 7.039154129463240372e-02 5.367660650266404404e-02 5.638738790285158925e-02
1.449999999999999956e+00 6.633625808972273830e-02 7.089169168283732114e-02 5.399602621715492157e-02 5.670018587606964061e-02
1.475000000000000089e+00 6.682761458500498242e-02 7.138495419680916665e-02 5.430367283170148274e-02 5.700226442874345434e-02
1.500000000000000000e+00 6.731168535175389989e-02 7.187082846482364951e-02 5.459923212684793942e-02 5.729334283154070145e-02
1.524999999999999911e+00 6.778795255272013209e-02 7.234883188978939728e-02 5.488242010702650692e-02 5.757317062958056120e-02
1.550000000000000044e+00 6.825592208639609526e-02 7.281850573101572577e-02 5.515299110748297234e-02 5.784153279531677877e-02
1.574999999999999956e+00 6.871511715331445058e-02 7.327940617605968598e-02 5.541073211628569362e-02 5.809824236177033030e-02
1.600000000000000089e+00 6.916507467622795557e-02 7.373110549844612283e-02 5.565546034137515419e-02 5.834314119690774819e-02
1.625000000000000000e+00 6.960535088076601207e-02 7.417319719005674439e-02 5.588702755717943338e-02 5.857610379240666548e-02
1.649999999999999911e+00 7.003552286202668897e-02 7.460529488651351793e-02 5.610532097427933795e-02 5.879703646101737402e-02
1.675000000000000044e+00 7.045518714546884775e-02 7.502703247293161792e-02 5.631026141494732684e-02 5.900587653193659077e-02
1.699999999999999956e+00 7.086396520043744540e-02 7.543806967610985903e-02 5.650180738147105725e-02 5.920259651201596057e-02
1.725000000000000311e+00 7.126150076297782521e-02 7.583808625647402157e-02 5.667995281738940488e-02 5.938719987574573450e-02
1.750000000000000000e+00 7.164745851617959627e-02 7.622678502985814897e-02 5.684472572211429764e-02 5.955972213084898687e-02
1.774999999999999911e+00 7.202153294350768786e-02 7.660389767762854074e-02 5.699619374790303866e-02 5.972023491697357050e-02
1.800000000000000044e+00 7.238344375967566136e-02 7.696917952760880255e-02 5.713446073182305851e-02 5.986884205973251605e-02
1.824999999999999956e+00 7.273293725202595317e-02 7.732241242765316991e-02 5.725966712149489768e-02 6.000568080050489722e-02
1.850000000000000311e+00 7.306978778913492123e-02 7.766340440563086756e-02 5.737198996675498680e-02 6.013092101039849841e-02
1.875000000000000000e+00 7.339379601314477419e-02 7.799198779205400445e-02 5.747164126316456345e-02 6.024476349257949781e-02
1.899999999999999911e+00 7.370478789917019047e-02 7.830802003833760294e-02 5.755886669961241681e-02 6.034743957386586033e-02
1.925000000000000044e+00 7.400262157323653223e-02 7.861138965785507970e-02 5.763394945025226285e-02 6.043921462009557710e-02
1.949999999999999956e+00 7.428718462004879619e-02 7.890201151981758587e-02 5.769720768151838375e-02 6.052038462797904028e-02
1.975000000000000089e+00 7.455839283634627113e-02 7.917982691634598003e-02 5.774899263030330160e-02 6.059127490074776856e-02
2.000000000000000000e+00 7.481619120745690299e-02 7.944480487708796557e-02 5.778968823200358179e-02 6.065224002785359753e-02
2.024999999999999911e+00 7.506055566676235469e-02 7.969694242478705948e-02 5.781971148374333291e-02 6.070366365066609537e-02
2.049999999999999822e+00 7.529149130693928160e-02 7.993626396923103616e-02 5.783950993668246499e-02 6.074595653138373241e-02
2.075000000000000178e+00 7.550903586020370206e-02 8.016282421986294093e-02 5.784956334256837612e-02 6.077955811578213824e-02
2.100000000000000089e+00 7.571325638035858452e-02 8.037670344320656246e-02 5.785037982198228124e-02 6.080493219635642321e-02
2.125000000000000000e+00 7.590424951405298770e-02 8.057801003315130661e-02 5.784249507529694301e-02 6.082256719192180583e-02
2.149999999999999911e+00 7.608214407400541723e-02 8.076688119567813906e-02 5.782647263577207070e-02 6.083297579112335179e-02
2.174999999999999822e+00 7.624709820091460366e-02 8.094348019999690613e-02 5.780290035342640353e-02 6.083669163952246106e-02
2.200000000000000178e+00 7.639929973906298133e-02 8.110799758227171807e-02 5.777238970072048896e-02 6.083426913463051144e-02
2.225000000000000089e+00 7.653896641469322415e-02 8.126065040373758874e-02 5.773557444104385900e-02 6.082628183331504484e-02
2.250000000000000000e+00 7.666634452608202255e-02 8.140168077993725770e-02 5.769310746377091792e-02 6.081331944419580970e-02
2.274999999999999911e+00 7.678170810360356036e-02 8.153135627819536879e-02 5.764565949115519478e-02 6.079598723798837479e-02
2.299999999999999822e+00 7.688536204360080228e-02 8.164997179992855569e-02 5.759391960784072950e-02 6.077490621608139243e-02
2.325000000000000178e+00 7.697763746866334578e-02 8.175784479090229817e-02 5.753859014493834662e-02 6.075070814164314909e-02
2.350000000000000089e+00 7.705889088558867672e-02 8.185531421483269177e-02 5.748038418854222592e-02 6.072403312418305638e-02
2.375000000000000000e+00 7.712949932552910781e-02 8.194273713193822584e-02 5.742002094960722836e-02 6.069552581161977850e-02
2.399999999999999911e+00 7.718986953234724391e-02 8.202049819352345839e-02 5.735823109006794179e-02 6.066584113994807903e-02
2.424999999999999822e+00 7.724043559045593033e-02 8.208900457118725735e-02 5.729575250561955158e-02 6.063563905173158242e-02
2.450000000000000178e+00 7.728165168334771851e-02 8.214868054128202091e-02 5.723332361539669455e-02 6.060557884995598082e-02
2.475000000000000089e+00 7.731399380625578188e-02 8.219996905218691918e-02 5.717168349802891070e-02 6.057631946286048258e-02
2.500000000000000000e+00 7.733795700366753734e-02 8.224332864521333164e-02 5.711156780021701268e-02 6.054851535473133178e-02
2.524999999999999911e+00 7.735405477627396720e-02 8.227923353806564088e-02 5.705370698727558337e-02 6.052281538905896624e-02
2.549999999999999822e+00 7.736281835534537799e-02 8.230817237650943363e-02 5.699882415610370290e-02 6.049986051090459199e-02
2.575000000000000178e+00 7.736479429476345038e-02 8.233064618466935658e-02 5.694763172657495848e-02 6.048028087855492757e-02
2.600000000000000089e+00 7.736054428476990541e-02 8.234716823364361671e-02 5.690083004535907707e-02 6.046469468165942968e-02
2.625000000000000000e+00 7.735064261635189731e-02 8.235826139741482532e-02 5.685910414252950962e-02 6.045370496106874936e-02
2.649999999999999911e+00 7.733567338300999239e-02 8.236445545323374529e-02 5.682312021316190953e-02 6.044789630403841346e-02
2.674999999999999822e+00 7.731622772503948804e-02 8.236628455062922072e-02 5.679352248796702696e-02 6.044783205363535306e-02
2.700000000000000178e+00 7.729290394392548946e-02 8.236428773655685154e-02 5.677093225114886871e-02 6.045405379844801669e-02
2.725000000000000089e+00 7.726630602500852985e-02 8.235900716515184850e-02 5.675594560060515104e-02 6.046707895433035829e-02
2.750000000000000000e+00 7.723703994357164482e-02 8.235098460775244766e-02 5.674912989582133610e-02 6.048739747338827133e-02
2.774999999999999911e+00 7.720571075985262210e-02 8.234075863366756287e-02 5.675102070276929339e-02 6.051546890150984875e-02
2.799999999999999822e+00 7.717291957729266461e-02 8.232886200094829965e-02 5.676211889735891664e-02 6.055172000314206632e-02
2.825000000000000178e+00 7.713926585483975307e-02 8.231582454404823279e-02 5.678289156864628484e-02 6.059654639795866021e-02
2.850000000000000089e+00 7.710534448852153500e-02 8.230216926487943230e-02 5.681376970690490968e-02 6.065030889612274545e-02
2.875000000000000000e+00 7.707173706387517031e-02 8.228840439258307271e-02 5.685514144397537523e-02 6.071332774005300248e-02
2.899999999999999911e+00 7.703901569175711228e-02 8.227502812049945768e-02 5.690735415140926734e-02 6.078588592358304121e-02
2.924999999999999822e+00 7.700774060601638105e-02 8.226252523785820836e-02 5.697071338898030551e-02 6.086822645974532264e-02
2.950000000000000178e+00 7.697845408131244460e-02 8.225136204291383368e-02 5.704547793771104491e-02 6.096054880161053818e-02
2.975000000000000089e+00 7.695168293520460168e-02 8.224198908454043166e-02 5.713186176780620656e-02 6.106301102496637656e-02
3.000000000000000000e+00 7.692793410045350999e-02 8.223483665092207184e-02 5.723003139426219299e-02 6.117572677796868225e-02
3.024999999999999911e+00 7.690769266990551967e-02 8.223031312600449783e-02 5.734010520820468498e-02 6.129876470531540195e-02
3.049999999999999822e+00 7.689141743270772045e-02 8.222880083699479759e-02 5.746215100284426253e-02 6.143214626864727801e-02
3.075000000000000178e+00 7.687954080869148499e-02 8.223065654994031470e-02 5.759618555089765501e-02 6.157584602205178753e-02
3.100000000000000089e+00 7.687246613961058739e-02 8.223620860852699777e-02 5.774217447671840114e-02 6.172979059191192192e-02
3.125000000000000000e+00 7.687056577541453994e-02 8.224575578663970155e-02 5.790003120786516716e-02 6.189385889416966491e-02
3.149999999999999911e+00 7.687417989717153233e-02 8.225956591446398347e-02 5.806961832854468791e-02 6.206788245098522616e-02
3.174999999999999822e+00 7.688361206263664982e-02 8.227787214670374827e-02 5.825074439790547953e-02 6.225164317345867337e-02
3.200000000000000178e+00 7.689913190740522986e-02 8.230087607591456134e-02 5.844316780378647908e-02 6.244487761965509393e-02
3.225000000000000089e+00 7.692097074444921578e-02 8.232874293692644951e-02 5.864659562703551654e-02 6.264727416375281965e-02
3.250000000000000000e+00 7.694931933482374031e-02 8.236160053137429882e-02 5.886068237343124870e-02 6.285847380038993293e-02
3.274999999999999911e+00 7.698433032618311189e-02 8.239954175807488734e-02 5.908503381772756136e-02 6.307807367469221715e-02
3.299999999999999822e+00 7.702611541438948717e-02 8.244262173862226817e-02 5.931920737752240796e-02 6.330562655116740711e-02
3.325000000000000178e+00 7.707474317008711218e-02 8.249085609479642200e-02 5.956271176849684684e-02 6.354064077364166008e-02
3.350000000000000089e+00 7.713023873209259862e-02 8.254422129576170775e-02 5.981500816448755836e-02 6.378258262139285817e-02
3.375000000000000444e+00 7.719258557222379025e-02 8.260265640254861597e-02 6.007551406655731174e-02 6.403087915538040187e-02
3.399999999999999911e+00 7.726172202348259577e-02 8.266605958553945033e-02 6.034360293059996133e-02 6.428491727937094002e-02
3.424999999999999822e+00 7.733754115568984566e-02 8.273428886834963136e-02 6.061860500853989697e-02 6.454404622368699329e-02
3.450000000000000622e+00 7.741989214445278711e-02 8.280716333775889337e-02 6.089981084478001544e-02 6.480757985151751333e-02
3.475000000000000533e+00 7.750857872753462441e-02 8.288446179491444632e-02 6.118647300743577239e-02 6.507479826856719940e-02
3.500000000000000000e+00 7.760335992502689906e-02 8.296592404203750881e-02 6.147780715523900458e-02 6.534494992539323366e-02
3.524999999999999911e+00 7.770395203741876922e-02 8.305125285224988774e-02 6.177299585848206043e-02 6.561725477745247725e-02
3.549999999999999822e+00 7.781002944557297019e-02 8.314011495599581136e-02 6.207119171094763188e-02 6.589090732273104878e-02
3.575000000000000622e+00 7.792122581266205938e-02 8.323214223115969757e-02 6.237151981446617532e-02 6.616507877958305306e-02
3.600000000000000089e+00 7.803713213213228639e-02 8.332692953307968553e-02 6.267307879340076882e-02 6.643891712000822569e-02
3.625000000000000000e+00 7.815729725907881453e-02 8.342403598492119376e-02 6.297494213093023097e-02 6.671155027520753178e-02
3.649999999999999911e+00 7.828123358433211609e-02 8.352299036716147318e-02 6.327616408179959073e-02 6.698209087760488567e-02
3.674999999999999822e+00 7.840841510280591176e-02 8.362328882496887494e-02 6.357578078011649758e-02 6.724963629027772005e-02
3.700000000000000622e+00 7.853827863168862111e-02 8.372439646629388499e-02 6.387281213316936546e-02 6.751327172553754641e-02
3.725000000000000089e+00 7.867022744199093920e-02 8.382575085522867009e-02 6.416626588332875747e-02 6.777207383324154732e-02
3.750000000000000000e+00 7.880363387102465311e-02 8.392676429276735295e-02 6.445514192279425125e-02 6.802511406819726492e-02
3.774999999999999911e+00 7.893783881518894041e-02 8.402682319196184968e-02 6.473843258748251950e-02 6.827145908961092247e-02
3.799999999999999822e+00 7.907215639943947216e-02 8.412529268517812686e-02 6.501512763053617083e-02 6.851017593670238881e-02
3.825000000000000178e+00 7.920587449877115882e-02 8.422151660082020930e-02 6.528421648464220739e-02 6.874033234386933700e-02
3.850000000000000089e+00 7.933825337186889426e-02 8.431481605269075530e-02 6.554468754332648528e-02 6.896099756701462580e-02
3.875000000000000000e+00 7.946853550264018629e-02 8.440449893902664258e-02 6.579553642753360743e-02 6.917125019156025734e-02
3.899999999999999911e+00 7.959594488883177388e-02 8.448985881613912952e-02 6.603576721448861653e-02 6.937017745111913325e-02
3.924999999999999822e+00 7.971968671411709673e-02 8.457017423112726806e-02 6.626439282230622840e-02 6.955687627623763358e-02
3.950000000000000178e+00 7.983895203640770100e-02 8.464471286384282755e-02 6.648043889291567476e-02 6.973045721921281026e-02
3.975000000000000089e+00 7.995292250165227099e-02 8.471273596757611379e-02 6.668294859072144976e-02 6.989004811270771444e-02
4.000000000000000000e+00 8.006076886985351304e-02 8.477349651495279248e-02 6.687098168680828680e-02 7.003479274768550922e-02
4.025000000000000355e+00 8.016165700534373662e-02 8.482624408683235584e-02 6.704361945604377093e-02 7.016385621242830772e-02
4.049999999999999822e+00 8.025475169094545280e-02 8.487022919833821233e-02 6.719996886512173695e-02 7.027642759772595449e-02
4.075000000000000178e+00 8.033921288139930783e-02 8.490469846135764720e-02 6.733915909287462032e-02 7.037171667242901607e-02
4.099999999999999645e+00 8.041420522616499200e-02 8.492890321119617170e-02 6.746034900183132954e-02 7.044896110280329804e-02
4.125000000000000000e+00 8.047889743712292876e-02 8.494209933436414062e-02 6.756272780565661384e-02 7.050742640454155108e-02
4.150000000000000355e+00 8.053246484795170690e-02 8.494354858774452732e-02 6.764551640920535291e-02 7.054640709695844669e-02
4.174999999999999822e+00 8.057409162514610201e-02 8.493252095339572094e-02 6.770796896193305436e-02 7.056522794891674499e-02
4.200000000000000178e+00 8.060297290509794987e-02 8.490829544236232207e-02 6.774937472897532564e-02 7.056324537622071791e-02
4.224999999999999645e+00 8.061832011303278478e-02 8.487016530748506260e-02 6.776906208328029035e-02 7.053985113819030706e-02
4.250000000000000000e+00 8.061936133560990148e-02 8.481743822637162478e-02 6.776639890152362511e-02 7.049447252109612705e-02
4.275000000000000355e+00 8.060534404505413641e-02 8.474943873528786864e-02 6.774079396276447285e-02 7.042657361732829191e-02
4.299999999999999822e+00 8.057553610967063684e-02 8.466550822416790689e-02 6.769169747448390562e-02 7.033565530664823151e-02
4.325000000000000178e+00 8.052923034145391401e-02 8.456500984539176702e-02 6.761860424688816151e-02 7.022125858793384912e-02
4.349999999999999645e+00 8.046574361756432536e-02 8.444732688291937961e-02 6.752105268405678151e-02 7.008296319502756166e-02
4.375000000000000000e+00 8.038441880900457082e-02 8.431186625206039953e-02 6.739862589453905761e-02 6.992038965690275387e-02
4.400000000000000355e+00 8.028462332427135917e-02 8.415805346890951888e-02 6.725094988152853503e-02 6.973319547480315295e-02
4.424999999999999822e+00 8.016576096619917879e-02 8.398534393695378242e-02 6.707770287554649935e-02 6.952108405542581360e-02
4.450000000000000178e+00 8.002727033883902386e-02 8.379322553009076191e-02 6.687861280289669752e-02 6.928380497179335851e-02
4.474999999999999645e+00 7.986862370741210082e-02 8.358121451135677726e-02 6.665345602185390739e-02 6.902115076977854979e-02
4.500000000000000000e+00 7.968932772302536605e-02 8.334885778373794796e-02 6.640205770703509758e-02 6.873295845575219665e-02
4.525000000000000355e+00 7.948892637447327325e-02 8.309573390563931850e-02 6.612429283866340379e-02 6.841910954482441354e-02
4.549999999999999822e+00 7.926700415306792147e-02 8.282145589407631514e-02 6.582008841083861195e-02 6.807953186284486369e-02
4.575000000000000178e+00 7.902318549699977046e-02 8.252567451137002297e-02 6.548942222846963757e-02 6.771420130468526477e-02
4.599999999999999645e+00 7.875713103191542275e-02 8.220807291445809961e-02 6.513231898174265400e-02 6.732313686864449531e-02
4.625000000000000000e+00 7.846854457571132702e-02 8.186837031052193736e-02 6.474885500622398760e-02 6.690640318537714737e-02
4.650000000000000355e+00 7.815717188870888177e-02 8.150632586804840152e-02 6.433915653821836722e-02 6.646411259893883483e-02
4.674999999999999822e+00 7.782279998372519658e-02 8.112173506714259741e-02 6.390339870467075245e-02 6.599642191014748471e-02
4.700000000000000178e+00 7.746526029746912678e-02 8.071443423310430132e-02 6.344180691212923662e-02 6.550353525947485989e-02
4.724999999999999645e+00 7.708442894952789726e-02 8.028429755222686592e-02 6.295465609505986049e-02 6.498570082928184499e-02
4.750000000000000000e+00 7.668022940322161141e-02 7.983125246945442510e-02 6.244227232142292305e-02 6.444322209669318957e-02
4.775000000000000355e+00 7.625261645311705305e-02 7.935525333464800435e-02 6.190501873141873029e-02 6.387643637346619718e-02
4.799999999999999822e+00 7.580159593958489539e-02 7.885629244618118372e-02 6.134331056729432075e-02 6.328572303063810522e-02
4.825000000000000178e+00 7.532721769338500406e-02 7.833441481907175985e-02 6.075760863878008899e-02 6.267151390725264615e-02
4.849999999999999645e+00 7.482957320438904381e-02 7.778970121697550977e-02 6.014841616984888811e-02 6.203427903571967494e-02
4.875000000000000000e+00 7.430880048838163499e-02 7.722227643044517198e-02 5.951628239469260173e-02 6.137453255417590209e-02
4.900000000000000355e+00 7.376507837793103151e-02 7.663230939575431389e-02 5.886179677636298180e-02 6.069283203709189417e-02
4.924999999999999822e+00 7.319862730819641505e-02 7.602000656664588407e-02 5.818558824007974417e-02 5.998977199717343139e-02
4.950000000000000178e+00 7.260970996148662093e-02 7.538561583934329235e-02 5.748832528537376613e-02 5.926598625134287673e-02
4.974999999999999645e+00 7.199862824422882668e-02 7.472942888797709515e-02 5.677071217001337933e-02 5.852214881344432185e-02
5.000000000000000000e+00 7.136572175061121903e-02 7.405177023480435938e-02 5.603348681709263701e-02 5.775896420799964820e-02
5.025000000000000355e+00 7.071137409001837515e-02 7.335300859105252369e-02 5.527742520150766975e-02 5.697717568762327572e-02
5.049999999999999822e+00 7.003600090991732308e-02 7.263355024589548958e-02 5.450333034875830263e-02 5.617755904240342296e-02
5.075000000000000178e+00 6.934005728805048285e-02 7.189383587970105127e-02 5.371203715388192523e-02 5.536091881036119683e-02
5.099999999999999645e+00 6.862403538917501156e-02 7.113434759888942471e-02 5.290440972423079286e-02 5.452809297541619249e-02
5.125000000000000000e+00 6.788845530287415664e-02 7.035559800567330047e-02 5.208133306727526918e-02 5.367994340879253534e-02
5.150000000000000355e+00 6.713387445213706006e-02 6.955813320077579298e-02 5.124371936726505872e-02 5.281735719025220516e-02
5.174999999999999822e+00 6.636088176261749350e-02 6.874253420530387904e-02 5.039250199475426434e-02 5.194124641297057088e-02
5.200000000000000178e+00 6.557009542859643103e-02 6.790941345392410844e-02 4.952863334247019356e-02 5.105254460936280853e-02
5.224999999999999645e+00 6.476216163079973054e-02 6.705941470834797524e-02 4.865308256278599863e-02 5.015220583686924583e-02
5.250000000000000000e+00 6.393775194603537604e-02 6.619320514528369281e-02 4.776683220197170537e-02 4.924119722835127583e-02
5.275000000000000355e+00 6.309756615016216819e-02 6.531148171870433672e-02 4.687087948170434032e-02 4.832050278360184442e-02
5.299999999999999822e+00 6.224232282059975058e-02 6.441496561343405813e-02 4.596622797893871321e-02 4.739111823606924345e-02
5.325000000000000178e+00 6.137276508042880524e-02 6.350439845989623577e-02 4.505389104492956570e-02 4.645404694963130299e-02
5.349999999999999645e+00 6.048965668220819547e-02 6.258054666678122824e-02 4.413488748765109076e-02 4.551030216695124697e-02
5.375000000000000000e+00 5.959377730602618412e-02 6.164419376553303964e-02 4.321023707521898238e-02 4.456090007072795872e-02
5.400000000000000355e+00 5.868592396252054338e-02 6.069614079146312680e-02 4.228096085069558280e-02 4.360685915066279950e-02
5.424999999999999822e+00 5.776690947908803830e-02 5.973720619501635826e-02 4.134807885180125098e-02 4.264919922804951552e-02
5.450000000000000178e+00 5.683755940043531962e-02 5.876822289331159327e-02 4.041260645583352046e-02 4.168893805788490003e-02
5.474999999999999645e+00 5.589870911057238240e-02 5.779003227898660972e-02 3.947555110478551121e-02 4.072708558359802722e-02
5.500000000000000000e+00 5.495120748983137876e-02 5.680348902627165020e-02 3.853791472009824443e-02 3.976464663667123034e-02
5.525000000000000355e+00 5.399590911920035957e-02 5.580945881690088650e-02 3.760068657249542728e-02 3.880261867367186535e-02
5.549999999999999822e+00 5.303367478657436407e-02 5.480880955561998752e-02 3.666484278394410018e-02 3.784198390660733352e-02
5.575000000000000178e+00 5.206537020663084409e-02 5.380241616444580294e-02 3.573134453527977705e-02 3.688371212887825434e-02
5.599999999999999645e+00 5.109186284197771155e-02 5.279115660537485322e-02 3.480113495656296518e-02 3.592875691305952301e-02
5.625000000000000000e+00 5.011402177534024505e-02 5.177590870642906351e-02 3.387513829768502155e-02 3.497805252751990529e-02
5.650000000000000355e+00 4.913271576324663298e-02 5.075755045013533723e-02 3.295425746457763400e-02 3.403251316319617914e-02
5.674999999999999822e+00 4.814881262699135384e-02 4.973695820065358181e-02 3.203937364169762853e-02 3.309303117820543844e-02
5.700000000000000178e+00 4.716317439572662723e-02 4.871500570441296418e-02 3.113134141952290934e-02 3.216047578471577240e-02
5.724999999999999645e+00 4.617665668559215592e-02 4.769255667542450505e-02 3.023098827723212645e-02 3.123568692239352129e-02
5.750000000000000000e+00 4.519010968908823700e-02 4.667047009716323441e-02 2.933911493211586660e-02 3.031947872875468894e-02
5.775000000000000355e+00 4.420437491598407098e-02 4.564959549105966630e-02 2.845649206290136804e-02 2.941263567438864857e-02
5.799999999999999822e+00 4.322028370645714102e-02 4.463077349057294890e-02 2.758385913698442604e-02 2.851591232911489943e-02
5.825000000000000178e+00 4.223865382761761433e-02 4.361483005035556026e-02 2.672192231849484373e-02 2.763002942268218826e-02
5.849999999999999645e+00 4.126029350802649237e-02 4.260257814179800595e-02 2.587135643965776319e-02 2.675567448185240879e-02
5.875000000000000000e+00 4.028599410654285645e-02 4.159481820484089293e-02 2.503279995163133764e-02 2.589350211463676069e-02
5.900000000000000355e+00 3.931653095890379895e-02 4.059233239508878988e-02 2.420685592111377488e-02 2.504413007861126805e-02
5.924999999999999822e+00 3.835266173351415536e-02 3.959588435910425808e-02 2.339409087261270712e-02 2.420813919175002563e-02
5.950000000000000178e+00 3.739512607281072348e-02 3.860621808870393773e-02 2.259503447230449755e-02 2.338607260491158690e-02
5.974999999999999645e+00 3.644464497842514472e-02 3.762406009612212499e-02 2.181017946247601827e-02 2.257843741871828555e-02
6.000000000000000000e+00 3.550191665947553810e-02 3.665011360849978334e-02 2.103997940550789841e-02 2.178570124605053865e-02
6.025000000000000355e+00 3.456761676388443033e-02 3.568505892045735484e-02 2.028484916068997584e-02 2.100829275249741293e-02
6.049999999999999822e+00 3.364239717363270987e-02 3.472955272526209031e-02 1.954516491793670957e-02 2.024660190306554891e-02
6.075000000000000178e+00 3.272688593177578570e-02 3.378422488112849814e-02 1.882126443525453108e-02 1.950097821298883358e-02
6.099999999999999645e+00 3.182168502916841307e-02 3.284968179266400945e-02 1.811344636860866969e-02 1.877173364947800488e-02
6.125000000000000000e+00 3.092736956812989352e-02 3.192650105427657231e-02 1.742197078964488957e-02 1.805914004062377995e-02
6.150000000000000355e+00 3.004448752461750388e-02 3.101523321267432923e-02 1.674705966393203946e-02 1.736343091939148570e-02
6.174999999999999822e+00 2.917355917030208662e-02 3.011640060335031566e-02 1.608889758658370653e-02 1.668480180792488929e-02
6.200000000000000178e+00 2.831507541348333296e-02 2.923049640886776074e-02 1.544763151210242803e-02 1.602341043906099077e-02
6.224999999999999645e+00 2.746949813728268713e-02 2.835798205133424274e-02 1.482337221928419803e-02 1.537937619282979569e-02
6.250000000000000000e+00 2.663726101508459565e-02 2.749929406131808654e-02 1.421619584160580853e-02 1.475278542225022353e-02
6.275000000000000355e+00 2.581876146873100797e-02 2.665483459493721979e-02 1.362614037418533215e-02 1.414368713375089084e-02
6.299999999999999822e+00 2.501436934565025999e-02 2.582497074771053502e-02 1.305321205696052637e-02 1.355209334676302051e-02
6.325000000000000178e+00 2.422442409212437198e-02 2.501004313320786751e-02 1.249738474937133088e-02 1.297798560556003879e-02
6.349999999999999645e+00 2.344923219626035213e-02 2.421035964853667302e-02 1.195859992736111009e-02 1.242131266166881555e-02
6.375000000000000000e+00 2.268907016472133248e-02 2.342619596307353100e-02 1.143676959555420779e-02 1.188199193356892502e-02
6.400000000000000355e+00 2.194418354518213113e-02 2.265779783010465898e-02 1.093177698227009408e-02 1.135991211485984018e-02
6.424999999999999822e+00 2.121478655591144818e-02 2.190537945928832178e-02 1.044347783798120835e-02 1.085493365069658753e-02
6.450000000000000178e+00 2.050106279194354592e-02 2.116912374048876555e-02 9.971701999866088711e-03 1.036689012414499476e-02
6.474999999999999645e+00 1.980316572945156270e-02 2.044918352349033019e-02 9.516255045287616912e-03 9.895590298803031912e-03
6.500000000000000000e+00 1.912121857493500818e-02 1.974568176700511671e-02 9.076919586095924530e-03 9.440819547920859325e-03
6.525000000000000355e+00 1.845531475436762436e-02 1.905871064261896800e-02 8.653456827475713292e-03 9.002340672832726334e-03
6.549999999999999822e+00 1.780551942210697666e-02 1.838833365723957503e-02 8.245608576069500886e-03 8.579896273729953685e-03
6.575000000000000178e+00 1.717186963024177129e-02 1.773458645335630746e-02 7.853098607599652212e-03 8.173210476788313888e-03
6.599999999999999645e+00 1.655437521507949553e-02 1.709747694285093308e-02 7.475634334026461970e-03 7.781990182634143834e-03
6.625000000000000000e+00 1.595301965522805468e-02 1.647698649008373650e-02 7.112908358018649700e-03 7.405926874665025479e-03
6.650000000000000355e+00 1.536776109501492363e-02 1.587307073941551100e-02 6.764600162978908100e-03 7.044698139955974173e-03
6.674999999999999822e+00 1.479853352890229956e-02 1.528566086441783545e-02 6.430377786867859206e-03 6.697969446986926437e-03
6.700000000000000178e+00 1.424524741623153616e-02 1.471466436045989860e-02 6.109899094761718670e-03 6.365395532752235810e-03
6.724999999999999645e+00 1.370779066543998878e-02 1.415996602097457403e-02 5.802813296483402480e-03 6.046621931554889938e-03
6.750000000000000888e+00 1.318603018377193653e-02 1.362142915919600968e-02 5.508762525884027678e-03 5.741286457966510159e-03
6.775000000000001243e+00 1.267981292999808586e-02 1.309889675844851283e-02 5.227383307003792556e-03 5.449020658937271666e-03
6.799999999999999822e+00 1.218896713639684021e-02 1.259219282132693907e-02 4.958307832334490732e-03 5.169451283160719085e-03
6.825000000000001066e+00 1.171330343891953049e-02 1.210112350050886708e-02 4.701165246459343590e-03 4.902201554611294518e-03
6.849999999999999645e+00 1.125261619708875852e-02 1.162547827442349246e-02 4.455582934499211986e-03 4.646892426641274082e-03
6.875000000000000000e+00 1.080668468447014766e-02 1.116503125303558268e-02 4.221187625626727884e-03 4.403143800682162920e-03
6.900000000000001243e+00 1.037527426874295181e-02 1.071954239454689026e-02 3.997606523026589823e-03 4.170575660108743858e-03
6.924999999999999822e+00 9.958137658926977803e-03 1.028875869070972233e-02 3.784468361158982094e-03 3.948809139329690319e-03
6.950000000000001066e+00 9.555016190387307859e-03 9.872415383307539191e-03 3.581404362036547280e-03 3.737467514628989990e-03
6.974999999999999645e+00 9.164910271716781090e-03 9.470968074690049032e-03 3.387646206766847367e-03 3.536580089096869745e-03
7.000000000000000000e+00 8.785552224459853773e-03 9.079016424498429980e-03 3.202373555730593600e-03 3.343585871076819663e-03
7.025000000000001243e+00 8.419739858498536886e-03 8.701031498660215246e-03 3.026263090542700030e-03 3.160090587096819024e-03
7.049999999999999822e+00 8.067155424459201626e-03 8.336687754308754958e-03 2.858948444782872904e-03 2.985718265443252067e-03
7.075000000000001066e+00 7.727476540101810981e-03 7.985654793229912327e-03 2.700070537399851776e-03 2.820100103828819104e-03
7.099999999999999645e+00 7.400377225310876377e-03 7.647598402129827076e-03 2.549278084714457545e-03 2.662875003985727858e-03
7.125000000000000000e+00 7.085528895046759590e-03 7.322181602485321704e-03 2.406228014170606801e-03 2.513690051805517623e-03
7.150000000000001243e+00 6.782601294211210163e-03 7.009065604989315676e-03 2.270585863818317535e-03 2.372200919892372434e-03
7.174999999999999822e+00 6.491263376067471155e-03 6.707910686798753373e-03 2.142026083160431232e-03 2.238072205893322161e-03
7.200000000000000178e+00 6.211184133158955886e-03 6.418377050832318673e-03 2.020232282130704493e-03 2.110977709469885177e-03
7.224999999999999645e+00 5.942033363940428352e-03 6.140125618451857184e-03 1.904897427656264148e-03 1.990600659502119070e-03
7.250000000000000000e+00 5.683482467760584723e-03 5.872818825386463305e-03 1.795724015214043845e-03 1.876633899295103609e-03
7.275000000000001243e+00 5.435205093479840432e-03 5.616121301687836999e-03 1.692424151826690641e-03 1.768780005258924768e-03
7.299999999999999822e+00 5.196877758823759824e-03 5.369700506976218639e-03 1.594719605433554720e-03 1.666751349420716273e-03
7.325000000000000178e+00 4.968180430013881266e-03 5.133227361983175828e-03 1.502341857078649291e-03 1.570270162193270662e-03
7.349999999999999645e+00 4.748797059594164587e-03 4.906376760119156473e-03 1.415032048316632041e-03 1.479068515887476450e-03
7.375000000000000000e+00 4.538416053092643107e-03 4.688828064804791661e-03 1.332540927944779073e-03 1.392888272862281276e-03
7.400000000000001243e+00 4.336730734683305957e-03 4.480265594240073583e-03 1.254628805034206217e-03 1.311481037946961303e-03
7.424999999999999822e+00 4.143439710886346813e-03 4.280379008940572196e-03 1.181065397684456786e-03 1.234608050578943263e-03
7.450000000000000178e+00 3.958247203508228305e-03 4.088863641449433373e-03 1.111629699603199420e-03 1.162040038515798224e-03
7.474999999999999645e+00 3.780863393945710447e-03 3.905420879176859511e-03 1.046109847532886248e-03 1.093557096728359906e-03
7.500000000000000000e+00 3.611004636904254720e-03 3.729758387029349660e-03 9.843029117779320686e-04 1.028948496186386915e-03
7.525000000000000355e+00 3.448393663684588741e-03 3.561590332509779154e-03 9.260147098186131357e-04 9.680124909160573452e-04
7.549999999999999822e+00 3.292759809023973819e-03 3.400637582207250049e-03 8.710596015356866957e-04 9.105561160073900829e-04
7.575000000000000178e+00 3.143839193812154528e-03 3.246627915438466978e-03 8.192602759376549273e-04 8.563949777245567123e-04
7.599999999999999645e+00 3.001374777444163530e-03 3.099296116088069361e-03 7.704475100420387192e-04 8.053530190452636017e-04
7.625000000000000000e+00 2.865116486720765705e-03 2.958384076607191177e-03 7.244599320472419005e-04 7.572622808706902867e-04
7.650000000000000355e+00 2.734821237116756478e-03 2.823640859709255699e-03 6.811437674998578780e-04 7.119626540667667964e-04
7.674999999999999822e+00 2.610252995548274866e-03 2.694822735376418543e-03 6.403526036752769327e-04 6.693016281241086825e-04
7.700000000000000178e+00 2.491182791544457355e-03 2.571693195686363710e-03 6.019471335040110435e-04 6.291340378722636451e-04
7.724999999999999645e+00 2.377388697851450915e-03 2.454022969725119362e-03 5.657948934283933305e-04 5.913218086753993345e-04
7.750000000000000000e+00 2.268655798042921307e-03 2.341589983425026566e-03 5.317700241966021729e-04 5.557336987148077867e-04
7.775000000000000355e+00 2.164776136689364455e-03 2.234179305857998416e-03 4.997530097462243599e-04 5.222450421114752887e-04
7.799999999999999822e+00 2.065548647825733979e-03 2.131583090178348558e-03 4.696304254348302831e-04 4.907374918421957563e-04
7.825000000000000178e+00 1.970779083266305069e-03 2.033600484958169100e-03 4.412946996390651683e-04 4.610987672925706896e-04
7.849999999999999645e+00 1.880279920071187749e-03 1.940037567196614470e-03 4.146438599264097775e-04 4.332224102727370960e-04
7.875000000000000000e+00 1.793870237890007532e-03 1.850707217111370595e-03 3.895812969264835185e-04 4.070075333802385511e-04
7.900000000000000355e+00 1.711375607800093030e-03 1.765428987873546079e-03 3.660155308742197721e-04 3.823585784822232381e-04
7.924999999999999822e+00 1.632627975869328915e-03 1.684028999763196449e-03 3.438599809422247084e-04 3.591850843018352447e-04
7.950000000000000178e+00 1.557465520384623044e-03 1.606339808072586740e-03 3.230327438822438416e-04 3.374014586198864564e-04
7.974999999999999645e+00 1.485732508590274521e-03 1.532200240043447631e-03 3.034563736985264586e-04 3.169267489885020596e-04
8.000000000000000000e+00 1.417279159611562920e-03 1.461455260102437377e-03 2.850576740402492528e-04 2.976844284121074840e-04
8.025000000000000355e+00 1.351961488719209247e-03 1.393955821219424601e-03 2.677674922663363902e-04 2.796021858248756123e-04
8.050000000000000711e+00 1.289641154734996091e-03 1.329558699578527268e-03 2.515205225033799495e-04 2.626117198649166422e-04
8.074999999999999289e+00 1.230185303189707240e-03 1.268126338854447168e-03 2.362551150905468412e-04 2.466485426769246384e-04
8.099999999999999645e+00 1.173466408458667459e-03 1.209526687764054956e-03 2.219130933309790548e-04 2.316517898422774469e-04
8.125000000000000000e+00 1.119362116138382162e-03 1.153633038953962497e-03 2.084395771295730689e-04 2.175640377583072291e-04
8.150000000000000355e+00 1.067755081134381858e-03 1.100323864241972097e-03 1.957828130108036756e-04 2.043311274765930081e-04
8.175000000000000711e+00 1.018532809720300086e-03 1.049482651534444254e-03 1.838940119179467030e-04 1.919019959603818389e-04
8.199999999999999289e+00 9.715875008542051083e-04 1.000997742631291529e-03 1.727271932207886680e-04 1.802285143750432335e-04
8.224999999999999645e+00 9.268158881017100068e-04 9.547621706971847443e-04 1.622390351743083746e-04 1.692653327084430034e-04
8.250000000000000000e+00 8.841190844628976642e-04 9.106735007413907079e-04 1.523887327540716854e-04 1.589697316053420247e-04
8.275000000000000355e+00 8.434024285096299468e-04 8.686336714560808974e-04 1.431378614311190861e-04 1.493014807435436464e-04
8.300000000000000711e+00 8.045753319768604713e-04 8.285488390489044886e-04 1.344502469622580051e-04 1.402227034777739855e-04
8.324999999999999289e+00 7.675511311377019317e-04 7.903292228230332332e-04 1.262918418320801203e-04 1.316977476556410482e-04
8.349999999999999645e+00 7.322469411399397258e-04 7.538889557988944336e-04 1.186306072933850211e-04 1.236930629821137155e-04
8.375000000000000000e+00 6.985835133340613642e-04 7.191459373633470173e-04 1.114364012359118949e-04 1.161770840018562479e-04
8.400000000000000355e+00 6.664850951829453737e-04 6.860216885635516456e-04 1.046808715518682265e-04 1.091201187557131884e-04
8.425000000000000711e+00 6.358792937692979517e-04 6.544412117368186886e-04 9.833735480901442119e-05 1.024942431459220958e-04
8.449999999999999289e+00 6.066969439219969821e-04 6.243328534645258433e-04 9.238078031754069200e-05 9.627320059178485925e-05
8.474999999999999645e+00 5.788719783643375780e-04 5.956281711931980284e-04 8.678757882477122949e-05 9.043230679462256128e-05
8.500000000000000000e+00 5.523413021849438729e-04 5.682618032651858388e-04 8.153559606841913527e-05 8.494835941155928479e-05
8.525000000000000355e+00 5.270446714241530965e-04 5.421713427738680292e-04 7.660401092215419984e-05 7.979955238024453122e-05
8.550000000000000711e+00 5.029245751864951921e-04 5.172972162659974105e-04 7.197325802053669596e-05 7.496539504982654902e-05
8.574999999999999289e+00 4.799261211782981755e-04 4.935825650256685107e-04 6.762495436601576872e-05 7.042663542016759334e-05
8.599999999999999645e+00 4.579969250853729531e-04 4.709731307449430485e-04 6.354182993641506363e-05 6.616518759391738400e-05
8.625000000000000000e+00 4.370870040530994475e-04 4.494171448699495566e-04 5.970766216503085145e-05 6.216406315064757653e-05
8.650000000000000355e+00 4.171486737374260358e-04 4.288652222763377517e-04 5.610721411442201020e-05 5.840730641107474757e-05
8.675000000000000711e+00 3.981364483873891190e-04 4.092702576774162322e-04 5.272617587984700538e-05 5.487993315170595877e-05
8.699999999999999289e+00 3.800069457033297812e-04 3.905873267148100110e-04 4.955110951602472152e-05 5.156787283948496359e-05
8.724999999999999645e+00 3.627187942169052878e-04 3.727735904849536477e-04 4.656939694010413884e-05 4.845791415747121824e-05
8.750000000000000000e+00 3.462325447284132296e-04 3.557882032061773650e-04 4.376919084900454210e-05 4.553765350267825605e-05
8.775000000000000355e+00 3.305105847816116487e-04 3.395922239735630005e-04 4.113936839400793316e-05 4.279544654222429845e-05
8.800000000000000711e+00 3.155170564507817879e-04 3.241485314158799023e-04 3.866948753679510663e-05 4.022036243994202954e-05
8.824999999999999289e+00 3.012177780651607482e-04 3.094217421305653793e-04 3.634974605314577559e-05 3.780214083552554851e-05
8.849999999999999645e+00 2.875801681735702382e-04 2.953781323184421766e-04 3.417094271496780186e-05 3.553115126002366039e-05
8.875000000000000000e+00 2.745731728628423825e-04 2.819855621647537175e-04 3.212444090135481309e-05 3.339835491200310118e-05
8.900000000000000355e+00 2.621671966310196254e-04 2.692134038353860559e-04 3.020213431005913752e-05 3.139526871655179744e-05
8.925000000000000711e+00 2.503340353501672978e-04 2.570324724140860147e-04 2.839641464572238380e-05 2.951393149994832585e-05
8.949999999999999289e+00 2.390468124715594870e-04 2.454149593890247181e-04 2.670014127573955238e-05 2.774687212854903400e-05
8.974999999999999645e+00 2.282799179105590725e-04 2.343343692676072652e-04 2.510661265692587272e-05 2.608707957057681829e-05
9.000000000000000000e+00 2.180089494393111916e-04 2.237654588025903577e-04 2.360953948430443162e-05 2.452797473034495508e-05
9.025000000000000355e+00 2.082106567102737400e-04 2.136841788464530374e-04 2.220301945432171276e-05 2.306338398031662434e-05
9.050000000000000711e+00 1.988628876355939140e-04 2.040676187485555620e-04 2.088151352270397630e-05 2.168751427407383437e-05
9.074999999999999289e+00 1.899445371418553776e-04 1.948939531455485099e-04 1.963982361043161101e-05 2.039492975972585241e-05
9.099999999999999645e+00 1.814354981764596387e-04 1.861423910940653709e-04 1.847307162997528104e-05 1.918052979622787693e-05
9.125000000000000000e+00 1.733166149983498996e-04 1.777931274856587587e-04 1.737667981699178034e-05 1.803952830297734833e-05
9.150000000000000355e+00 1.655696384611899633e-04 1.698272968081702711e-04 1.634635223862317618e-05 1.696743439125431263e-05
9.175000000000000711e+00 1.581771833131803500e-04 1.622269286927387471e-04 1.537805742637526410e-05 1.596003413674291463e-05
9.199999999999999289e+00 1.511226875099746581e-04 1.549749057029728492e-04 1.446801206639902001e-05 1.501337348603156455e-05
9.224999999999999645e+00 1.443903732647700770e-04 1.480549229762943538e-04 1.361266568802706711e-05 1.412374220067581853e-05
9.250000000000000000e+00 1.379652099649947565e-04 1.414514496123175761e-04 1.280868629608425280e-05 1.328765877817589235e-05
9.275000000000000355e+00 1.318328787959769819e-04 1.351496920367091775e-04 1.205294687924460761e-05 1.250185631566582606e-05
9.300000000000000711e+00 1.259797389344711961e-04 1.291355589177240089e-04 1.134251274405231773e-05 1.176326923092938241e-05
9.324999999999999289e+00 1.203927953305963664e-04 1.233956276943643611e-04 1.067462962885926807e-05 1.106902079450674854e-05
9.349999999999999645e+00 1.150596680260003722e-04 1.179171127350290920e-04 1.004671254777443944e-05 1.041641144071123145e-05
9.375000000000000000e+00 1.099685628788740597e-04 1.126878349705397311e-04 9.456335325170246549e-06 9.802907791744365544e-06
9.400000000000000355e+00 1.051082436478052571e-04 1.076961929271339380e-04 8.901220779685459396e-06 9.226132368098850602e-06
9.425000000000000711e+00 1.004680054100029588e-04 1.029311351269941423e-04 8.379231501361529745e-06 8.683853925376245714e-06
9.449999999999999289e+00 9.603764921377018829e-05 9.838213380978735488e-05 7.888361218736553878e-06 8.173978398614545056e-06
9.474999999999999645e+00 9.180745792986255141e-05 9.403915987028374447e-05 7.426726685530280427e-06 7.694540404314617903e-06
9.500000000000000000e+00 8.776817326120418881e-05 8.989265900330748946e-05 6.992560071836216629e-06 7.243695268465538605e-06
9.525000000000000355e+00 8.391097381770694840e-05 8.593352897479729271e-05 6.584201823818482794e-06 6.819711546606399637e-06
9.550000000000000711e+00 8.022745424516873115e-05 8.215309796448424639e-05 6.200093977696916482e-06 6.420964010945156327e-06
9.574999999999999289e+00 7.670960535488705403e-05 7.854310395558460208e-05 5.838773880088332848e-06 6.045927076047817090e-06
9.599999999999999645e+00 7.334979519111021627e-05 7.509567510805319950e-05 5.498868298868931262e-06 5.693168629352906531e-06
9.625000000000000000e+00 7.014075100917127668e-05 7.180331106660604369e-05 5.179087898004897579e-06 5.361344246639644144e-06
9.650000000000000355e+00 6.707554210726024966e-05 6.865886516758026967e-05 4.878222056979174014e-06 5.049191764161011710e-06
9.675000000000000711e+00 6.414756348507767052e-05 6.565552749187187221e-05 4.595134014935982619e-06 4.755526193094986356e-06
9.699999999999999289e+00 6.135052029046702811e-05 6.278680874301395575e-05 4.328756308894654270e-06 4.479234946051188487e-06
9.724999999999999645e+00 5.867841300003249155e-05 6.004652489310918225e-05 4.078086505114939444e-06 4.219273363769462125e-06
9.750000000000000000e+00 5.612552332389056527e-05 5.742878256867400621e-05 3.842183189503058941e-06 3.974660519852192086e-06
9.775000000000000355e+00 5.368640078394487777e-05 5.492796514429161282e-05 3.620162206304169526e-06 3.744475285502448429e-06
9.800000000000000711e+00 5.135584993647451839e-05 5.253871950584844636e-05 3.411193132817962903e-06 3.527852638470494260e-06
9.824999999999999289e+00 4.912891821016345580e-05 5.025594345004028582e-05 3.214495973667951966e-06 3.323980203660786216e-06
9.849999999999999645e+00 4.700088433254781387e-05 4.807477369465984007e-05 3.029338056523881761e-06 3.132095007002020003e-06
9.875000000000000000e+00 4.496724730487228471e-05 4.599057446301664417e-05 2.855031125897718890e-06 2.951480432116590474e-06
9.900000000000000355e+00 4.302371592082975812e-05 4.399892662481388840e-05 2.690928614629382085e-06 2.781463367646913960e-06
9.925000000000000711e+00 4.116619878541686385e-05 4.209561736391093160e-05 2.536423082821967608e-06 2.621411529927276832e-06
9.949999999999999289e+00 3.939079480713081680e-05 4.027663033637339399e-05 2.390943817773218972e-06 2.470730952108866559e-06
9.974999999999999645e+00 3.769378416337473001e-05 3.853813631065023602e-05 2.253954584478254643e-06 2.328863630482888662e-06
1.000000000000000000e+01 3.607161969211937003e-05 3.687648426515610314e-05 2.124951512134853427e-06 2.195285317459292570e-06
1.002500000000000036e+01 3.452091869717722604e-05 3.528819290480347093e-05 2.003461109963486657e-06 2.069503448383673800e-06
1.005000000000000071e+01 3.303845515374913370e-05 3.376994259418097976e-05 1.889038413107986265e-06 1.951055199486387127e-06
1.007499999999999929e+01 3.162115228449668644e-05 3.231856767825505507e-05 1.781265238218448420e-06 1.839505667451710221e-06
1.009999999999999964e+01 3.026607550140670262e-05 3.093104917710655247e-05 1.679748546393081001e-06 1.734446159340271677e-06
1.012500000000000000e+01 2.897042567874309082e-05 2.960450783136086588e-05 1.584118910698831394e-06 1.635492589970625600e-06
1.015000000000000036e+01 2.773153275379983211e-05 2.833619748362756940e-05 1.494029075030414542e-06 1.542283978221778578e-06
1.017500000000000071e+01 2.654684963523900500e-05 2.712349877686434822e-05 1.409152602749012605e-06 1.454481035359526874e-06
1.019999999999999929e+01 2.541394640610649395e-05 2.596391316202161016e-05 1.329182611051912998e-06 1.371764841961353789e-06
1.022499999999999964e+01 2.433050480238437474e-05 2.485505719048402954e-05 1.253830580435859369e-06 1.293835606536800347e-06
1.025000000000000000e+01 2.329431295966096776e-05 2.379465708194400706e-05 1.182825239694060384e-06 1.220411499960196647e-06
1.027500000000000036e+01 2.230326041109310337e-05 2.278054355710542529e-05 1.115911519218002718e-06 1.151227563644029028e-06
1.030000000000000071e+01 2.135533332462146604e-05 2.181064691372200606e-05 1.052849566153180742e-06 1.086034682642488130e-06
1.032499999999999929e+01 2.044860997071336833e-05 2.088299234501036120e-05 9.934138240679333669e-07 1.024598623623908254e-06
1.034999999999999964e+01 1.958125640452308591e-05 1.999569547943853612e-05 9.373921667576392875e-07 9.666991319511092800e-07
1.037500000000000000e+01 1.875152235708739141e-05 1.914695813455999612e-05 8.845850860073895921e-07 9.121290840743413966e-07
1.040000000000000036e+01 1.795773732229245898e-05 1.833506427802904245e-05 8.348049289822020614e-07 8.606936922990615640e-07
1.042500000000000071e+01 1.719830683036293641e-05 1.755837617750761475e-05 7.878751824991707873e-07 8.122097581648056792e-07
1.044999999999999929e+01 1.647170890151257032e-05 1.681533073909475290e-05 7.436298006906132371e-07 7.665049717646364618e-07
1.047499999999999964e+01 1.577649066662309467e-05 1.610443601993102370e-05 7.019125743433135542e-07 7.234172538828752952e-07
1.050000000000000000e+01 1.511126514990920872e-05 1.542426790625575663e-05 6.625765388456796362e-07 6.827941388170178752e-07
1.052500000000000036e+01 1.447470820541740989e-05 1.477346695114825380e-05 6.254834179553790165e-07 6.444921946925456658e-07
1.055000000000000071e+01 1.386555559885130278e-05 1.415073536402579623e-05 5.905031023703416806e-07 6.083764797006904146e-07
1.057499999999999929e+01 1.328260022730057703e-05 1.355483414222116262e-05 5.575131585556739834e-07 5.743200312023475720e-07
1.059999999999999964e+01 1.272468947253478213e-05 1.298458033935058873e-05 5.263983685708195907e-07 5.422033857014949736e-07
1.062500000000000000e+01 1.219072267933762714e-05 1.243884446479053475e-05 4.970502986774290947e-07 5.119141290241417413e-07
1.065000000000000036e+01 1.167964875339196628e-05 1.191654800605338513e-05 4.693668923348754042e-07 4.833464734321032844e-07
1.067500000000000071e+01 1.119046387298191455e-05 1.141666106905690073e-05 4.432520891428153759e-07 4.564008601981418977e-07
1.069999999999999929e+01 1.072220930882482449e-05 1.093820013023423255e-05 4.186154668376174776e-07 4.309835869473481149e-07
1.072499999999999964e+01 1.027396934715206115e-05 1.048022589515935873e-05 3.953719046402606085e-07 4.070064572240477338e-07
1.075000000000000000e+01 9.844869310657008963e-06 1.004184125864956722e-05 3.734412677295674548e-07 3.843864517977672411e-07
1.077500000000000036e+01 9.434073672898224459e-06 9.622189361165935253e-06 3.527481096301550860e-07 3.630454195239506167e-07
1.080000000000000071e+01 9.040784261566682287e-06 9.220451737327361091e-06 3.332213937354554008e-07 3.429097869833180167e-07
1.082499999999999929e+01 8.664238546114065532e-06 8.835846551444871181e-06 3.147942312488529567e-07 3.239102860439693465e-07
1.084999999999999964e+01 8.303708006105889534e-06 8.467626916387860467e-06 2.974036346149802807e-07 3.059816974987521164e-07
1.087500000000000000e+01 7.958496575943453332e-06 8.115079291593779387e-06 2.809902865240388055e-07 2.890626104844551610e-07
1.090000000000000036e+01 7.627939162610980775e-06 7.777521956276426760e-06 2.654983221900055204e-07 2.730951963588775573e-07
1.092500000000000071e+01 7.311400232848749874e-06 7.454303554444207702e-06 2.508751250378745802e-07 2.580249961121503333e-07
1.094999999999999929e+01 7.008272466439215548e-06 7.144801708084332747e-06 2.370711348942472276e-07 2.438007208096181426e-07
1.097499999999999964e+01 6.717975472394985711e-06 6.848421695390015444e-06 2.240396670905952256e-07 2.303740639056692388e-07
1.100000000000000000e+01 6.439954565074675696e-06 6.564595190828943210e-06 2.117367429878707325e-07 2.176995247578203049e-07
1.102500000000000036e+01 6.173679597331887273e-06 6.292779064085141625e-06 2.001209306701302816e-07 2.057342430944963348e-07
1.105000000000000071e+01 5.918643847907015470e-06 6.032454234953340720e-06 1.891531946170101013e-07 1.944378430793244734e-07
1.107499999999999929e+01 5.674362960771163082e-06 5.783124581788086939e-06 1.787967548898939697e-07 1.837722868090498372e-07
1.109999999999999964e+01 5.440373933580310561e-06 5.544315900756194681e-06 1.690169546710326588e-07 1.737017366793135394e-07
1.112500000000000000e+01 5.216234153050171284e-06 5.315574913418788686e-06 1.597811356337905829e-07 1.641924260065550843e-07
1.115000000000000036e+01 5.001520475046758910e-06 5.096468320405942759e-06 1.510585206364991317e-07 1.552125372688534087e-07
1.117500000000000071e+01 4.795828347251722433e-06 4.886581899050176140e-06 1.428201035850324292e-07 1.467320876676767030e-07
1.119999999999999929e+01 4.598770972409169500e-06 4.685519642811858385e-06 1.350385457924919528e-07 1.387228215418611410e-07
1.122499999999999964e+01 4.409978510148220067e-06 4.492902940569126389e-06 1.276880785119109692e-07 1.311581091912990433e-07
1.125000000000000000e+01 4.229097315555646399e-06 4.308369793718967623e-06 1.207444112570424655e-07 1.240128517234241610e-07
1.127500000000000036e+01 4.055789212951209983e-06 4.131574069521628539e-06 1.141846455711080562e-07 1.172633915636702093e-07
1.130000000000000071e+01 3.889730802942947498e-06 3.962184788885148826e-06 1.079871939014494521e-07 1.108874282842476437e-07
1.132499999999999929e+01 3.730612801353469888e-06 3.799885446837722115e-06 1.021317032952624362e-07 1.048639394300178442e-07
1.134999999999999964e+01 3.578139408506725927e-06 3.644373364389236351e-06 9.659898354928892330e-08 9.917310603093062378e-08
1.137500000000000000e+01 3.432027707341905433e-06 3.495359070045668623e-06 9.137093966235879587e-08 9.379624250337470614e-08
1.140000000000000036e+01 3.292007089122442613e-06 3.352565709766071747e-06 8.643050835511390793e-08 8.871573077536023375e-08
1.142500000000000071e+01 3.157818705348324992e-06 3.215728483894934420e-06 8.176159816519926968e-08 8.391495826275521911e-08
1.144999999999999929e+01 3.029214944759352907e-06 3.084594109915017709e-06 7.734903323229530557e-08 7.937825949644741095e-08
1.147499999999999964e+01 2.905958934113591466e-06 2.958920309717617362e-06 7.317850029242553447e-08 7.509086124909791667e-08
1.150000000000000000e+01 2.787824061753305945e-06 2.838475320309108005e-06 6.923649875179835158e-08 7.103883078844859881e-08
1.152500000000000036e+01 2.674593522793133052e-06 2.723037426803840663e-06 6.551029389769548311e-08 6.720902729332050358e-08
1.155000000000000071e+01 2.566059884995169315e-06 2.612394516655361864e-06 6.198787264486113601e-08 6.358905609273079057e-08
1.157499999999999929e+01 2.462024674346874637e-06 2.506343654216657266e-06 5.865790193293225889e-08 6.016722555114653219e-08
1.159999999999999964e+01 2.362297979396293468e-06 2.404690674588650501e-06 5.550968963104461025e-08 5.693250652221633832e-08
1.162500000000000000e+01 2.266698073504687998e-06 2.307249795885546703e-06 5.253314768039691838e-08 5.387449419784722465e-08
1.165000000000000036e+01 2.175051054175589768e-06 2.213843249092317654e-06 4.971875735291985951e-08 5.098337215042592456e-08
1.167500000000000071e+01 2.087190498662994443e-06 2.124300924638295760e-06 4.705753662209485916e-08 4.824987850014747100e-08
1.169999999999999929e+01 2.002957135128018621e-06 2.038460034994465935e-06 4.454100939702126434e-08 4.566527408044664342e-08
1.172499999999999964e+01 1.922198528576899054e-06 1.956164792455294801e-06 4.216117648920856317e-08 4.322131241866465623e-08
1.175000000000000000e+01 1.844768780955596250e-06 1.877266101466653710e-06 3.991048836972523082e-08 4.091021147915848961e-08
1.177500000000000036e+01 1.770528244701350264e-06 1.801621264813970592e-06 3.778181949012808326e-08 3.872462709645121278e-08
1.180000000000000071e+01 1.699343249164659448e-06 1.729093703020613837e-06 3.576844405919806958e-08 3.665762791992821886e-08
1.182499999999999929e+01 1.631085839286035320e-06 1.659552686356857797e-06 3.386401323396143092e-08 3.470267182345884322e-08
1.184999999999999964e+01 1.565633525965610201e-06 1.592873078856391381e-06 3.206253362041876568e-08 3.285358366066816296e-08
1.187500000000000000e+01 1.502869047609002813e-06 1.528935093822267205e-06 3.035834705650127421e-08 3.110453433899304431e-08
1.190000000000000036e+01 1.442680142322862209e-06 1.467624060275846622e-06 2.874611155391489342e-08 2.945002110062203729e-08
1.192500000000000071e+01 1.384959330266603766e-06 1.408830199841573109e-06 2.722078336051374910e-08 2.788484896805712964e-08
1.194999999999999929e+01 1.329603705711895975e-06 1.352448413599369967e-06 2.577759999163200186e-08 2.640411323215090477e-08
1.197499999999999964e+01 1.276514738358545733e-06 1.298378078448376070e-06 2.441206429519527126e-08 2.500318295064304049e-08
1.200000000000000000e+01 1.225598083475775757e-06 1.246522852539535149e-06 2.311992943886001400e-08 2.367768542260575853e-08
1.202500000000000036e+01 1.176763400478783159e-06 1.196790489364732214e-06 2.189718474128508576e-08 2.242349155111161365e-08
1.205000000000000071e+01 1.129924179557816844e-06 1.149092660113745926e-06 2.074004231267118707e-08 2.123670204310955770e-08
1.207499999999999929e+01 1.084997575985292209e-06 1.103344783918653412e-06 1.964492447622718883e-08 2.011363440084056430e-08
1.209999999999999964e+01 1.041904251757772821e-06 1.059465865625969980e-06 1.860845191356145447e-08 1.905081067340194838e-08
1.212500000000000000e+01 1.000568224239262384e-06 1.017378340756166200e-06 1.762743247967946139e-08 1.804494590245043794e-08
1.215000000000000036e+01 9.609167214892940561e-07 9.770079273239149109e-07 1.669885067984382190e-08 1.709293724211660839e-08
1.217500000000000071e+01 9.228800439724222121e-07 9.382834842088751423e-07 1.581985771806694610e-08 1.619185369575177410e-08
1.219999999999999929e+01 8.863914323611890809e-07 9.011368757776369947e-07 1.498776213482355953e-08 1.533892643575962232e-08
1.222499999999999964e+01 8.513869411597463607e-07 8.655028424787900855e-07 1.420002096782027519e-08 1.453153968452085128e-08
1.225000000000000000e+01 8.178053178822457430e-07 8.313188771375784378e-07 1.345423143044406006e-08 1.376722210914971751e-08
1.227500000000000036e+01 7.855878875399377048e-07 7.985251066952253459e-07 1.274812306343073449e-08 1.304363872481032610e-08
1.230000000000000071e+01 7.546784421954908549e-07 7.670641791467265475e-07 1.207955031285958991e-08 1.235858323827482436e-08
1.232499999999999929e+01 7.250231353593975684e-07 7.368811554447821083e-07 1.144648556161565611e-08 1.170997084400693926e-08
1.234999999999999964e+01 6.965703810091295880e-07 7.079234061442956850e-07 1.084701253388549032e-08 1.109583142411993956e-08
1.237500000000000000e+01 6.692707570259889858e-07 6.801405125773107159e-07 1.027932008541127367e-08 1.051430313802148727e-08
1.240000000000000036e+01 6.430769128502372004e-07 6.534841723532838291e-07 9.741696334077968122e-09 9.963626370884576621e-09
1.242500000000000071e+01 6.179434811682159930e-07 6.279081089915353203e-07 9.232523134421932571e-09 9.442138028098356378e-09
1.244999999999999929e+01 5.938269934502603895e-07 6.033679855032966328e-07 8.750270861559023616e-09 8.948266155055284296e-09
1.247499999999999964e+01 5.706857991679232671e-07 5.798213217436458932e-07 8.293493489437990853e-09 8.480524861073880335e-09
1.250000000000000000e+01 5.484799885275159810e-07 5.572274153679664257e-07 7.860823952770175935e-09 8.037509532108566994e-09
1.252500000000000036e+01 5.271713185618801972e-07 5.355472662306524018e-07 7.450969762003986619e-09 7.617892314779630936e-09
1.255000000000000071e+01 5.067231424329360519e-07 5.147435040731802262e-07 7.062708863708180162e-09 7.220417848128344537e-09
1.257499999999999929e+01 4.871003418028917645e-07 4.947803193559673761e-07 6.694885751361545613e-09 6.843899244878314453e-09
1.259999999999999964e+01 4.682692621373520767e-07 4.756233970952716264e-07 6.346407777921206450e-09 6.487214298898064009e-09
1.262500000000000000e+01 4.501976508098214068e-07 4.572398535695220106e-07 6.016241676946364683e-09 6.149301898736511019e-09
1.265000000000000036e+01 4.328545978855988481e-07 4.395981757699787203e-07 5.703410293072038061e-09 5.829158650553473728e-09
1.267500000000000071e+01 4.162104794655307734e-07 4.226681634738163265e-07 5.406989482280148503e-09 5.525835690685965215e-09
1.269999999999999929e+01 4.002369034778869144e-07 4.064208738235838453e-07 5.126105183693752513e-09 5.238435670073300509e-09
1.272499999999999964e+01 3.849066578094744675e-07 3.908285683034274311e-07 4.859930670520510922e-09 4.966109913391447687e-09
1.275000000000000000e+01 3.701936606734428590e-07 3.758646620049790210e-07 4.607683945003893593e-09 4.708055740512458677e-09
1.277500000000000036e+01 3.560729131161432687e-07 3.615036750831278578e-07 4.368625278660799659e-09 4.463513932023218801e-09
1.280000000000000071e+01 3.425204535684561207e-07 3.477211863053026037e-07 4.142054894273294711e-09 4.231766341100272213e-09
1.282499999999999929e+01 3.295133143525802120e-07 3.344937886026140755e-07 3.927310768266829632e-09 4.012133633894123669e-09
1.284999999999999964e+01 3.170294800582161976e-07 3.217990465343876501e-07 3.723766566360818148e-09 3.803973158647973352e-09
1.287500000000000000e+01 3.050478477067935871e-07 3.096154555826192972e-07 3.530829691005957464e-09 3.606676936144224769e-09
1.290000000000000036e+01 2.935481886257090842e-07 2.979224031968723130e-07 3.347939435596822792e-09 3.419669760443699067e-09
1.292500000000000071e+01 2.825111119577344492e-07 2.867001315122794832e-07 3.174565240863089372e-09 3.242407404719925014e-09
1.294999999999999929e+01 2.719180297346296231e-07 2.759297016683251788e-07 3.010205047300371336e-09 3.074374925771603921e-09
1.297499999999999964e+01 2.617511234467729496e-07 2.655929596580744268e-07 2.854383745358065658e-09 2.915085065042781729e-09
1.300000000000000000e+01 2.519933120442034918e-07 2.556725036419765803e-07 2.706651705057213189e-09 2.764076739427115168e-09
1.302500000000000036e+01 2.426282213063990294e-07 2.461516526620884659e-07 2.566583388554465119e-09 2.620913611951454260e-09
1.305000000000000071e+01 2.336401545219778557e-07 2.370144166958382090e-07 2.433776042096495451e-09 2.485182745856570361e-09
1.307499999999999929e+01 2.250140644214731386e-07 2.282454679918389901e-07 2.307848455039460125e-09 2.356493329353562222e-09
1.309999999999999964e+01 2.167355263090005213e-07 2.198301136316265297e-07 2.188439795488316934e-09 2.234475474442573869e-09
1.312500000000000000e+01 2.087907123412981295e-07 2.117542692648691361e-07 2.075208501536936164e-09 2.118779080674062899e-09
1.315000000000000036e+01 2.011663669043130412e-07 2.040044339670779379e-07 1.967831239383651553e-09 2.009072760455035635e-09
1.317500000000000071e+01 1.938497830403916254e-07 1.965676661712375270e-07 1.866001917796406813e-09 1.905042826662797165e-09
1.319999999999999929e+01 1.868287798809701997e-07 1.894315606276831947e-07 1.769430753945432516e-09 1.806392332804571627e-09
1.322499999999999964e+01 1.800916810414146203e-07 1.825842263475718585e-07 1.677843395345542702e-09 1.712840168518357792e-09
1.325000000000000000e+01 1.736272939370424279e-07 1.760142654879866779e-07 1.590980085615389585e-09 1.624120203671573739e-09
1.327500000000000036e+01 1.674248899807005165e-07 1.697107531382538633e-07 1.508594879472520037e-09 1.539980479855450766e-09
1.330000000000000071e+01 1.614741856242819863e-07 1.636632179687683314e-07 1.430454899268627653e-09 1.460182446964903698e-09
1.332499999999999929e+01 1.557653242083259034e-07 1.578616237056651038e-07 1.356339631444424335e-09 1.384500240562271431e-09
1.334999999999999964e+01 1.502888585851629883e-07 1.522963513960734321e-07 1.286040262995483584e-09 1.312719999347476291e-09
1.337500000000000000e+01 1.450357344827267671e-07 1.469581824301929030e-07 1.219359053599899665e-09 1.244639220210162600e-09
1.340000000000000036e+01 1.399972745777502091e-07 1.418382822881491405e-07 1.156108743079865380e-09 1.180066148799762020e-09
1.342500000000000071e+01 1.351651632481661898e-07 1.369281849808414677e-07 1.096111989734111297e-09 1.118819203514117003e-09
1.344999999999999929e+01 1.305314319760393683e-07 1.322197781553612918e-07 1.039200840050357213e-09 1.060726430154635145e-09
1.347499999999999964e+01 1.260884453735842620e-07 1.277052888369168892e-07 9.852162278245774342e-10 1.005624987531767897e-09
1.350000000000000178e+01 1.218288878060324884e-07 1.233772697804054713e-07 9.340074998079875910e-10 9.533606602743176454e-10
1.352500000000000213e+01 1.177457505862596607e-07 1.192285864059662112e-07 8.854319680799023494e-10 9.037873990878884495e-10
1.355000000000000249e+01 1.138323197172259974e-07 1.152524042939969453e-07 8.393544858541992518e-10 8.567668852902143629e-10
1.357499999999999929e+01 1.100821641592895141e-07 1.114421772161938371e-07 7.956470478998139931e-10 8.121681200199678287e-10
1.359999999999999964e+01 1.064891246004682949e-07 1.077916356801613581e-07 7.541884103731198827e-10 7.698670350386044941e-10
1.362500000000000000e+01 1.030473027087518208e-07 1.042947759662100458e-07 7.148637334598626382e-10 7.297461247872061260e-10
1.365000000000000213e+01 9.975105084644351858e-08 1.009458496358725876e-07 6.775642427799306507e-10 6.916940992278337027e-10
1.367500000000000249e+01 9.659496222735799647e-08 9.773935349253506995e-08 6.421869084648457578e-10 6.556055547069234187e-10
1.369999999999999929e+01 9.357386149860673853e-08 9.467001997548720378e-08 6.086341430391738941e-10 6.213806633224346462e-10
1.372499999999999964e+01 9.068279572952702080e-08 9.173280796953387588e-08 5.768135147801275766e-10 5.889248791299386481e-10
1.375000000000000000e+01 8.791702579098476761e-08 8.892289401306678772e-08 5.466374769900049663e-10 5.581486602384003882e-10
1.377500000000000213e+01 8.527201810914306388e-08 8.623566388826500286e-08 5.180231116045132894e-10 5.289672059829234632e-10
1.380000000000000249e+01 8.274343677841885329e-08 8.366670457784886999e-08 4.908918870530634887e-10 5.013002082907469873e-10
1.382499999999999929e+01 8.032713601899286649e-08 8.121179657343206804e-08 4.651694295916003572e-10 4.750716169467258885e-10
1.384999999999999964e+01 7.801915296500981455e-08 7.886690652124381697e-08 4.407853066143193839e-10 4.502094175106163770e-10
1.387500000000000000e+01 7.581570077012690090e-08 7.662818019161889771e-08 4.176728216570092013e-10 4.266454211995092764e-10
1.390000000000000213e+01 7.371316201767860834e-08 7.449193575924749027e-08 3.957688207592632272e-10 4.043150661453873723e-10
1.392500000000000249e+01 7.170808242330717935e-08 7.245465738173523261e-08 3.750135096903728061e-10 3.831572297929511757e-10
1.394999999999999929e+01 6.979716481846754089e-08 7.051298906463458675e-08 3.553502804938853741e-10 3.631140513706090640e-10
1.397499999999999964e+01 6.797726340370605543e-08 6.866372880161385405e-08 3.367255478323579149e-10 3.441307639234975096e-10
1.400000000000000000e+01 6.624537826111659696e-08 6.690382297891739749e-08 3.190885945152978845e-10 3.261555358057682174e-10
1.402500000000000213e+01 6.459865011587747800e-08 6.523036103379466415e-08 3.023914249189505858e-10 3.091393207056076548e-10
1.405000000000000249e+01 6.303435533722000043e-08 6.364057035704792799e-08 2.865886267725749671e-10 2.930357157934826106e-10
1.407499999999999929e+01 6.154990116959972963e-08 6.213181143026239563e-08 2.716372405265297875e-10 2.778008278500366522e-10
1.409999999999999964e+01 6.014282118529419831e-08 6.070157318874025815e-08 2.574966357644521903e-10 2.633931466223450516e-10
1.412500000000000000e+01 5.881077095003396928e-08 5.934746860156971331e-08 2.441283947257994485e-10 2.497734253272962530e-10
1.415000000000000213e+01 5.755152389366556027e-08 5.806723046065008068e-08 2.314962018580341905e-10 2.369045676784346009e-10
1.417500000000000249e+01 5.636296737821415979e-08 5.685870737087129381e-08 2.195657395837248923e-10 2.247515210653498454e-10
1.419999999999999929e+01 5.524309895608132403e-08 5.571985993402016379e-08 2.083045901639980891e-10 2.132811758202223940e-10
1.422499999999999964e+01 5.419002281144210967e-08 5.464875711933024694e-08 1.976821428225042940e-10 2.024622701822513309e-10
1.425000000000000000e+01 5.320194637824058881e-08 5.364357281392525798e-08 1.876695060818565484e-10 1.922653004772406652e-10
1.427500000000000036e+01 5.227717712849927127e-08 5.270258254673821238e-08 1.782394251460072727e-10 1.826624364700278344e-10
1.430000000000000249e+01 5.141411952495170107e-08 5.182416037977694897e-08 1.693662037581680983e-10 1.736274414172805029e-10
1.432499999999999929e+01 5.061127213231795125e-08 5.100677596093146836e-08 1.610256308357708666e-10 1.651355967627240644e-10
1.434999999999999964e+01 4.986722488180127843e-08 5.024899173278947373e-08 1.531949111417334569e-10 1.571636312277892158e-10
1.437500000000000000e+01 4.918065648366358010e-08 4.954946029219175450e-08 1.458525999846566469e-10 1.496896539237053802e-10
1.440000000000000036e+01 4.855033198300275653e-08 4.890692189555014786e-08 1.389785418135941700e-10 1.426930914606489550e-10
1.442500000000000249e+01 4.797510045408814583e-08 4.832020210517948584e-08 1.325538123062035742e-10 1.361546287029178952e-10
1.444999999999999929e+01 4.745389282886881003e-08 4.778820957215570908e-08 1.265606640617887074e-10 1.300561531045916993e-10
1.447499999999999964e+01 4.698571985549108186e-08 4.730993395144880295e-08 1.209824756117021237e-10 1.243807024619156380e-10
1.450000000000000000e+01 4.656967018288047503e-08 4.688444394529376902e-08 1.158037035055552535e-10 1.191124159027981500e-10
1.452500000000000036e+01 4.620490856766888786e-08 4.651088547099612970e-08 1.110098373201740364e-10 1.142364878592247291e-10
1.455000000000000249e+01 4.589067419994873713e-08 4.618847994957216865e-08 1.065873576289931491e-10 1.097391249961306747e-10
1.457499999999999929e+01 4.562627914454367171e-08 4.591652271183781338e-08 1.025236967349108508e-10 1.056075059710416660e-10
1.459999999999999964e+01 4.541110689467067859e-08 4.569438151875022532e-08 9.880720189487936060e-11 1.018297438647009039e-10
1.462500000000000000e+01 4.524461103505935302e-08 4.552149519299563986e-08 9.542710108231747375e-11 9.839485108790939296e-11
1.465000000000000036e+01 4.512631401178055149e-08 4.539737235901189607e-08 9.237347123481665285e-11 9.529270685016573822e-11
1.467500000000000249e+01 4.505580600620614518e-08 4.532159028880538812e-08 8.963720867176399062e-11 9.251402690789964632e-11
1.469999999999999929e+01 4.503274391069598107e-08 4.529379385109904156e-08 8.721000174848305858e-11 9.005033558023994931e-11
1.472499999999999964e+01 4.505685040377193336e-08 4.531369456151576270e-08 8.508430556224990271e-11 8.789393985884746336e-11
1.475000000000000000e+01 4.512791312270094878e-08 4.538106973166655692e-08 8.325331886732952902e-11 8.603790569542380140e-11
1.477500000000000036e+01 4.524578393156435446e-08 4.549576171517041074e-08 8.171096279569978023e-11 8.447603628914303946e-11
1.480000000000000249e+01 4.541037828304357910e-08 4.565767724878915132e-08 8.045186149254269144e-11 8.320285222756326662e-11
1.482499999999999929e+01 4.562167467229980945e-08 4.586678688701020342e-08 7.947132467200258923e-11 8.221357360121397912e-11
1.484999999999999964e+01 4.587971418147055484e-08 4.612312452855822251e-08 7.876533180152236433e-11 8.150410384957113778e-11
1.487500000000000000e+01 4.618460011344642259e-08 4.642678703345945348e-08 7.833051809558321848e-11 8.107101536240126356e-11
1.490000000000000036e+01 4.653649771372940031e-08 4.677793392942298065e-08 7.816416221582792985e-11 8.091153687837026117e-11
1.492500000000000071e+01 4.693563397930981076e-08 4.717678720644117388e-08 7.826417549105219957e-11 8.102354245511412462e-11
1.494999999999999929e+01 4.738229755362992505e-08 4.762363119864450745e-08 7.862909278105372266e-11 8.140554206608610066e-11
1.497499999999999964e+01 4.787683870683289471e-08 4.811881255257925627e-08 7.925806492590765589e-11 8.205667385485767284e-11
