# raxis[fm], SN, VN, SP, VP
2.101448349307773875e-07 4.404641965791687708e-02 4.851681883716830318e-02 3.529334634248294800e-02 3.878913763000883808e-02
2.500000000000000139e-02 4.406163549415603731e-02 4.853309421485506314e-02 3.530656649337152175e-02 3.880233388553667312e-02
5.000000000000000278e-02 4.409405332049293191e-02 4.856699154165527305e-02 3.533648506421548097e-02 3.883101844084072690e-02
7.499999999999999722e-02 4.414793429406049796e-02 4.862331715821520406e-02 3.538624502393308835e-02 3.887869847390019312e-02
1.000000000000000056e-01 4.422326928676927754e-02 4.870206361593413386e-02 3.545575920736988157e-02 3.894530208255057857e-02
1.250000000000000000e-01 4.432000379166445986e-02 4.880316263019401218e-02 3.554489647108202699e-02 3.903070359090460989e-02
1.499999999999999944e-01 4.443805518705378627e-02 4.892651657451779768e-02 3.565348316172595178e-02 3.913473708498308584e-02
1.749999999999999889e-01 4.457732413388890841e-02 4.907200658103225144e-02 3.578131043006314849e-02 3.925720156553846180e-02
2.000000000000000111e-01 4.473769120106645819e-02 4.923949088140824881e-02 3.592813172821792550e-02 3.939786002245306701e-02
2.250000000000000056e-01 4.491901758648864096e-02 4.942880503425527150e-02 3.609366407253391390e-02 3.955644030174031850e-02
2.500000000000000000e-01 4.512114603241860339e-02 4.963976354762890397e-02 3.627758958319193122e-02 3.973263712126504088e-02
2.750000000000000222e-01 4.534390016113707539e-02 4.987215821319297693e-02 3.647955578467289989e-02 3.992611142878110808e-02
2.999999999999999889e-01 4.558708276721840785e-02 5.012575779488490091e-02 3.669917523664006920e-02 4.013649113633818016e-02
3.250000000000000111e-01 4.585047944320928826e-02 5.040031195429885841e-02 3.693602968352323324e-02 4.036337538312500389e-02
3.499999999999999778e-01 4.613385648213012835e-02 5.069554604142797322e-02 3.718966971516145248e-02 4.060633140892680459e-02
3.750000000000000000e-01 4.643695402087360397e-02 5.101115847785844121e-02 3.745961028244184504e-02 4.086489348564577295e-02
4.000000000000000222e-01 4.675949511769848799e-02 5.134682984771006542e-02 3.774533940156507561e-02 4.113857146833617418e-02
4.249999999999999889e-01 4.710118381651763608e-02 5.170221772866857857e-02 3.804631814293474995e-02 4.142684789667375189e-02
4.500000000000000111e-01 4.746170204936337594e-02 5.207695722510394948e-02 3.836197945603288251e-02 4.172917968467548117e-02
4.749999999999999778e-01 4.784071165410080928e-02 5.247066107805530705e-02 3.869173140303894254e-02 4.204499958343134447e-02
5.000000000000000000e-01 4.823785237173724288e-02 5.288291864305467993e-02 3.903495704590375509e-02 4.237371662085821084e-02
5.250000000000000222e-01 4.865274287962114558e-02 5.331329774762172402e-02 3.939101670432569591e-02 4.271471892450718483e-02
5.500000000000000444e-01 4.908498124739107960e-02 5.376134406169052332e-02 3.975925005821144553e-02 4.306737473170215574e-02
5.749999999999999556e-01 4.953414276020053769e-02 5.422657981905362051e-02 4.013897598686098217e-02 4.343103266900279202e-02
5.999999999999999778e-01 4.999978020322917022e-02 5.470850491401459820e-02 4.052949425887764079e-02 4.380502392617018070e-02
6.250000000000000000e-01 5.048142703317317487e-02 5.520659981736413674e-02 4.093008964079280360e-02 4.418866602778316610e-02
6.500000000000000222e-01 5.097859424375657950e-02 5.572032162603655914e-02 4.134003116543107093e-02 4.458126117211810846e-02
6.750000000000000444e-01 5.149077032390061287e-02 5.624910690605913061e-02 4.175857355845289526e-02 4.498209961299264037e-02
6.999999999999999556e-01 5.201742457240804418e-02 5.679237273186744928e-02 4.218496124370522266e-02 4.539046180754341409e-02
7.249999999999999778e-01 5.255800456098031620e-02 5.734951427448239242e-02 4.261842785225521124e-02 4.580561778884167240e-02
7.500000000000000000e-01 5.311193576063090449e-02 5.791990743367837757e-02 4.305819743564544277e-02 4.622683041790039832e-02
7.750000000000000222e-01 5.367862408875178487e-02 5.850290850501594503e-02 4.350348776649361204e-02 4.665335644514614216e-02
8.000000000000000444e-01 5.425745475286809089e-02 5.909785547554896601e-02 4.395351108311028321e-02 4.708444862510074991e-02
8.249999999999999556e-01 5.484779412689620715e-02 5.970406976059149107e-02 4.440747648884869891e-02 4.751935801104121421e-02
8.499999999999999778e-01 5.544899140343332450e-02 6.032085750067054525e-02 4.486459278905617631e-02 4.795733629742385262e-02
8.750000000000000000e-01 5.606037815491893284e-02 6.094750853660595158e-02 4.532406930749723756e-02 4.839763576152213836e-02
9.000000000000000222e-01 5.668126588692306428e-02 6.158329463968070100e-02 4.578511476149177417e-02 4.883950887610798153e-02
9.250000000000001554e-01 5.731094982669114601e-02 6.222747552909835972e-02 4.624694179449639897e-02 4.928221393300743353e-02
9.499999999999999556e-01 5.794871124612846480e-02 6.287929948922056644e-02 4.670876947078929364e-02 4.972501609683051271e-02
9.749999999999999778e-01 5.859381638090729177e-02 6.353800153392202832e-02 4.716982330543604413e-02 5.016718687235435098e-02
1.000000000000000000e+00 5.924551535924604817e-02 6.420280429432152769e-02 4.762933536580744864e-02 5.060800534601222339e-02
1.024999999999999911e+00 5.990304634935608025e-02 6.487292242344142035e-02 4.808654825360386686e-02 5.104676229477365934e-02
1.050000000000000044e+00 6.056563627544479800e-02 6.554756127853679504e-02 4.854071655080207520e-02 5.148275990322760676e-02
1.074999999999999956e+00 6.123249924791089593e-02 6.622591743596048519e-02 4.899110624653765095e-02 5.191531243290286451e-02
1.100000000000000089e+00 6.190283985951093582e-02 6.690718336568998725e-02 4.943699785456602547e-02 5.234375010773054115e-02
1.125000000000000000e+00 6.257585738215815097e-02 6.759054809409155429e-02 4.987768980790203976e-02 5.276742017192355416e-02
1.149999999999999911e+00 6.325074211261426382e-02 6.827519627602518515e-02 5.031249673005810941e-02 5.318568654575990540e-02
1.175000000000000044e+00 6.392668040542201502e-02 6.896031310598352282e-02 5.074075324214504662e-02 5.359793341760250851e-02
1.199999999999999956e+00 6.460285578877630885e-02 6.964508301761197784e-02 5.116181472749174730e-02 5.400356461134544345e-02
1.225000000000000089e+00 6.527844803468776935e-02 7.032869125853814796e-02 5.157505744292793098e-02 5.440200501518001330e-02
1.250000000000000000e+00 6.595263581073892989e-02 7.101032624076956956e-02 5.197988074973238642e-02 5.479270244174615223e-02
1.274999999999999911e+00 6.662459855964929234e-02 7.168918032189873502e-02 5.237570857581752559e-02 5.517512822762659502e-02
1.300000000000000044e+00 6.729351740336442234e-02 7.236445190750524781e-02 5.276198991317037484e-02 5.554877847150623688e-02
1.324999999999999956e+00 6.795857804690885740e-02 7.303534713522541466e-02 5.313820116788337683e-02 5.591317549926008018e-02
1.350000000000000089e+00 6.861897150096252229e-02 7.370108023097292349e-02 5.350384620152580373e-02 5.626786765378553185e-02
1.375000000000000000e+00 6.927389408479694977e-02 7.436087588925317793e-02 5.385845699367478728e-02 5.661243111732230937e-02
1.399999999999999911e+00 6.992255273891349876e-02 7.501397215470936852e-02 5.420159663355055696e-02 5.694647152616474917e-02
1.425000000000000044e+00 7.056416474518954762e-02 7.565961877032849336e-02 5.453285905265165684e-02 5.726962296121328871e-02
1.449999999999999956e+00 7.119795609099545397e-02 7.629707871209930048e-02 5.485186803581752063e-02 5.758154845682560141e-02
1.475000000000000089e+00 7.182316934598044489e-02 7.692563566125963648e-02 5.515828225460601281e-02 5.788194475040411846e-02
1.500000000000000000e+00 7.243906361780495795e-02 7.754459105957765830e-02 5.545179480251073711e-02 5.817054026501261577e-02
1.524999999999999911e+00 7.304491609655223983e-02 7.815326480009449073e-02 5.573213342936257642e-02 5.844709490352980458e-02
1.550000000000000044e+00 7.364001798968287937e-02 7.875099674457862464e-02 5.599905836133788756e-02 5.871140060742997130e-02
1.574999999999999956e+00 7.422368848620758408e-02 7.933715499629173662e-02 5.625237054786186991e-02 5.896328670689708618e-02
1.600000000000000089e+00 7.479526704068030496e-02 7.991112685579586372e-02 5.649190537394499501e-02 5.920261293706798045e-02
1.625000000000000000e+00 7.535411539284424254e-02 8.047232624840709725e-02 5.671753423945066763e-02 5.942927388554022222e-02
1.649999999999999911e+00 7.589962164277365420e-02 8.102019246716485323e-02 5.692916668673925901e-02 5.964319814761506744e-02
1.675000000000000044e+00 7.643119967812539439e-02 8.155419137923561324e-02 5.712674834888646636e-02 5.984434738272419868e-02
1.699999999999999956e+00 7.694829085074726682e-02 8.207381601411446737e-02 5.731026185592297262e-02 6.003271688911686332e-02
1.725000000000000311e+00 7.745036306499655798e-02 8.257858844146789834e-02 5.747972633155036537e-02 6.020833596322100467e-02
1.750000000000000000e+00 7.793691973004468476e-02 8.306806622274821861e-02 5.763520180107883223e-02 6.037127146068824168e-02
1.774999999999999911e+00 7.840749969224981852e-02 8.354184077522280871e-02 5.777678799623574279e-02 6.052162586021891250e-02
1.800000000000000044e+00 7.886167724918130562e-02 8.399953735985569991e-02 5.790462339575604828e-02 6.065953636002401755e-02
1.824999999999999956e+00 7.929905980626245077e-02 8.444081281057366772e-02 5.801888256354937462e-02 6.078517237179364985e-02
1.850000000000000311e+00 7.971929265384265773e-02 8.486536210210696152e-02 5.811977847432314714e-02 6.089873865668537362e-02
1.875000000000000000e+00 8.012205964784660517e-02 8.527291562940443603e-02 5.820756206410167277e-02 6.100047346734031872e-02
1.899999999999999911e+00 8.050708288551162994e-02 8.566324106798575699e-02 5.828252057825079185e-02 6.109064791365881320e-02
1.925000000000000044e+00 8.087412771000344891e-02 8.603614592730660093e-02 5.834497938449541982e-02 6.116956695482578948e-02
1.949999999999999956e+00 8.122299681589130460e-02 8.639147330754132215e-02 5.839529768437139862e-02 6.123756576832899839e-02
1.975000000000000089e+00 8.155353848958706020e-02 8.672910931096192155e-02 5.843387208617868006e-02 6.129501308382773878e-02
2.000000000000000000e+00 8.186564216539099492e-02 8.704897656858752442e-02 5.846113162823776688e-02 6.134230568692756319e-02
2.024999999999999911e+00 8.215923983697559496e-02 8.735103853503854709e-02 5.847753820656931972e-02 6.137987003230239991e-02
2.049999999999999822e+00 8.243430845749728786e-02 8.763530006183797849e-02 5.848358668005647354e-02 6.140816174753417622e-02
2.075000000000000178e+00 8.269086966112972059e-02 8.790180643702673324e-02 5.847980308799182597e-02 6.142766380136122084e-02
2.100000000000000089e+00 8.292898891009674311e-02 8.815064384355504601e-02 5.846674280021371684e-02 6.143888525445247856e-02
2.125000000000000000e+00 8.314877893304935264e-02 8.838194077595243336e-02 5.844499091991756101e-02 6.144236112251132836e-02
2.149999999999999911e+00 8.335039362932958329e-02 8.859586272408331853e-02 5.841515652880565485e-02 6.143864704845376085e-02
2.174999999999999822e+00 8.353403340962155255e-02 8.879261933599101597e-02 5.837787542815908032e-02 6.142832287091543053e-02
2.200000000000000178e+00 8.369994672378901213e-02 8.897246237071067265e-02 5.833380881820626751e-02 6.141199026847692088e-02
2.225000000000000089e+00 8.384842425633194651e-02 8.913568176053177083e-02 5.828363823864436688e-02 6.139026851517665612e-02
2.250000000000000000e+00 8.397980206302441131e-02 8.928260859408633510e-02 5.822806612415461908e-02 6.136379516653264060e-02
2.274999999999999911e+00 8.409445798070012967e-02 8.941361050303955893e-02 5.816781155956440852e-02 6.133322164648745412e-02
2.299999999999999822e+00 8.419281037232290155e-02 8.952909170563420893e-02 5.810360798988816605e-02 6.129921161579450495e-02
2.325000000000000178e+00 8.427532085152819596e-02 8.962949552903447248e-02 5.803620327414032304e-02 6.126244115076783653e-02
2.350000000000000089e+00 8.434249348571561111e-02 8.971530311989374395e-02 5.796635764986939054e-02 6.122359677897412644e-02
2.375000000000000000e+00 8.439487118430333279e-02 8.978702910465055642e-02 5.789483977920133889e-02 6.118337142216416502e-02
2.399999999999999911e+00 8.443303096048990208e-02 8.984521826673926015e-02 5.782242226642221594e-02 6.114246060872630117e-02
2.424999999999999822e+00 8.445758756925419997e-02 8.989044884439476024e-02 5.774988246300732930e-02 6.110156336773799046e-02
2.450000000000000178e+00 8.446918832074476469e-02 8.992332701098376679e-02 5.767799742454739198e-02 6.106137723958574709e-02
2.475000000000000089e+00 8.446851444631860162e-02 8.994448913024985504e-02 5.760754365409578859e-02 6.102259864551325824e-02
2.500000000000000000e+00 8.445627806292428652e-02 8.995459758977300546e-02 5.753929368701232727e-02 6.098591903450169271e-02
2.524999999999999911e+00 8.443321614897014715e-02 8.995433585581527614e-02 5.747401071654735516e-02 6.095202023808032887e-02
2.549999999999999822e+00 8.440009502404219321e-02 8.994441331839235498e-02 5.741245044349620186e-02 6.092157676779662995e-02
2.575000000000000178e+00 8.435770312407957217e-02 8.992555626777391786e-02 5.735535515527421385e-02 6.089524872276846218e-02
2.600000000000000089e+00 8.430683978223400821e-02 8.989849898157005470e-02 5.730344510807212216e-02 6.087367493294257303e-02
2.625000000000000000e+00 8.424832911173711636e-02 8.986399765819937102e-02 5.725742669317089584e-02 6.085748136772702044e-02
2.649999999999999911e+00 8.418301136557569675e-02 8.982282063914151515e-02 5.721798619975324018e-02 6.084727401696260474e-02
2.674999999999999822e+00 8.411173897068031924e-02 8.977574545318288413e-02 5.718578627786705809e-02 6.084363624094536044e-02
2.700000000000000178e+00 8.403537300350868988e-02 8.972355533580418652e-02 5.716146278058679975e-02 6.084712572778849110e-02
2.725000000000000089e+00 8.395478224885270790e-02 8.966703846076080897e-02 5.714562375800149446e-02 6.085827357937535764e-02
2.750000000000000000e+00 8.387083623483045092e-02 8.960698109502815423e-02 5.713884428972428042e-02 6.087757926352441173e-02
2.774999999999999911e+00 8.378440444639453921e-02 8.954416728345158949e-02 5.714166587162509275e-02 6.090551047347134844e-02
2.799999999999999822e+00 8.369635025614877155e-02 8.947937262842763084e-02 5.715459204659086717e-02 6.094249827028030281e-02
2.825000000000000178e+00 8.360752782946626049e-02 8.941336196887976484e-02 5.717808607300178120e-02 6.098893600509723567e-02
2.850000000000000089e+00 8.351878320029436364e-02 8.934689055965085169e-02 5.721257202635136874e-02 6.104518014449770991e-02
2.875000000000000000e+00 8.343094783755677923e-02 8.928069766464505341e-02 5.725843103499116127e-02 6.111154615018010022e-02
2.899999999999999911e+00 8.334483427524470855e-02 8.921550268840484910e-02 5.731599810605230577e-02 6.118830597153381012e-02
2.924999999999999822e+00 8.326123365748853977e-02 8.915200302848835801e-02 5.738556122061400783e-02 6.127568729819382609e-02
2.950000000000000178e+00 8.318091198352164928e-02 8.909087050552309817e-02 5.746735969253052162e-02 6.137387174351956187e-02
2.975000000000000089e+00 8.310460553177594079e-02 8.903274726855263388e-02 5.756158147207360298e-02 6.148299273739546433e-02
3.000000000000000000e+00 8.303302239714581423e-02 8.897824798276054992e-02 5.766836474378354838e-02 6.160313801846666049e-02
3.024999999999999911e+00 8.296683862866981174e-02 8.892795560167258972e-02 5.778779791320565878e-02 6.173434753894321836e-02
3.049999999999999822e+00 8.290668781561534584e-02 8.888241159446565176e-02 5.791991238071066833e-02 6.187660765763135229e-02
3.075000000000000178e+00 8.285316413470326935e-02 8.884211969174943269e-02 5.806468592091473119e-02 6.202985548791629250e-02
3.100000000000000089e+00 8.280681805817557972e-02 8.880754158197014247e-02 5.822204196892726696e-02 6.219397697260046348e-02
3.125000000000000000e+00 8.276815381595434284e-02 8.877909494716380856e-02 5.839184842112102314e-02 6.236880642394368457e-02
3.149999999999999911e+00 8.273762600198328321e-02 8.875715034720935148e-02 5.857391775684455543e-02 6.255412653202829798e-02
3.174999999999999822e+00 8.271563834411727045e-02 8.874203059614434175e-02 5.876800700104520270e-02 6.274966904705968351e-02
3.200000000000000178e+00 8.270254151022463085e-02 8.873400866267665277e-02 5.897381879309782776e-02 6.295511495626812670e-02
3.225000000000000089e+00 8.269862930252759592e-02 8.873330445792787513e-02 5.919100034079530226e-02 6.317009426400785332e-02
3.250000000000000000e+00 8.270414058071441643e-02 8.874008741796550470e-02 5.941914615626027463e-02 6.339418956995723775e-02
3.274999999999999911e+00 8.271925731984951236e-02 8.875447434881725273e-02 5.965779954220742226e-02 6.362693573718959661e-02
3.299999999999999822e+00 8.274409899270157576e-02 8.877652437807669050e-02 5.990645058350943519e-02 6.386781876816750858e-02
3.325000000000000178e+00 8.277872431336957826e-02 8.880624139977884302e-02 6.016453881678932719e-02 6.411627942382769341e-02
3.350000000000000089e+00 8.282313089792064931e-02 8.884357373682365278e-02 6.043145525142482044e-02 6.437171424351109672e-02
3.375000000000000444e+00 8.287725413060602342e-02 8.888841356739672628e-02 6.070654360654229031e-02 6.463347763610313712e-02
3.399999999999999911e+00 8.294096762918519439e-02 8.894059746808183342e-02 6.098910320602522056e-02 6.490088389233905630e-02
3.424999999999999822e+00 8.301408222363318434e-02 8.899990604750869505e-02 6.127838962590220068e-02 6.517320911769475256e-02
3.450000000000000622e+00 8.309634901237973603e-02 8.906606682590607893e-02 6.157361909172962000e-02 6.544969410272218069e-02
3.475000000000000533e+00 8.318745380653401467e-02 8.913874891941266088e-02 6.187396743910907743e-02 6.572954360862651169e-02
3.500000000000000000e+00 8.328702196772055921e-02 8.921756859525388494e-02 6.217857376376039608e-02 6.601193141595593228e-02
3.524999999999999911e+00 8.339461994758012864e-02 8.930209066284700015e-02 6.248654421105669793e-02 6.629600303242141890e-02
3.549999999999999822e+00 8.350975756915590686e-02 8.939183078434163876e-02 6.279695603976261087e-02 6.658087928760385299e-02
3.575000000000000622e+00 8.363188644813523975e-02 8.948625405359328377e-02 6.310885760377793474e-02 6.686565674946390314e-02
3.600000000000000089e+00 8.376040448571536734e-02 8.958477955756496969e-02 6.342127359957251687e-02 6.714941263989945841e-02
3.625000000000000000e+00 8.389465537810734952e-02 8.968677981948394717e-02 6.373320565335040266e-02 6.743120535074080546e-02
3.649999999999999911e+00 8.403393320534374711e-02 8.979158536468055674e-02 6.404363812983462911e-02 6.771008012001804299e-02
3.674999999999999822e+00 8.417748206938659161e-02 8.989848421724350169e-02 6.435153860113476676e-02 6.798506913562682441e-02
3.700000000000000622e+00 8.432450147967759935e-02 9.000672718355062774e-02 6.465586332628239785e-02 6.825519691783418774e-02
3.725000000000000089e+00 8.447414636612192440e-02 9.011552758580865241e-02 6.495555831642570166e-02 6.851948099059144981e-02
3.750000000000000000e+00 8.462553220150141609e-02 9.022406618570230630e-02 6.524956405984792818e-02 6.877693641812585024e-02
3.774999999999999911e+00 8.477773591681217469e-02 9.033149176633720190e-02 6.553681733127704467e-02 6.902657760014639654e-02
3.799999999999999822e+00 8.492980329537325179e-02 9.043692820093793272e-02 6.581625737113666608e-02 6.926742385050349560e-02
3.825000000000000178e+00 8.508074748221707007e-02 9.053947249019225763e-02 6.608682559322588690e-02 6.949849822154369194e-02
3.850000000000000089e+00 8.522955557920382230e-02 9.063820092999715083e-02 6.634747083633198150e-02 6.971883362554820440e-02
3.875000000000000000e+00 8.537519205920393595e-02 9.073217207361250480e-02 6.659715330581250647e-02 6.992747519272680956e-02
3.899999999999999911e+00 8.551660065788289911e-02 9.082042806378350097e-02 6.683484507858304668e-02 7.012348079960400993e-02
3.924999999999999822e+00 8.565270930604268473e-02 9.090199891231923179e-02 6.705953449006452072e-02 7.030592532311732978e-02
3.950000000000000178e+00 8.578243401425879322e-02 9.097590597914823052e-02 6.727022983464280015e-02 7.047390339795930880e-02
3.975000000000000089e+00 8.590467933370710130e-02 9.104116194522067496e-02 6.746595888803841312e-02 7.062652856294492076e-02
4.000000000000000000e+00 8.601834410198890002e-02 9.109677515320334373e-02 6.764577319021378154e-02 7.076293780349433848e-02
4.025000000000000355e+00 8.612232953083097386e-02 9.114175753607102470e-02 6.780875445362416487e-02 7.088229688763426906e-02
4.049999999999999822e+00 8.621553836246642621e-02 9.117512358942042594e-02 6.795401357774773221e-02 7.098379881323667318e-02
4.075000000000000178e+00 8.629687899711664667e-02 9.119589296094365860e-02 6.808069313692548252e-02 7.106666623155474816e-02
4.099999999999999645e+00 8.636526947654728226e-02 9.120309452365156500e-02 6.818797030095109790e-02 7.113015378510219311e-02
4.125000000000000000e+00 8.641963941211906752e-02 9.119576729089796940e-02 6.827505698616356811e-02 7.117354793428590232e-02
4.150000000000000355e+00 8.645893604535904997e-02 9.117296525568262255e-02 6.834120446534647231e-02 7.119617110099392410e-02
4.174999999999999822e+00 8.648212609998491562e-02 9.113376012451340769e-02 6.838570405749583303e-02 7.119738221815714863e-02
4.200000000000000178e+00 8.648819806856333781e-02 9.107724135987138592e-02 6.840788756293944561e-02 7.117657653971794229e-02
4.224999999999999645e+00 8.647616962573928534e-02 9.100252363081598461e-02 6.840713221826118240e-02 7.113319037021699487e-02
4.250000000000000000e+00 8.644508729808282610e-02 9.090874645389679376e-02 6.838285992565237836e-02 7.106670019428397433e-02
4.275000000000000355e+00 8.639403159040329183e-02 9.079507780403774098e-02 6.833453999562646985e-02 7.097662483756475571e-02
4.299999999999999822e+00 8.632211691169841550e-02 9.066071608508312341e-02 6.826168827879161571e-02 7.086252543534581061e-02
4.325000000000000178e+00 8.622849338790311569e-02 9.050488889834233663e-02 6.816386676537951328e-02 7.072400385643980159e-02
4.349999999999999645e+00 8.611235136224992814e-02 9.032685960863946761e-02 6.804068610832218755e-02 7.056070617093639086e-02
4.375000000000000000e+00 8.597291912220002275e-02 9.012592143920337973e-02 6.789180321668177032e-02 7.037231855956092852e-02
4.400000000000000355e+00 8.580947723497624191e-02 8.990141083643103659e-02 6.771693076881603324e-02 7.015857626622319654e-02
4.424999999999999822e+00 8.562135648055288484e-02 8.965271136496640036e-02 6.751583426828713930e-02 6.991926395619646462e-02
4.450000000000000178e+00 8.540793404819486956e-02 8.937924677221677217e-02 6.728832812425347698e-02 6.965421026234845658e-02
4.474999999999999645e+00 8.516863825159898260e-02 8.908048436244349333e-02 6.703427786869292637e-02 6.936328936346849994e-02
4.500000000000000000e+00 8.490295086328196461e-02 8.875593804460733816e-02 6.675360082219441993e-02 6.904642226531637617e-02
4.525000000000000355e+00 8.461040787850465650e-02 8.840517055811179803e-02 6.644626521710601808e-02 6.870357687789638290e-02
4.549999999999999822e+00 8.429060342028438235e-02 8.802779429915189024e-02 6.611229185947321840e-02 6.833476788192768825e-02
4.575000000000000178e+00 8.394318738695816240e-02 8.762347450721687248e-02 6.575175163888126451e-02 6.794005791219190349e-02
4.599999999999999645e+00 8.356786450490813478e-02 8.719192447608098417e-02 6.536476272495561624e-02 6.751955247302891816e-02
4.625000000000000000e+00 8.316440674848961379e-02 8.673291172414060446e-02 6.495149924698234711e-02 6.707340463990599244e-02
4.650000000000000355e+00 8.273264851390106644e-02 8.624627486970798396e-02 6.451218634170764743e-02 6.660182409543997928e-02
4.674999999999999822e+00 8.227246873771880409e-02 8.573189062235106461e-02 6.404708533736433451e-02 6.610505290857431049e-02
4.700000000000000178e+00 8.178380866854094433e-02 8.518968515091700222e-02 6.355650602108138536e-02 6.558337379176928938e-02
4.724999999999999645e+00 8.126667556725158947e-02 8.461964942160206393e-02 6.304080802410497175e-02 6.503711883504066649e-02
4.750000000000000000e+00 8.072114039692880605e-02 8.402183468776240616e-02 6.250039851341347708e-02 6.446666588959666655e-02
4.775000000000000355e+00 8.014733020727214663e-02 8.339635001809232728e-02 6.193572520169613599e-02 6.387243523149327418e-02
4.799999999999999822e+00 7.954542991875268587e-02 8.274335679150980616e-02 6.134727636740482104e-02 6.325488476836761687e-02
4.825000000000000178e+00 7.891568778629913516e-02 8.206307454015904224e-02 6.073558394771372965e-02 6.261451338723895976e-02
4.849999999999999645e+00 7.825841238572150971e-02 8.135578605628387971e-02 6.010122066191760787e-02 6.195186339330700093e-02
4.875000000000000000e+00 7.757396711705982773e-02 8.062182908122134117e-02 5.944479502383120950e-02 6.126751369624679894e-02
4.900000000000000355e+00 7.686277315407358257e-02 7.986159453331885538e-02 5.876695230261600594e-02 6.056207793553335800e-02
4.924999999999999822e+00 7.612530537561049138e-02 7.907553031901930207e-02 5.806837103000569988e-02 5.983620597248201500e-02
4.950000000000000178e+00 7.536209328219560522e-02 7.826413866316173085e-02 5.734976286636046111e-02 5.909058129728474856e-02
4.974999999999999645e+00 7.457372027261152669e-02 7.742797386365900258e-02 5.661187129886651598e-02 5.832591890080299907e-02
5.000000000000000000e+00 7.376081847104752620e-02 7.656764350769827698e-02 5.585546733726601959e-02 5.754296519623631340e-02
5.025000000000000355e+00 7.292407070479330067e-02 7.568380457047377274e-02 5.508135029652540260e-02 5.674249460528977412e-02
5.049999999999999822e+00 7.206420753638595467e-02 7.477716304934235725e-02 5.429034540615269161e-02 5.592530906969918336e-02
5.075000000000000178e+00 7.118200374688521403e-02 7.384847281520874607e-02 5.348330054350305951e-02 5.509223634160433786e-02
5.099999999999999645e+00 7.027828017505760583e-02 7.289853251130853917e-02 5.266108728390326427e-02 5.424412756089002502e-02
5.125000000000000000e+00 6.935389488109809653e-02 7.192818585481819404e-02 5.182459441800971178e-02 5.338185690733855682e-02
5.150000000000000355e+00 6.840974234714172764e-02 7.093831334395152288e-02 5.097472686109034978e-02 5.250631543917363281e-02
5.174999999999999822e+00 6.744675715717207698e-02 6.992983201020745720e-02 5.011240801167241021e-02 5.161841077944680223e-02
5.200000000000000178e+00 6.646590627008625018e-02 6.890369976812817099e-02 4.923857450818557024e-02 5.071906985056502670e-02
5.224999999999999645e+00 6.546818523696427972e-02 6.786090513081018127e-02 4.835417309275932829e-02 4.980923140083714368e-02
5.250000000000000000e+00 6.445462075837400662e-02 6.680246644068710271e-02 4.746016242606674457e-02 4.888984547788530893e-02
5.275000000000000355e+00 6.342626338296870891e-02 6.572943239278698779e-02 4.655750819983918432e-02 4.796187367896990322e-02
5.299999999999999822e+00 6.238418087231383663e-02 6.464287160521013653e-02 4.564717839740557725e-02 4.702628193216155245e-02
5.325000000000000178e+00 6.132946345199156296e-02 6.354387233229091825e-02 4.473014673237298705e-02 4.608404024896626400e-02
5.349999999999999645e+00 6.026322076781986947e-02 6.243354712695873415e-02 4.380739108064652526e-02 4.513612603490585462e-02
5.375000000000000000e+00 5.918657054512202476e-02 6.131302089790666154e-02 4.287988550891794204e-02 4.418351591677460027e-02
5.400000000000000355e+00 5.810064255080147483e-02 6.018342952167453352e-02 4.194860325589669370e-02 4.322718488880190890e-02
5.424999999999999822e+00 5.700657631993548413e-02 5.904592027812736316e-02 4.101451541137660084e-02 4.226810692098639799e-02
5.450000000000000178e+00 5.590551503804458422e-02 5.790164487578224745e-02 4.007858666357590888e-02 4.130725018085296824e-02
5.474999999999999645e+00 5.479860432348658550e-02 5.675176006744091228e-02 3.914177465772455955e-02 4.034557761006109244e-02
5.500000000000000000e+00 5.368698990946908084e-02 5.559742463445043609e-02 3.820502880433847975e-02 3.938404496512498687e-02
5.525000000000000355e+00 5.257180981695898370e-02 5.443979244743796936e-02 3.726928514121420621e-02 3.842359651523195169e-02
5.549999999999999822e+00 5.145419543331365697e-02 5.328000800950917493e-02 3.633546668630339288e-02 3.746516188669152259e-02
5.575000000000000178e+00 5.033527216582133618e-02 5.211921051188600496e-02 3.540448450296545396e-02 3.650965908299505513e-02
5.599999999999999645e+00 4.921615142846318819e-02 5.095852920484181259e-02 3.447723240926120480e-02 3.555799148010853339e-02
5.625000000000000000e+00 4.809792886977082293e-02 4.979907611158253256e-02 3.355458590306560629e-02 3.461104317027836191e-02
5.650000000000000355e+00 4.698168250242450161e-02 4.864194472894259325e-02 3.263740056717735066e-02 3.366967802723359882e-02
5.674999999999999822e+00 4.586847498707225662e-02 4.748821360642058870e-02 3.172651394846978667e-02 3.273474216075036858e-02
5.700000000000000178e+00 4.475934511507605185e-02 4.633893899619164619e-02 3.082273990640005748e-02 3.180705908184494612e-02
5.724999999999999645e+00 4.365530501299506178e-02 4.519515087089000238e-02 2.992686643371338107e-02 3.088742701297293725e-02
5.750000000000000000e+00 4.255734405529530001e-02 4.405785332703646140e-02 2.903965846841223900e-02 2.997661909342463210e-02
5.775000000000000355e+00 4.146642353494221084e-02 4.292802429544167325e-02 2.816185422282424522e-02 2.907538328691414847e-02
5.799999999999999822e+00 4.038347228600697864e-02 4.180660906009271011e-02 2.729416201414667370e-02 2.818443781371969201e-02
5.825000000000000178e+00 3.930939109224963757e-02 4.069452296391613821e-02 2.643726321797423146e-02 2.730447298313922952e-02
5.849999999999999645e+00 3.824504430333332261e-02 3.959264680099656986e-02 2.559180635050384983e-02 2.643614786634036068e-02
5.875000000000000000e+00 3.719126329666413294e-02 3.850182473244381093e-02 2.475840946770423157e-02 2.558008888854583843e-02
5.900000000000000355e+00 3.614884400631623168e-02 3.742286729336925799e-02 2.393765821971106239e-02 2.473689166845267212e-02
5.924999999999999822e+00 3.511854501743681689e-02 3.635654533005931721e-02 2.313010424195352868e-02 2.390711679248631524e-02
5.950000000000000178e+00 3.410108720899996532e-02 3.530359297213327835e-02 2.233626491403739936e-02 2.309129152366206847e-02
5.974999999999999645e+00 3.309714983480353812e-02 3.426470236166646866e-02 2.155662067028913872e-02 2.228990635973211384e-02
6.000000000000000000e+00 3.210737497256102579e-02 3.324052494615177544e-02 2.079161757151899020e-02 2.150341556183857361e-02
6.025000000000000355e+00 3.113236245988632370e-02 3.223167252581088382e-02 2.004166408145674136e-02 2.073223784695750818e-02
6.049999999999999822e+00 3.017267298618779570e-02 3.123871401243127899e-02 1.930713271160684405e-02 1.997675403694827712e-02
6.075000000000000178e+00 2.922882537015146845e-02 3.026217735148875251e-02 1.858835825961186253e-02 1.923730821547928876e-02
6.099999999999999645e+00 2.830129604695385409e-02 2.930254727396384290e-02 1.788563739115795262e-02 1.851420619282921273e-02
6.125000000000000000e+00 2.739052235110987429e-02 2.836026725225997830e-02 1.719923087386858798e-02 1.780771677010949822e-02
6.150000000000000355e+00 2.649689924725429427e-02 2.743573994394650148e-02 1.652936140940963056e-02 1.711807205944273699e-02
6.174999999999999822e+00 2.562077977357922823e-02 2.652932391478107083e-02 1.587621405606039551e-02 1.644546541987973801e-02
6.200000000000000178e+00 2.476247728713314514e-02 2.564133672447864790e-02 1.523993778186356896e-02 1.579005354391107424e-02
6.224999999999999645e+00 2.392226483422236344e-02 2.477205621648190942e-02 1.462064525387255301e-02 1.515195744015935576e-02
6.250000000000000000e+00 2.310037477365773154e-02 2.392171769152882932e-02 1.401841285204440124e-02 1.453126084288635170e-02
6.275000000000000355e+00 2.229700178032237648e-02 2.309051806390871597e-02 1.343328295381192652e-02 1.392801312330535675e-02
6.299999999999999822e+00 2.151230157560289277e-02 2.227861628520613410e-02 1.286526343501192583e-02 1.334222993582900689e-02
6.325000000000000178e+00 2.074639228965590235e-02 2.148613107952876411e-02 1.231432886353872949e-02 1.277389207281240911e-02
6.349999999999999645e+00 1.999935681234701543e-02 2.071314474461385599e-02 1.178042262986828299e-02 1.222294829866557575e-02
6.375000000000000000e+00 1.927124275777438930e-02 1.995970579795012731e-02 1.126345734775130968e-02 1.168931755628538176e-02
6.400000000000000355e+00 1.856206304918519429e-02 1.922582610360235034e-02 1.076331578019019790e-02 1.117288765682863429e-02
6.424999999999999822e+00 1.787179873874672129e-02 1.851148426042849640e-02 1.027985330635418013e-02 1.067351796097523037e-02
6.450000000000000178e+00 1.720039953596184945e-02 1.781662823485195141e-02 9.812898807524454009e-03 1.019104165462089186e-02
6.474999999999999645e+00 1.654778480396627491e-02 1.714117456008421372e-02 9.362255977865713633e-03 9.725265874367861399e-03
6.500000000000000000e+00 1.591384538695622686e-02 1.648501042211800161e-02 8.927705119256810345e-03 9.275973652066143993e-03
6.525000000000000355e+00 1.529844506269347967e-02 1.584799547381303408e-02 8.509004757801374302e-03 8.842925690523100249e-03
6.549999999999999822e+00 1.470142197979255883e-02 1.522996314152092780e-02 8.105893376176419307e-03 8.425861928912621937e-03
6.575000000000000178e+00 1.412259027389283286e-02 1.463072228091390550e-02 7.718090985995100170e-03 8.024503264426918400e-03
6.599999999999999645e+00 1.356174154651130191e-02 1.405005859728898111e-02 7.345300793146489378e-03 7.638553085278970700e-03
6.625000000000000000e+00 1.301864640659958217e-02 1.348773632259560318e-02 6.987210986223456842e-03 7.267699060278069723e-03
6.650000000000000355e+00 1.249305593601880184e-02 1.294349975836850061e-02 6.643496260169675337e-03 6.911614802958047227e-03
6.674999999999999822e+00 1.198470335213130088e-02 1.241707477655278231e-02 6.313819500579135463e-03 6.569961444549382579e-03
6.700000000000000178e+00 1.149330543625550101e-02 1.190817039197558831e-02 5.997833391714214174e-03 6.242389268755121554e-03
6.724999999999999645e+00 1.101856428278202155e-02 1.141648038257377790e-02 5.695182145717194409e-03 5.928539374531510871e-03
6.750000000000000888e+00 1.056016853688931598e-02 1.094168486253735070e-02 5.405502836290684669e-03 5.628045252271442374e-03
6.775000000000001243e+00 1.011779460852260323e-02 1.048345139169428071e-02 5.128426707755756944e-03 5.340534050449419895e-03
6.799999999999999822e+00 9.691108595973094153e-03 1.004143673394855031e-02 4.863580934358815305e-03 5.065628184445834445e-03
6.825000000000001066e+00 9.279767366216816818e-03 9.615288150692668026e-03 4.610589804961909635e-03 4.802946683374535557e-03
6.849999999999999645e+00 8.883420033072238903e-03 9.204644801248610536e-03 4.369076045228596425e-03 4.552106507300036388e-03
6.875000000000000000e+00 8.501709174850324846e-03 8.809139128524224802e-03 4.138662054817899769e-03 4.312723845836464315e-03
6.900000000000001243e+00 8.134272116476356021e-03 8.428397978473304783e-03 3.918970978961497723e-03 4.084415207457625825e-03
6.924999999999999822e+00 7.780742143954700804e-03 8.062043987851248358e-03 3.709627823016704330e-03 3.866798576511002849e-03
6.950000000000001066e+00 7.440749506288703644e-03 7.709696614453680034e-03 3.510260427117392959e-03 3.659494417423339932e-03
6.974999999999999645e+00 7.113440214612732487e-03 7.371455729771272773e-03 3.320111597814319037e-03 3.462515402273891058e-03
7.000000000000000000e+00 6.797065297817525553e-03 7.043478042110229084e-03 3.138410484283976967e-03 3.273411557541555834e-03
7.025000000000001243e+00 6.493379358083179072e-03 6.728638662834058801e-03 2.965757550626630951e-03 3.093679809178953230e-03
7.049999999999999822e+00 6.201990095599573503e-03 6.426533226275557217e-03 2.801784948301436380e-03 2.922943166922659184e-03
7.075000000000001066e+00 5.922508259893271773e-03 6.136760288843325778e-03 2.646132542866059222e-03 2.760832178864218531e-03
7.099999999999999645e+00 5.654548405667413416e-03 5.858922257539838328e-03 2.498448433433830395e-03 2.606985537635454417e-03
7.125000000000000000e+00 5.397729511906840250e-03 5.592625981846371941e-03 2.358389362297712462e-03 2.461050496784235059e-03
7.150000000000001243e+00 5.151675601250071956e-03 5.337483433485328867e-03 2.225621021685826421e-03 2.322683270148070880e-03
7.174999999999999822e+00 4.916016314294884872e-03 5.093112271546107982e-03 2.099818386722859722e-03 2.191549337122095098e-03
7.200000000000000178e+00 4.690387480299607233e-03 4.859136363125516646e-03 1.980665978787250845e-03 2.067323717672897056e-03
7.224999999999999645e+00 4.474431501158749984e-03 4.635186335759173409e-03 1.867857983327787580e-03 1.949691200974668255e-03
7.250000000000000000e+00 4.267797756861137388e-03 4.420899903628182533e-03 1.761098412515346538e-03 1.838346463015993635e-03
7.275000000000001243e+00 4.070142978627015913e-03 4.215922254763921316e-03 1.660101179021614788e-03 1.732994176309633847e-03
7.299999999999999822e+00 3.881131514620697956e-03 4.019906391813858441e-03 1.564590117884247971e-03 1.633349079208897556e-03
7.325000000000000178e+00 3.700435575362722492e-03 3.832513353786678838e-03 1.474298974210628372e-03 1.539135964251398848e-03
7.349999999999999645e+00 3.527735483566349448e-03 3.653412457772934122e-03 1.388971368178301127e-03 1.450089658860165970e-03
7.375000000000000000e+00 3.362719849441378906e-03 3.482281506308744761e-03 1.308360719713212586e-03 1.365954965836008346e-03
7.400000000000001243e+00 3.205085654144192685e-03 3.318806911768325003e-03 1.232230132138498885e-03 1.286486569331934124e-03
7.424999999999999822e+00 3.054538352029119268e-03 3.162683777605438274e-03 1.160352251852252289e-03 1.211448899936072229e-03
7.450000000000000178e+00 2.910791961072530399e-03 3.013615994020352011e-03 1.092509125255974834e-03 1.140615998238968904e-03
7.474999999999999645e+00 2.773569080644104276e-03 2.871316258332910244e-03 1.028492000694322629e-03 1.073771330331591131e-03
7.500000000000000000e+00 2.642600856505715034e-03 2.735506091673217156e-03 9.681011227434968645e-04 1.010707599126947935e-03
7.525000000000000355e+00 2.517626983551132704e-03 2.605915796631305941e-03 9.111455295781499195e-04 9.512265287282976921e-04
7.549999999999999822e+00 2.398395695108580285e-03 2.482284447504251503e-03 8.574428441828833543e-04 8.951386544479423115e-04
7.575000000000000178e+00 2.284663620278141929e-03 2.364359799470647575e-03 8.068190090270596594e-04 8.422630825770798272e-04
7.599999999999999645e+00 2.176195735483411279e-03 2.251898188357396961e-03 7.591080447371006176e-04 7.924272369886282193e-04
7.625000000000000000e+00 2.072765250789334896e-03 2.144664456083696102e-03 7.141518044321855775e-04 7.454666170877095660e-04
7.650000000000000355e+00 1.974153472574666657e-03 2.042431812563074052e-03 6.717997211707600960e-04 7.012245416455466316e-04
7.674999999999999822e+00 1.880149667563917569e-03 1.944981670110240224e-03 6.319085330773182175e-04 6.595518748469255624e-04
7.700000000000000178e+00 1.790550924176923919e-03 1.852103520800252225e-03 5.943420254075108215e-04 6.203067670567766504e-04
7.724999999999999645e+00 1.705161981480567352e-03 1.763594774518710290e-03 5.589707774714844325e-04 5.833543935263369633e-04
7.750000000000000000e+00 1.623795057954918134e-03 1.679260571127965144e-03 5.256718924367105930e-04 5.485666857020859381e-04
7.775000000000000355e+00 1.546269677161872438e-03 1.598913603309866892e-03 4.943287409056622761e-04 5.158220656734784646e-04
7.799999999999999822e+00 1.472412486010760049e-03 1.522373934329305156e-03 4.648307071277143002e-04 4.850051896261090814e-04
7.825000000000000178e+00 1.402057065970220128e-03 1.449468808067712984e-03 4.370729344494221841e-04 4.560066890297171369e-04
7.849999999999999645e+00 1.335043738029370857e-03 1.380032445750044518e-03 4.109560832853453361e-04 4.287229181946882839e-04
7.875000000000000000e+00 1.271219371149052112e-03 1.313905850615438090e-03 3.863860802693043430e-04 4.030557057107173849e-04
7.900000000000000355e+00 1.210437181882779208e-03 1.250936605866637477e-03 3.632738860553965917e-04 3.789121100531986168e-04
7.924999999999999822e+00 1.152556537460463180e-03 1.190978668257631828e-03 3.415352672063904933e-04 3.562041842946280000e-04
7.950000000000000178e+00 1.097442760194134760e-03 1.133892166833027704e-03 3.210905688562671625e-04 3.348487454458578768e-04
7.974999999999999645e+00 1.044966930204918555e-03 1.079543203389092760e-03 3.018644991053106240e-04 3.147671513483608495e-04
8.000000000000000000e+00 9.950056874873818881e-04 1.027803647629637728e-03 2.837859181623121250e-04 2.958850830416138045e-04
8.025000000000000355e+00 9.474410386273479949e-04 9.785509363048519160e-04 2.667876352403955966e-04 2.781323347240664975e-04
8.050000000000000711e+00 9.021601655207738945e-04 9.316678773462620019e-04 2.508062125276117852e-04 2.614426116718330520e-04
8.074999999999999289e+00 8.590552361904071378e-04 8.870424543574335083e-04 2.357817764831241750e-04 2.457533347953075016e-04
8.099999999999999645e+00 8.180232197508171231e-04 8.445676353643279425e-04 2.216578366256077089e-04 2.310054529089632916e-04
8.125000000000000000e+00 7.789657037206357531e-04 8.041411841890615426e-04 2.083811108605219573e-04 2.171432620028403398e-04
8.150000000000000355e+00 7.417887159940845035e-04 7.656654761481464190e-04 1.959013583136063317e-04 2.041142317628143752e-04
8.175000000000000711e+00 7.064025505763884801e-04 7.290473179932448287e-04 1.841712196690810030e-04 1.918688395990055678e-04
8.199999999999999289e+00 6.727215967342508110e-04 6.941977713421526065e-04 1.731460635617190920e-04 1.803604115112516029e-04
8.224999999999999645e+00 6.406641743356301238e-04 6.610319815582152078e-04 1.627838403128450268e-04 1.695449699702853677e-04
8.250000000000000000e+00 6.101523723550529143e-04 6.294690110419645570e-04 1.530449423095171118e-04 1.593810886674574070e-04
8.275000000000000355e+00 5.811118921752037644e-04 5.994316761839929000e-04 1.438920708212592140e-04 1.498297537348832419e-04
8.300000000000000711e+00 5.534718967955756666e-04 5.708463910723462348e-04 1.352901090478077445e-04 1.408542318582891770e-04
8.324999999999999289e+00 5.271648626421863038e-04 5.436430147360516926e-04 1.272060010253940046e-04 1.324199442460201261e-04
8.349999999999999645e+00 5.021264378121492560e-04 5.177547028608153832e-04 1.196086369083146735e-04 1.244943467408011150e-04
8.375000000000000000e+00 4.782953050471249845e-04 4.931177660480802775e-04 1.124687437281548212e-04 1.170468161357088636e-04
8.400000000000000355e+00 4.556130483395757808e-04 4.696715315760599811e-04 1.057587815867669861e-04 1.100485418993657943e-04
8.425000000000000711e+00 4.340240251212719013e-04 4.473582102875114388e-04 9.945284524717042855e-05 1.034724234141374660e-04
8.449999999999999289e+00 4.134752427313489174e-04 4.261227685601514715e-04 9.352657087057291232e-05 9.729297263129693034e-05
8.474999999999999645e+00 3.939162393848320669e-04 4.059128045776266088e-04 8.795704732211273873e-05 9.148622161476044909e-05
8.500000000000000000e+00 3.752989703507604471e-04 3.866784293933947015e-04 8.272273257126516331e-05 8.602963492247592226e-05
8.525000000000000355e+00 3.575776980073110036e-04 3.683721534321189009e-04 7.780337439326411259e-05 8.090202696967264886e-05
8.550000000000000711e+00 3.407088857169342081e-04 3.509487761476788570e-04 7.317993512160571778e-05 7.608348342969952047e-05
8.574999999999999289e+00 3.246510970401267674e-04 3.343652806779286949e-04 6.883452094158367871e-05 7.155528708626531181e-05
8.599999999999999645e+00 3.093648981111987066e-04 3.185807325878843468e-04 6.475031464837082307e-05 6.729984767957234912e-05
8.625000000000000000e+00 2.948127644925132218e-04 3.035561831477224842e-04 6.091151230211535515e-05 6.330063567538532965e-05
8.650000000000000355e+00 2.809589919279308415e-04 2.892545762624074948e-04 5.730326350006455157e-05 5.954211966607940714e-05
8.675000000000000711e+00 2.677696108000683509e-04 2.756406595305344173e-04 5.391161489822788856e-05 5.600970732516334384e-05
8.699999999999999289e+00 2.552123039255684640e-04 2.626808987616560264e-04 5.072345678596949786e-05 5.268968956482445397e-05
8.724999999999999645e+00 2.432563285515451721e-04 2.503433966925441411e-04 4.772647299331471182e-05 4.956918798509649614e-05
8.750000000000000000e+00 2.318724411912004811e-04 2.385978149889042229e-04 4.490909345860093156e-05 4.663610531239674808e-05
8.775000000000000355e+00 2.210328261061025184e-04 2.274152994620052323e-04 4.226044955601896259e-05 4.387907856431278163e-05
8.800000000000000711e+00 2.107110268935463455e-04 2.167684091688825549e-04 3.977033205442523660e-05 4.128743507452978142e-05
8.824999999999999289e+00 2.008818810406539561e-04 2.066310481881720746e-04 3.742915145622539966e-05 3.885115094274799034e-05
8.849999999999999645e+00 1.915214576403578178e-04 1.969784006418003313e-04 3.522790071792404035e-05 3.656081195163334485e-05
8.875000000000000000e+00 1.826069978191308487e-04 1.877868689983547821e-04 3.315812007887239269e-05 3.440757682098610819e-05
8.900000000000000355e+00 1.741168578089409970e-04 1.790340145816320247e-04 3.121186399184648115e-05 3.238314249546213070e-05
8.925000000000000711e+00 1.660304548739310101e-04 1.706985012972184689e-04 2.938167002519210649e-05 3.047971157856054441e-05
8.949999999999999289e+00 1.583282156115714361e-04 1.627600419109598577e-04 2.766052958703376483e-05 2.868996168211512902e-05
8.974999999999999645e+00 1.509915267200861446e-04 1.551993466988195989e-04 2.604186038028240028e-05 2.700701656124584134e-05
9.000000000000000000e+00 1.440026880286122274e-04 1.479980746984183916e-04 2.451948050460017286e-05 2.542441900258553625e-05
9.025000000000000355e+00 1.373448677714236659e-04 1.411387869955518868e-04 2.308758413547615235e-05 2.393610529680776110e-05
9.050000000000000711e+00 1.310020600887775040e-04 1.346049025023945685e-04 2.174071861414773952e-05 2.253638127891074251e-05
9.074999999999999289e+00 1.249590444359948761e-04 1.283806558304660932e-04 2.047376294158125825e-05 2.121989979447269669e-05
9.099999999999999645e+00 1.192013469447364079e-04 1.224510569936079502e-04 1.928190758089818523e-05 1.998163951657048857e-05
9.125000000000000000e+00 1.137152036937418779e-04 1.168018531892475590e-04 1.816063543967376531e-05 1.881688504650966265e-05
9.150000000000000355e+00 1.084875257034728120e-04 1.114194923854088518e-04 1.710570402983467101e-05 1.772120821404169963e-05
9.175000000000000711e+00 1.035058656713672641e-04 1.062910886816735117e-04 1.611312870659180804e-05 1.669045051608464080e-05
9.199999999999999289e+00 9.875838630157005634e-05 1.014043893756077862e-04 1.517916691026079626e-05 1.572070662225258839e-05
9.224999999999999645e+00 9.423383016293418132e-05 9.674774360500364991e-05 1.430030337540430849e-05 1.480830887458204542e-05
9.250000000000000000e+00 8.992149104407657061e-05 9.231007252882894641e-05 1.347323625462913587e-05 1.394981274406924950e-05
9.275000000000000355e+00 8.581118670773283373e-05 8.808084099009568868e-05 1.269486405988427991e-05 1.314198316990779820e-05
9.300000000000000711e+00 8.189323296336863123e-05 8.405003056154958479e-05 1.196227341084396638e-05 1.238178172665933020e-05
9.324999999999999289e+00 7.815841902297062445e-05 8.020811390130387717e-05 1.127272753722033691e-05 1.166635457856117542e-05
9.349999999999999645e+00 7.459798408726896690e-05 7.654603039535782963e-05 1.062365549042912863e-05 1.099302117669985524e-05
9.375000000000000000e+00 7.120359507598976185e-05 7.305516301200528620e-05 1.001264199824337856e-05 1.035926364965292839e-05
9.400000000000000355e+00 6.796732544548873595e-05 6.972731627854169179e-05 9.437417948124542582e-06 9.762716833583010348e-06
9.425000000000000711e+00 6.488163508038261495e-05 6.655469536365225195e-05 8.895851460662740947e-06 9.201158926242151864e-06
9.449999999999999289e+00 6.193935116623879250e-05 6.352988620274957867e-05 8.385939494728773542e-06 8.672502705691839935e-06
9.474999999999999645e+00 5.913365001021566718e-05 6.064583660187740729e-05 7.905799982478709895e-06 8.174787293179842487e-06
9.500000000000000000e+00 5.645803977485743300e-05 5.789583829043507457e-05 7.453664439435176475e-06 7.706170420885786259e-06
9.525000000000000355e+00 5.390634406668874326e-05 5.527350986465719894e-05 7.027871037734631624e-06 7.264921178722137997e-06
9.550000000000000711e+00 5.147268634094173310e-05 5.277278058552363661e-05 6.626858090900655469e-06 6.849413205014106864e-06
9.574999999999999289e+00 4.915147507742007537e-05 5.038787498189418703e-05 6.249157943051454537e-06 6.458118292581594758e-06
9.599999999999999645e+00 4.693738970347560664e-05 4.811329822247628016e-05 5.893391237676136064e-06 6.089600390765008010e-06
9.625000000000000000e+00 4.482536721843651141e-05 4.594382222428332552e-05 5.558261541341153466e-06 5.742509979059375698e-06
9.650000000000000355e+00 4.281058947839043547e-05 4.387447245003965515e-05 5.242550288076420672e-06 5.415578786251447020e-06
9.675000000000000711e+00 4.088847112005594334e-05 4.190051536541508626e-05 4.945112039671723001e-06 5.107614830268902288e-06
9.699999999999999289e+00 3.905464809035419209e-05 4.001744653126325894e-05 4.664870039669231690e-06 4.817497769880837919e-06
9.724999999999999645e+00 3.730496674533733450e-05 3.822097928759480559e-05 4.400812033110402480e-06 4.544174536845410458e-06
9.750000000000000000e+00 3.563547349164378154e-05 3.650703400242205442e-05 4.151986349616311914e-06 4.286655239532576961e-06
9.775000000000000355e+00 3.404240494609902271e-05 3.487172786033037594e-05 3.917498226663770908e-06 4.044009318382390351e-06
9.800000000000000711e+00 3.252217858833739432e-05 3.331136516025462056e-05 3.696506354667241377e-06 3.815361939159571722e-06
9.824999999999999289e+00 3.107138388062149890e-05 3.182242810165429971e-05 3.488219635542226960e-06 3.599890603729465139e-06
9.849999999999999645e+00 2.968677382913146283e-05 3.040156803616832673e-05 3.291894143214289825e-06 3.396821975234354551e-06
9.875000000000000000e+00 2.836525696274234102e-05 2.904559714371098814e-05 3.106830262991052614e-06 3.205428891492144914e-06
9.900000000000000355e+00 2.710388971960949134e-05 2.775148053612608751e-05 2.932370016562179735e-06 3.025027567287974677e-06
9.925000000000000711e+00 2.589986920682400666e-05 2.651632875337748884e-05 2.767894541380115987e-06 2.854974966169981105e-06
9.949999999999999289e+00 2.475052632337947702e-05 2.533739063083647634e-05 2.612821729973016120e-06 2.694666333129972508e-06
9.974999999999999645e+00 2.365331922582450435e-05 2.421204652641436854e-05 2.466604011546807694e-06 2.543532879450337164e-06
1.000000000000000000e+01 2.260582711937361041e-05 2.313780188529070145e-05 2.328726271953583280e-06 2.401039609736459542e-06
1.002500000000000036e+01 2.160574435727922817e-05 2.211228112610133178e-05 2.198703895502086888e-06 2.266683281870609748e-06
1.005000000000000071e+01 2.065087483351275776e-05 2.113322183023949957e-05 2.076080929702085785e-06 2.139990489381950410e-06
1.007499999999999929e+01 1.973912665438860172e-05 2.019846922170170399e-05 1.960428364498780731e-06 2.020515865158531347e-06
1.009999999999999964e+01 1.886850707535981642e-05 1.930597092242746754e-05 1.851342510911072244e-06 1.907840392252875501e-06
1.012500000000000000e+01 1.803711768884135218e-05 1.845377196860911091e-05 1.748443483891090029e-06 1.801569819173906382e-06
1.015000000000000036e+01 1.724314984948910394e-05 1.764001007433094382e-05 1.651373773378230517e-06 1.701333171578716696e-06
1.017500000000000071e+01 1.648488032674128969e-05 1.686291112922525144e-05 1.559796903277325965e-06 1.606781353632350359e-06
1.019999999999999929e+01 1.576066717327199326e-05 1.612078492204144451e-05 1.473396174446665080e-06 1.517585835924780042e-06
1.022499999999999964e+01 1.506894579685551381e-05 1.541202107462646387e-05 1.391873481011148658e-06 1.433437423280004766e-06
1.025000000000000000e+01 1.440822522723871982e-05 1.473508517836801970e-05 1.314948200714128648e-06 1.354045096673509543e-06
1.027500000000000036e+01 1.377708456644168100e-05 1.408851512199316136e-05 1.242356152263007680e-06 1.279134927337571771e-06
1.030000000000000071e+01 1.317416961440537906e-05 1.347091759949234050e-05 1.173848613065846373e-06 1.208449054357664117e-06
1.032499999999999929e+01 1.259818966131588697e-05 1.288096479238498937e-05 1.109191400693205455e-06 1.141744725884791075e-06
1.034999999999999964e+01 1.204791443751366455e-05 1.231739121527495199e-05 1.048164007244176054e-06 1.078793398461260187e-06
1.037500000000000000e+01 1.152217121339674098e-05 1.177899071659348973e-05 9.905587876736285652e-07 1.019379890827561180e-06
1.040000000000000036e+01 1.101984204181945892e-05 1.126461362736823835e-05 9.361801949201296390e-07 9.633015889256431038e-07
1.042500000000000071e+01 1.053986113568699097e-05 1.077316405027322516e-05 8.848440625583123890e-07 9.103676980314339544e-07
1.044999999999999929e+01 1.008121237409963683e-05 1.030359728168637420e-05 8.363769317431931799e-07 8.603985417262410229e-07
1.047499999999999964e+01 9.642926930959931108e-06 9.854917360752781636e-06 7.906154163257642288e-07 8.132249020228541331e-07
1.050000000000000000e+01 9.224081019191913299e-06 9.426174738554298475e-06 7.474056085753263209e-07 7.686873998803226898e-07
1.052500000000000036e+01 8.823793745348504700e-06 9.016464061226176386e-06 7.066025182386485315e-07 7.266359127482522769e-07
1.055000000000000071e+01 8.441225068956191406e-06 8.624922062010116099e-06 6.680695471228203834e-07 6.869290268648781163e-07
1.057499999999999929e+01 8.075573861039274555e-06 8.250725555973570458e-06 6.316779952046386422e-07 6.494335235719956655e-07
1.059999999999999964e+01 7.726076057528239702e-06 7.893089532676861073e-06 5.973065945603558896e-07 6.140238954106668078e-07
1.062500000000000000e+01 7.392002902350094237e-06 7.551265342104887962e-06 5.648410728826365926e-07 5.805818915301642269e-07
1.065000000000000036e+01 7.072659275798980591e-06 7.224538968790921184e-06 5.341737424920770606e-07 5.489960905292973993e-07
1.067500000000000071e+01 6.767382104096810872e-06 6.912229389871579390e-06 5.052031143173573223e-07 5.191614988957120688e-07
1.069999999999999929e+01 6.475538845990482497e-06 6.613687013090624156e-06 4.778335346416421676e-07 4.909791736171271198e-07
1.072499999999999964e+01 6.196526052572411253e-06 6.328292190487284376e-06 4.519748428360506141e-07 4.643558668920721204e-07
1.075000000000000000e+01 5.929767996803175185e-06 6.055453804151139065e-06 4.275420505637782481e-07 4.392036921571852947e-07
1.077500000000000036e+01 5.674715369142793890e-06 5.794607920514113745e-06 4.044550399463506971e-07 4.154398105319798552e-07
1.080000000000000071e+01 5.430844036062969938e-06 5.545216509691110628e-06 3.826382787148738285e-07 3.929861354426051380e-07
1.082499999999999929e+01 5.197653858416470355e-06 5.306766226571188032e-06 3.620205531179457407e-07 3.717690547969519217e-07
1.084999999999999964e+01 4.974667566656079819e-06 5.078767250871965334e-06 3.425347167210499173e-07 3.517191700317777999e-07
1.087500000000000000e+01 4.761429690016350040e-06 4.860752182966159323e-06 3.241174537680742749e-07 3.327710505393407963e-07
1.090000000000000036e+01 4.557505537148863561e-06 4.652274992866911366e-06 3.067090564829084006e-07 3.148630025717656482e-07
1.092500000000000071e+01 4.362480225596379699e-06 4.452910019697521670e-06 2.902532157025029851e-07 2.979368517850875668e-07
1.094999999999999929e+01 4.175957757773538747e-06 4.262251019253530650e-06 2.746968241019023101e-07 2.819377388842612586e-07
1.097499999999999964e+01 3.997560141003202419e-06 4.079910257151519731e-06 2.599897905766422626e-07 2.668139272368580955e-07
1.100000000000000000e+01 3.826926549667476579e-06 3.905517645393371923e-06 2.460848656715207421e-07 2.525166217174716468e-07
1.102500000000000036e+01 3.663712527302374652e-06 3.738719920248676735e-06 2.329374776190917752e-07 2.389997983968706877e-07
1.105000000000000071e+01 3.507589226680930821e-06 3.579179859387641945e-06 2.205055777577412521e-07 2.262200443361253556e-07
1.107499999999999929e+01 3.358242686044949427e-06 3.426575536343279718e-06 2.087494950653023832e-07 2.141364066791488164e-07
1.109999999999999964e+01 3.215373139737014197e-06 3.280599610510007904e-06 1.976317991777673518e-07 2.027102506954003651e-07
1.112500000000000000e+01 3.078694361487138427e-06 3.140958650855553473e-06 1.871171714650677068e-07 1.919051260274680913e-07
1.115000000000000036e+01 2.947933038899163130e-06 3.007372491805018894e-06 1.771722838923488534e-07 1.816866410206090253e-07
1.117500000000000071e+01 2.822828177532874287e-06 2.879573619719723520e-06 1.677656845749406728e-07 1.720223442638945777e-07
1.119999999999999929e+01 2.703130533112031662e-06 2.757306588428136638e-06 1.588676902846133975e-07 1.628816130838973310e-07
1.122499999999999964e+01 2.588602070554002928e-06 2.640327462387035014e-06 1.504502851515111412e-07 1.542355485920799017e-07
1.125000000000000000e+01 2.479015448540522248e-06 2.528403286204677112e-06 1.424870252871368721e-07 1.460568768589711048e-07
1.127500000000000036e+01 2.374153528338088172e-06 2.421311579210610697e-06 1.349529489588462734e-07 1.383198558592647256e-07
1.130000000000000071e+01 2.273808905726357595e-06 2.318839853846812480e-06 1.278244919837214611e-07 1.310001878392340090e-07
1.132499999999999929e+01 2.177783464906708829e-06 2.220785156729883129e-06 1.210794080610384576e-07 1.240749367929257370e-07
1.134999999999999964e+01 2.085887953361632284e-06 2.126953631311906926e-06 1.146966936330876939e-07 1.175224507175681200e-07
1.137500000000000000e+01 1.997941576635252272e-06 2.037160101094670074e-06 1.086565172723921636e-07 1.113222883872687789e-07
1.140000000000000036e+01 1.913771612071543938e-06 1.951227672389747873e-06 1.029401530186428177e-07 1.054551504471376965e-07
1.142500000000000071e+01 1.833213040615174994e-06 1.868987355691644538e-06 9.752991758816549458e-08 9.990281436873153890e-08
1.144999999999999929e+01 1.756108195807999747e-06 1.790277704787329245e-06 9.240911136910965101e-08 9.464807334077791319e-08
1.147499999999999964e+01 1.682306429139524217e-06 1.714944472712181330e-06 8.756196257872584588e-08 8.967467856976840886e-08
1.150000000000000000e+01 1.611663791002185988e-06 1.642840283772714150e-06 8.297357482967335333e-08 8.496728496616328099e-08
1.152500000000000036e+01 1.544042726487839034e-06 1.573824320887787720e-06 7.862987758056069711e-08 8.051139993454856696e-08
1.155000000000000071e+01 1.479311785310123160e-06 1.507762027465215473e-06 7.451757957261122700e-08 7.629333514055274750e-08
1.157499999999999929e+01 1.417345345201087975e-06 1.444524823159033023e-06 7.062412491188337536e-08 7.230016109586979022e-08
1.159999999999999964e+01 1.358023348123804826e-06 1.383989832834383747e-06 6.693765159024285711e-08 6.851966431489046002e-08
1.162500000000000000e+01 1.301231048698551568e-06 1.326039628103824913e-06 6.344695241100010290e-08 6.494030690404422967e-08
1.165000000000000036e+01 1.246858774265291178e-06 1.270561980846217359e-06 6.014143819975766890e-08 6.155118850119194932e-08
1.167500000000000071e+01 1.194801696029871030e-06 1.217449628136831198e-06 5.701110309441662173e-08 5.834201040347534036e-08
1.169999999999999929e+01 1.144959610765864604e-06 1.166600048047866619e-06 5.404649185559279160e-08 5.530304175642646696e-08
1.172499999999999964e+01 1.097236732579792889e-06 1.117915245800789452e-06 5.123866901205015223e-08 5.242508768918202385e-08
1.175000000000000000e+01 1.051541494260788287e-06 1.071301549787378771e-06 4.857918973204361078e-08 4.969945923270589557e-08
1.177500000000000036e+01 1.007786357761425730e-06 1.026669416987010085e-06 4.606007240641023956e-08 4.711794497040640040e-08
1.180000000000000071e+01 9.658876333856977944e-07 9.839332473398334528e-07 4.367377277504620909e-08 4.467278431323315748e-08
1.182499999999999929e+01 9.257653072686196978e-07 9.430112066545664208e-07 4.141315952706330936e-08 4.235664229588727470e-08
1.184999999999999964e+01 8.873428767618283748e-07 9.038250576465423432e-07 3.927149128652444780e-08 4.016258580793792033e-08
1.187500000000000000e+01 8.505471933540115289e-07 8.662999987260319227e-07 3.724239490241331471e-08 3.808406117577391646e-08
1.190000000000000036e+01 8.153083127705577612e-07 8.303645101716530602e-07 3.531984497482628157e-08 3.611487301927601350e-08
1.192500000000000071e+01 7.815593519197250965e-07 7.959502073429194757e-07 3.349814451434202274e-08 3.424916430178286763e-08
1.194999999999999929e+01 7.492363523641239058e-07 7.629917006027048155e-07 3.177190673760041780e-08 3.248139750935703149e-08
1.197499999999999964e+01 7.182781500128668635e-07 7.314264616340685942e-07 3.013603787518573620e-08 3.080633692119896611e-08
1.200000000000000000e+01 6.886262507457193317e-07 7.011946958567476528e-07 2.858572091898498029e-08 2.921903184597410817e-08
1.202500000000000036e+01 6.602247116900075523e-07 6.722392206535009197e-07 2.711640032498888441e-08 2.771480082555355437e-08
1.205000000000000071e+01 6.330200278912392049e-07 6.445053491392391489e-07 2.572376757029461869e-08 2.628921672600557836e-08
1.207499999999999929e+01 6.069610241239560048e-07 6.179407792126734096e-07 2.440374752517857243e-08 2.493809268548162646e-08
1.209999999999999964e+01 5.819987516064581392e-07 5.924954876468323483e-07 2.315248554636392203e-08 2.365746882054968293e-08
1.212500000000000000e+01 5.580863893906129166e-07 5.681216289837845212e-07 2.196633535569596883e-08 2.244359969570205436e-08
1.215000000000000036e+01 5.351791502116353564e-07 5.447734390095437930e-07 2.084184758258356663e-08 2.129294251159707949e-08
1.217500000000000071e+01 5.132341905905982251e-07 5.224071425985058965e-07 1.977575892624764730e-08 2.020214594350111048e-08
1.219999999999999929e+01 4.922105249941913493e-07 5.009808657245421276e-07 1.876498192863836474e-08 1.916803959639906710e-08
1.222499999999999964e+01 4.720689438650978788e-07 4.804545514469952565e-07 1.780659534331105472e-08 1.818762406194881643e-08
1.225000000000000000e+01 4.527719353421960451e-07 4.607898796870122471e-07 1.689783502507830020e-08 1.725806153708227145e-08
1.227500000000000036e+01 4.342836105035166321e-07 4.419501906189081392e-07 1.603608532668979097e-08 1.637666695598077445e-08
1.230000000000000071e+01 4.165696319701010264e-07 4.239004115129999849e-07 1.521887098342221599e-08 1.554089962563562197e-08
1.232499999999999929e+01 3.995971457138649399e-07 4.066069868682247436e-07 1.444384943137378617e-08 1.474835531825004272e-08
1.234999999999999964e+01 3.833347159254148711e-07 3.900378116844325497e-07 1.370880357914869330e-08 1.399675881054703960e-08
1.237500000000000000e+01 3.677522628003319385e-07 3.741621677306401739e-07 1.301163495913454186e-08 1.328395684114544217e-08
1.240000000000000036e+01 3.528210031105948065e-07 3.589506626717392545e-07 1.235035726569504105e-08 1.260791144843020165e-08
1.242500000000000071e+01 3.385133934338364101e-07 3.443751719220327615e-07 1.172309026405545956e-08 1.196669369357022305e-08
1.244999999999999929e+01 3.248030759200215456e-07 3.304087831025175469e-07 1.112805402029460117e-08 1.135847772327087690e-08
1.247499999999999964e+01 3.116648264779314147e-07 3.170257429812651038e-07 1.056356345473170154e-08 1.078153516362286241e-08
1.250000000000000000e+01 2.990745052731480885e-07 3.042014067842962897e-07 1.002802318878475900e-08 1.023422981602196865e-08
1.252500000000000036e+01 2.870090094319687298e-07 2.919121897694715938e-07 9.519922700898032328e-09 9.715012658145895540e-09
1.255000000000000071e+01 2.754462278505443420e-07 2.801355209595191018e-07 9.037831726261853412e-09 9.222417120668454659e-09
1.257499999999999929e+01 2.643649980139992754e-07 2.688497989368499226e-07 8.580395911027556888e-09 8.755054613893438575e-09
1.259999999999999964e+01 2.537450647343923823e-07 2.580343496055090611e-07 8.146332725410757598e-09 8.311610311841345340e-09
1.262500000000000000e+01 2.435670407210334208e-07 2.476693858323171653e-07 7.734427581652249549e-09 7.890839167916522126e-09
1.265000000000000036e+01 2.338123688993447105e-07 2.377359688807514977e-07 7.343530167056781268e-09 7.491562140906130605e-09
1.267500000000000071e+01 2.244632864004080597e-07 2.282159715571679868e-07 6.972550990230832963e-09 7.112662636485200283e-09
1.269999999999999929e+01 2.155027901450834561e-07 2.190920429922545301e-07 6.620458107017252229e-09 6.753083143034603417e-09
1.272499999999999964e+01 2.069146039508128131e-07 2.103475749828584806e-07 6.286274029077525708e-09 6.411822050914492136e-09
1.275000000000000000e+01 1.986831470929635967e-07 2.019666698244163089e-07 5.969072797579694766e-09 6.087930645475862082e-09
1.277500000000000036e+01 1.907935042551592605e-07 1.939341095671493788e-07 5.667977220075791796e-09 5.780510263423994047e-09
1.280000000000000071e+01 1.832313968060043275e-07 1.862353266313648240e-07 5.382156261828314661e-09 5.488709608912749131e-09
1.282499999999999929e+01 1.759831553428510922e-07 1.788563757209805024e-07 5.110822574596246868e-09 5.211722214841135324e-09
1.284999999999999964e+01 1.690356934456698829e-07 1.717839069769312744e-07 4.853230158721682619e-09 4.948784041154773243e-09
1.287500000000000000e+01 1.623764825871534178e-07 1.650051403147660119e-07 4.608672155475373826e-09 4.699171203490839897e-09
1.290000000000000036e+01 1.559935281472074132e-07 1.585078408940686149e-07 4.376478759271112459e-09 4.462197828146305006e-09
1.292500000000000071e+01 1.498753464821518743e-07 1.522802956678672371e-07 4.156015244498712108e-09 4.237214022418079105e-09
1.294999999999999929e+01 1.440109430021703201e-07 1.463112909646777889e-07 3.946680096927799396e-09 4.023603957486215803e-09
1.297499999999999964e+01 1.383897912115573245e-07 1.405900910568293226e-07 3.747903243444880320e-09 3.820784049776721373e-09
1.300000000000000000e+01 1.330018126692000691e-07 1.351064176707815602e-07 3.559144388346772931e-09 3.628201247223186042e-09
1.302500000000000036e+01 1.278373578283767354e-07 1.298504303980384764e-07 3.379891428938553111e-09 3.445331406515423922e-09
1.305000000000000071e+01 1.228871877166880206e-07 1.248127079662019232e-07 3.209658961346128270e-09 3.271677756374766367e-09
1.307499999999999929e+01 1.181424564189046967e-07 1.199842303320191919e-07 3.047986867369110550e-09 3.106769446325647843e-09
1.309999999999999964e+01 1.135946943272170009e-07 1.153563615599815978e-07 2.894438974381813051e-09 2.950160171874391896e-09
1.312500000000000000e+01 1.092357921248878210e-07 1.109208334517169739e-07 2.748601792235279946e-09 2.801426875159841641e-09
1.315000000000000036e+01 1.050579854708326592e-07 1.066697298927624673e-07 2.610083315504644413e-09 2.660168516651428486e-09
1.317500000000000071e+01 1.010538403543360517e-07 1.025954718851367255e-07 2.478511890049131528e-09 2.526004911369887937e-09
1.319999999999999929e+01 9.721623909027418596e-08 9.869080323546437969e-08 2.353535141696238467e-09 2.398575629067446479e-09
1.322499999999999964e+01 9.353836692665452514e-08 9.494877686963594880e-08 2.234818960166895126e-09 2.277538952222936694e-09
1.325000000000000000e+01 9.001369923755415660e-08 9.136274174645981106e-08 2.122046539690581533e-09 2.162570890587369727e-09
1.327500000000000036e+01 8.663598927577560606e-08 8.792633034397655473e-08 2.014917471506143701e-09 2.053364249316514040e-09
1.330000000000000071e+01 8.339925646066971445e-08 8.463344669326536942e-08 1.913146884068496025e-09 1.949627747457982289e-09
1.332499999999999929e+01 8.029777517769091563e-08 8.147825493574250101e-08 1.816464627960401634e-09 1.851085182303953087e-09
1.334999999999999964e+01 7.732606406732834040e-08 7.845516838103807311e-08 1.724614506253377371e-09 1.757474639059737513e-09
1.337500000000000000e+01 7.447887578204963629e-08 7.555883904355024542e-08 1.637353545489627963e-09 1.668547743126934472e-09
1.340000000000000036e+01 7.175118719085479556e-08 7.278414763679133848e-08 1.554451305449837842e-09 1.584068952266052775e-09
1.342500000000000071e+01 6.913819001196500985e-08 7.012619400556527551e-08 1.475689226830485410e-09 1.503814886884835816e-09
1.344999999999999929e+01 6.663528185507007333e-08 6.758028797694450380e-08 1.400860011959799427e-09 1.427573696166032961e-09
1.347499999999999964e+01 6.423805765535723052e-08 6.514194061184079881e-08 1.329767039036093771e-09 1.355144456875064210e-09
1.350000000000000178e+01 6.194230148237530392e-08 6.280685583981122834e-08 1.262223809346960578e-09 1.286336605966651121e-09
1.352500000000000213e+01 5.974397870752821739e-08 6.057092246051061295e-08 1.198053420403978207e-09 1.220969402100089140e-09
1.355000000000000249e+01 5.763922851474737884e-08 5.843020649595615461e-08 1.137088070334274371e-09 1.158871415938567872e-09
1.357499999999999929e+01 5.562435673957236869e-08 5.638094387848756748e-08 1.079168587483190730e-09 1.099880048712017692e-09
1.359999999999999964e+01 5.369582902253221620e-08 5.441953345997079996e-08 1.024143984608022279e-09 1.043841075189426756e-09
1.362500000000000000e+01 5.185026426337360809e-08 5.254253032847104405e-08 9.718710375633541716e-10 9.906082119233289716e-10
1.365000000000000213e+01 5.008442836327703009e-08 5.074663941923551464e-08 9.222138854790025091e-10 9.400427075847313229e-10
1.367500000000000249e+01 4.839522824277441692e-08 4.902870940740853910e-08 8.750436531270738305e-10 8.920129559241396581e-10
1.369999999999999929e+01 4.677970612364651948e-08 4.738572687046718935e-08 8.302380918736127777e-10 8.463941283774196781e-10
1.372499999999999964e+01 4.523503406361607068e-08 4.581481070894196917e-08 7.876812416084310451e-10 8.030678269254773516e-10
1.375000000000000000e+01 4.375850873312558799e-08 4.431320681446519281e-08 7.472631088585069479e-10 7.619217551877316928e-10
1.377500000000000213e+01 4.234754642401063526e-08 4.287828297469462874e-08 7.088793632375022814e-10 7.228494068014807538e-10
1.380000000000000249e+01 4.099967828032697644e-08 4.150752400516156465e-08 6.724310496184591653e-10 6.857497709733864855e-10
1.382499999999999929e+01 3.971254574201355094e-08 4.019852709850908434e-08 6.378243147750392018e-10 6.505270528178439205e-10
1.384999999999999964e+01 3.848389619252330539e-08 3.894899738203346775e-08 6.049701499425898158e-10 6.170904091475604477e-10
1.387500000000000000e+01 3.731157880193970042e-08 3.775674367485682411e-08 5.737841457914604883e-10 5.853536981669027160e-10
1.390000000000000213e+01 3.619354055748675018e-08 3.661967443645012575e-08 5.441862609787211828e-10 5.552352422395307419e-10
1.392500000000000249e+01 3.512782247371511838e-08 3.553579389860858313e-08 5.161006033870332842e-10 5.266576037333967484e-10
1.394999999999999929e+01 3.411255597498623021e-08 3.450319837333762466e-08 4.894552221560223711e-10 4.995473725759624013e-10
1.397499999999999964e+01 3.314595944322644854e-08 3.352007272944843058e-08 4.641819112319489576e-10 4.738349649566309176e-10
1.400000000000000000e+01 3.222633492424441500e-08 3.258468703100536949e-08 4.402160237358107505e-10 4.494544331555615016e-10
1.402500000000000213e+01 3.135206498621176538e-08 3.169539333108561441e-08 4.174962954954768374e-10 4.263432853407633615e-10
1.405000000000000249e+01 3.052160972420057496e-08 3.085062261459284069e-08 3.959646784646236482e-10 4.044423148763855864e-10
1.407499999999999929e+01 2.973350390495979723e-08 3.004888188418103140e-08 3.755661830801806867e-10 3.836954390495175010e-10
1.409999999999999964e+01 2.898635424637420620e-08 2.928875138360783649e-08 3.562487288750795658e-10 3.640495462695659433e-10
1.412500000000000000e+01 2.827883682631900664e-08 2.856888195309811285e-08 3.379630036129859640e-10 3.454543517412558478e-10
1.415000000000000213e+01 2.760969461587479933e-08 2.788799251157511938e-08 3.206623291768221614e-10 3.278622607488794164e-10
1.417500000000000249e+01 2.697773513208994085e-08 2.724486766083814897e-08 3.043025354616727077e-10 3.112282392223633051e-10
1.419999999999999929e+01 2.638182820572186547e-08 2.663835540700626694e-08 2.888418411863869830e-10 2.955096918497100706e-10
1.422499999999999964e+01 2.582090385960199529e-08 2.606736499477965154e-08 2.742407403795555094e-10 2.806663463632284705e-10
1.425000000000000000e+01 2.529395029347522621e-08 2.553086485027231072e-08 2.604618959873257387e-10 2.666601443335721810e-10
1.427500000000000036e+01 2.480001197137415518e-08 2.502788062838457616e-08 2.474700389758755902e-10 2.534551381465273885e-10
1.430000000000000249e+01 2.433818780777523266e-08 2.455749336088084667e-08 2.352318728749248246e-10 2.410173934916458599e-10
1.432499999999999929e+01 2.390762944896838326e-08 2.411883770151964857e-08 2.237159840585220840e-10 2.293148974154028243e-10
1.434999999999999964e+01 2.350753964625888787e-08 2.371110026477461973e-08 2.128927568177526299e-10 2.183174716274849399e-10
1.437500000000000000e+01 2.313717071778441673e-08 2.333351805486028341e-08 2.027342932986688345e-10 2.079966906080742924e-10
1.440000000000000036e+01 2.279582309589328248e-08 2.298537698193669625e-08 1.932143379464251476e-10 1.983258044748016809e-10
1.442500000000000249e+01 2.248284395719167958e-08 2.266601046253174008e-08 1.843082064960924665e-10 1.892796662266882708e-10
1.444999999999999929e+01 2.219762593252052589e-08 2.237479810137955231e-08 1.759927191104743430e-10 1.808346634836605895e-10
1.447499999999999964e+01 2.193960589426781209e-08 2.211116445202124121e-08 1.682461371997243100e-10 1.729686539854550726e-10
1.450000000000000000e+01 2.170826381856171750e-08 2.187457785365350549e-08 1.610481044884924347e-10 1.656609051982557269e-10
1.452500000000000036e+01 2.150312172003078217e-08 2.166454934185964633e-08 1.543795912873126982e-10 1.588920375115452798e-10
1.455000000000000249e+01 2.132374265693650939e-08 2.148063163097603188e-08 1.482228424459986535e-10 1.526439709729396656e-10
1.457499999999999929e+01 2.116972980462653056e-08 2.132241816598907440e-08 1.425613286446819133e-10 1.468998754610321552e-10
1.459999999999999964e+01 2.104072559537062893e-08 2.118954224198286656e-08 1.373797006928762624e-10 1.416441240906858179e-10
1.462500000000000000e+01 2.093641092275251922e-08 2.108167618926725790e-08 1.326637469091295135e-10 1.368622496051329265e-10
1.465000000000000036e+01 2.085650440891497571e-08 2.099853062243324167e-08 1.284003535620882069e-10 1.325409039040413559e-10
1.467500000000000249e+01 2.080076173307755700e-08 2.093985375172447613e-08 1.245774678380874697e-10 1.286678203039008726e-10
1.469999999999999929e+01 2.076897501981051331e-08 2.090543075517216689e-08 1.211840637237341691e-10 1.252317785710148184e-10
1.472499999999999964e+01 2.076097228569632918e-08 2.089508321007658142e-08 1.182101103062661521e-10 1.222225726164502549e-10
1.475000000000000000e+01 2.077661694310365049e-08 2.090866858253834207e-08 1.156465425986193552e-10 1.196309806317552654e-10
1.477500000000000036e+01 2.081580735986495918e-08 2.094607977379702259e-08 1.134852348242213890e-10 1.174487377924555512e-10
1.480000000000000249e+01 2.087847647377994765e-08 2.100724472226399734e-08 1.117189759215519678e-10 1.156685112228462048e-10
1.482499999999999929e+01 2.096459146094507760e-08 2.109212606022653568e-08 1.103414473853891654e-10 1.142838773417206031e-10
1.484999999999999964e+01 2.107415345699511978e-08 2.120072082428068852e-08 1.093472031691480795e-10 1.132893013243660633e-10
1.487500000000000000e+01 2.120719733044028718e-08 2.133306021865160182e-08 1.087316518356453057e-10 1.126801188264509318e-10
1.490000000000000036e+01 2.136379150736198683e-08 2.148920943064153463e-08 1.084910405821025432e-10 1.124525196951085068e-10
1.492500000000000071e+01 2.154403784681416735e-08 2.166926749753027816e-08 1.086224413481296131e-10 1.126035337097699064e-10
1.494999999999999929e+01 2.174807156636061284e-08 2.187336722433767655e-08 1.091237389361556028e-10 1.131310184322805629e-10
1.497499999999999964e+01 2.197606121726320714e-08 2.210167515194439043e-08 1.099936209053220858e-10 1.140336488732570721e-10
