# raxis[fm], SN, VN, SP, VP
2.101448349307773875e-07 8.673298333784731917e-02 9.090784799276754868e-02 4.820695720448153754e-02 5.234627457843950976e-02
2.500000000000000139e-02 8.673821914351588502e-02 9.091434005502904703e-02 4.821902044946944216e-02 5.235817425766434163e-02
5.000000000000000278e-02 8.672236624118151438e-02 9.090070407080441672e-02 4.823958458206070721e-02 5.237666412914633585e-02
7.499999999999999722e-02 8.669520047304561661e-02 9.087721441940285749e-02 4.827359009806989065e-02 5.240717702629020536e-02
1.000000000000000056e-01 8.665706279585284888e-02 9.084420762896082413e-02 4.832102423523343404e-02 5.244972554566846440e-02
1.250000000000000000e-01 8.660811418566914666e-02 9.080183245990540442e-02 4.838178898258212179e-02 5.250422502637119154e-02
1.499999999999999944e-01 8.654849947508706787e-02 9.075021587066869899e-02 4.845573762775007981e-02 5.257054488119362878e-02
1.749999999999999889e-01 8.647838960713163936e-02 9.068950772587677789e-02 4.854269564200785342e-02 5.264852897180723190e-02
2.000000000000000111e-01 8.639798241855844996e-02 9.061988074899705869e-02 4.864245767216462263e-02 5.273799386655828730e-02
2.250000000000000056e-01 8.630750590842888037e-02 9.054153458828947953e-02 4.875479031794185264e-02 5.283873062813147087e-02
2.500000000000000000e-01 8.620720668812621723e-02 9.045468392318928297e-02 4.887942580939961396e-02 5.295049863980270943e-02
2.750000000000000222e-01 8.609735824589545561e-02 9.035956655659878323e-02 4.901606789851913060e-02 5.307303217271761020e-02
2.999999999999999889e-01 8.597825894402748304e-02 9.025644193365719992e-02 4.916439218023239965e-02 5.320603990818896512e-02
3.250000000000000111e-01 8.585023243610928612e-02 9.014559129830473916e-02 4.932404780256340049e-02 5.334920713242807810e-02
3.499999999999999778e-01 8.571362532602756767e-02 9.002731605090132094e-02 4.949465797829829400e-02 5.350219517246380257e-02
3.750000000000000000e-01 8.556880216274991013e-02 8.990193219609869668e-02 4.967581778556765665e-02 5.366464001255134841e-02
4.000000000000000222e-01 8.541615515641885759e-02 8.976978000568233695e-02 4.986710124739434508e-02 5.383615992979549902e-02
4.249999999999999889e-01 8.525609972376629875e-02 8.963122085345578971e-02 5.006806261323150375e-02 5.401635477276223868e-02
4.500000000000000111e-01 8.508906729163602523e-02 8.948662933077271286e-02 5.027823324064208121e-02 5.420480378278241806e-02
4.749999999999999778e-01 8.491550835217721860e-02 8.933639664343537290e-02 5.049712539028824304e-02 5.440106905797542636e-02
5.000000000000000000e-01 8.473588690157239645e-02 8.918092536344482402e-02 5.072423064777294849e-02 5.460469354667912834e-02
5.250000000000000222e-01 8.455068206095510408e-02 8.902063074588145719e-02 5.095902338180094415e-02 5.481520529262660230e-02
5.500000000000000444e-01 8.436038722462570194e-02 8.885594047137132523e-02 5.120096367758494860e-02 5.503211948085923871e-02
5.749999999999999556e-01 8.416550877493826632e-02 8.868729343380116203e-02 5.144949785041460361e-02 5.525493908502810553e-02
5.999999999999999778e-01 8.396656366264000637e-02 8.851513777593060517e-02 5.170405991161209497e-02 5.548315575403511835e-02
6.250000000000000000e-01 8.376407590632962974e-02 8.833992733857869151e-02 5.196407188491194290e-02 5.571625024304190099e-02
6.500000000000000222e-01 8.355857647131426091e-02 8.816212179560908857e-02 5.222894590233015388e-02 5.595369441905274216e-02
6.750000000000000444e-01 8.335059991279020197e-02 8.798218358454776289e-02 5.249808560765066578e-02 5.619495245900114205e-02
6.999999999999999556e-01 8.314068474308100587e-02 8.780057821922687689e-02 5.277088824352611784e-02 5.643948315601392263e-02
7.249999999999999778e-01 8.292937171395767249e-02 8.761777328603979897e-02 5.304674617844747087e-02 5.668674051936047759e-02
7.500000000000000000e-01 8.271720039757181342e-02 8.743423481207425463e-02 5.332504810687942881e-02 5.693617574271005871e-02
7.750000000000000222e-01 8.250471035911934037e-02 8.725042894954256056e-02 5.360518217867245999e-02 5.718723959088074793e-02
8.000000000000000444e-01 8.229243699759548891e-02 8.706681804301501237e-02 5.388653581703054668e-02 5.743938213414411659e-02
8.249999999999999556e-01 8.208090693981252850e-02 8.688385682009396038e-02 5.416849722861841188e-02 5.769205300726187868e-02
8.499999999999999778e-01 8.187063505015862441e-02 8.670198799394851497e-02 5.445045202440152582e-02 5.794470069534427004e-02
8.750000000000000000e-01 8.166213685805677469e-02 8.652165586877332004e-02 5.473179585389227608e-02 5.819678417771758511e-02
9.000000000000000222e-01 8.145591485241239493e-02 8.634329395852879951e-02 5.501193083554769409e-02 5.844776661689977254e-02
9.250000000000001554e-01 8.125245852613374731e-02 8.616732376385538572e-02 5.529026446242511772e-02 5.869711699124327553e-02
9.499999999999999556e-01 8.105224392089929730e-02 8.599415522252507049e-02 5.556621367059886435e-02 5.894431286825552174e-02
9.749999999999999778e-01 8.085573153204088370e-02 8.582418470051211834e-02 5.583920571826929413e-02 5.918884142440360846e-02
1.000000000000000000e+00 8.066336538178882354e-02 8.565779430460342125e-02 5.610867903645577748e-02 5.943020014614571606e-02
1.024999999999999911e+00 8.047557036077486459e-02 8.549534961009938594e-02 5.637408463361645583e-02 5.966789771822565702e-02
1.050000000000000044e+00 8.029274980724965260e-02 8.533719709985770896e-02 5.663488651266559287e-02 5.990145502740099048e-02
1.074999999999999956e+00 8.011528778617586777e-02 8.518366675761207540e-02 5.689056457788930349e-02 6.013040798837815393e-02
1.100000000000000089e+00 7.994354640097554865e-02 8.503506979323255388e-02 5.714061595873308474e-02 6.035430814932807309e-02
1.125000000000000000e+00 7.977786335423592279e-02 8.489169632456444736e-02 5.738455495112167876e-02 6.057272247799838638e-02
1.149999999999999911e+00 7.961854998633975666e-02 8.475381333766630887e-02 5.762191298848531179e-02 6.078523389185311321e-02
1.175000000000000044e+00 7.946589346744310778e-02 8.462166711718491219e-02 5.785224219367690601e-02 6.099144466240114665e-02
1.199999999999999956e+00 7.932015571638723062e-02 8.449548241075774402e-02 5.807511590572794064e-02 6.119097663637532158e-02
1.225000000000000089e+00 7.918157238912733320e-02 8.437546164001721860e-02 5.829013069479014458e-02 6.138347285734551545e-02
1.250000000000000000e+00 7.905035001170084008e-02 8.426178193606397027e-02 5.849690420888169207e-02 6.156859561125972713e-02
1.274999999999999911e+00 7.892666741570981970e-02 8.415459675956533936e-02 5.869507811317582063e-02 6.174602927312937417e-02
1.300000000000000044e+00 7.881067378042874716e-02 8.405403389270510450e-02 5.888431791500298856e-02 6.191548034204382572e-02
1.324999999999999956e+00 7.870249229629913690e-02 8.396019932478142322e-02 5.906431598193598309e-02 6.207668012627574894e-02
1.350000000000000089e+00 7.860221578101231343e-02 8.387317288837496665e-02 5.923478985552883130e-02 6.222938264813597520e-02
1.375000000000000000e+00 7.850990888825150338e-02 8.379301038206074526e-02 5.939548433608888428e-02 6.237336732423816310e-02
1.399999999999999911e+00 7.842560749498130035e-02 8.371974305906421110e-02 5.954617141352921278e-02 6.250843827023372379e-02
1.425000000000000044e+00 7.834931730997425625e-02 8.365337614908777142e-02 5.968664989562529055e-02 6.263442382921012574e-02
1.449999999999999956e+00 7.828101398240240594e-02 8.359388885441258743e-02 5.981674531633180553e-02 6.275117713059474855e-02
1.475000000000000089e+00 7.822064854200694306e-02 8.354123991476665456e-02 5.993631433592442465e-02 6.285858017784350105e-02
1.500000000000000000e+00 7.816814523594772801e-02 8.349536532790538534e-02 6.004524358926965899e-02 6.295654208766436610e-02
1.524999999999999911e+00 7.812340418893193306e-02 8.345618097403828539e-02 6.014345040241077939e-02 6.304500059739341633e-02
1.550000000000000044e+00 7.808630292870634426e-02 8.342358400224622605e-02 6.023088469926494298e-02 6.312392294876943699e-02
1.574999999999999956e+00 7.805668947786328915e-02 8.339744553611447286e-02 6.030752356021198274e-02 6.319330051068838827e-02
1.600000000000000089e+00 7.803438724473689414e-02 8.337761572914534347e-02 6.037337284027602391e-02 6.325315139917808693e-02
1.625000000000000000e+00 7.801920041481565093e-02 8.336392894359248573e-02 6.042847184200061256e-02 6.330352426106038155e-02
1.649999999999999911e+00 7.801090955569769947e-02 8.335619896725973699e-02 6.047288881875981237e-02 6.334449362368667347e-02
1.675000000000000044e+00 7.800927409244139132e-02 8.335422156741470467e-02 6.050672147313224808e-02 6.337616091897667336e-02
1.699999999999999956e+00 7.801403664584030673e-02 8.335777858952558850e-02 6.053009923516434326e-02 6.339865645139078354e-02
1.725000000000000311e+00 7.802492148814996198e-02 8.336663593489190838e-02 6.054318113502712290e-02 6.341213703485666653e-02
1.750000000000000000e+00 7.804163498528227105e-02 8.338054414628651156e-02 6.054615482564934537e-02 6.341678540391926244e-02
1.774999999999999911e+00 7.806387215168800187e-02 8.339924464900781709e-02 6.053923982143825239e-02 6.341281322286744515e-02
1.800000000000000044e+00 7.809131441810358842e-02 8.342246711852911722e-02 6.052268429314727055e-02 6.340045779866088083e-02
1.824999999999999956e+00 7.812363269895580831e-02 8.344993240275408453e-02 6.049676574722875205e-02 6.337998284159530871e-02
1.850000000000000311e+00 7.816048747979681410e-02 8.348135243364394886e-02 6.046178941415131930e-02 6.335167687319924468e-02
1.875000000000000000e+00 7.820153446255215246e-02 8.351643565790234369e-02 6.041809076893537439e-02 6.331585574166273545e-02
1.899999999999999911e+00 7.824642244403823277e-02 8.355488426972386418e-02 6.036603151638094550e-02 6.327285848054189921e-02
1.925000000000000044e+00 7.829479495912582132e-02 8.359639597507205477e-02 6.030599928175691543e-02 6.322304717309602806e-02
1.949999999999999956e+00 7.834629371476456439e-02 8.364066720591384341e-02 6.023840813381156623e-02 6.316680746611567920e-02
1.975000000000000089e+00 7.840056133008588279e-02 8.368739534602791241e-02 6.016369827744421500e-02 6.310454825446139282e-02
2.000000000000000000e+00 7.845724041557712580e-02 8.373627764366846360e-02 6.008233312801403159e-02 6.303669879418348498e-02
2.024999999999999911e+00 7.851597759641629204e-02 8.378701507738157972e-02 5.999480019831487931e-02 6.296370966388453727e-02
2.049999999999999822e+00 7.857642211891657791e-02 8.383931024476397320e-02 5.990160739102733806e-02 6.288604905459319050e-02
2.075000000000000178e+00 7.863822764441256996e-02 8.389286958153642504e-02 5.980328183595455538e-02 6.280420169255061802e-02
2.100000000000000089e+00 7.870105695590680350e-02 8.394740752618949642e-02 5.970037171600316162e-02 6.271867075434624239e-02
2.125000000000000000e+00 7.876458111855198785e-02 8.400264527096497347e-02 5.959344258780878423e-02 6.262997423877912639e-02
2.149999999999999911e+00 7.882848203107041540e-02 8.405831345155093115e-02 5.948307669943399961e-02 6.253864436547558470e-02
2.174999999999999822e+00 7.889245414258799771e-02 8.411415329634966409e-02 5.936987195396795786e-02 6.244522665139863593e-02
2.200000000000000178e+00 7.895620369745136313e-02 8.416991561197781357e-02 5.925443866867410869e-02 6.235027674312071388e-02
2.225000000000000089e+00 7.901944993752607616e-02 8.422536213044808096e-02 5.913739792605088308e-02 6.225435885863417340e-02
2.250000000000000000e+00 7.908192843539751937e-02 8.428026847015361589e-02 5.901938158866136541e-02 6.215804595346085398e-02
2.274999999999999911e+00 7.914339091505663559e-02 8.433442377247762911e-02 5.890102946505721554e-02 6.206191699146525187e-02
2.299999999999999822e+00 7.920360761020271700e-02 8.438763300800419809e-02 5.878298863196963764e-02 6.196655641797785968e-02
2.325000000000000178e+00 7.926236631183135317e-02 8.443971531516156204e-02 5.866590980137618982e-02 6.187255063669830357e-02
2.350000000000000089e+00 7.931947162460838141e-02 8.449050391273815741e-02 5.855044467604220149e-02 6.178048549462398370e-02
2.375000000000000000e+00 7.937475104782695801e-02 8.453985175710718170e-02 5.843724750451072258e-02 6.169094806128679748e-02
2.399999999999999911e+00 7.942805102561323327e-02 8.458762696123146851e-02 5.832696964058434186e-02 6.160452125554839731e-02
2.424999999999999822e+00 7.947923774413977183e-02 8.463371417793444373e-02 5.822025834339392136e-02 6.152178286643739807e-02
2.450000000000000178e+00 7.952819810862665761e-02 8.467801496833896047e-02 5.811775452167777106e-02 6.144330340065994045e-02
2.475000000000000089e+00 7.957483881489782473e-02 8.472044724670896310e-02 5.802008970182333941e-02 6.136964329198435486e-02
2.500000000000000000e+00 7.961908970173461886e-02 8.476094832572078630e-02 5.792788644365455542e-02 6.130135350313203196e-02
2.524999999999999911e+00 7.966090128620328947e-02 8.479947247287940304e-02 5.784175440729701079e-02 6.123897176096843725e-02
2.549999999999999822e+00 7.970024669977417153e-02 8.483599262717785028e-02 5.776228938492127679e-02 6.118302173590923349e-02
2.575000000000000178e+00 7.973711782091684463e-02 8.487049662138609896e-02 5.769006855871137984e-02 6.113400849125293079e-02
2.600000000000000089e+00 7.977152821741236022e-02 8.490299017967840867e-02 5.762565071756484136e-02 6.109241892451294786e-02
2.625000000000000000e+00 7.980350964309673722e-02 8.493349329910682144e-02 5.756957186144580352e-02 6.105871751424211957e-02
2.649999999999999911e+00 7.983311523557376499e-02 8.496204383835272156e-02 5.752234600890994420e-02 6.103334753678938546e-02
2.674999999999999822e+00 7.986041667255065757e-02 8.498869402089601066e-02 5.748446132901389310e-02 6.101672697060615130e-02
2.700000000000000178e+00 7.988550229833893401e-02 8.501350922441294755e-02 5.745637731842271473e-02 6.100924624257763468e-02
2.725000000000000089e+00 7.990847855795828181e-02 8.503656927133251830e-02 5.743852458129880545e-02 6.101126806000711778e-02
2.750000000000000000e+00 7.992946757943233949e-02 8.505796605245435904e-02 5.743130172694936586e-02 6.102312448306481535e-02
2.774999999999999911e+00 7.994860786550504750e-02 8.507780463832889661e-02 5.743507497878880264e-02 6.104511702423866953e-02
2.799999999999999822e+00 7.996605239929489850e-02 8.509620069266606024e-02 5.745017596544556987e-02 6.107751384034151854e-02
2.825000000000000178e+00 7.998196221340014844e-02 8.511327477961339039e-02 5.747689643379207125e-02 6.112054519342169367e-02
2.850000000000000089e+00 7.999651219577445793e-02 8.512915882151048108e-02 5.751549146355056097e-02 6.117440741851720015e-02
2.875000000000000000e+00 8.000988887802180927e-02 8.514399292279016540e-02 5.756617773406186994e-02 6.123926013479055741e-02
2.899999999999999911e+00 8.002228413749591651e-02 8.515791976626327364e-02 5.762912868108771569e-02 6.131522214628028211e-02
2.924999999999999822e+00 8.003389724188876564e-02 8.517108717768269444e-02 5.770447590239453917e-02 6.140237348502500248e-02
2.950000000000000178e+00 8.004493412526492158e-02 8.518364715534035292e-02 5.779230900354537237e-02 6.150075476926508689e-02
2.975000000000000089e+00 8.005560266459230134e-02 8.519575120857747486e-02 5.789267225496312619e-02 6.161036374694698475e-02
3.000000000000000000e+00 8.006611209361690074e-02 8.520755092088951044e-02 5.800556407463756947e-02 6.173115650307731128e-02
3.024999999999999911e+00 8.007667851396842174e-02 8.521920305478257462e-02 5.813094250308684791e-02 6.186305190404724902e-02
3.049999999999999822e+00 8.008751360068361302e-02 8.523085758861620453e-02 5.826871830694685395e-02 6.200592322009033930e-02
3.075000000000000178e+00 8.009882031506668221e-02 8.524265507650985452e-02 5.841875136100676408e-02 6.215959721379777508e-02
3.100000000000000089e+00 8.011079771194534738e-02 8.525473132254914044e-02 5.858085620499657586e-02 6.232385889742176471e-02
3.125000000000000000e+00 8.012363665728719497e-02 8.526721323872289704e-02 5.875479984688322665e-02 6.249844936855306760e-02
3.149999999999999911e+00 8.013752012552789739e-02 8.528021964283721834e-02 5.894030365834554419e-02 6.268306808818220610e-02
3.174999999999999822e+00 8.015262098246317413e-02 8.529385917994734834e-02 5.913704306644967934e-02 6.287737235023513338e-02
3.200000000000000178e+00 8.016910012066263969e-02 8.530822857102747514e-02 5.934464846251608083e-02 6.308097790258435089e-02
3.225000000000000089e+00 8.018710200803499943e-02 8.532340874498277328e-02 5.956270345033044811e-02 6.329345778109721210e-02
3.250000000000000000e+00 8.020675703407433021e-02 8.533946750419653393e-02 5.979074817973718814e-02 6.351434588693379013e-02
3.274999999999999911e+00 8.022817765639271570e-02 8.535645579767771329e-02 6.002827952059731215e-02 6.374313675491291575e-02
3.299999999999999822e+00 8.025145832063036722e-02 8.537440802581776345e-02 6.027475262037490511e-02 6.397928715167182367e-02
3.325000000000000178e+00 8.027667122890456974e-02 8.539333798784479179e-02 6.052958033538176352e-02 6.422221530612746976e-02
3.350000000000000089e+00 8.030386757908263007e-02 8.541324078135204001e-02 6.079213628921609214e-02 6.447130498502630369e-02
3.375000000000000444e+00 8.033307689360953685e-02 8.543409213137399816e-02 6.106175701203203632e-02 6.472590676430084455e-02
3.399999999999999911e+00 8.036430416558476564e-02 8.545584567169395296e-02 6.133774257185536927e-02 6.498533810937602573e-02
3.424999999999999822e+00 8.039752747916609210e-02 8.547843121917812759e-02 6.161935704615038173e-02 6.524888509456158725e-02
3.450000000000000622e+00 8.043270089770211684e-02 8.550175773160532955e-02 6.190583288550789709e-02 6.551580600383942465e-02
3.475000000000000533e+00 8.046974846550239424e-02 8.552570731121203473e-02 6.219637032569905188e-02 6.578532985802659772e-02
3.500000000000000000e+00 8.050856639982154062e-02 8.555013830497046334e-02 6.249014001036305027e-02 6.605666140851997048e-02
3.524999999999999911e+00 8.054902580513982613e-02 8.557488765800805308e-02 6.278628861729848576e-02 6.632898434716077984e-02
3.549999999999999822e+00 8.059096682593627770e-02 8.559976535923304042e-02 6.308393737005608959e-02 6.660146016296911164e-02
3.575000000000000622e+00 8.063420183366118432e-02 8.562455803073053262e-02 6.338218606147866252e-02 6.687323300490813360e-02
3.600000000000000089e+00 8.067851388540731028e-02 8.564902725237831527e-02 6.368011531520462176e-02 6.714343038579051459e-02
3.625000000000000000e+00 8.072365503974184009e-02 8.567290816691719435e-02 6.397678743749882213e-02 6.741116475905378769e-02
3.649999999999999911e+00 8.076934845623810755e-02 8.569591173627646996e-02 6.427125042236551955e-02 6.767553763289427260e-02
3.674999999999999822e+00 8.081528965711326506e-02 8.571772598751893624e-02 6.456254151531289065e-02 6.793564219241531033e-02
3.700000000000000622e+00 8.086114430474151960e-02 8.573801383796708642e-02 6.484968757615670876e-02 6.819056348983906779e-02
3.725000000000000089e+00 8.090654988119215518e-02 8.575641484502329048e-02 6.513170856372717255e-02 6.843938252571205028e-02
3.750000000000000000e+00 8.095111735519795737e-02 8.577254686036958620e-02 6.540762089789879663e-02 6.868117847980281798e-02
3.774999999999999911e+00 8.099443000907105561e-02 8.578600479432203774e-02 6.567643935416403456e-02 6.891503083220767989e-02
3.799999999999999822e+00 8.103604624370935872e-02 8.579636337718757333e-02 6.593718036916475234e-02 6.914002224327485402e-02
3.825000000000000178e+00 8.107550007218040922e-02 8.580317750683982836e-02 6.618886378384300495e-02 6.935524022024727731e-02
3.850000000000000089e+00 8.111230248261974696e-02 8.580598369643180345e-02 6.643051684703313309e-02 6.955978021514068466e-02
3.875000000000000000e+00 8.114593902707141482e-02 8.580429720134777338e-02 6.666117280622582686e-02 6.975274475024477450e-02
3.899999999999999911e+00 8.117587726362966716e-02 8.579761946643760240e-02 6.687987837952506787e-02 6.993325031864573715e-02
3.924999999999999822e+00 8.120156289660677984e-02 8.578543409671379738e-02 6.708569256265171921e-02 7.010042562644099029e-02
3.950000000000000178e+00 8.122242559651729477e-02 8.576721223416818030e-02 6.727769173698776306e-02 7.025341683846608731e-02
3.975000000000000089e+00 8.123787940128474050e-02 8.574241274046862094e-02 6.745497125009111694e-02 7.039138860952244559e-02
4.000000000000000000e+00 8.124732585113747518e-02 8.571048549626679447e-02 6.761664941506473347e-02 7.051352762472337665e-02
4.025000000000000355e+00 8.125015082806910649e-02 8.567086753617428330e-02 6.776186493285152324e-02 7.061903989395974801e-02
4.049999999999999822e+00 8.124573237506962919e-02 8.562299032325659809e-02 6.788978405498552471e-02 7.070715773996467945e-02
4.075000000000000178e+00 8.123343892955305068e-02 8.556627842033125153e-02 6.799959979905548235e-02 7.077713850408602625e-02
4.099999999999999645e+00 8.121263253032852403e-02 8.550015178173255015e-02 6.809053481432332522e-02 7.082826729096737550e-02
4.125000000000000000e+00 8.118266946646518489e-02 8.542402613783381393e-02 6.816184238532499440e-02 7.085985763488832079e-02
4.150000000000000355e+00 8.114290530406817470e-02 8.533731754600086539e-02 6.821281020049640986e-02 7.087125498723087502e-02
4.174999999999999822e+00 8.109269551835625311e-02 8.523944311797476692e-02 6.824276095339534831e-02 7.086183715130522920e-02
4.200000000000000178e+00 8.103139820574276064e-02 8.512982276923258818e-02 6.825105495490269014e-02 7.083101648643892745e-02
4.224999999999999645e+00 8.095837536699998505e-02 8.500788121801526598e-02 6.823709082305404183e-02 7.077824082969239039e-02
4.250000000000000000e+00 8.087299354113944294e-02 8.487304726122817111e-02 6.820030539434025763e-02 7.070299283680185620e-02
4.275000000000000355e+00 8.077462869626367281e-02 8.472475844665691702e-02 6.814017735988579794e-02 7.060479342920457368e-02
4.299999999999999822e+00 8.066266737419305888e-02 8.456246219244187290e-02 6.805622795153233595e-02 7.048320247847772446e-02
4.325000000000000178e+00 8.053650871070756889e-02 8.438561807352916444e-02 6.794802171993363782e-02 7.033781988779702621e-02
4.349999999999999645e+00 8.039556339770224935e-02 8.419369588388576908e-02 6.781516525578673571e-02 7.016828375890087066e-02
4.375000000000000000e+00 8.023926245770143795e-02 8.398618094586865479e-02 6.765731376090138027e-02 6.997427489688823332e-02
4.400000000000000355e+00 8.006706196300629463e-02 8.376258408572545555e-02 6.747417397996478827e-02 6.975552314062452575e-02
4.424999999999999822e+00 7.987843275202914650e-02 8.352243223346642043e-02 6.726549480100907363e-02 6.951179894349893140e-02
4.450000000000000178e+00 7.967286370578297028e-02 8.326526461239551480e-02 6.703106886860235591e-02 6.924291025685150314e-02
4.474999999999999645e+00 7.944987160317859565e-02 8.299064489828639202e-02 6.677074017318997134e-02 6.894871167676593082e-02
4.500000000000000000e+00 7.920900083751278298e-02 8.269816311910382911e-02 6.648440243709481667e-02 6.862910471082979413e-02
4.525000000000000355e+00 7.894982398696817616e-02 8.238743531923915786e-02 6.617199843607829424e-02 6.828403659502248202e-02
4.549999999999999822e+00 7.867194173248340250e-02 8.205810257044637845e-02 6.583351896025074756e-02 6.791349870489279961e-02
4.575000000000000178e+00 7.837498374205881246e-02 8.170983298125593375e-02 6.546900248452861004e-02 6.751752733075944146e-02
4.599999999999999645e+00 7.805861064229496771e-02 8.134232185546386162e-02 6.507853524315680704e-02 6.709620259825550825e-02
4.625000000000000000e+00 7.772252071285588870e-02 8.095529772852159967e-02 6.466225568037956006e-02 6.664965238927009206e-02
4.650000000000000355e+00 7.736644458520203216e-02 8.054852223642523790e-02 6.422034895132582022e-02 6.617805125991642334e-02
4.674999999999999822e+00 7.699014388593281022e-02 8.012178472328894407e-02 6.375304415402396896e-02 6.568161475181950870e-02
4.700000000000000178e+00 7.659341861403172469e-02 7.967490777046538908e-02 6.326061943934969956e-02 6.516060283612577775e-02
4.724999999999999645e+00 7.617610659359998204e-02 7.920775087824145910e-02 6.274340036324040082e-02 6.461532207400419447e-02
4.750000000000000000e+00 7.573808020239228278e-02 7.872020621341999091e-02 6.220175535383398735e-02 6.404612063798587052e-02
4.775000000000000355e+00 7.527925336878563134e-02 7.821220262850551996e-02 6.163610036559306893e-02 6.345339035026563435e-02
4.799999999999999822e+00 7.479957710318113628e-02 7.768370798657188436e-02 6.104689392654887026e-02 6.283756761460837503e-02
4.825000000000000178e+00 7.429904014992332051e-02 7.713471873887334240e-02 6.043463628315057234e-02 6.219912340877430806e-02
4.849999999999999645e+00 7.377767844339455650e-02 7.656528449363483868e-02 5.979987573742163304e-02 6.153858254923146726e-02
4.875000000000000000e+00 7.323555292020988983e-02 7.597547961774103742e-02 5.914318923286064622e-02 6.085649916908239532e-02
4.900000000000000355e+00 7.267276758477929366e-02 7.536541125957445242e-02 5.846519564535169328e-02 6.015346152076197356e-02
4.924999999999999822e+00 7.208946638096622173e-02 7.473523059567047100e-02 5.776655187264613522e-02 5.943010044448113205e-02
4.950000000000000178e+00 7.148583322887225311e-02 7.408512522690598179e-02 5.704795161458666580e-02 5.868708161380337823e-02
4.974999999999999645e+00 7.086208892775451573e-02 7.341532047535045957e-02 5.631012148002990242e-02 5.792510555954993173e-02
5.000000000000000000e+00 7.021849111937664145e-02 7.272607745669261436e-02 5.555381941010592572e-02 5.714490467449178518e-02
5.025000000000000355e+00 6.955533431800571542e-02 7.201769292700306579e-02 5.477983343433624752e-02 5.634724176433278386e-02
5.049999999999999822e+00 6.887295227457582159e-02 7.129049931776132443e-02 5.398898233112841422e-02 5.553290865647763502e-02
5.075000000000000178e+00 6.817171557496223833e-02 7.054486979118716750e-02 5.318211240016168517e-02 5.470272943465358251e-02
5.099999999999999645e+00 6.745202408196582233e-02 6.978120658699600576e-02 5.236009012110834360e-02 5.385754970706192052e-02
5.125000000000000000e+00 6.671431577611423858e-02 6.899994557363930969e-02 5.152380787859427852e-02 5.299823880010749722e-02
5.150000000000000355e+00 6.595906177870797249e-02 6.820155943710917712e-02 5.067417848103590583e-02 5.212569115974299838e-02
5.174999999999999822e+00 6.518676283681121286e-02 6.738654861478246549e-02 4.981213136290673499e-02 5.124081775118832782e-02
5.200000000000000178e+00 6.439795222124410079e-02 6.655544657333084535e-02 4.893861373445494711e-02 5.034454920943157857e-02
5.224999999999999645e+00 6.359319064254655152e-02 6.570881504349015967e-02 4.805458517330736534e-02 4.943783095841710468e-02
5.250000000000000000e+00 6.277306992674951125e-02 6.484724388943328977e-02 4.716101918792629105e-02 4.852162143025255669e-02
5.275000000000000355e+00 6.193820833604174458e-02 6.397135366818541835e-02 4.625889859722073782e-02 4.759689338332625391e-02
5.299999999999999822e+00 6.108924892918774635e-02 6.308178690854512882e-02 4.534921288695720892e-02 4.666462557596125216e-02
5.325000000000000178e+00 6.022686018229781585e-02 6.217921241344492173e-02 4.443295755637342859e-02 4.572580489131396198e-02
5.349999999999999645e+00 5.935173096037107271e-02 6.126432192436053609e-02 4.351112930491217445e-02 4.478142307994851384e-02
5.375000000000000000e+00 5.846457289381260664e-02 6.033782625862446625e-02 4.258472666136088602e-02 4.383247214249454821e-02
5.400000000000000355e+00 5.756611869826582656e-02 5.940045849294117025e-02 4.165474769967170143e-02 4.287994593701416335e-02
5.424999999999999822e+00 5.665711815557755021e-02 5.845297119495681398e-02 4.072218594681340648e-02 4.192483717730508680e-02
5.450000000000000178e+00 5.573833741998632935e-02 5.749613108033223285e-02 3.978802880675594289e-02 4.096813211687574258e-02
5.474999999999999645e+00 5.481055795637906208e-02 5.653072133912567798e-02 3.885325576020263322e-02 4.001081124698621649e-02
5.500000000000000000e+00 5.387457262995053175e-02 5.555753787062039234e-02 3.791883498157060106e-02 3.905384596820019039e-02
5.525000000000000355e+00 5.293118817836704737e-02 5.457738721931469639e-02 3.698572398445609116e-02 3.809819575514997864e-02
5.549999999999999822e+00 5.198122164093844227e-02 5.359108739770922225e-02 3.605486601047547257e-02 3.714480791290874356e-02
5.575000000000000178e+00 5.102549610132126739e-02 5.259946514797938372e-02 3.512718637423827006e-02 3.619461499037999325e-02
5.599999999999999645e+00 5.006484137543979612e-02 5.160335051128116246e-02 3.420359250948485502e-02 3.524852993697231290e-02
5.625000000000000000e+00 4.910009381972661735e-02 5.060358150253415482e-02 3.328497268429128630e-02 3.430744880610089170e-02
5.650000000000000355e+00 4.813209003416225179e-02 4.960099771205113417e-02 3.237219146075346471e-02 3.337224567993245933e-02
5.674999999999999822e+00 4.716167039458485366e-02 4.859643916496607374e-02 3.146609153500636719e-02 3.244377113398497908e-02
5.700000000000000178e+00 4.618967183780791491e-02 4.759074533404544088e-02 3.056748775130867929e-02 3.152285096075932436e-02
5.724999999999999645e+00 4.521692869584941626e-02 4.658475280017670972e-02 2.967716827329320087e-02 3.061028452753951357e-02
5.750000000000000000e+00 4.424427251002398254e-02 4.557929269872049161e-02 2.879589356516118123e-02 2.970684232354319984e-02
5.775000000000000355e+00 4.327252897827476436e-02 4.457519155276443157e-02 2.792439388976095463e-02 2.881326620126046720e-02
5.799999999999999822e+00 4.230251512245392781e-02 4.357326857489823846e-02 2.706336779245266042e-02 2.793026764866376674e-02
5.825000000000000178e+00 4.133503905163809361e-02 4.257433092104970229e-02 2.621348181864582155e-02 2.705852421458190132e-02
5.849999999999999645e+00 4.037089736075225727e-02 4.157917717048478096e-02 2.537536843858425456e-02 2.619868207825992029e-02
5.875000000000000000e+00 3.941087368251537659e-02 4.058859139567691510e-02 2.454962567836865492e-02 2.535135208789098329e-02
5.900000000000000355e+00 3.845573842190583291e-02 3.960334310231342081e-02 2.373681678498878317e-02 2.451710958265413548e-02
5.924999999999999822e+00 3.750624351414703211e-02 3.862418590890961262e-02 2.293746722334087662e-02 2.369649412166023247e-02
5.950000000000000178e+00 3.656312393079134970e-02 3.765185472600261762e-02 2.215206638155554561e-02 2.289000793777257528e-02
5.974999999999999645e+00 3.562709490217147446e-02 3.668706511753653393e-02 2.138106594640697827e-02 2.209811596217209698e-02
6.000000000000000000e+00 3.469885253694481725e-02 3.573051238706224930e-02 2.062488092534721026e-02 2.132124567921877406e-02
6.025000000000000355e+00 3.377907125291765983e-02 3.478286994925233050e-02 1.988388856049338668e-02 2.055978652494685338e-02
6.049999999999999822e+00 3.286840137848493631e-02 3.384478924818438983e-02 1.915842771828910052e-02 1.981409084688171701e-02
6.075000000000000178e+00 3.196746826621078841e-02 3.291689549153704875e-02 1.844879923498051952e-02 1.908447187200282627e-02
6.099999999999999645e+00 3.107687221355860327e-02 3.199978765919806595e-02 1.775526648606044755e-02 1.837120437452506930e-02
6.125000000000000000e+00 3.019718670972465838e-02 3.109404004397443161e-02 1.707805544220447266e-02 1.767452680476658960e-02
6.150000000000000355e+00 2.932895680665337929e-02 3.020019728694776570e-02 1.641735473586765012e-02 1.699463909241896373e-02
6.174999999999999822e+00 2.847269955811349354e-02 2.931877482149573139e-02 1.577331671914343134e-02 1.633170374845222331e-02
6.200000000000000178e+00 2.762890234404220824e-02 2.845026075423346887e-02 1.514605782408585087e-02 1.568584841943490224e-02
6.224999999999999645e+00 2.679802295348019878e-02 2.759511081869766777e-02 1.453565977512313867e-02 1.505716374496600569e-02
6.250000000000000000e+00 2.598048910177946577e-02 2.675375469345224813e-02 1.394217049710050685e-02 1.444570863715053527e-02
6.275000000000000355e+00 2.517669362109547712e-02 2.592658548504664026e-02 1.336560265143691729e-02 1.385150513070976599e-02
6.299999999999999822e+00 2.438700008204691336e-02 2.511396464827767364e-02 1.280593799551455782e-02 1.327454223275643073e-02
6.325000000000000178e+00 2.361173971908357011e-02 2.431622397632081031e-02 1.226312711372753300e-02 1.271477886453482170e-02
6.349999999999999645e+00 2.285121251379772234e-02 2.353366151714542109e-02 1.173709113784519691e-02 1.217214236539910892e-02
6.375000000000000000e+00 2.210568698082493108e-02 2.276654575163302233e-02 1.122772300547058948e-02 1.164653244922586421e-02
6.400000000000000355e+00 2.137539916822540562e-02 2.201511243770422691e-02 1.073488824479514742e-02 1.113782062873482429e-02
6.424999999999999822e+00 2.066055362295700706e-02 2.127956517696177885e-02 1.025842688949140866e-02 1.064585182239859151e-02
6.450000000000000178e+00 1.996132371703032357e-02 2.056007671506222823e-02 9.798154904892416098e-03 1.017044645365641591e-02
6.474999999999999645e+00 1.927785160624960123e-02 1.985678841302281061e-02 9.353865454267850169e-03 9.711401394002316598e-03
6.500000000000000000e+00 1.861024926203685981e-02 1.916981096552258443e-02 8.925330668777016821e-03 9.268491601602332416e-03
6.525000000000000355e+00 1.795859923592936155e-02 1.849922563634714967e-02 8.512303331732095496e-03 8.841472012781351891e-03
6.549999999999999822e+00 1.732295507619543984e-02 1.784508464721867860e-02 8.114518301315086848e-03 8.430079007243476696e-03
6.575000000000000178e+00 1.670334210496622618e-02 1.720741173179500538e-02 7.731693967451254944e-03 8.034031789195594797e-03
6.599999999999999645e+00 1.609975838832994680e-02 1.658620324923075831e-02 7.363534040506811151e-03 7.653034150397983529e-03
6.625000000000000000e+00 1.551217564706583625e-02 1.598142893981153306e-02 7.009728916796748553e-03 7.286775934100984606e-03
6.650000000000000355e+00 1.494054036490677188e-02 1.539303300549669899e-02 6.669957329733701944e-03 6.934934571583998252e-03
6.674999999999999822e+00 1.438477503190582416e-02 1.482093534007007316e-02 6.343887979002101052e-03 6.597176751652255797e-03
6.700000000000000178e+00 1.384477889333647106e-02 1.426503259521306327e-02 6.031180662796739936e-03 6.273159836053826370e-03
6.724999999999999645e+00 1.332042894208368411e-02 1.372519894667352351e-02 5.731487737323463089e-03 5.962533122862056362e-03
6.750000000000000888e+00 1.281158173049007018e-02 1.320128759138564437e-02 5.444455773431425630e-03 5.664939408792870994e-03
6.775000000000001243e+00 1.231807423636011901e-02 1.269313202932577898e-02 5.169726636475768279e-03 5.380016349032095378e-03
6.799999999999999822e+00 1.183972524230754962e-02 1.220054722013886803e-02 4.906938918011955093e-03 5.107397721783752190e-03
6.825000000000001066e+00 1.137633653958337702e-02 1.172333086264473918e-02 4.655729056196042555e-03 4.846714700435066081e-03
6.849999999999999645e+00 1.092769412124531062e-02 1.126126464908004492e-02 4.415732412976508363e-03 4.597596988518477812e-03
6.875000000000000000e+00 1.049356961947029050e-02 1.081411550405898814e-02 4.186584531505753611e-03 4.359673945130915045e-03
6.900000000000001243e+00 1.007372147828253066e-02 1.038163697429976724e-02 3.967922030901772056e-03 4.132575694679378568e-03
6.924999999999999822e+00 9.667896091027992911e-03 9.963570269545737879e-03 3.759383533685321886e-03 3.915934001585458582e-03
6.950000000000001066e+00 9.275829230747377127e-03 9.559645682352549759e-03 3.560610641471667961e-03 3.709383279496752256e-03
6.974999999999999645e+00 8.896472342070787381e-03 9.170358538272048443e-03 3.370885139036378878e-03 3.512924923365920351e-03
7.000000000000000000e+00 8.527733433029115184e-03 8.790316222255380174e-03 3.189408656462132830e-03 3.324189394843545409e-03
7.025000000000001243e+00 8.172263033996938000e-03 8.423922656691064728e-03 3.016805782885972204e-03 3.144640036753153234e-03
7.049999999999999822e+00 7.829740943710293902e-03 8.070850540281601648e-03 2.852722790378510280e-03 2.973914352097362795e-03
7.075000000000001066e+00 7.499843092082354723e-03 7.730768477452886096e-03 2.696813300268231448e-03 2.811657050722538541e-03
7.099999999999999645e+00 7.182242510674266903e-03 7.403341987364393285e-03 2.548738648942114500e-03 2.657520498682439548e-03
7.125000000000000000e+00 6.876610275205257035e-03 7.088234498111278467e-03 2.408168285554920015e-03 2.511165131246246175e-03
7.150000000000001243e+00 6.582616458878079099e-03 6.785108268486754295e-03 2.274780124517830626e-03 2.372259808328592689e-03
7.174999999999999822e+00 6.299931031173568868e-03 6.493625313422394206e-03 2.148260837585980534e-03 2.240482137426083771e-03
7.200000000000000178e+00 6.028224580880925387e-03 6.213448205519591684e-03 2.028306014942229431e-03 2.115518705969512709e-03
7.224999999999999645e+00 5.767169085315403988e-03 5.944240812785546273e-03 1.914620334268081871e-03 1.997065249345593776e-03
7.250000000000000000e+00 5.516438620550657111e-03 5.685669013988125728e-03 1.806917688865546318e-03 1.884826789190386905e-03
7.275000000000001243e+00 5.275710010811268842e-03 5.437401413678730720e-03 1.704921278235156787e-03 1.778517754598679191e-03
7.299999999999999822e+00 5.044663370788055219e-03 5.199109908712216087e-03 1.608363622053745777e-03 1.677862028148530832e-03
7.325000000000000178e+00 4.822982706032219631e-03 4.970470224172942632e-03 1.516986577031513399e-03 1.582592947305793774e-03
7.349999999999999645e+00 4.610356388685932748e-03 4.751162463974859147e-03 1.430541299422737056e-03 1.492453302491550176e-03
7.375000000000000000e+00 4.406477588597319112e-03 4.540871574449110819e-03 1.348788165333800974e-03 1.407195285283193743e-03
7.400000000000001243e+00 4.211044694656943671e-03 4.339287744173001699e-03 1.271496692075282714e-03 1.326580400172468460e-03
7.424999999999999822e+00 4.023761618679046193e-03 4.146106748260936815e-03 1.198445410893504573e-03 1.250379352051344704e-03
7.450000000000000178e+00 3.844338145789705924e-03 3.961030314667473434e-03 1.129421740572409631e-03 1.178371936412289179e-03
7.474999999999999645e+00 3.672490192681981958e-03 3.783766363824101094e-03 1.064221815179048356e-03 1.110346867483791734e-03
7.500000000000000000e+00 3.507940014867228732e-03 3.614029266657491166e-03 1.002650306460604835e-03 1.046101612962849333e-03
7.525000000000000355e+00 3.350416392505619744e-03 3.451540029970040675e-03 9.445202315062084259e-04 9.854422048106454418e-04
7.549999999999999822e+00 3.199654853534800256e-03 3.296026487778830859e-03 8.896527758510897532e-04 9.281830468041403839e-04
7.575000000000000178e+00 3.055397750806662996e-03 3.147223450658566662e-03 8.378770630360840577e-04 8.741467116212250704e-04
7.599999999999999645e+00 2.917394329471388343e-03 3.004872772492189151e-03 7.890299172999552975e-04 8.231637067041594046e-04
7.625000000000000000e+00 2.785400822451952405e-03 2.868723424103471198e-03 7.429556496114919899e-04 7.750722446769206736e-04
7.650000000000000355e+00 2.659180483265546208e-03 2.738531544434001999e-03 6.995058204511851859e-04 7.297180111370382000e-04
7.674999999999999822e+00 2.538503597466575893e-03 2.614060467131372294e-03 6.585390063104115893e-04 6.869539290404409531e-04
7.700000000000000178e+00 2.423147473903220113e-03 2.495080701248082386e-03 6.199205544946704899e-04 6.466399131621868848e-04
7.724999999999999645e+00 2.312896421954594144e-03 2.381369929318270275e-03 5.835223450666623653e-04 6.086426303871727509e-04
7.750000000000000000e+00 2.207541693138115411e-03 2.272712954258763671e-03 5.492225497328068369e-04 5.728352567009662019e-04
7.775000000000000355e+00 2.106881417243345461e-03 2.168901619473322887e-03 5.169053896817994275e-04 5.390972255034906556e-04
7.799999999999999822e+00 2.010720529605509749e-03 2.069734747428556704e-03 4.864609080375643306e-04 5.073139946140873928e-04
7.825000000000000178e+00 1.918870680225885639e-03 1.975018050903555068e-03 4.577847248764583708e-04 4.773768063062827052e-04
7.849999999999999645e+00 1.831150125264856135e-03 1.884564031273911009e-03 4.307778134066817715e-04 4.491824509604891761e-04
7.875000000000000000e+00 1.747383607130026297e-03 1.798191854167629188e-03 4.053462716146943368e-04 4.226330359518428522e-04
7.900000000000000355e+00 1.667402231548454792e-03 1.715727224867510036e-03 3.814010993909941493e-04 3.976357564882379071e-04
7.924999999999999822e+00 1.591043335767745089e-03 1.637002253323906805e-03 3.588579857774266166e-04 3.741026751613826026e-04
7.950000000000000178e+00 1.518150354081462513e-03 1.561855319432724210e-03 3.376370939760646754e-04 3.519505049822540545e-04
7.974999999999999645e+00 1.448572668900763305e-03 1.490130929575771493e-03 3.176628589069507391e-04 3.311003994462731210e-04
8.000000000000000000e+00 1.382165462535100151e-03 1.421679559499655285e-03 2.988637872858334915e-04 3.114777463822523897e-04
8.025000000000000355e+00 1.318789565623715299e-03 1.356357500177763882e-03 2.811722650295979289e-04 2.930119690870771091e-04
8.050000000000000711e+00 1.258311301545401301e-03 1.294026703185479884e-03 2.645243711791317866e-04 2.756363350028442601e-04
8.074999999999999289e+00 1.200602328151567384e-03 1.234554618402541968e-03 2.488596974584968645e-04 2.592877693944857574e-04
8.099999999999999645e+00 1.145539478958156011e-03 1.177814030215679902e-03 2.341211748238129276e-04 2.439066753397428470e-04
8.125000000000000000e+00 1.093004606341225560e-03 1.123682898007982191e-03 2.202549069364670030e-04 2.294367617497075184e-04
8.150000000000000355e+00 1.042884422193761287e-03 1.072044193828749787e-03 2.072100095503886001e-04 2.158248770802552517e-04
8.175000000000000711e+00 9.950703392956796855e-04 1.022785739952119773e-03 1.949384564563101912e-04 2.030208496877956999e-04
8.199999999999999289e+00 9.494583155283393798e-04 9.758000484210938236e-04 1.833949320116222837e-04 1.909773346704099809e-04
8.224999999999999645e+00 9.059486984984333087e-04 9.309841620358670806e-04 1.725366896610937392e-04 1.796496672251230125e-04
8.250000000000000000e+00 8.644460720022774554e-04 8.882394978003795624e-04 1.623234165808694069e-04 1.689957222525455759e-04
8.275000000000000355e+00 8.248591049819445223e-04 8.474716906716209469e-04 1.527171045274509258e-04 1.589757799030650366e-04
8.300000000000000711e+00 7.871004026917882224e-04 8.085904414902536251e-04 1.436819261298550112e-04 1.495523972522517717e-04
8.324999999999999289e+00 7.510863609119843107e-04 7.715093661671863908e-04 1.351841172978581656e-04 1.406902857008609554e-04
8.349999999999999645e+00 7.167370247065004687e-04 7.361458505845969039e-04 1.271918652029814121e-04 1.323561944869363531e-04
8.375000000000000000e+00 6.839759477613875692e-04 7.024209063863597795e-04 1.196752012674322675e-04 1.245187993876250264e-04
8.400000000000000355e+00 6.527300568831911030e-04 6.702590304890835692e-04 1.126058994606549883e-04 1.171485966595334232e-04
8.425000000000000711e+00 6.229295191897096014e-04 6.395880694576123668e-04 1.059573797198464428e-04 1.102178025760052257e-04
8.449999999999999289e+00 5.945076135113090080e-04 6.103390857754178002e-04 9.970461607632143401e-05 1.037002575048786532e-04
8.474999999999999645e+00 5.674006047533536453e-04 5.824462289110819571e-04 9.382404952714146348e-05 9.757133505067975101e-05
8.500000000000000000e+00 5.415476223396647982e-04 5.558466096934488619e-04 8.829350525007231994e-05 9.180785577159122858e-05
8.525000000000000355e+00 5.168905423116526088e-04 5.304801787116090453e-04 8.309211408876596475e-05 8.638800525929587451e-05
8.550000000000000711e+00 4.933738729354605369e-04 5.062896085899043193e-04 7.820023829285244047e-05 8.129125660934296454e-05
8.574999999999999289e+00 4.709446444642775668e-04 4.832201794891718147e-04 7.359940110308757716e-05 7.649829682003717523e-05
8.599999999999999645e+00 4.495523026430905283e-04 4.612196690109557546e-04 6.927222006427216747e-05 7.199095717075246865e-05
8.625000000000000000e+00 4.291486053650972075e-04 4.402382464117327292e-04 6.520234389381062139e-05 6.775214742747804665e-05
8.650000000000000355e+00 4.096875227474587600e-04 4.202283688569759712e-04 6.137439277261316566e-05 6.376579335198940602e-05
8.675000000000000711e+00 3.911251420771663092e-04 4.011446825770693904e-04 5.777390196591589367e-05 6.001677774250681980e-05
8.699999999999999289e+00 3.734195747392466975e-04 3.829439275561946762e-04 5.438726845420335175e-05 5.649088472473297816e-05
8.724999999999999645e+00 3.565308679111560061e-04 3.655848454633140658e-04 5.120170071807667511e-05 5.317474712116140834e-05
8.750000000000000000e+00 3.404209189547620276e-04 3.490280917763732100e-04 4.820517105957522670e-05 5.005579679763495998e-05
8.775000000000000355e+00 3.250533928411859655e-04 3.332361499572879531e-04 4.538637068414235962e-05 4.712221756143891694e-05
8.800000000000000711e+00 3.103936438018788406e-04 3.181732503303431967e-04 4.273466747691006862e-05 4.436290096290186559e-05
8.824999999999999289e+00 2.964086389006270771e-04 3.038052915668732206e-04 4.024006588138450270e-05 4.176740449098177395e-05
8.849999999999999645e+00 2.830668855738592560e-04 2.900997651807018293e-04 3.789316928580651456e-05 3.932591208750378404e-05
8.875000000000000000e+00 2.703383618571369865e-04 2.770256833358252326e-04 3.568514453368290209e-05 3.702919700395639562e-05
8.900000000000000355e+00 2.581944496288705957e-04 2.645535098996187840e-04 3.360768843634866427e-05 3.486858680948466980e-05
8.925000000000000711e+00 2.466078703374917792e-04 2.526550941674643122e-04 3.165299619662472510e-05 3.283593039459418522e-05
8.949999999999999289e+00 2.355526235467765063e-04 2.413036068182659410e-04 2.981373164052067719e-05 3.092356676629150024e-05
8.974999999999999645e+00 2.250039283897453028e-04 2.304734794871646003e-04 2.808299931924705586e-05 2.912429581927634975e-05
9.000000000000000000e+00 2.149381671583058275e-04 2.201403465307104747e-04 2.645431812443531418e-05 2.743135077937451299e-05
9.025000000000000355e+00 2.053328315294509728e-04 2.102809890485213588e-04 2.492159643507037346e-05 2.583837216965316063e-05
9.050000000000000711e+00 1.961664711947302118e-04 2.008732819730754628e-04 2.347910881782951326e-05 2.433938342017615475e-05
9.074999999999999289e+00 1.874186445046460638e-04 1.918961428681340378e-04 2.212147402580995492e-05 2.292876784062532883e-05
9.099999999999999645e+00 1.790698715559751932e-04 1.833294833546677660e-04 2.084363431703809751e-05 2.160124698188644541e-05
9.125000000000000000e+00 1.711015891917040796e-04 1.751541625784211952e-04 1.964083600162655927e-05 2.035186027191389466e-05
9.150000000000000355e+00 1.634961081065519303e-04 1.673519427569776182e-04 1.850861114552781355e-05 1.917594585938114967e-05
9.175000000000000711e+00 1.562365718585254581e-04 1.599054466911520929e-04 1.744276036522656882e-05 1.806912259508038115e-05
9.199999999999999289e+00 1.493069178228838127e-04 1.527981174620385459e-04 1.643933664257736310e-05 1.702727311865202109e-05
9.224999999999999645e+00 1.426918397130332581e-04 1.460141796171859267e-04 1.549463009737562022e-05 1.604652790984936137e-05
9.250000000000000000e+00 1.363767520353668787e-04 1.395386022592192798e-04 1.460515370639372118e-05 1.512325031889965243e-05
9.275000000000000355e+00 1.303477560575686607e-04 1.333570639639310119e-04 1.376762983817069507e-05 1.425402250933929815e-05
9.300000000000000711e+00 1.245916073534818658e-04 1.274559191112857831e-04 1.297897760742175246e-05 1.343563221095654023e-05
9.324999999999999289e+00 1.190956848747513772e-04 1.218221658913607748e-04 1.223630099953284214e-05 1.266506029041439121e-05
9.349999999999999645e+00 1.138479614597085702e-04 1.164434157738174436e-04 1.153687771579104680e-05 1.193946907117979707e-05
9.375000000000000000e+00 1.088369756931417313e-04 1.113078644022270528e-04 1.087814866955543457e-05 1.125619135823293332e-05
9.400000000000000355e+00 1.040518050906784879e-04 1.064042638367125343e-04 1.025770812805404484e-05 1.061272011526234841e-05
9.425000000000000711e+00 9.948204054685801990e-05 1.017218961129868311e-04 9.673294454478466667e-06 1.000669877924663838e-05
9.449999999999999289e+00 9.511776196505186307e-05 9.725054803351476066e-05 9.122781392476930770e-06 9.435912149025401321e-06
9.474999999999999645e+00 9.094951504307740035e-05 9.298048714829866362e-05 8.604169895807348912e-06 8.898277832624218442e-06
9.500000000000000000e+00 8.696828915980264058e-05 8.890243887888466077e-05 8.115580443027726096e-06 8.391838211061822047e-06
9.525000000000000355e+00 8.316549629652776707e-05 8.500756471078722734e-05 7.655245827615381611e-06 7.914752892406911046e-06
9.550000000000000711e+00 7.953295096597889284e-05 8.128744143850452088e-05 7.221504370761925395e-06 7.465291622708712270e-06
9.574999999999999289e+00 7.606285107732290601e-05 7.773404138237406094e-05 6.812793549610717972e-06 7.041827622348342831e-06
9.599999999999999645e+00 7.274775971999791670e-05 7.433971353872698606e-05 6.427644016452895480e-06 6.642831329091872360e-06
9.625000000000000000e+00 6.958058782193717062e-05 7.109716565331658522e-05 6.064673984443576122e-06 6.266864525804804164e-06
9.650000000000000355e+00 6.655457762260552190e-05 6.799944713554725384e-05 5.722583943437737254e-06 5.912574823508974246e-06
9.675000000000000711e+00 6.366328693037056653e-05 6.503993278489462516e-05 5.400151701208293457e-06 5.578690474680626138e-06
9.699999999999999289e+00 6.090057414268139878e-05 6.221230730239516653e-05 5.096227729257440962e-06 5.264015508739425723e-06
9.724999999999999645e+00 5.826058397774766393e-05 5.951055054623757736e-05 4.809730783052261348e-06 4.967425157944435556e-06
9.750000000000000000e+00 5.573773387662106537e-05 5.692892348238945047e-05 4.539643794626754363e-06 4.687861563678384508e-06
9.775000000000000355e+00 5.332670107633071449e-05 5.446195482034082031e-05 4.285010015910806973e-06 4.424329744374180660e-06
9.800000000000000711e+00 5.102241028477590086e-05 5.210442828285513173e-05 4.044929389954863422e-06 4.175893809679533876e-06
9.824999999999999289e+00 4.882002195246630365e-05 4.985137048817692889e-05 3.818555144645423941e-06 3.941673399910470268e-06
9.849999999999999645e+00 4.671492110881805137e-05 4.769803941764487145e-05 3.605090596912151770e-06 3.720840348247579951e-06
9.875000000000000000e+00 4.470270672710199730e-05 4.563991343283632846e-05 3.403786142488127560e-06 3.512615539683964051e-06
9.900000000000000355e+00 4.277918160298808454e-05 4.367268082215041737e-05 3.213936438876183257e-06 3.316265965555724774e-06
9.925000000000000711e+00 4.094034271882322133e-05 4.179222985061337121e-05 3.034877749436619242e-06 3.131101954717495001e-06
9.949999999999999289e+00 3.918237206797039215e-05 3.999463928742830285e-05 2.865985454273352914e-06 2.956474573016373963e-06
9.974999999999999645e+00 3.750162791637992165e-05 3.827616938622292053e-05 2.706671709168316070e-06 2.791773180854689502e-06
1.000000000000000000e+01 3.589463648817490171e-05 3.663325329960580442e-05 2.556383249691256288e-06 2.636423139376924206e-06
1.002500000000000036e+01 3.435808404858167140e-05 3.506248891022292546e-05 2.414599322323005861e-06 2.489883655820787819e-06
1.005000000000000071e+01 3.288880936488810619e-05 3.356063104902734100e-05 2.280829744368421368e-06 2.351645756585495459e-06
1.007499999999999929e+01 3.148379653122645110e-05 3.212458409267294329e-05 2.154613083943986676e-06 2.221230387809255932e-06
1.009999999999999964e+01 3.014016813206045516e-05 3.075139491236475632e-05 2.035514943410500043e-06 2.098186627584840638e-06
1.012500000000000000e+01 2.885517873776736837e-05 2.943824616244897067e-05 1.923126352866325120e-06 1.982090007899226173e-06
1.015000000000000036e+01 2.762620870810024351e-05 2.818244989020302879e-05 1.817062255744459290e-06 1.872540937669498251e-06
1.017500000000000071e+01 2.645075829399375799e-05 2.698144145233250505e-05 1.716960086918910560e-06 1.769163220021359129e-06
1.019999999999999929e+01 2.532644202075638333e-05 2.583277372306436338e-05 1.622478439077399709e-06 1.671602660293016358e-06
1.022499999999999964e+01 2.425098334088660602e-05 2.473411158128168381e-05 1.533295806235650103e-06 1.579525758327427072e-06
1.025000000000000000e+01 2.322220954038526581e-05 2.368322666104932160e-05 1.449109405081479642e-06 1.492618478572122282e-06
1.027500000000000036e+01 2.223804688874971838e-05 2.267799235037601228e-05 1.369634066935146498e-06 1.410585095991231547e-06
1.030000000000000071e+01 2.129651602174523540e-05 2.171637903393325137e-05 1.294601193307823683e-06 1.333147109290120317e-06
1.032499999999999929e+01 2.039572754167813127e-05 2.079644956001567758e-05 1.223757778576688599e-06 1.260042220831419012e-06
1.034999999999999964e+01 1.953387782890087196e-05 1.991635492263489881e-05 1.156865488761053438e-06 1.191023377857697199e-06
1.037500000000000000e+01 1.870924505351756784e-05 1.907433015476234868e-05 1.093699796302075567e-06 1.125857871404782915e-06
1.040000000000000036e+01 1.792018537404914703e-05 1.826869041306747459e-05 1.034049166313640012e-06 1.064326489064134130e-06
1.042500000000000071e+01 1.716512931814886692e-05 1.749782724909979705e-05 9.777142918317711467e-07 1.006222718573942358e-06
1.044999999999999929e+01 1.644257833529768104e-05 1.676020505957108474e-05 9.245073741095699203e-07 9.513519991195378994e-07
1.047499999999999964e+01 1.575110151364153655e-05 1.605435770557518807e-05 8.742514466951403400e-07 8.995310172980177349e-07
1.050000000000000000e+01 1.508933245107357474e-05 1.537888529216302404e-05 8.267797398173254391e-07 8.505870457471355453e-07
1.052500000000000036e+01 1.445596627436685210e-05 1.473245109965540417e-05 7.819350821913456691e-07 8.043573207977648029e-07
1.055000000000000071e+01 1.384975680034341250e-05 1.411377866130359764e-05 7.395693396030171899e-07 7.606884578519723458e-07
1.057499999999999929e+01 1.326951383058043965e-05 1.352164897949066264e-05 6.995428850269518066e-07 7.194359012574168554e-07
1.059999999999999964e+01 1.271410057395162989e-05 1.295489787353978493e-05 6.617241014594950707e-07 6.804634065445453192e-07
1.062500000000000000e+01 1.218243119062074501e-05 1.241241345281564872e-05 6.259889152947159462e-07 6.436425545649789815e-07
1.065000000000000036e+01 1.167346845173755154e-05 1.189313370929665878e-05 5.922203551260597404e-07 6.088522939771642689e-07
1.067500000000000071e+01 1.118622150913696664e-05 1.139604422349084357e-05 5.603081381512049512e-07 5.759785105169445731e-07
1.069999999999999929e+01 1.071974377016116941e-05 1.092017597863953186e-05 5.301482810376345511e-07 5.449136225916332802e-07
1.072499999999999964e+01 1.027313087203220856e-05 1.046460327782357910e-05 5.016427333254021046e-07 5.155562003212816336e-07
1.075000000000000000e+01 9.845518751238859005e-06 1.002844175892225165e-05 4.746990334219031092e-07 4.878106077178528559e-07
1.077500000000000036e+01 9.436081803469894403e-06 9.610846502824505974e-06 4.492299834431388896e-07 4.615866655615975795e-07
1.080000000000000071e+01 9.044031129605852902e-06 9.211010230418631249e-06 4.251533446237427002e-07 4.367993342456616436e-07
1.082499999999999929e+01 8.668612863702092978e-06 8.828161584103128812e-06 4.023915502060647491e-07 4.133684158059422368e-07
1.084999999999999964e+01 8.309106578986050247e-06 8.461563489630274275e-06 3.808714347968241254e-07 3.912182730024831968e-07
1.087500000000000000e+01 7.964823768345439720e-06 8.110511594664513463e-06 3.605239805418783560e-07 3.702775653323196778e-07
1.090000000000000036e+01 7.635106395445956468e-06 7.774332780201006159e-06 3.412840774032807129e-07 3.504790005036803314e-07
1.092500000000000071e+01 7.319325513312652637e-06 7.452383741416403300e-06 3.230902978996786211e-07 3.317591003940691798e-07
1.094999999999999929e+01 7.016879947095338531e-06 7.144049634619157334e-06 3.058846852710119878e-07 3.140579810336474601e-07
1.097499999999999964e+01 6.727195038024583166e-06 6.848742787162623186e-06 2.896125535711984221e-07 2.973191453817045850e-07
1.100000000000000000e+01 6.449721445642691358e-06 6.565901467403503228e-06 2.742222995793351241e-07 2.814892881179999740e-07
1.102500000000000036e+01 6.183934005374880473e-06 6.294988711678532788e-06 2.596652260633977050e-07 2.665181120379892298e-07
1.105000000000000071e+01 5.929330639029174354e-06 6.035491205688784567e-06 2.458953751306472118e-07 2.523581552860079757e-07
1.107499999999999929e+01 5.685431315637061958e-06 5.786918217699653381e-06 2.328693711218390337e-07 2.389646284932449371e-07
1.109999999999999964e+01 5.451777060168722452e-06 5.548800581056219714e-06 2.205462730620624541e-07 2.262952615334040923e-07
1.112500000000000000e+01 5.227929008027718879e-06 5.320689723734001305e-06 2.088874354821972744e-07 2.143101593045600523e-07
1.115000000000000036e+01 5.013467503027579295e-06 5.102156742677294356e-06 1.978563772101535720e-07 2.029716657539557542e-07
1.117500000000000071e+01 4.807991236769683102e-06 4.892791520742405454e-06 1.874186580016105760e-07 1.922442358817757138e-07
1.119999999999999929e+01 4.611116427679252842e-06 4.692201884278933244e-06 1.775417622625970479e-07 1.820943152203887551e-07
1.122499999999999964e+01 4.422476037651500272e-06 4.500012799586092227e-06 1.681949895249349492e-07 1.724902263176304505e-07
1.125000000000000000e+01 4.241719024481450941e-06 4.315865606111010876e-06 1.593493512581300174e-07 1.634020618051329331e-07
1.127500000000000036e+01 4.068509628594740664e-06 4.139417284803570984e-06 1.509774736582623222e-07 1.548015836664931766e-07
1.130000000000000071e+01 3.902526692388348681e-06 3.970339760098372863e-06 1.430535060514157599e-07 1.466621283448056271e-07
1.132499999999999929e+01 3.743463010601108470e-06 3.808319233767919456e-06 1.355530346015493927e-07 1.389585173427706379e-07
1.134999999999999964e+01 3.591024710288468998e-06 3.653055549210839017e-06 1.284530009132220792e-07 1.316669729719607131e-07
1.137500000000000000e+01 3.444930659033690927e-06 3.504261584742186827e-06 1.217316254024555923e-07 1.247650389403687234e-07
1.140000000000000036e+01 3.304911900079919969e-06 3.361662674536885751e-06 1.153683351562549094e-07 1.182315056112416466e-07
1.142500000000000071e+01 3.170711113137719466e-06 3.224996055950000201e-06 1.093436958236520139e-07 1.120463395363777989e-07
1.144999999999999929e+01 3.042082099638174558e-06 3.094010341973791503e-06 1.036393474083173481e-07 1.061906170161197796e-07
1.147499999999999964e+01 2.918789291298959136e-06 2.968465017641486090e-06 9.823794373729118752e-08 1.006464614474841094e-07
1.150000000000000000e+01 2.800607280944601470e-06 2.848129959233251523e-06 9.312309552220890788e-08 9.539698432094430292e-08
1.152500000000000036e+01 2.687320374553081689e-06 2.732784975346198179e-06 8.827931664860603036e-08 9.042622964942435819e-08
1.155000000000000071e+01 2.578722163482590255e-06 2.622219368658671052e-06 8.369197343170617108e-08 8.571912152903219207e-08
1.157499999999999929e+01 2.474615116026403901e-06 2.516231517507279585e-06 7.934723679634980261e-08 8.126141466224203767e-08
1.159999999999999964e+01 2.374810187362704919e-06 2.414628476384805474e-06 7.523203728805640721e-08 7.703964775896008627e-08
1.162500000000000000e+01 2.279126447045372832e-06 2.317225594441993130e-06 7.133402258245260669e-08 7.304109962461211461e-08
1.165000000000000036e+01 2.187390723220114564e-06 2.223846151142006780e-06 6.764151736097735705e-08 6.925374769507067183e-08
1.167500000000000071e+01 2.099437262823421936e-06 2.134321008300970732e-06 6.414348558177316452e-08 6.566622896507189238e-08
1.169999999999999929e+01 2.015107407025368068e-06 2.048488277797070383e-06 6.082949483297369612e-08 6.226780316601701393e-08
1.172499999999999964e+01 1.934249281193200577e-06 1.966193004168253298e-06 5.768968267215690754e-08 5.904831798937075811e-08
1.175000000000000000e+01 1.856717498711494436e-06 1.887286861420200766e-06 5.471472493508289756e-08 5.599817630335405643e-08
1.177500000000000036e+01 1.782372878053696121e-06 1.811627863420034434e-06 5.189580581921755424e-08 5.310830523926138613e-08
1.180000000000000071e+01 1.711082172476549773e-06 1.739080087256579280e-06 4.922458966359193879e-08 5.037012702918804516e-08
1.182499999999999929e+01 1.642717811742344634e-06 1.669513408924747373e-06 4.669319432003048362e-08 4.777553149419088758e-08
1.184999999999999964e+01 1.577157655357039567e-06 1.602803250806695190e-06 4.429416603526973667e-08 4.531685009056972571e-08
1.187500000000000000e+01 1.514284756781453987e-06 1.538830340418231344e-06 4.202045571858560660e-08 4.298683141591882180e-08
1.190000000000000036e+01 1.453987138111852930e-06 1.477480479883566600e-06 3.986539659338842212e-08 4.077861809427207511e-08
1.192500000000000071e+01 1.396157574756314359e-06 1.418644325657371069e-06 3.782268311525079232e-08 3.868572500403903175e-08
1.194999999999999929e+01 1.340693389658103712e-06 1.362217178028778485e-06 3.588635098735143294e-08 3.670201868734356524e-08
1.197499999999999964e+01 1.287496256630949263e-06 1.308098779964401153e-06 3.405075837021230042e-08 3.482169791577959553e-08
1.200000000000000000e+01 1.236472012383347259e-06 1.256193124861802850e-06 3.231056815219570570e-08 3.303927538052588605e-08
1.202500000000000036e+01 1.187530476848781726e-06 1.206408272806637674e-06 3.066073118571880554e-08 3.134956040018250745e-08
1.205000000000000071e+01 1.140585281448177208e-06 1.158656174957333437e-06 2.909647045495989724e-08 2.974764258995892203e-08
1.207499999999999929e+01 1.095553704916715730e-06 1.112852505682614902e-06 2.761326614254451374e-08 2.822887644061801030e-08
1.209999999999999964e+01 1.052356516362234589e-06 1.068916502102046065e-06 2.620684155187971100e-08 2.678886678164076908e-08
1.212500000000000000e+01 1.010917825224833355e-06 1.026770810699241000e-06 2.487314977498615280e-08 2.542345504660518364e-08
1.215000000000000036e+01 9.711649378265026531e-07 9.863413406828784056e-07 2.360836111240317260e-08 2.412870629318453589e-08
1.217500000000000071e+01 9.330282202190547765e-07 9.475571237951907610e-07 2.240885121921988025e-08 2.290089696058685020e-08
1.219999999999999929e+01 8.964409670445250936e-07 9.103501802794234772e-07 2.127118990863380518e-08 2.173650332085244256e-08
1.222499999999999964e+01 8.613392761373574863e-07 8.746553907253252493e-07 2.019213053462359999e-08 2.063219055654428185e-08
1.225000000000000000e+01 8.276619286139151801e-07 8.404103735324734674e-07 1.916860000833172974e-08 1.958480243902050126e-08
1.227500000000000036e+01 7.953502742021261748e-07 8.075553677365753926e-07 1.819768936079629647e-08 1.859135160824741795e-08
1.230000000000000071e+01 7.643481215782946967e-07 7.760331209618445938e-07 1.727664479703449039e-08 1.764901035959613609e-08
1.232499999999999929e+01 7.346016334857700283e-07 7.457887822678372032e-07 1.640285930285369819e-08 1.675510196810394824e-08
1.234999999999999964e+01 7.060592264246040727e-07 7.167697996730702643e-07 1.557386465438047562e-08 1.590709248264304700e-08
1.237500000000000000e+01 6.786714747070181116e-07 6.889258221467493586e-07 1.478732389966783174e-08 1.510258296219623704e-08
1.240000000000000036e+01 6.523910186846716809e-07 6.622086058689532803e-07 1.404102426568287797e-08 1.433930216303997768e-08
1.242500000000000071e+01 6.271724769632864248e-07 6.365719245699444156e-07 1.333287042824919835e-08 1.361509961643519548e-08
1.244999999999999929e+01 6.029723624278041517e-07 6.119714837678051113e-07 1.266087817205450626e-08 1.292793908981929475e-08
1.247499999999999964e+01 5.797490019071313270e-07 5.883648387298192403e-07 1.202316839207566956e-08 1.227589241033477537e-08
1.250000000000000000e+01 5.574624593201530860e-07 5.657113159932971212e-07 1.141796143364151427e-08 1.165713362971488127e-08
1.252500000000000036e+01 5.360744621473130534e-07 5.439719382886563965e-07 1.084357173071021362e-08 1.106993351108528016e-08
1.255000000000000071e+01 5.155483310805073729e-07 5.231093527127787104e-07 1.029840273506071527e-08 1.051265430776730723e-08
1.257499999999999929e+01 4.958489127130675468e-07 5.030877620100976601e-07 9.780942147723520164e-09 9.983744841086014681e-09
1.259999999999999964e+01 4.769425151347404944e-07 4.838728588248387208e-07 9.289757387428273698e-09 9.481735847430073393e-09
1.262500000000000000e+01 4.587968463025481508e-07 4.654317627917691216e-07 8.823491307915211975e-09 9.005235569059225704e-09
1.265000000000000036e+01 4.413809550676446558e-07 4.477329603409852793e-07 8.380858169144242638e-09 8.552925597147623165e-09
1.267500000000000071e+01 4.246651747408858162e-07 4.307462470984154418e-07 7.960639808946013191e-09 8.123556941665330502e-09
1.269999999999999929e+01 4.086210690845332285e-07 4.144426727667486255e-07 7.561682019963122006e-09 7.715946305369802256e-09
1.272499999999999964e+01 3.932213806254475928e-07 3.987944883782478706e-07 7.182891144150173489e-09 7.328972568676850832e-09
1.275000000000000000e+01 3.784399811873071252e-07 3.837750958160611951e-07 6.823230844717549421e-09 6.961573472074938654e-09
1.277500000000000036e+01 3.642518245444469391e-07 3.693589995031092896e-07 6.481719040510490061e-09 6.612742469644367446e-09
1.280000000000000071e+01 3.506329011062501705e-07 3.555217601658687728e-07 6.157425019341764048e-09 6.281525753744943394e-09
1.282499999999999929e+01 3.375601945417911008e-07 3.422399505812968510e-07 5.849466706158912060e-09 5.967019446241087157e-09
1.284999999999999964e+01 3.250116402609234072e-07 3.294911132197164639e-07 5.557008076727278262e-09 5.668366938946900187e-09
1.287500000000000000e+01 3.129660856712619793e-07 3.172537197021073070e-07 5.279256716660659558e-09 5.384756381550013557e-09
1.290000000000000036e+01 3.014032521336074599e-07 3.055071319925379703e-07 5.015461507358486677e-09 5.115418304360088838e-09
1.292500000000000071e+01 2.903036985420906238e-07 2.942315652500302236e-07 4.764910435817527222e-09 4.859623368142002350e-09
1.294999999999999929e+01 2.796487864585547686e-07 2.834080522680175257e-07 4.526928525153818108e-09 4.616680234886606915e-09
1.297499999999999964e+01 2.694206467338861279e-07 2.730184094321914588e-07 4.300875878018864786e-09 4.385933556494436387e-09
1.300000000000000000e+01 2.596021475521375545e-07 2.630452041314419204e-07 4.086145820058436164e-09 4.166762069037960937e-09
1.302500000000000036e+01 2.501768638355912627e-07 2.534717235586779008e-07 3.882163152773228400e-09 3.958576792103973762e-09
1.305000000000000071e+01 2.411290479522925403e-07 2.442819448412109973e-07 3.688382492377932258e-09 3.760819326739820188e-09
1.307499999999999929e+01 2.324436016700285470e-07 2.354605064439091901e-07 3.504286696679143106e-09 3.572960238943003249e-09
1.309999999999999964e+01 2.241060493028373876e-07 2.269926807899190016e-07 3.329385385989665597e-09 3.394497536000289345e-09
1.312500000000000000e+01 2.161025119987435485e-07 2.188643480464788009e-07 3.163213533656971782e-09 3.224955222901633167e-09
1.315000000000000036e+01 2.084196831197471631e-07 2.110619710253682016e-07 3.005330134728064253e-09 3.063881934079378592e-09
1.317500000000000071e+01 2.010448046675845854e-07 2.035725711509329578e-07 2.855316947258202615e-09 2.910849639946870378e-09
1.319999999999999929e+01 1.939656447099187844e-07 1.963837054493796010e-07 2.712777301899336741e-09 2.765452423443327716e-09
1.322499999999999964e+01 1.871704757644028223e-07 1.894834445153881016e-07 2.577334973348860814e-09 2.627305322431159441e-09
1.325000000000000000e+01 1.806480540997249490e-07 1.828603514146058064e-07 2.448633112081001598e-09 2.496043232522284321e-09
1.327500000000000036e+01 1.743875999144751274e-07 1.765034614818820270e-07 2.326333232624018617e-09 2.371319869345868546e-09
1.330000000000000071e+01 1.683787783563763712e-07 1.704022629769858970e-07 2.210114255905606396e-09 2.252806784677765018e-09
1.332499999999999929e+01 1.626116813462295957e-07 1.645466785613429692e-07 2.099671605302732867e-09 2.140192437729346558e-09
1.334999999999999964e+01 1.570768101722540991e-07 1.589270475607915194e-07 1.994716346535447464e-09 2.033181314106517521e-09
1.337500000000000000e+01 1.517650588221977375e-07 1.535341089809500721e-07 1.894974375831433015e-09 1.931493091802301474e-09
1.340000000000000036e+01 1.466676980220326404e-07 1.483589852433386000e-07 1.800185651784556583e-09 1.834861852292907415e-09
1.342500000000000071e+01 1.417763599512664564e-07 1.433931666116866550e-07 1.710103465891765372e-09 1.743035333550111631e-09
1.344999999999999929e+01 1.370830236063274271e-07 1.386284962792627806e-07 1.624493752700935570e-09 1.655774221430221482e-09
1.347499999999999964e+01 1.325800007846742361e-07 1.340571560892516539e-07 1.543134437366344563e-09 1.572851480456883883e-09
1.350000000000000178e+01 1.282599226635760069e-07 1.296716528615802150e-07 1.465814816222399415e-09 1.494051718622344789e-09
1.352500000000000213e+01 1.241157269485318298e-07 1.254648053006504002e-07 1.392334972713132041e-09 1.419170587486728872e-09
1.355000000000000249e+01 1.201406455674667845e-07 1.214297314595826598e-07 1.322505220238438764e-09 1.348014212655959403e-09
1.357499999999999929e+01 1.163281928878413695e-07 1.175598367376464532e-07 1.256145578074808890e-09 1.280398654512769680e-09
1.359999999999999964e+01 1.126721544348759473e-07 1.138488023885789576e-07 1.193085273736531871e-09 1.216149398746248755e-09
1.362500000000000000e+01 1.091665760899900488e-07 1.102905745184992887e-07 1.133162271146056695e-09 1.155100872490939458e-09
1.365000000000000213e+01 1.058057537494635185e-07 1.068793535529736379e-07 1.076222824791064623e-09 1.097095987168039422e-09
1.367500000000000249e+01 1.025842234242693161e-07 1.036095841537843231e-07 1.022121055713151726e-09 1.041985704365485089e-09
1.369999999999999929e+01 9.949675176279328813e-08 1.004759455667523836e-07 9.707185520971455135e-10 9.896286255405604623e-10
1.372499999999999964e+01 9.653832697899793284e-08 9.747334238278777965e-08 9.218839894731418003e-10 9.398906033199614907e-10
1.375000000000000000e+01 9.370415016931768211e-08 9.459689569512244495e-08 8.754927714835006352e-10 8.926443731867322916e-10
1.377500000000000213e+01 9.098962700237110301e-08 9.184193463646237794e-08 8.314266890296071593e-10 8.477692045651447771e-10
1.380000000000000249e+01 8.839035976619194211e-08 8.920398828047073276e-08 7.895735979005009414e-10 8.051505701763754948e-10
1.382499999999999929e+01 8.590213975838741412e-08 8.667877789267885450e-08 7.498271139330510111e-10 7.646798334697514141e-10
1.384999999999999964e+01 8.352094000529873833e-08 8.426220951660124624e-08 7.120863235735494045e-10 7.262539523893280193e-10
1.387500000000000000e+01 8.124290829682707134e-08 8.195036688145241576e-08 6.762555095790669719e-10 6.897751986116269628e-10
1.390000000000000213e+01 7.906436052418769736e-08 7.973950461847232835e-08 6.422438915681268256e-10 6.551508915423118474e-10
1.392500000000000249e+01 7.698177430839500301e-08 7.762604177341126504e-08 6.099653807385569052e-10 6.222931468857518475e-10
1.394999999999999929e+01 7.499178290784572148e-08 7.560655560330151666e-08 5.793383469816413938e-10 5.911186383894190278e-10
1.397499999999999964e+01 7.309116939387679905e-08 7.367777564616820014e-08 5.502853982947539851e-10 5.615483720929591318e-10
1.400000000000000000e+01 7.127686108365790614e-08 7.183657805282036690e-08 5.227331718622369558e-10 5.335074724193277756e-10
1.402500000000000213e+01 6.954592422027902606e-08 7.007998017038287080e-08 4.966121369279965036e-10 5.069249799459397127e-10
1.405000000000000249e+01 6.789555889030510703e-08 6.840513536763905619e-08 4.718564079406208467e-10 4.817336601870408585e-10
1.407499999999999929e+01 6.632309416954742313e-08 6.680932809274670459e-08 4.484035674846234799e-10 4.578698224236897214e-10
1.409999999999999964e+01 6.482598348820030890e-08 6.528996915430081996e-08 4.261944982373667687e-10 4.352731480594704808e-10
1.412500000000000000e+01 6.340180020687493636e-08 6.384459121710817526e-08 4.051732247198525919e-10 4.138865281125234118e-10
1.415000000000000213e+01 6.204823339547442780e-08 6.247084450443897782e-08 3.852867637056466298e-10 3.936559101220727219e-10
1.417500000000000249e+01 6.076308380721637309e-08 6.116649269892728221e-08 3.664849816078320213e-10 3.745301526970331348e-10
1.419999999999999929e+01 5.954426004042551150e-08 5.992940903458666622e-08 3.487204607975885810e-10 3.564608881767405002e-10
1.422499999999999964e+01 5.838977488111705293e-08 5.875757257281309637e-08 3.319483726801260898e-10 3.394023929841518049e-10
1.425000000000000000e+01 5.729774181966692882e-08 5.764906465555157026e-08 3.161263577592066922e-10 3.233114648702074053e-10
1.427500000000000036e+01 5.626637173519894059e-08 5.660206552912018432e-08 3.012144124766348850e-10 3.081473071088224789e-10
1.430000000000000249e+01 5.529396974161093420e-08 5.561485113249068423e-08 2.871747819866517184e-10 2.938714189445960247e-10
1.432499999999999929e+01 5.437893218946043023e-08 5.468579004413515797e-08 2.739718594372363034e-10 2.804474922930023896e-10
1.434999999999999964e+01 5.351974381818637296e-08 5.381334058180174816e-08 2.615720906371562483e-10 2.678413143687426916e-10
1.437500000000000000e+01 5.271497505343418130e-08 5.299604804988016450e-08 2.499438841503419485e-10 2.560206756956096459e-10
1.440000000000000036e+01 5.196327944448312626e-08 5.223254212925856598e-08 2.390575266790246868e-10 2.449552835384043620e-10
1.442500000000000249e+01 5.126339123703893709e-08 5.152153440483722007e-08 2.288851031320545198e-10 2.346166802368988497e-10
1.444999999999999929e+01 5.061412307687376748e-08 5.086181602609171505e-08 2.194004216258879331e-10 2.249781664035952464e-10
1.447499999999999964e+01 5.001436384004303314e-08 5.025225549632318811e-08 2.105789430073124595e-10 2.160147287763268164e-10
1.450000000000000000e+01 4.946307658561617506e-08 4.969179658645892488e-08 2.023977145536977761e-10 2.077029724849881947e-10
1.452500000000000036e+01 4.895929662706085022e-08 4.917945636945886365e-08 1.948353076367612909e-10 2.000210573552915544e-10
1.455000000000000249e+01 4.850212971864643420e-08 4.871432337161708648e-08 1.878717594678362234e-10 1.929486382636207476e-10
1.457499999999999929e+01 4.809075035341413765e-08 4.829555583724162183e-08 1.814885186472960963e-10 1.864668093830732772e-10
1.459999999999999964e+01 4.772440016944645907e-08 4.792238010337295234e-08 1.756683941085098786e-10 1.805580520964407626e-10
1.462500000000000000e+01 4.740238646136856999e-08 4.759408908141001190e-08 1.703955075583923295e-10 1.752061862842070999e-10
1.465000000000000036e+01 4.712408079417792392e-08 4.731004084268149181e-08 1.656552493885484121e-10 1.703963251890266083e-10
1.467500000000000249e+01 4.688891771667443824e-08 4.706965730517569778e-08 1.614342375483299776e-10 1.661148334037921195e-10
1.469999999999999929e+01 4.669639357192975474e-08 4.687242301881317444e-08 1.577202795297536695e-10 1.623492880050560797e-10
1.472499999999999964e+01 4.654606540239435339e-08 4.671788404680903708e-08 1.545023371753304770e-10 1.590884425618233813e-10
1.475000000000000000e+01 4.643754994739667728e-08 4.660564694083053055e-08 1.517704946199494292e-10 1.563221942101294368e-10
1.477500000000000036e+01 4.637052273094127034e-08 4.653537780781003168e-08 1.495159287110837128e-10 1.540415535111503693e-10
1.480000000000000249e+01 4.634471723785803659e-08 4.650680146642227929e-08 1.477308820962299227e-10 1.522386168603033654e-10
1.482499999999999929e+01 4.635992417649917531e-08 4.651970069138069650e-08 1.464086390387243161e-10 1.509065416985995342e-10
1.484999999999999964e+01 4.641599082631785687e-08 4.657391554384824395e-08 1.455435034670746755e-10 1.500395241138832697e-10
1.487500000000000000e+01 4.651282046880020150e-08 4.666934278639750051e-08 1.451307795874216249e-10 1.496327789022567323e-10
1.490000000000000036e+01 4.665037190035221542e-08 4.680593538108716873e-08 1.451667549222735041e-10 1.496825221934875383e-10
1.492500000000000071e+01 4.682865902587419216e-08 4.698370206935534559e-08 1.456486854465238491e-10 1.501859562467585157e-10
1.494999999999999929e+01 4.704775053187928971e-08 4.720270703255574289e-08 1.465747830564657454e-10 1.511412565388834141e-10
1.497499999999999964e+01 4.730776963813879186e-08 4.746306963209134727e-08 1.479442052999119596e-10 1.525475612214088368e-10
