# col1: r[fm],  col2: chargedensity, col3: weak density [fm^-3](normailized to Q=1)
2.101448349307773875e-07 4.515694241905186812e-02 -5.352180517572324714e-02
2.500000000000000139e-02 4.516302855053503512e-02 -5.352987668775930491e-02
5.000000000000000278e-02 4.518127623386163083e-02 -5.355408244088891156e-02
7.499999999999999722e-02 4.521165333339222797e-02 -5.359439607172791081e-02
1.000000000000000056e-01 4.525410628441742245e-02 -5.365077359487367692e-02
1.250000000000000000e-01 4.530856009283171226e-02 -5.372315333910298446e-02
1.499999999999999944e-01 4.537491834921838357e-02 -5.381145586921320251e-02
1.749999999999999889e-01 4.545306327022454601e-02 -5.391558390349843882e-02
2.000000000000000111e-01 4.554285578160500308e-02 -5.403542223816404366e-02
2.250000000000000056e-01 4.564413565747431345e-02 -5.417083769034091584e-02
2.500000000000000000e-01 4.575672172913645974e-02 -5.432167907076616148e-02
2.750000000000000222e-01 4.588041217448693421e-02 -5.448777719572368838e-02
2.999999999999999889e-01 4.601498489564636446e-02 -5.466894494565580076e-02
3.250000000000000111e-01 4.616019798851554723e-02 -5.486497737518385848e-02
3.499999999999999778e-01 4.631579030371990591e-02 -5.507565187637405990e-02
3.750000000000000000e-01 4.648148209432903522e-02 -5.530072839422956604e-02
4.000000000000000222e-01 4.665697574216026711e-02 -5.553994969083680261e-02
4.249999999999999889e-01 4.684195655170563660e-02 -5.579304165256226272e-02
4.500000000000000111e-01 4.703609359897158171e-02 -5.605971363334263241e-02
4.749999999999999778e-01 4.723904062189186737e-02 -5.633965882652112317e-02
5.000000000000000000e-01 4.745043693945327767e-02 -5.663255465786332099e-02
5.250000000000000222e-01 4.766990838814107873e-02 -5.693806319326489424e-02
5.500000000000000444e-01 4.789706826654957506e-02 -5.725583155611033148e-02
5.749999999999999556e-01 4.813151828173988650e-02 -5.758549235107163211e-02
5.999999999999999778e-01 4.837284949384512700e-02 -5.792666409313982495e-02
6.250000000000000000e-01 4.862064325821528754e-02 -5.827895164264662586e-02
6.500000000000000222e-01 4.887447216678215967e-02 -5.864194664876253016e-02
6.750000000000000444e-01 4.913390099209179879e-02 -5.901522800529084706e-02
6.999999999999999556e-01 4.939848763846318297e-02 -5.939836232340935107e-02
7.249999999999999778e-01 4.966778410493811330e-02 -5.979090442629016872e-02
7.500000000000000000e-01 4.994133746413636360e-02 -6.019239787027063499e-02
7.750000000000000222e-01 5.021869085994043469e-02 -6.060237549651695255e-02
8.000000000000000444e-01 5.049938452528988930e-02 -6.102036001603167864e-02
8.249999999999999556e-01 5.078295681948883505e-02 -6.144586462954725048e-02
8.499999999999999778e-01 5.106894528254664334e-02 -6.187839368247222138e-02
8.750000000000000000e-01 5.135688770239851819e-02 -6.231744335376208227e-02
9.000000000000000222e-01 5.164632318956070139e-02 -6.276250237649977359e-02
9.250000000000001554e-01 5.193679325298126981e-02 -6.321305278718097886e-02
9.499999999999999556e-01 5.222784287060436292e-02 -6.366857070025883081e-02
9.749999999999999778e-01 5.251902154845450310e-02 -6.412852710441603599e-02
1.000000000000000000e+00 5.280988436279231840e-02 -6.459238867726511957e-02
1.024999999999999911e+00 5.309999298096619580e-02 -6.505961861565791315e-02
1.050000000000000044e+00 5.338891665783472573e-02 -6.552967747942316235e-02
1.074999999999999956e+00 5.367623320589347963e-02 -6.600202404704033632e-02
1.100000000000000089e+00 5.396152993835885009e-02 -6.647611618239765430e-02
1.125000000000000000e+00 5.424440458531316206e-02 -6.695141171228721766e-02
1.149999999999999911e+00 5.452446618352172619e-02 -6.742736931459566985e-02
1.175000000000000044e+00 5.480133594065501879e-02 -6.790344941722407934e-02
1.199999999999999956e+00 5.507464807441389554e-02 -6.837911510761250644e-02
1.225000000000000089e+00 5.534405062651499840e-02 -6.885383305238235163e-02
1.250000000000000000e+00 5.560920625075233686e-02 -6.932707442609718773e-02
1.274999999999999911e+00 5.586979297351920420e-02 -6.979831584754542240e-02
1.300000000000000044e+00 5.612550492437549249e-02 -7.026704032134448163e-02
1.324999999999999956e+00 5.637605303358715625e-02 -7.073273818212422182e-02
1.350000000000000089e+00 5.662116569313040831e-02 -7.119490803812859869e-02
1.375000000000000000e+00 5.686058937749358805e-02 -7.165305771081614816e-02
1.399999999999999911e+00 5.709408922073840043e-02 -7.210670516696220111e-02
1.425000000000000044e+00 5.732144954666944237e-02 -7.255537943985862492e-02
1.449999999999999956e+00 5.754247434955262613e-02 -7.299862153644484652e-02
1.475000000000000089e+00 5.775698772353504012e-02 -7.343598532754115615e-02
1.500000000000000000e+00 5.796483423965936854e-02 -7.386703841873798471e-02
1.524999999999999911e+00 5.816587927004378961e-02 -7.429136299986557890e-02
1.550000000000000044e+00 5.836000925933556432e-02 -7.470855667127784816e-02
1.574999999999999956e+00 5.854713194388742881e-02 -7.511823324538972890e-02
1.600000000000000089e+00 5.872717651922340631e-02 -7.552002352198841639e-02
1.625000000000000000e+00 5.890009375626251847e-02 -7.591357603578924307e-02
1.649999999999999911e+00 5.906585606648399878e-02 -7.629855777453886656e-02
1.675000000000000044e+00 5.922445751580747431e-02 -7.667465486571245492e-02
1.699999999999999956e+00 5.937591378649495488e-02 -7.704157322954585663e-02
1.725000000000000311e+00 5.952026208593704654e-02 -7.739903919583400460e-02
1.750000000000000000e+00 5.965756100083152713e-02 -7.774680008165575640e-02
1.774999999999999911e+00 5.978789029505768987e-02 -7.808462472699283230e-02
1.800000000000000044e+00 5.991135064952692740e-02 -7.841230398511989108e-02
1.824999999999999956e+00 6.002806334245845005e-02 -7.872965116466851265e-02
1.850000000000000311e+00 6.013816986887506044e-02 -7.903650242040589913e-02
1.875000000000000000e+00 6.024183149859613229e-02 -7.933271709000319638e-02
1.899999999999999911e+00 6.033922877257166112e-02 -7.961817797437174826e-02
1.925000000000000044e+00 6.043056093799006878e-02 -7.989279155948243727e-02
1.949999999999999956e+00 6.051604532313790280e-02 -8.015648817791988512e-02
1.975000000000000089e+00 6.059591665344401384e-02 -8.040922210872485099e-02
2.000000000000000000e+00 6.067042631046164897e-02 -8.065097161432183137e-02
2.024999999999999911e+00 6.073984153571371225e-02 -8.088173891349827171e-02
2.049999999999999822e+00 6.080444458135583069e-02 -8.110155008949611333e-02
2.075000000000000178e+00 6.086453180951854891e-02 -8.131045493230636134e-02
2.100000000000000089e+00 6.092041274202122936e-02 -8.150852671424008156e-02
2.125000000000000000e+00 6.097240906195242061e-02 -8.169586189781836982e-02
2.149999999999999911e+00 6.102085356844316050e-02 -8.187257977500290995e-02
2.174999999999999822e+00 6.106608908586661638e-02 -8.203882203681367447e-02
2.200000000000000178e+00 6.110846732872237536e-02 -8.219475227247327598e-02
2.225000000000000089e+00 6.114834772362438137e-02 -8.234055539739311425e-02
2.250000000000000000e+00 6.118609619011421141e-02 -8.247643700958462443e-02
2.274999999999999911e+00 6.122208388244765320e-02 -8.260262267443138628e-02
2.299999999999999822e+00 6.125668589502244327e-02 -8.271935713818127922e-02
2.325000000000000178e+00 6.129027993468031538e-02 -8.282690347098814465e-02
2.350000000000000089e+00 6.132324496368150163e-02 -8.292554214082492603e-02
2.375000000000000000e+00 6.135595981766131524e-02 -8.301557002007263486e-02
2.399999999999999911e+00 6.138880180329649161e-02 -8.309729932703970035e-02
2.424999999999999822e+00 6.142214528070619184e-02 -8.317105650506315118e-02
2.450000000000000178e+00 6.145636023577046719e-02 -8.323718104217464608e-02
2.475000000000000089e+00 6.149181084758029159e-02 -8.329602423458075389e-02
2.500000000000000000e+00 6.152885405614820502e-02 -8.334794789741112320e-02
2.524999999999999911e+00 6.156783813535079281e-02 -8.339332302635109329e-02
2.549999999999999822e+00 6.160910127587457957e-02 -8.343252841390957908e-02
2.575000000000000178e+00 6.165297018274625701e-02 -8.346594922420556839e-02
2.600000000000000089e+00 6.169975869187897810e-02 -8.349397553030901697e-02
2.625000000000000000e+00 6.174976640999157301e-02 -8.351700081835343459e-02
2.649999999999999911e+00 6.180327738227089918e-02 -8.353542046286853429e-02
2.674999999999999822e+00 6.186055879224939408e-02 -8.354963017805375203e-02
2.700000000000000178e+00 6.192185969854643868e-02 -8.356002445002781720e-02
2.725000000000000089e+00 6.198740981334503741e-02 -8.356699495542577183e-02
2.750000000000000000e+00 6.205741832770683003e-02 -8.357092897205821436e-02
2.774999999999999911e+00 6.213207278902949104e-02 -8.357220778767110447e-02
2.799999999999999822e+00 6.221153803608073241e-02 -8.357120511312413069e-02
2.825000000000000178e+00 6.229595519707022827e-02 -8.356828550652675713e-02
2.850000000000000089e+00 6.238544075612426770e-02 -8.356380281500971896e-02
2.875000000000000000e+00 6.248008569329887435e-02 -8.355809864086483074e-02
2.899999999999999911e+00 6.257995470291505269e-02 -8.355150083875216571e-02
2.924999999999999822e+00 6.268508549454050727e-02 -8.354432205056064320e-02
2.950000000000000178e+00 6.279548818041268132e-02 -8.353685828432678984e-02
2.975000000000000089e+00 6.291114475252752858e-02 -8.352938754338611049e-02
3.000000000000000000e+00 6.303200865205174641e-02 -8.352216851166884004e-02
3.024999999999999911e+00 6.315800443318199398e-02 -8.351543930077699740e-02
3.049999999999999822e+00 6.328902752310107405e-02 -8.350941626420617381e-02
3.075000000000000178e+00 6.342494407928245259e-02 -8.350429288381149007e-02
3.100000000000000089e+00 6.356559094506951391e-02 -8.350023873336775981e-02
3.125000000000000000e+00 6.371077570419732272e-02 -8.349739852383464278e-02
3.149999999999999911e+00 6.386027683470694993e-02 -8.349589123469827734e-02
3.174999999999999822e+00 6.401384396249898412e-02 -8.349580933551149775e-02
3.200000000000000178e+00 6.417119821455254114e-02 -8.349721810147689438e-02
3.225000000000000089e+00 6.433203267156840932e-02 -8.350015502659953459e-02
3.250000000000000000e+00 6.449601291945948611e-02 -8.350462933756547246e-02
3.274999999999999911e+00 6.466277769869396841e-02 -8.351062161107446202e-02
3.299999999999999822e+00 6.483193964999868497e-02 -8.351808349686706823e-02
3.325000000000000178e+00 6.500308615436015125e-02 -8.352693754814624616e-02
3.350000000000000089e+00 6.517578026464632135e-02 -8.353707716051264609e-02
3.375000000000000444e+00 6.534956172554057252e-02 -8.354836661992851021e-02
3.399999999999999911e+00 6.552394807786625364e-02 -8.356064125961459865e-02
3.424999999999999822e+00 6.569843584282224203e-02 -8.357370772519205626e-02
3.450000000000000622e+00 6.587250178117602661e-02 -8.358734434682060788e-02
3.475000000000000533e+00 6.604560422209006243e-02 -8.360130161657282344e-02
3.500000000000000000e+00 6.621718445600469072e-02 -8.361530276882844781e-02
3.524999999999999911e+00 6.638666818585924057e-02 -8.362904446107777279e-02
3.549999999999999822e+00 6.655346703089352889e-02 -8.364219755218352259e-02
3.575000000000000622e+00 6.671698007730758606e-02 -8.365440797485904079e-02
3.600000000000000089e+00 6.687659547014124239e-02 -8.366529769886441037e-02
3.625000000000000000e+00 6.703169204083678223e-02 -8.367446578118839517e-02
3.649999999999999911e+00 6.718164096503466409e-02 -8.368148949925778568e-02
3.674999999999999822e+00 6.732580744520685889e-02 -8.368592556298838636e-02
3.700000000000000622e+00 6.746355241273781222e-02 -8.368731140125511281e-02
3.725000000000000089e+00 6.759423424401829472e-02 -8.368516651811193363e-02
3.750000000000000000e+00 6.771721048503225038e-02 -8.367899391383956664e-02
3.774999999999999911e+00 6.783183957880878356e-02 -8.366828156564949659e-02
3.799999999999999822e+00 6.793748259000591261e-02 -8.365250396263614052e-02
3.825000000000000178e+00 6.803350492081992884e-02 -8.363112368936506669e-02
3.850000000000000089e+00 6.811927801239822666e-02 -8.360359305231937488e-02
3.875000000000000000e+00 6.819418102600158238e-02 -8.356935574332012562e-02
3.899999999999999911e+00 6.825760249832342474e-02 -8.352784853398761977e-02
3.924999999999999822e+00 6.830894196563408460e-02 -8.347850299532805218e-02
3.950000000000000178e+00 6.834761155177093706e-02 -8.342074723660818092e-02
3.975000000000000089e+00 6.837303751541816410e-02 -8.335400765780918986e-02
4.000000000000000000e+00 6.838466175259066970e-02 -8.327771071011869086e-02
4.025000000000000355e+00 6.838194325071879354e-02 -8.319128465911092285e-02
4.049999999999999822e+00 6.836435949119580580e-02 -8.309416134545909161e-02
4.075000000000000178e+00 6.833140779766536110e-02 -8.298577793820915982e-02
4.099999999999999645e+00 6.828260662767139666e-02 -8.286557867580608694e-02
4.125000000000000000e+00 6.821749680555297402e-02 -8.273301659019230425e-02
4.150000000000000355e+00 6.813564269464322809e-02 -8.258755520939481398e-02
4.174999999999999822e+00 6.803663330692837075e-02 -8.242867023408030624e-02
4.200000000000000178e+00 6.792008334836559247e-02 -8.225585118359786396e-02
4.224999999999999645e+00 6.778563419806636625e-02 -8.206860300705627609e-02
4.250000000000000000e+00 6.763295481955887423e-02 -8.186644765501073506e-02
4.275000000000000355e+00 6.746174260237262910e-02 -8.164892560737620208e-02
4.299999999999999822e+00 6.727172413226747971e-02 -8.141559735325221148e-02
4.325000000000000178e+00 6.706265588856963333e-02 -8.116604481844587327e-02
4.349999999999999645e+00 6.683432486728618782e-02 -8.089987273661941591e-02
4.375000000000000000e+00 6.658654912894167166e-02 -8.061670996016413737e-02
4.400000000000000355e+00 6.631917827039847391e-02 -8.031621070710820431e-02
4.424999999999999822e+00 6.603209382026768715e-02 -7.999805574059468127e-02
4.450000000000000178e+00 6.572520955785851604e-02 -7.966195347770126112e-02
4.474999999999999645e+00 6.539847175592745920e-02 -7.930764102460856335e-02
4.500000000000000000e+00 6.505185934774840306e-02 -7.893488513534228923e-02
4.525000000000000355e+00 6.468538401921515579e-02 -7.854348309151662488e-02
4.549999999999999822e+00 6.429909022679855535e-02 -7.813326350067664738e-02
4.575000000000000178e+00 6.389305514221985116e-02 -7.770408701099090765e-02
4.599999999999999645e+00 6.346738852467571912e-02 -7.725584694017537113e-02
4.625000000000000000e+00 6.302223252138576537e-02 -7.678846981665496396e-02
4.650000000000000355e+00 6.255776139715563122e-02 -7.630191583109670328e-02
4.674999999999999822e+00 6.207418119358486946e-02 -7.579617919659424607e-02
4.700000000000000178e+00 6.157172931853042291e-02 -7.527128841595988329e-02
4.724999999999999645e+00 6.105067406647905759e-02 -7.472730645479583322e-02
4.750000000000000000e+00 6.051131407060402617e-02 -7.416433081927835402e-02
4.775000000000000355e+00 5.995397768748082085e-02 -7.358249353789846070e-02
4.799999999999999822e+00 5.937902231570669348e-02 -7.298196104675287732e-02
4.825000000000000178e+00 5.878683364999202909e-02 -7.236293397836771057e-02
4.849999999999999645e+00 5.817782487264116370e-02 -7.172564685444351995e-02
4.875000000000000000e+00 5.755243578468775822e-02 -7.107036768332869459e-02
4.900000000000000355e+00 5.691113187926673950e-02 -7.039739746343737226e-02
4.924999999999999822e+00 5.625440336006556907e-02 -6.970706959422004467e-02
4.950000000000000178e+00 5.558276410788415278e-02 -6.899974919665750883e-02
4.974999999999999645e+00 5.489675059843922289e-02 -6.827583234557811631e-02
5.000000000000000000e+00 5.419692077457626683e-02 -6.753574521639259254e-02
5.025000000000000355e+00 5.348385287601466892e-02 -6.677994314910504214e-02
5.049999999999999822e+00 5.275814422967135819e-02 -6.600890963269875900e-02
5.075000000000000178e+00 5.202041000351105560e-02 -6.522315521322402665e-02
5.099999999999999645e+00 5.127128192678686441e-02 -6.442321632913902696e-02
5.125000000000000000e+00 5.051140697948733327e-02 -6.360965407768523483e-02
5.150000000000000355e+00 4.974144605381752848e-02 -6.278305291632352292e-02
5.174999999999999822e+00 4.896207259061976375e-02 -6.194401930351343261e-02
5.200000000000000178e+00 4.817397119378516446e-02 -6.109318028339032897e-02
5.224999999999999645e+00 4.737783622591049820e-02 -6.023118201917099929e-02
5.250000000000000000e+00 4.657437038869005619e-02 -5.935868828038885769e-02
5.275000000000000355e+00 4.576428329178006821e-02 -5.847637888931322969e-02
5.299999999999999822e+00 4.494829001409322844e-02 -5.758494813212537006e-02
5.325000000000000178e+00 4.412710966165303561e-02 -5.668510314059686112e-02
5.349999999999999645e+00 4.330146392623218654e-02 -5.577756225013235508e-02
5.375000000000000000e+00 4.247207564900129517e-02 -5.486305334008922258e-02
5.400000000000000355e+00 4.163966739332505135e-02 -5.394231216227639986e-02
5.424999999999999822e+00 4.080496003066139132e-02 -5.301608066346154280e-02
5.450000000000000178e+00 3.996867134327311555e-02 -5.208510530759277724e-02
5.474999999999999645e+00 3.913151464717286310e-02 -5.115013540328283703e-02
5.500000000000000000e+00 3.829419743842465279e-02 -5.021192144191884837e-02
5.525000000000000355e+00 3.745742006565461191e-02 -4.927121345157457061e-02
5.549999999999999822e+00 3.662187443140681870e-02 -4.832875937171767639e-02
5.575000000000000178e+00 3.578824272483993596e-02 -4.738530345353972328e-02
5.599999999999999645e+00 3.495719618820947172e-02 -4.644158469059214700e-02
5.625000000000000000e+00 3.412939391961253982e-02 -4.549833528428555429e-02
5.650000000000000355e+00 3.330548171457791556e-02 -4.455627914870091688e-02
5.674999999999999822e+00 3.248609094923345098e-02 -4.361613045905264607e-02
5.700000000000000178e+00 3.167183750794482638e-02 -4.267859224802608709e-02
5.724999999999999645e+00 3.086332075845786213e-02 -4.174435505406955821e-02
5.750000000000000000e+00 3.006112257765299403e-02 -4.081409562553935111e-02
5.775000000000000355e+00 2.926580643101064222e-02 -3.988847568436762470e-02
5.799999999999999822e+00 2.847791650876770053e-02 -3.896814075264061483e-02
5.825000000000000178e+00 2.769797692151517929e-02 -3.805371904514118914e-02
5.849999999999999645e+00 2.692649095765422412e-02 -3.714582043053211297e-02
5.875000000000000000e+00 2.616394040471080318e-02 -3.624503546344502725e-02
5.900000000000000355e+00 2.541078493604714134e-02 -3.535193448931756022e-02
5.924999999999999822e+00 2.466746156403082715e-02 -3.446706682339812505e-02
5.950000000000000178e+00 2.393438416027822424e-02 -3.359096000493930895e-02
5.974999999999999645e+00 2.321194304320773477e-02 -3.272411912723995064e-02
6.000000000000000000e+00 2.250050463284746644e-02 -3.186702624387888899e-02
6.025000000000000355e+00 2.180041117265822323e-02 -3.102013985122283393e-02
6.049999999999999822e+00 2.111198051804735742e-02 -3.018389444707359967e-02
6.075000000000000178e+00 2.043550599125261436e-02 -2.935870016514461819e-02
6.099999999999999645e+00 1.977125630233066145e-02 -2.854494248490289238e-02
6.125000000000000000e+00 1.911947553605516936e-02 -2.774298201616333046e-02
6.150000000000000355e+00 1.848038320457080080e-02 -2.695315435766046028e-02
6.174999999999999822e+00 1.785417436561639870e-02 -2.617577002862692126e-02
6.200000000000000178e+00 1.724101980599192577e-02 -2.541111447217121039e-02
6.224999999999999645e+00 1.664106628967646634e-02 -2.465944812896084942e-02
6.250000000000000000e+00 1.605443686960260005e-02 -2.392100657938414296e-02
6.275000000000000355e+00 1.548123126157447543e-02 -2.319600075200009895e-02
6.299999999999999822e+00 1.492152627820810505e-02 -2.248461719570347961e-02
6.325000000000000178e+00 1.437537632012576665e-02 -2.178701841266230538e-02
6.349999999999999645e+00 1.384281392100270187e-02 -2.110334324875108580e-02
6.375000000000000000e+00 1.332385034250445528e-02 -2.043370733793042210e-02
6.400000000000000355e+00 1.281847621472195949e-02 -1.977820359683900991e-02
6.424999999999999822e+00 1.232666221744883710e-02 -1.913690276577515934e-02
6.450000000000000178e+00 1.184835979757956244e-02 -1.850985399226182798e-02
6.474999999999999645e+00 1.138350191803964850e-02 -1.789708545350226360e-02
6.500000000000000000e+00 1.093200383397075273e-02 -1.729860501422372104e-02
6.525000000000000355e+00 1.049376389234578898e-02 -1.671440091665066935e-02
6.549999999999999822e+00 1.006866435171983008e-02 -1.614444249960635819e-02
6.575000000000000178e+00 9.656572219365701371e-03 -1.558868094397930504e-02
6.599999999999999645e+00 9.257340103524044558e-03 -1.504705004197049063e-02
6.625000000000000000e+00 8.870807078848267843e-03 -1.451946698762573290e-02
6.650000000000000355e+00 8.496799563295093921e-03 -1.400583318613825463e-02
6.674999999999999822e+00 8.135132204664387648e-03 -1.350603507926613663e-02
6.700000000000000178e+00 7.785608774725377018e-03 -1.301994498395841679e-02
6.724999999999999645e+00 7.448023068398221778e-03 -1.254742194094155341e-02
6.750000000000000888e+00 7.122159804838817422e-03 -1.208831256961913521e-02
6.775000000000001243e+00 6.807795526570929387e-03 -1.164245192522998275e-02
6.799999999999999822e+00 6.504699492105556896e-03 -1.120966435383998969e-02
6.825000000000001066e+00 6.212634556876453669e-03 -1.078976434046734385e-02
6.849999999999999645e+00 5.931358036886145470e-03 -1.038255734550297231e-02
6.875000000000000000e+00 5.660622549272499582e-03 -9.987840624624372624e-03
6.900000000000001243e+00 5.400176824123641313e-03 -9.605404027638214312e-03
6.924999999999999822e+00 5.149766482305967799e-03 -9.235030772122589798e-03
6.950000000000001066e+00 4.909134774820409983e-03 -8.876498188366527264e-03
6.974999999999999645e+00 4.678023280221423226e-03 -8.529578432887178693e-03
7.000000000000000000e+00 4.456172557850579530e-03 -8.194039168695065045e-03
7.025000000000001243e+00 4.243322755964729943e-03 -7.869644211422614083e-03
7.049999999999999822e+00 4.039214175169060853e-03 -7.556154141358600862e-03
7.075000000000001066e+00 3.843587788797328108e-03 -7.253326882284451271e-03
7.099999999999999645e+00 3.656185722916978614e-03 -6.960918248726044068e-03
7.125000000000000000e+00 3.476751699397370894e-03 -6.678682463770096132e-03
7.150000000000001243e+00 3.305031445917100928e-03 -6.406372649921411415e-03
7.174999999999999822e+00 3.140773076877345985e-03 -6.143741295578993879e-03
7.200000000000000178e+00 2.983727448948611180e-03 -5.890540699597505460e-03
7.224999999999999645e+00 2.833648494450246181e-03 -5.646523396099469710e-03
7.250000000000000000e+00 2.690293535014469210e-03 -5.411442561252802728e-03
7.275000000000001243e+00 2.553423577108911852e-03 -5.185052403182786526e-03
7.299999999999999822e+00 2.422803590077569989e-03 -4.967108535601228760e-03
7.325000000000000178e+00 2.298202766505491948e-03 -4.757368335168173264e-03
7.349999999999999645e+00 2.179394764001439666e-03 -4.555591282104701906e-03
7.375000000000000000e+00 2.066157926987804115e-03 -4.361539283189359330e-03
7.400000000000001243e+00 1.958275486830525752e-03 -4.174976976026958421e-03
7.424999999999999822e+00 1.855535738643093475e-03 -3.995672013386733154e-03
7.450000000000000178e+00 1.757732193343677354e-03 -3.823395326466643915e-03
7.474999999999999645e+00 1.664663703992747597e-03 -3.657921366134587234e-03
7.500000000000000000e+00 1.576134566030322525e-03 -3.499028321495341147e-03
7.525000000000000355e+00 1.491954591698667039e-03 -3.346498315500634566e-03
7.549999999999999822e+00 1.411939159602701357e-03 -3.200117577715967231e-03
7.575000000000000178e+00 1.335909240959453487e-03 -3.059676594744905991e-03
7.599999999999999645e+00 1.263691404562818305e-03 -2.924970239153937366e-03
7.625000000000000000e+00 1.195117802802017452e-03 -2.795797878012832183e-03
7.650000000000000355e+00 1.130026141203827397e-03 -2.671963462350716162e-03
7.674999999999999822e+00 1.068259633922555079e-03 -2.553275598920645966e-03
7.700000000000000178e+00 1.009666947400824450e-03 -2.439547605670957641e-03
7.724999999999999645e+00 9.541021341062041897e-04 -2.330597552253252033e-03
7.750000000000000000e+00 9.014245578611319171e-04 -2.226248286774588133e-03
7.775000000000000355e+00 8.514988118779857505e-04 -2.126327449849109690e-03
7.799999999999999822e+00 8.041946302360636865e-04 -2.030667476845036002e-03
7.825000000000000178e+00 7.593867932324719185e-04 -1.939105589078460919e-03
7.849999999999999645e+00 7.169550268329929902e-04 -1.851483774592059669e-03
7.875000000000000000e+00 6.767838963539927945e-04 -1.767648759084320060e-03
7.900000000000000355e+00 6.387626945203943958e-04 -1.687451967527235598e-03
7.924999999999999822e+00 6.027853241510449777e-04 -1.610749477023256044e-03
7.950000000000000178e+00 5.687501758943285359e-04 -1.537401961497503449e-03
7.974999999999999645e+00 5.365600016399326008e-04 -1.467274628885413545e-03
8.000000000000000000e+00 5.061217844316716384e-04 -1.400237151544888106e-03
8.025000000000000355e+00 4.773466058685868203e-04 -1.336163590681364519e-03
8.050000000000000711e+00 4.501495120816105164e-04 -1.274932315611759705e-03
8.074999999999999289e+00 4.244493793950168421e-04 -1.216425918701158262e-03
8.099999999999999645e+00 4.001687807213578506e-04 -1.160531126780156271e-03
8.125000000000000000e+00 3.772338536025971194e-04 -1.107138709792566001e-03
8.150000000000000355e+00 3.555741706150331092e-04 -1.056143387337643786e-03
8.175000000000000711e+00 3.351226126257498606e-04 -1.007443733667711012e-03
8.199999999999999289e+00 3.158152451504260528e-04 -9.609420815909697688e-04
8.224999999999999645e+00 2.975911978440747723e-04 -9.165444256226046912e-04
8.250000000000000000e+00 2.803925469810034272e-04 -8.741603246344826182e-04
8.275000000000000355e+00 2.641642006646682046e-04 -8.337028041831111291e-04
8.300000000000000711e+00 2.488537864608926639e-04 -7.950882586514536636e-04
8.324999999999999289e+00 2.344115411678296130e-04 -7.582363533234731494e-04
8.349999999999999645e+00 2.207902025139641539e-04 -7.230699265181627679e-04
8.375000000000000000e+00 2.079449026947091021e-04 -6.895148919366632118e-04
8.400000000000000355e+00 1.958330637977688461e-04 -6.575001414135590210e-04
8.425000000000000711e+00 1.844142953051436330e-04 -6.269574483033039112e-04
8.449999999999999289e+00 1.736502939742073286e-04 -5.978213717659825897e-04
8.474999999999999645e+00 1.635047464752318323e-04 -5.700291622364502941e-04
8.500000000000000000e+00 1.539432351874710334e-04 -5.435206683626975710e-04
8.525000000000000355e+00 1.449331475272635204e-04 -5.182382456808045518e-04
8.550000000000000711e+00 1.364435891041844147e-04 -4.941266672567753374e-04
8.574999999999999289e+00 1.284453008856801485e-04 -4.711330364731256166e-04
8.599999999999999645e+00 1.209105804126823862e-04 -4.492067020764165973e-04
8.625000000000000000e+00 1.138132069667820943e-04 -4.282991755380502821e-04
8.650000000000000355e+00 1.071283704614664571e-04 -4.083640507212512910e-04
8.675000000000000711e+00 1.008326037318148390e-04 -3.893569257991526082e-04
8.699999999999999289e+00 9.490371783979290661e-05 -3.712353273362379549e-04
8.724999999999999645e+00 8.932074000138662978e-05 -3.539586364310093759e-04
8.750000000000000000e+00 8.406385377644424843e-05 -3.374880168213066547e-04
8.775000000000000355e+00 7.911434123499740015e-05 -3.217863448728438907e-04
8.800000000000000711e+00 7.445452691369472604e-05 -3.068181414019773012e-04
8.824999999999999289e+00 7.006772348762144794e-05 -2.925495053198655078e-04
8.849999999999999645e+00 6.593817919047836450e-05 -2.789480491208768537e-04
8.875000000000000000e+00 6.205102710536544361e-05 -2.659828362677657044e-04
8.900000000000000355e+00 5.839223650736468339e-05 -2.536243205451038435e-04
8.925000000000000711e+00 5.494856646117201248e-05 -2.418442874579852960e-04
8.949999999999999289e+00 5.170752185999773855e-05 -2.306157977442947358e-04
8.974999999999999645e+00 4.865731203982357790e-05 -2.199131330468174258e-04
9.000000000000000000e+00 4.578681202415066397e-05 -2.097117437597291641e-04
9.025000000000000355e+00 4.308552635996771549e-05 -1.999881990262295352e-04
9.050000000000000711e+00 4.054355540986038429e-05 -1.907201388260019266e-04
9.074999999999999289e+00 3.815156388043099682e-05 -1.818862280571279509e-04
9.099999999999999645e+00 3.590075130545507617e-05 -1.734661124919062479e-04
9.125000000000000000e+00 3.378282417089019493e-05 -1.654403764722310632e-04
9.150000000000000355e+00 3.178996937160224518e-05 -1.577905022094107412e-04
9.175000000000000711e+00 2.991482872531352351e-05 -1.504988305650116725e-04
9.199999999999999289e+00 2.815047433207439463e-05 -1.435485232112754814e-04
9.224999999999999645e+00 2.649038464842200948e-05 -1.369235260986533063e-04
9.250000000000000000e+00 2.492842123311892798e-05 -1.306085341896188838e-04
9.275000000000000355e+00 2.345880620392103009e-05 -1.245889574478100748e-04
9.300000000000000711e+00 2.207610051164611177e-05 -1.188508880956316236e-04
9.324999999999999289e+00 2.077518318025837313e-05 -1.133810691686590316e-04
9.349999999999999645e+00 1.955123167533009035e-05 -1.081668643998039126e-04
9.375000000000000000e+00 1.839970354701084249e-05 -1.031962294598254141e-04
9.400000000000000355e+00 1.731631945106819299e-05 -9.845768456496892989e-05
9.425000000000000711e+00 1.629704758947429243e-05 -9.394028843960600637e-05
9.449999999999999289e+00 1.533808953957402577e-05 -8.963361359528988054e-05
9.474999999999999645e+00 1.443586736854770795e-05 -8.552772286152933803e-05
9.500000000000000000e+00 1.358701186784530802e-05 -8.161314708148721382e-05
9.525000000000000355e+00 1.278835169872116654e-05 -7.788086387063494482e-05
9.550000000000000711e+00 1.203690322088024102e-05 -7.432227733051870904e-05
9.574999999999999289e+00 1.132986078349612867e-05 -7.092919861335639090e-05
9.599999999999999645e+00 1.066458729007972167e-05 -6.769382724612242391e-05
9.625000000000000000e+00 1.003860490114926394e-05 -6.460873314269792000e-05
9.650000000000000355e+00 9.449585803652123443e-06 -6.166683925713929129e-05
9.675000000000000711e+00 8.895343044911913191e-06 -5.886140485651107944e-05
9.699999999999999289e+00 8.373821492029103009e-06 -5.618600941495533379e-05
9.724999999999999645e+00 7.883089026991594965e-06 -5.363453714834484154e-05
9.750000000000000000e+00 7.421328117093055702e-06 -5.120116221940414203e-05
9.775000000000000355e+00 6.986827906195406236e-06 -4.888033464483960289e-05
9.800000000000000711e+00 6.577976954987400282e-06 -4.666676692954488522e-05
9.824999999999999289e+00 6.193256720781072987e-06 -4.455542143914769531e-05
9.849999999999999645e+00 5.831235815261624094e-06 -4.254149850349785145e-05
9.875000000000000000e+00 5.490565019782832774e-06 -4.062042522303483045e-05
9.900000000000000355e+00 5.169972980367878560e-06 -3.878784493003498840e-05
9.925000000000000711e+00 4.868262456746710167e-06 -3.703960724088613054e-05
9.949999999999999289e+00 4.584306967725173556e-06 -3.537175862543265261e-05
9.974999999999999645e+00 4.317047663222970538e-06 -3.378053341680714241e-05
1.000000000000000000e+01 4.065490262641127617e-06 -3.226234519022147632e-05
1.002500000000000036e+01 3.828701928114323698e-06 -3.081377845098391520e-05
1.005000000000000071e+01 3.605807985545395531e-06 -2.943158058920226065e-05
1.007499999999999929e+01 3.395988459522398179e-06 -2.811265407841407869e-05
1.009999999999999964e+01 3.198474443169610827e-06 -2.685404891541935031e-05
1.012500000000000000e+01 3.012544373149765890e-06 -2.565295531611119168e-05
1.015000000000000036e+01 2.837520316733635930e-06 -2.450669669472284987e-05
1.017500000000000071e+01 2.672764397887847205e-06 -2.341272296030625722e-05
1.019999999999999929e+01 2.517675489857814377e-06 -2.236860416374847937e-05
1.022499999999999964e+01 2.371686283722502157e-06 -2.137202452139826982e-05
1.025000000000000000e+01 2.234260808462997595e-06 -2.042077682892734397e-05
1.027500000000000036e+01 2.104892433383422945e-06 -1.951275726301272186e-05
1.030000000000000071e+01 1.983102334840095231e-06 -1.864596055146384415e-05
1.032499999999999929e+01 1.868438362622256034e-06 -1.781847547671616734e-05
1.034999999999999964e+01 1.760474203824266648e-06 -1.702848066555082230e-05
1.037500000000000000e+01 1.658808718266689353e-06 -1.627424061103028991e-05
1.040000000000000036e+01 1.563065312663179861e-06 -1.555410187192802156e-05
1.042500000000000071e+01 1.472891231433887513e-06 -1.486648940029358709e-05
1.044999999999999929e+01 1.387956668324771310e-06 -1.420990295858261894e-05
1.047499999999999964e+01 1.307953641256486535e-06 -1.358291360221468983e-05
1.050000000000000000e+01 1.232594617357698117e-06 -1.298416021980713423e-05
1.052500000000000036e+01 1.161610919908191832e-06 -1.241234613900001135e-05
1.055000000000000071e+01 1.094750987806576814e-06 -1.186623581916819153e-05
1.057499999999999929e+01 1.031778586047258983e-06 -1.134465166114991623e-05
1.059999999999999964e+01 9.724710788399563227e-07 -1.084647096771517244e-05
1.062500000000000000e+01 9.166178742936004417e-07 -1.037062308643188046e-05
1.065000000000000036e+01 8.640191313073451121e-07 -9.916086759074128676e-06
1.067500000000000071e+01 8.144847887311335109e-07 -9.481887690424038918e-06
1.069999999999999929e+01 7.678339381337974884e-07 -9.067096335455679924e-06
1.072499999999999964e+01 7.238945202519615874e-07 -8.670825889701562931e-06
1.075000000000000000e+01 6.825032871915614666e-07 -8.292230455137757238e-06
1.077500000000000036e+01 6.435059426732290061e-07 -7.930503344687800900e-06
1.080000000000000071e+01 6.067573551950996950e-07 -7.584875483865295938e-06
1.082499999999999929e+01 5.721217359350922504e-07 -7.254613868649199804e-06
1.084999999999999964e+01 5.394726848071315490e-07 -6.939020044206336638e-06
1.087500000000000000e+01 5.086930323458768229e-07 -6.637428578835009613e-06
1.090000000000000036e+01 4.796744386114229625e-07 -6.349205519925859877e-06
1.092500000000000071e+01 4.523167481696530483e-07 -6.073746832297848572e-06
1.094999999999999929e+01 4.265271373222444061e-07 -5.810476831840511660e-06
1.097499999999999964e+01 4.022191209263910887e-07 -5.558846637582345865e-06
1.100000000000000000e+01 3.793115073621903754e-07 -5.318332671499014220e-06
1.102500000000000036e+01 3.577273986265967509e-07 -5.088435237051823258e-06
1.105000000000000071e+01 3.373933273788166167e-07 -4.868677204337525232e-06
1.107499999999999929e+01 3.182386049150094998e-07 -4.658602822427107925e-06
1.109999999999999964e+01 3.001949262602362802e-07 -4.457776669175358563e-06
1.112500000000000000e+01 2.831962447687525200e-07 -4.265782736745331334e-06
1.115000000000000036e+01 2.671788936825110334e-07 -4.082223639380103865e-06
1.117500000000000071e+01 2.520819006524613546e-07 -3.906719919828404313e-06
1.119999999999999929e+01 2.378474177265938911e-07 -3.738909423920738669e-06
1.122499999999999964e+01 2.244211766948115957e-07 -3.578446709951801861e-06
1.125000000000000000e+01 2.117528795118242259e-07 -3.425002460934729928e-06
1.127500000000000036e+01 1.997964457271806679e-07 -3.278262873445590914e-06
1.130000000000000071e+01 1.885100613257139945e-07 -3.137929005571317508e-06
1.132499999999999929e+01 1.778560030705627535e-07 -3.003716077359858893e-06
1.134999999999999964e+01 1.678002450758108475e-07 -2.875352728428582655e-06
1.137500000000000000e+01 1.583118853060753040e-07 -2.752580247657623825e-06
1.140000000000000036e+01 1.493624550106181871e-07 -2.635151797655169121e-06
1.142500000000000071e+01 1.409251901668009579e-07 -2.522831660950375075e-06
1.144999999999999929e+01 1.329743488569522078e-07 -2.415394535200558732e-06
1.147499999999999964e+01 1.254846518539396998e-07 -2.312624901046731769e-06
1.150000000000000000e+01 1.184309062620938314e-07 -2.214316479184880059e-06
1.152500000000000036e+01 1.117878468971673372e-07 -2.120271783964718093e-06
1.155000000000000071e+01 1.055302003776461226e-07 -2.030301770428457777e-06
1.157499999999999929e+01 9.963294704312298585e-08 -1.944225561854189771e-06
1.159999999999999964e+01 9.407172982847068992e-08 -1.861870236826881125e-06
1.162500000000000000e+01 8.882334054801531169e-08 -1.783070649685099163e-06
1.165000000000000036e+01 8.386620528549937063e-08 -1.707669256665767306e-06
1.167500000000000071e+01 7.918079255794318247e-08 -1.635515922137721417e-06
1.169999999999999929e+01 7.474988040976406568e-08 -1.566467684938759032e-06
1.172499999999999964e+01 7.055863950416853297e-08 -1.500388472790538781e-06
1.175000000000000000e+01 6.659451578842032798e-08 -1.437148762347098045e-06
1.177500000000000036e+01 6.284692453437412990e-08 -1.376625191908765858e-06
1.180000000000000071e+01 5.930679372384130901e-08 -1.318700142209854380e-06
1.182499999999999929e+01 5.596601522578534180e-08 -1.263261306602506470e-06
1.184999999999999964e+01 5.281687433648882315e-08 -1.210201274811809757e-06
1.187500000000000000e+01 4.985153042212986519e-08 -1.159417153769702794e-06
1.190000000000000036e+01 4.706161362593093833e-08 -1.110810245144471019e-06
1.192500000000000071e+01 4.443798590449935737e-08 -1.064285792437714061e-06
1.194999999999999929e+01 4.197069166328530570e-08 -1.019752802170357446e-06
1.197499999999999964e+01 3.964909713222000444e-08 -9.771239347664463723e-07
1.200000000000000000e+01 3.746219194468767308e-08 -9.363154523928155283e-07
1.202500000000000036e+01 3.539900485402621620e-08 -8.972472047135180947e-07
1.205000000000000071e+01 3.344907078403945745e-08 -8.598426296721453760e-07
1.207499999999999929e+01 3.160288060611059509e-08 -8.240287459145375039e-07
1.209999999999999964e+01 2.985224867799711459e-08 -7.897361160313867751e-07
1.212500000000000000e+01 2.819054568008070657e-08 -7.568987651799726652e-07
1.215000000000000036e+01 2.661276376917351863e-08 -7.254540470760476146e-07
1.217500000000000071e+01 2.511540482486639278e-08 -6.953424575797844145e-07
1.219999999999999929e+01 2.369620710300435381e-08 -6.665074042948039512e-07
1.222499999999999964e+01 2.235374777964264692e-08 -6.388949473127846216e-07
1.225000000000000000e+01 2.108697547281851350e-08 -6.124535307845129709e-07
1.227500000000000036e+01 1.989473574965398186e-08 -5.871337267305968408e-07
1.230000000000000071e+01 1.877535279606621786e-08 -5.628880111705355432e-07
1.232499999999999929e+01 1.772632186687235391e-08 -5.396705885585578014e-07
1.234999999999999964e+01 1.674415123137105582e-08 -5.174372742786203883e-07
1.237500000000000000e+01 1.582437130426704182e-08 -4.961454373730097755e-07
1.240000000000000036e+01 1.496170558275537934e-08 -4.757539979443592584e-07
1.242500000000000071e+01 1.415037588317241833e-08 -4.562234667962078649e-07
1.244999999999999929e+01 1.338449651848857730e-08 -4.375160097548022208e-07
1.247499999999999964e+01 1.265850052579308530e-08 -4.195955165157951664e-07
1.250000000000000000e+01 1.196753760018359261e-08 -4.024276540509385474e-07
1.252500000000000036e+01 1.130778824486831598e-08 -3.859798874957577759e-07
1.255000000000000071e+01 1.067665101364258215e-08 -3.702214566742457203e-07
1.257499999999999929e+01 1.007277786578687741e-08 -3.551233031063344353e-07
1.259999999999999964e+01 9.495953939472151903e-09 -3.406579497254445498e-07
1.262500000000000000e+01 8.946839522301289694e-09 -3.267993423602631601e-07
1.265000000000000036e+01 8.426610733959756053e-09 -3.135226675909109404e-07
1.267500000000000071e+01 7.936548861525419636e-09 -3.008041649516631263e-07
1.269999999999999929e+01 7.477634695775051156e-09 -2.886209523384047092e-07
1.272499999999999964e+01 7.050202738818823018e-09 -2.769508816667072243e-07
1.275000000000000000e+01 6.653701233806599760e-09 -2.657724377074093890e-07
1.277500000000000036e+01 6.286588770247292677e-09 -2.550646871943309748e-07
1.280000000000000071e+01 5.946379113445084684e-09 -2.448072784874522201e-07
1.282499999999999929e+01 5.629825392956191024e-09 -2.349804854131383773e-07
1.284999999999999964e+01 5.333215800165885922e-09 -2.255652830963287055e-07
1.287500000000000000e+01 5.052738092470430360e-09 -2.165434396602290818e-07
1.290000000000000036e+01 4.784861337125808069e-09 -2.078976058963441578e-07
1.292500000000000071e+01 4.526681734950915414e-09 -1.996113857911076169e-07
1.294999999999999929e+01 4.276185083149471466e-09 -1.916693739042358586e-07
1.297499999999999964e+01 4.032390524132451455e-09 -1.840571505534027357e-07
1.300000000000000000e+01 3.795357109767399047e-09 -1.767612319208530014e-07
1.302500000000000036e+01 3.566053768441647713e-09 -1.697689786343580249e-07
1.305000000000000071e+01 3.346112074685518729e-09 -1.630684722392470828e-07
1.307499999999999929e+01 3.137497054214473498e-09 -1.566483734616605814e-07
1.309999999999999964e+01 2.942142027770158140e-09 -1.504977785799073868e-07
1.312500000000000000e+01 2.761597872371853842e-09 -1.446060905087512817e-07
1.315000000000000036e+01 2.596744349502784640e-09 -1.389629189722664694e-07
1.317500000000000071e+01 2.447602054937945592e-09 -1.335580201387392094e-07
1.319999999999999929e+01 2.313269191901573794e-09 -1.283812806198113298e-07
1.322499999999999964e+01 2.191989895321655430e-09 -1.234227446152707343e-07
1.325000000000000000e+01 2.081342749371942666e-09 -1.186726772761825962e-07
1.327500000000000036e+01 1.978521741542893886e-09 -1.141216524219079210e-07
1.330000000000000071e+01 1.880669649610057311e-09 -1.097606497915590621e-07
1.332499999999999929e+01 1.785217193374302629e-09 -1.055811458965565227e-07
1.334999999999999964e+01 1.690181127745632272e-09 -1.015751837938402940e-07
1.337500000000000000e+01 1.594380766021991599e-09 -9.773541028174961448e-08
1.340000000000000036e+01 1.497544126958218633e-09 -9.405507373186348306e-08
1.342500000000000071e+01 1.400290515990415865e-09 -9.052798143268127644e-08
1.344999999999999929e+01 1.303993415676585532e-09 -8.714842094924855100e-08
1.347499999999999964e+01 1.210544012809465303e-09 -8.391105501672766036e-08
1.350000000000000178e+01 1.122049020823280917e-09 -8.081080309818555276e-08
1.352500000000000213e+01 1.040505011343320283e-09 -7.784272441726171334e-08
1.355000000000000249e+01 9.674941773192881095e-10 -7.500191702699901857e-08
1.357499999999999929e+01 9.039428562228727810e-10 -7.228344508599235881e-08
1.359999999999999964e+01 8.499750069558080453e-10 -6.968230252288848495e-08
1.362500000000000000e+01 8.048793946031049999e-10 -6.719341623401818175e-08
1.365000000000000213e+01 7.671933476258341132e-10 -6.481168647373086060e-08
1.367500000000000249e+01 7.348899878401473476e-10 -6.253205707861057550e-08
1.369999999999999929e+01 7.056417927191512958e-10 -6.034960416982671837e-08
1.372499999999999964e+01 6.771232726966057185e-10 -5.825962959211239738e-08
1.375000000000000000e+01 6.473106986548728301e-10 -5.625774495344347067e-08
1.377500000000000213e+01 6.147377792503817607e-10 -5.433993354927874817e-08
1.380000000000000249e+01 5.786728307881917861e-10 -5.250258079386662359e-08
1.382499999999999929e+01 5.391941703134247744e-10 -5.074246817233637945e-08
1.384999999999999964e+01 4.971547605980068036e-10 -4.905673089031529897e-08
1.387500000000000000e+01 4.540424238775724809e-10 -4.744278444901250351e-08
1.390000000000000213e+01 4.117561496544369713e-10 -4.589822954149581039e-08
1.392500000000000249e+01 3.723302295736677378e-10 -4.442074767044854099e-08
1.394999999999999929e+01 3.376446583661947415e-10 -4.300800097251902257e-08
1.397499999999999964e+01 3.091615381543401063e-10 -4.165754904440108993e-08
1.400000000000000000e+01 2.877231566437594660e-10 -4.036679313641881549e-08
1.402500000000000213e+01 2.734383966586558682e-10 -3.913295417183006551e-08
1.405000000000000249e+01 2.656717078479002544e-10 -3.795308636870428015e-08
1.407499999999999929e+01 2.631346211221906536e-10 -3.682412335812248828e-08
1.409999999999999964e+01 2.640657593476762512e-10 -3.574294924706188660e-08
1.412500000000000000e+01 2.664734166003604696e-10 -3.470648375866807964e-08
1.415000000000000213e+01 2.684066123598511633e-10 -3.371176879962550239e-08
1.417500000000000249e+01 2.682171216056089806e-10 -3.275604371690495915e-08
1.419999999999999929e+01 2.647768214607829595e-10 -3.183679825451913767e-08
1.422499999999999964e+01 2.576212778047030830e-10 -3.095179538637114966e-08
1.425000000000000000e+01 2.470010171874526063e-10 -3.009906045917690117e-08
1.427500000000000036e+01 2.338347670429055748e-10 -2.927683775196690821e-08
1.430000000000000249e+01 2.195723535014740899e-10 -2.848352011117422048e-08
1.432499999999999929e+01 2.059870670224697387e-10 -2.771756097956969051e-08
1.434999999999999964e+01 1.949264766994295985e-10 -2.697738060730908322e-08
1.437500000000000000e+01 1.880557758469718572e-10 -2.626127904925339322e-08
1.440000000000000036e+01 1.866280198070925117e-10 -2.556736770298302140e-08
1.442500000000000249e+01 1.913112746589539268e-10 -2.489352874870467711e-08
1.444999999999999929e+01 2.020943141689726743e-10 -2.423740827610406239e-08
1.447499999999999964e+01 2.182813506310837597e-10 -2.359644457140225305e-08
1.450000000000000000e+01 2.385740145096535699e-10 -2.296792866791246598e-08
1.452500000000000036e+01 2.612269941971488787e-10 -2.234909034199157678e-08
1.455000000000000249e+01 2.842542289113733416e-10 -2.173719980945803824e-08
1.457499999999999929e+01 3.056563548714534997e-10 -2.112967380099231219e-08
1.459999999999999964e+01 3.236382432462811692e-10 -2.052417464557054305e-08
1.462500000000000000e+01 3.367879282513477476e-10 -1.991869242594629581e-08
1.465000000000000036e+01 3.441946720122290235e-10 -1.931160291215571221e-08
1.467500000000000249e+01 3.454932880860620928e-10 -1.870169749973048024e-08
1.469999999999999929e+01 3.408327850425047268e-10 -1.808818513639601381e-08
1.472499999999999964e+01 3.307783077078158190e-10 -1.747066986310039971e-08
1.475000000000000000e+01 3.161646690915624289e-10 -1.684911039189051945e-08
1.477500000000000036e+01 2.979262073775195060e-10 -1.622376994653829100e-08
1.480000000000000249e+01 2.769303631089592578e-10 -1.559516500553868360e-08
1.482499999999999929e+01 2.538409794088426536e-10 -1.496402073347516477e-08
1.484999999999999964e+01 2.290320667867661188e-10 -1.433123880841089268e-08
1.487500000000000000e+01 2.025645700405325070e-10 -1.369788049723485392e-08
1.490000000000000036e+01 1.742286446768039801e-10 -1.306516462195511324e-08
1.492500000000000071e+01 1.436436701850954850e-10 -1.243447687887777318e-08
1.494999999999999929e+01 1.103991400325330224e-10 -1.180738458396145393e-08
1.497499999999999964e+01 7.421303207772032689e-11 -1.118564929665526285e-08
