# col1: r[fm],  col2: chargedensity, col3: weak density [fm^-3](normailized to Q=1)
2.101448349307773875e-07 5.915088109611946893e-02 -8.429614147587641271e-02
2.500000000000000139e-02 5.915421244987711935e-02 -8.429373669551470938e-02
5.000000000000000278e-02 5.916419919898660562e-02 -8.428652975641090506e-02
7.499999999999999722e-02 5.918081938050191726e-02 -8.427454280985707813e-02
1.000000000000000056e-01 5.920403630528427857e-02 -8.425781259492534647e-02
1.250000000000000000e-01 5.923379844510644893e-02 -8.423639017714554256e-02
1.499999999999999944e-01 5.927003930020917355e-02 -8.421034059853961529e-02
1.749999999999999889e-01 5.931267727004394669e-02 -8.417974245329906680e-02
2.000000000000000111e-01 5.936161555264638651e-02 -8.414468740536373836e-02
2.250000000000000056e-01 5.941674209847545851e-02 -8.410527966482130025e-02
2.500000000000000000e-01 5.947792964262675619e-02 -8.406163543939337846e-02
2.750000000000000222e-01 5.954503583530120631e-02 -8.401388237539741954e-02
2.999999999999999889e-01 5.961790348470062673e-02 -8.396215899969888818e-02
3.250000000000000111e-01 5.969636091969192371e-02 -8.390661417058391247e-02
3.499999999999999778e-01 5.978022247229214381e-02 -8.384740654154383688e-02
3.750000000000000000e-01 5.986928907295803459e-02 -8.378470403804394451e-02
4.000000000000000222e-01 5.996334894545076594e-02 -8.371868334379797827e-02
4.249999999999999889e-01 6.006217838322216312e-02 -8.364952939020051104e-02
4.500000000000000111e-01 6.016554258620645385e-02 -8.357743484060033146e-02
4.749999999999999778e-01 6.027319653578777636e-02 -8.350259956016863050e-02
5.000000000000000000e-01 6.038488588653986161e-02 -8.342523006224773774e-02
5.250000000000000222e-01 6.050034785589319952e-02 -8.334553892318630197e-02
5.500000000000000444e-01 6.061931209682402261e-02 -8.326374415961011743e-02
5.749999999999999556e-01 6.074150154349044345e-02 -8.318006856460950782e-02
5.999999999999999778e-01 6.086663322493351264e-02 -8.309473900216834963e-02
6.250000000000000000e-01 6.099441904696515510e-02 -8.300798566202789719e-02
6.500000000000000222e-01 6.112456654669783801e-02 -8.292004127980055761e-02
6.750000000000000444e-01 6.125677962744022903e-02 -8.283114032929607407e-02
6.999999999999999556e-01 6.139075928364071816e-02 -8.274151819553129950e-02
7.249999999999999778e-01 6.152620432610951540e-02 -8.265141033767897660e-02
7.500000000000000000e-01 6.166281211694964182e-02 -8.256105145126112210e-02
7.750000000000000222e-01 6.180027932167711513e-02 -8.247067463827732758e-02
8.000000000000000444e-01 6.193830268321887100e-02 -8.238051059280659949e-02
8.249999999999999556e-01 6.207657981922316826e-02 -8.229078680810821000e-02
8.499999999999999778e-01 6.221481004079847804e-02 -8.220172680956702727e-02
8.750000000000000000e-01 6.235269518779287118e-02 -8.211354941617798886e-02
9.000000000000000222e-01 6.248994047334992946e-02 -8.202646803181745661e-02
9.250000000000001554e-01 6.262625532894768032e-02 -8.194068996643570635e-02
9.499999999999999556e-01 6.276135424055111212e-02 -8.185641578661485840e-02
9.749999999999999778e-01 6.289495756687564498e-02 -8.177383869468839162e-02
1.000000000000000000e+00 6.302679233195078445e-02 -8.169314393579195366e-02
1.024999999999999911e+00 6.315659298598039206e-02 -8.161450823272879684e-02
1.050000000000000044e+00 6.328410213066273937e-02 -8.153809924928044628e-02
1.074999999999999956e+00 6.340907120736853642e-02 -8.146407508344472026e-02
1.100000000000000089e+00 6.353126114861049056e-02 -8.139258379290516265e-02
1.125000000000000000e+00 6.365044299484592938e-02 -8.132376295571358549e-02
1.149999999999999911e+00 6.376639847967488506e-02 -8.125773926960683236e-02
1.175000000000000044e+00 6.387892058685532004e-02 -8.119462819352404881e-02
1.199999999999999956e+00 6.398781408226615619e-02 -8.113453363472761248e-02
1.225000000000000089e+00 6.409289602309796441e-02 -8.107754768447907046e-02
1.250000000000000000e+00 6.419399624529595338e-02 -8.102375040453872745e-02
1.274999999999999911e+00 6.429095782881392995e-02 -8.097320966592379266e-02
1.300000000000000044e+00 6.438363753877013318e-02 -8.092598104046598573e-02
1.324999999999999956e+00 6.447190623932125275e-02 -8.088210774485168897e-02
1.350000000000000089e+00 6.455564927614708404e-02 -8.084162063608323068e-02
1.375000000000000000e+00 6.463476682297059073e-02 -8.080453825673458712e-02
1.399999999999999911e+00 6.470917418756418071e-02 -8.077086692801915824e-02
1.425000000000000044e+00 6.477880207318881256e-02 -8.074060088854946582e-02
1.449999999999999956e+00 6.484359679229274864e-02 -8.071372247672289890e-02
1.475000000000000089e+00 6.490352043043255692e-02 -8.069020235487207870e-02
1.500000000000000000e+00 6.495855095961797221e-02 -8.066999977360592156e-02
1.524999999999999911e+00 6.500868230146242266e-02 -8.065306287507595373e-02
1.550000000000000044e+00 6.505392434150615577e-02 -8.063932903416068387e-02
1.574999999999999956e+00 6.509430289675377512e-02 -8.062872523671722746e-02
1.600000000000000089e+00 6.512985963877576667e-02 -8.062116849406519847e-02
1.625000000000000000e+00 6.516065197465130410e-02 -8.061656629272834218e-02
1.649999999999999911e+00 6.518675288761688336e-02 -8.061481707816896269e-02
1.675000000000000044e+00 6.520825073861490073e-02 -8.061581077083909697e-02
1.699999999999999956e+00 6.522524902912263389e-02 -8.061942931237967014e-02
1.725000000000000311e+00 6.523786612480865499e-02 -8.062554723928030964e-02
1.750000000000000000e+00 6.524623493883562053e-02 -8.063403228082144381e-02
1.774999999999999911e+00 6.525050257311078294e-02 -8.064474597770453224e-02
1.800000000000000044e+00 6.525082991554759237e-02 -8.065754431748199671e-02
1.824999999999999956e+00 6.524739119147797417e-02 -8.067227838273714757e-02
1.850000000000000311e+00 6.524037346773620127e-02 -8.068879500795572701e-02
1.875000000000000000e+00 6.522997610856824668e-02 -8.070693744115021995e-02
1.899999999999999911e+00 6.521641018333236561e-02 -8.072654600652891255e-02
1.925000000000000044e+00 6.519989782683960344e-02 -8.074745876479920426e-02
1.949999999999999956e+00 6.518067155404187740e-02 -8.076951216802064071e-02
1.975000000000000089e+00 6.515897353150772175e-02 -8.079254170623195730e-02
2.000000000000000000e+00 6.513505480866192687e-02 -8.081638254333492477e-02
2.024999999999999911e+00 6.510917451205876227e-02 -8.084087013989837978e-02
2.049999999999999822e+00 6.508159900599988501e-02 -8.086584086063618171e-02
2.075000000000000178e+00 6.505260102262358513e-02 -8.089113256431794408e-02
2.100000000000000089e+00 6.502245876423085047e-02 -8.091658517380302673e-02
2.125000000000000000e+00 6.499145498015931888e-02 -8.094204122377601784e-02
2.149999999999999911e+00 6.495987602004441031e-02 -8.096734638363529968e-02
2.174999999999999822e+00 6.492801086490915252e-02 -8.099234995288287497e-02
2.200000000000000178e+00 6.489615013726640624e-02 -8.101690532631253272e-02
2.225000000000000089e+00 6.486458509134856998e-02 -8.104087042631923088e-02
2.250000000000000000e+00 6.483360658472138438e-02 -8.106410809977142307e-02
2.274999999999999911e+00 6.480350403288065442e-02 -8.108648647709904012e-02
2.299999999999999822e+00 6.477456434893456849e-02 -8.110787929154655851e-02
2.325000000000000178e+00 6.474707087108402814e-02 -8.112816615690213173e-02
2.350000000000000089e+00 6.472130228125250184e-02 -8.114723280241371850e-02
2.375000000000000000e+00 6.469753151881624254e-02 -8.116497126401167606e-02
2.399999999999999911e+00 6.467602469386898867e-02 -8.118128003134664206e-02
2.424999999999999822e+00 6.465704000477795477e-02 -8.119606415049343551e-02
2.450000000000000178e+00 6.464082666491510754e-02 -8.120923528245407863e-02
2.475000000000000089e+00 6.462762384337535082e-02 -8.122071171780236021e-02
2.500000000000000000e+00 6.461765962424592669e-02 -8.123041834795714788e-02
2.524999999999999911e+00 6.461114998860581493e-02 -8.123828659365722737e-02
2.549999999999999822e+00 6.460829782297522472e-02 -8.124425429126121145e-02
2.575000000000000178e+00 6.460929195745945819e-02 -8.124826553753097813e-02
2.600000000000000089e+00 6.461430623640977700e-02 -8.125027049360240838e-02
2.625000000000000000e+00 6.462349862410089740e-02 -8.125022514892320247e-02
2.649999999999999911e+00 6.463701034773824960e-02 -8.124809104606056653e-02
2.674999999999999822e+00 6.465496508007069487e-02 -8.124383496746070965e-02
2.700000000000000178e+00 6.467746816398407816e-02 -8.123742858547426671e-02
2.725000000000000089e+00 6.470460588166036808e-02 -8.122884807724455036e-02
2.750000000000000000e+00 6.473644477115343687e-02 -8.121807370636423273e-02
2.774999999999999911e+00 6.477303099350931181e-02 -8.120508937353022871e-02
2.799999999999999822e+00 6.481438975377734613e-02 -8.118988213873465365e-02
2.825000000000000178e+00 6.486052477938016037e-02 -8.117244171780918505e-02
2.850000000000000089e+00 6.491141785928791763e-02 -8.115275995636384021e-02
2.875000000000000000e+00 6.496702844726520709e-02 -8.113083028432675758e-02
2.899999999999999911e+00 6.502729333212291241e-02 -8.110664715438745120e-02
2.924999999999999822e+00 6.509212637743777563e-02 -8.108020546767953640e-02
2.950000000000000178e+00 6.516141833263611183e-02 -8.105149999001698413e-02
2.975000000000000089e+00 6.523503671672334359e-02 -8.102052476193863373e-02
3.000000000000000000e+00 6.531282577533316369e-02 -8.098727250573309333e-02
3.024999999999999911e+00 6.539460651121702106e-02 -8.095173403253071165e-02
3.049999999999999822e+00 6.548017678783936424e-02 -8.091389765247584964e-02
3.075000000000000178e+00 6.556931150540841469e-02 -8.087374859094184631e-02
3.100000000000000089e+00 6.566176284846944600e-02 -8.083126841372886839e-02
3.125000000000000000e+00 6.575726060409974039e-02 -8.078643446418964924e-02
3.149999999999999911e+00 6.585551254975148538e-02 -8.073921931525365747e-02
3.174999999999999822e+00 6.595620490984574480e-02 -8.068959023935265429e-02
3.200000000000000178e+00 6.605900288028644651e-02 -8.063750869927759080e-02
3.225000000000000089e+00 6.616355122008930889e-02 -8.058292986300018279e-02
3.250000000000000000e+00 6.626947490927151407e-02 -8.052580214545959625e-02
3.274999999999999911e+00 6.637637987199636325e-02 -8.046606678023406067e-02
3.299999999999999822e+00 6.648385376370145872e-02 -8.040365742388508319e-02
3.325000000000000178e+00 6.659146682057037747e-02 -8.033849979557507182e-02
3.350000000000000089e+00 6.669877276925235965e-02 -8.027051135432866635e-02
3.375000000000000444e+00 6.680530979423629501e-02 -8.019960101604091396e-02
3.399999999999999911e+00 6.691060155977940349e-02 -8.012566891204804531e-02
3.424999999999999822e+00 6.701415828282866749e-02 -8.004860619078434103e-02
3.450000000000000622e+00 6.711547785299307178e-02 -7.996829486376806628e-02
3.475000000000000533e+00 6.721404699535746263e-02 -7.988460769689974261e-02
3.500000000000000000e+00 6.730934247179160002e-02 -7.979740814783135849e-02
3.524999999999999911e+00 6.740083231640331407e-02 -7.970655034997113642e-02
3.549999999999999822e+00 6.748797710089438073e-02 -7.961187914353110018e-02
3.575000000000000622e+00 6.757023122577547614e-02 -7.951323015388876703e-02
3.600000000000000089e+00 6.764704423364270580e-02 -7.941042991741660562e-02
3.625000000000000000e+00 6.771786214097069712e-02 -7.930329605481466204e-02
3.649999999999999911e+00 6.778212878509440320e-02 -7.919163749185498258e-02
3.674999999999999822e+00 6.783928718320143825e-02 -7.907525472729631799e-02
3.700000000000000622e+00 6.788878090021517597e-02 -7.895394014755152678e-02
3.725000000000000089e+00 6.793005542241185857e-02 -7.882747838748031810e-02
3.750000000000000000e+00 6.796255953348663559e-02 -7.869564673644327546e-02
3.774999999999999911e+00 6.798574668959155021e-02 -7.855821558849473973e-02
3.799999999999999822e+00 6.799907638963902101e-02 -7.841494893532133248e-02
3.825000000000000178e+00 6.800201553694404377e-02 -7.826560490026662764e-02
3.850000000000000089e+00 6.799403978809853699e-02 -7.810993631153050065e-02
3.875000000000000000e+00 6.797463488487263950e-02 -7.794769131240995852e-02
3.899999999999999911e+00 6.794329796494011364e-02 -7.777861400626090438e-02
3.924999999999999822e+00 6.789953884734073464e-02 -7.760244513372008268e-02
3.950000000000000178e+00 6.784288128881815760e-02 -7.741892277962586499e-02
3.975000000000000089e+00 6.777286420748787621e-02 -7.722778310701594595e-02
4.000000000000000000e+00 6.768904287066657144e-02 -7.702876111555106986e-02
4.025000000000000355e+00 6.759099004409468980e-02 -7.682159142170186250e-02
4.049999999999999822e+00 6.747829710016714500e-02 -7.660600905803276184e-02
4.075000000000000178e+00 6.735057508311587116e-02 -7.638175028890842322e-02
4.099999999999999645e+00 6.720745572933412015e-02 -7.614855343992449344e-02
4.125000000000000000e+00 6.704859244117766792e-02 -7.590615973832295915e-02
4.150000000000000355e+00 6.687366121262064422e-02 -7.565431416158767408e-02
4.174999999999999822e+00 6.668236150509455895e-02 -7.539276629133401242e-02
4.200000000000000178e+00 6.647441707172335734e-02 -7.512127116951305972e-02
4.224999999999999645e+00 6.624957672801815023e-02 -7.483959015385885372e-02
4.250000000000000000e+00 6.600761506695207448e-02 -7.454749176942422617e-02
4.275000000000000355e+00 6.574833311623591581e-02 -7.424475255299460563e-02
4.299999999999999822e+00 6.547155893558966044e-02 -7.393115788714309244e-02
4.325000000000000178e+00 6.517714815187945765e-02 -7.360650282070886619e-02
4.349999999999999645e+00 6.486498443016590343e-02 -7.327059287254007736e-02
4.375000000000000000e+00 6.453497987898849930e-02 -7.292324481544452952e-02
4.400000000000000355e+00 6.418707538856850692e-02 -7.256428743743091603e-02
4.424999999999999822e+00 6.382124090102214709e-02 -7.219356227748628674e-02
4.450000000000000178e+00 6.343747561209575614e-02 -7.181092433331569269e-02
4.474999999999999645e+00 6.303580810433294379e-02 -7.141624273865052053e-02
4.500000000000000000e+00 6.261629641192076323e-02 -7.100940140790394650e-02
4.525000000000000355e+00 6.217902801771302973e-02 -7.059029964610705199e-02
4.549999999999999822e+00 6.172411978308255803e-02 -7.015885272218756741e-02
4.575000000000000178e+00 6.125171781130632487e-02 -6.971499240376279050e-02
4.599999999999999645e+00 6.076199724515643497e-02 -6.925866745170149164e-02
4.625000000000000000e+00 6.025516199927708622e-02 -6.878984407278407320e-02
4.650000000000000355e+00 5.973144442781270352e-02 -6.830850632885751561e-02
4.674999999999999822e+00 5.919110492764759202e-02 -6.781465650095792885e-02
4.700000000000000178e+00 5.863443147756484952e-02 -6.730831540696674553e-02
4.724999999999999645e+00 5.806173911365609952e-02 -6.678952267148491329e-02
4.750000000000000000e+00 5.747336934143740944e-02 -6.625833694676049046e-02
4.775000000000000355e+00 5.686968948535269658e-02 -6.571483608368625107e-02
4.799999999999999822e+00 5.625109197666599420e-02 -6.515911725209520833e-02
4.825000000000000178e+00 5.561799358113784369e-02 -6.459129700981518230e-02
4.849999999999999645e+00 5.497083456831252518e-02 -6.401151132018734202e-02
4.875000000000000000e+00 5.431007782467897615e-02 -6.341991551799848470e-02
4.900000000000000355e+00 5.363620791336540933e-02 -6.281668422400907281e-02
4.924999999999999822e+00 5.294973008335528836e-02 -6.220201120846968051e-02
4.950000000000000178e+00 5.225116923144367681e-02 -6.157610920419804429e-02
4.974999999999999645e+00 5.154106882027647413e-02 -6.093920966993746774e-02
5.000000000000000000e+00 5.081998975583192774e-02 -6.029156250483025392e-02
5.025000000000000355e+00 5.008850922763210395e-02 -5.963343571492680378e-02
5.049999999999999822e+00 4.934721951483564406e-02 -5.896511503271774368e-02
5.075000000000000178e+00 4.859672676120155993e-02 -5.828690349073226834e-02
5.099999999999999645e+00 4.783764972176440117e-02 -5.759912095030552542e-02
5.125000000000000000e+00 4.707061848395618919e-02 -5.690210358668634089e-02
5.150000000000000355e+00 4.629627316588611624e-02 -5.619620333174674826e-02
5.174999999999999822e+00 4.551526259455357382e-02 -5.548178727566740326e-02
5.200000000000000178e+00 4.472824296693311830e-02 -5.475923702910924507e-02
5.224999999999999645e+00 4.393587649711575699e-02 -5.402894804753936159e-02
5.250000000000000000e+00 4.313883005299555540e-02 -5.329132891954663914e-02
5.275000000000000355e+00 4.233777378632038596e-02 -5.254680062115550665e-02
5.299999999999999822e+00 4.153337976023765976e-02 -5.179579573830699057e-02
5.325000000000000178e+00 4.072632057872317690e-02 -5.103875765981939067e-02
5.349999999999999645e+00 3.991726802244882633e-02 -5.027613974325512158e-02
5.375000000000000000e+00 3.910689169569604023e-02 -4.950840445619880681e-02
5.400000000000000355e+00 3.829585768885271357e-02 -4.873602249549810472e-02
5.424999999999999822e+00 3.748482726084115951e-02 -4.795947188702907871e-02
5.450000000000000178e+00 3.667445554553651343e-02 -4.717923706853503762e-02
5.474999999999999645e+00 3.586539028588243277e-02 -4.639580795805896968e-02
5.500000000000000000e+00 3.505827059902921067e-02 -4.560967901045460265e-02
5.525000000000000355e+00 3.425372577545723191e-02 -4.482134826443667786e-02
5.549999999999999822e+00 3.345237411473881567e-02 -4.403131638261997827e-02
5.575000000000000178e+00 3.265482180036890364e-02 -4.324008568701187549e-02
5.599999999999999645e+00 3.186166181597459290e-02 -4.244815919246392594e-02
5.625000000000000000e+00 3.107347290519460112e-02 -4.165603964065092008e-02
5.650000000000000355e+00 3.029081857759383101e-02 -4.086422853722979087e-02
5.674999999999999822e+00 2.951424616310780943e-02 -4.007322519491778728e-02
5.700000000000000178e+00 2.874428591766509458e-02 -3.928352578531375816e-02
5.724999999999999645e+00 2.798145018276379514e-02 -3.849562240235191585e-02
5.750000000000000000e+00 2.722623260183725316e-02 -3.771000214031029751e-02
5.775000000000000355e+00 2.647910739620093490e-02 -3.692714618929314463e-02
5.799999999999999822e+00 2.574052870319707212e-02 -3.614752895105453889e-02
5.825000000000000178e+00 2.501092997884339295e-02 -3.537161717793833871e-02
5.849999999999999645e+00 2.429072346685262618e-02 -3.459986913757501226e-02
5.875000000000000000e+00 2.358029973534661247e-02 -3.383273380581166417e-02
5.900000000000000355e+00 2.288002728198675062e-02 -3.307065009017158552e-02
5.924999999999999822e+00 2.219025220762292985e-02 -3.231404608595311867e-02
5.950000000000000178e+00 2.151129795798500249e-02 -3.156333836690262268e-02
5.974999999999999645e+00 2.084346513244579591e-02 -3.081893131224168123e-02
6.000000000000000000e+00 2.018703135851017405e-02 -3.008121647169868448e-02
6.025000000000000355e+00 1.954225123045472828e-02 -2.935057197009706756e-02
6.049999999999999822e+00 1.890935631045290513e-02 -2.862736195297476208e-02
6.075000000000000178e+00 1.828855519056013512e-02 -2.791193607465011425e-02
6.099999999999999645e+00 1.768003361406238552e-02 -2.720462903009030972e-02
6.125000000000000000e+00 1.708395465486358192e-02 -2.650576013186494231e-02
6.150000000000000355e+00 1.650045895374894697e-02 -2.581563293336761739e-02
6.174999999999999822e+00 1.592966501045547240e-02 -2.513453489934437679e-02
6.200000000000000178e+00 1.537166953046387174e-02 -2.446273712457595895e-02
6.224999999999999645e+00 1.482654782526710534e-02 -2.380049410131668611e-02
6.250000000000000000e+00 1.429435426455534508e-02 -2.314804353580041107e-02
6.275000000000000355e+00 1.377512277830173285e-02 -2.250560621379934026e-02
6.299999999999999822e+00 1.326886740616502885e-02 -2.187338591487587164e-02
6.325000000000000178e+00 1.277558289100043550e-02 -2.125156937462963080e-02
6.349999999999999645e+00 1.229524531265033076e-02 -2.064032629392922522e-02
6.375000000000000000e+00 1.182781275764113911e-02 -2.003980939385497512e-02
6.400000000000000355e+00 1.137322602000922188e-02 -1.945015451488301544e-02
6.424999999999999822e+00 1.093140932826611178e-02 -1.887148075871979483e-02
6.450000000000000178e+00 1.050227109352838174e-02 -1.830389067115410773e-02
6.474999999999999645e+00 1.008570467408549838e-02 -1.774747046432124595e-02
6.500000000000000000e+00 9.681589152140407037e-03 -1.720229027685223067e-02
6.525000000000000355e+00 9.289790119089088444e-03 -1.666840447048921481e-02
6.549999999999999822e+00 8.910160466435801743e-03 -1.614585196185028271e-02
6.575000000000000178e+00 8.542541180191265404e-03 -1.563465658809660291e-02
6.599999999999999645e+00 8.186762137282950838e-03 -1.513482750525874804e-02
6.625000000000000000e+00 7.842642903036968482e-03 -1.464635961789440520e-02
6.650000000000000355e+00 7.509993529105573121e-03 -1.416923403856376953e-02
6.674999999999999822e+00 7.188615351266365583e-03 -1.370341857531594959e-02
6.700000000000000178e+00 6.878301786298780286e-03 -1.324886824499353286e-02
6.724999999999999645e+00 6.578839126667992455e-03 -1.280552580970445095e-02
6.750000000000000888e+00 6.290007331066959674e-03 -1.237332233331492858e-02
6.775000000000001243e+00 6.011580808063403392e-03 -1.195217775432993144e-02
6.799999999999999822e+00 5.743329189263846057e-03 -1.154200147109123512e-02
6.825000000000001066e+00 5.485018087650053373e-03 -1.114269293488940812e-02
6.849999999999999645e+00 5.236409836163149166e-03 -1.075414224639201569e-02
6.875000000000000000e+00 4.997264201295608180e-03 -1.037623075076885351e-02
6.900000000000001243e+00 4.767339066465450109e-03 -1.000883162706667391e-02
6.924999999999999822e+00 4.546391080316060547e-03 -9.651810467746969879e-03
6.950000000000001066e+00 4.334176265806905480e-03 -9.305025844842282692e-03
6.974999999999999645e+00 4.130450586989711965e-03 -8.968329859875754512e-03
7.000000000000000000e+00 3.934970471624791612e-03 -8.641568675479334438e-03
7.025000000000001243e+00 3.747493289185981763e-03 -8.324583027490922715e-03
7.049999999999999822e+00 3.567777785209723038e-03 -8.017208717143417193e-03
7.075000000000001066e+00 3.395584474249972728e-03 -7.719277083727819899e-03
7.099999999999999645e+00 3.230675994794699434e-03 -7.430615458763262411e-03
7.125000000000000000e+00 3.072817430292955603e-03 -7.151047603195632117e-03
7.150000000000001243e+00 2.921776600877540493e-03 -6.880394129451033840e-03
7.174999999999999822e+00 2.777324330420167641e-03 -6.618472910272395898e-03
7.200000000000000178e+00 2.639234693240185160e-03 -6.365099476178873172e-03
7.224999999999999645e+00 2.507285244151762332e-03 -6.120087403126225727e-03
7.250000000000000000e+00 2.381257234654860985e-03 -5.883248691547651385e-03
7.275000000000001243e+00 2.260935817053063603e-03 -5.654394137465182553e-03
7.299999999999999822e+00 2.146110237221905866e-03 -5.433333695829432528e-03
7.325000000000000178e+00 2.036574015763007849e-03 -5.219876835722345523e-03
7.349999999999999645e+00 1.932125116455390068e-03 -5.013832886590084519e-03
7.375000000000000000e+00 1.832566100327508987e-03 -4.815011374297642477e-03
7.400000000000001243e+00 1.737704263366709372e-03 -4.623222345543225725e-03
7.424999999999999822e+00 1.647351755868285738e-03 -4.438276679049666003e-03
7.450000000000000178e+00 1.561325681685979058e-03 -4.259986381965224535e-03
7.474999999999999645e+00 1.479448176133474737e-03 -4.088164870044728137e-03
7.500000000000000000e+00 1.401546461933892221e-03 -3.922627230421070824e-03
7.525000000000000355e+00 1.327452883343501443e-03 -3.763190466090034214e-03
7.549999999999999822e+00 1.257004919302153433e-03 -3.609673721582604307e-03
7.575000000000000178e+00 1.190045177111104030e-03 -3.461898489657405046e-03
7.599999999999999645e+00 1.126421368645586993e-03 -3.319688799180760090e-03
7.625000000000000000e+00 1.065986271432864353e-03 -3.182871384648875562e-03
7.650000000000000355e+00 1.008597677047777400e-03 -3.051275838030192544e-03
7.674999999999999822e+00 9.541183292020893100e-04 -2.924734743756862970e-03
7.700000000000000178e+00 9.024158536585206612e-04 -2.803083797773981475e-03
7.724999999999999645e+00 8.533626817290082935e-04 -2.686161911570583184e-03
7.750000000000000000e+00 8.068359686740502563e-04 -2.573811302080953635e-03
7.775000000000000355e+00 7.627175078644708511e-04 -2.465877568275297478e-03
7.799999999999999822e+00 7.208936411523983283e-04 -2.362209755172506222e-03
7.825000000000000178e+00 6.812551655698390572e-04 -2.262660405921634085e-03
7.849999999999999645e+00 6.436972362604302059e-04 -2.167085602525949291e-03
7.875000000000000000e+00 6.081192654658710292e-04 -2.075344995733490686e-03
7.900000000000000355e+00 5.744248174286263348e-04 -1.987301824595515912e-03
7.924999999999999822e+00 5.425214992164482551e-04 -1.902822926198227248e-03
7.950000000000000178e+00 5.123208476903339708e-04 -1.821778736099700967e-03
7.974999999999999645e+00 4.837382130862762130e-04 -1.744043280044973564e-03
8.000000000000000000e+00 4.566926399224666036e-04 -1.669494157578454725e-03
8.025000000000000355e+00 4.311067461401990532e-04 -1.598012518215090197e-03
8.050000000000000711e+00 4.069066015104426479e-04 -1.529483030861226002e-03
8.074999999999999289e+00 3.840216063717770780e-04 -1.463793847187065851e-03
8.099999999999999645e+00 3.623843717050790887e-04 -1.400836559641842772e-03
8.125000000000000000e+00 3.419306014049815884e-04 -1.340506154770297479e-03
8.150000000000000355e+00 3.225989773972490226e-04 -1.282700962437503507e-03
8.175000000000000711e+00 3.043310480024137544e-04 -1.227322601504338834e-03
8.199999999999999289e+00 2.870711196903713461e-04 -1.174275922424089383e-03
8.224999999999999645e+00 2.707661521388399673e-04 -1.123468947159380086e-03
8.250000000000000000e+00 2.553656563266197533e-04 -1.074812806754577282e-03
8.275000000000000355e+00 2.408215952787417494e-04 -1.028221676846664823e-03
8.300000000000000711e+00 2.270882870435218099e-04 -9.836127113615361107e-04
8.324999999999999289e+00 2.141223095192106300e-04 -9.409059746224663007e-04
8.349999999999999645e+00 2.018824068489225964e-04 -9.000243720928261968e-04
8.375000000000000000e+00 1.903293972477588440e-04 -8.608935799818945951e-04
8.400000000000000355e+00 1.794260822912702874e-04 -8.234419739565184684e-04
8.425000000000000711e+00 1.691371578548191449e-04 -7.876005572172132966e-04
8.449999999999999289e+00 1.594291270252294406e-04 -7.533028882097229668e-04
8.474999999999999645e+00 1.502702153915510402e-04 -7.204850082479476647e-04
8.500000000000000000e+00 1.416302891496371333e-04 -6.890853693188947818e-04
8.525000000000000355e+00 1.334807764228294338e-04 -6.590447623232556420e-04
8.550000000000000711e+00 1.257945921143909201e-04 -6.303062459777479011e-04
8.574999999999999289e+00 1.185460664788097614e-04 -6.028150765691254239e-04
8.599999999999999645e+00 1.117108774472577146e-04 -5.765186387085185138e-04
8.625000000000000000e+00 1.052659865876148158e-04 -5.513663771926783155e-04
8.650000000000000355e+00 9.918957844171816436e-05 -5.273097300394705015e-04
8.675000000000000711e+00 9.346100287937609121e-05 -5.043020627328280306e-04
8.699999999999999289e+00 8.806072005165464756e-05 -4.822986036892400186e-04
8.724999999999999645e+00 8.297024752070742174e-05 -4.612563809453900363e-04
8.750000000000000000e+00 7.817210918795375937e-05 -4.411341600644901268e-04
8.775000000000000355e+00 7.364978572841177648e-05 -4.218923832653897403e-04
8.800000000000000711e+00 6.938766635295545791e-05 -4.034931097914368952e-04
8.824999999999999289e+00 6.537100184536569247e-05 -3.858999575518547967e-04
8.849999999999999645e+00 6.158585893978586149e-05 -3.690780460834933640e-04
8.875000000000000000e+00 5.801907620062073871e-05 -3.529939408924956021e-04
8.900000000000000355e+00 5.465822162853693132e-05 -3.376155992407956961e-04
8.925000000000000711e+00 5.149155223621177524e-05 -3.229123174405612649e-04
8.949999999999999289e+00 4.850797581441039014e-05 -3.088546797100736067e-04
8.974999999999999645e+00 4.569701504752435637e-05 -2.954145086283438979e-04
9.000000000000000000e+00 4.304877404805342164e-05 -2.825648172049248378e-04
9.025000000000000355e+00 4.055390727427655680e-05 -2.702797625580877520e-04
9.050000000000000711e+00 3.820359069018769438e-05 -2.585346011721611939e-04
9.074999999999999289e+00 3.598949493557153449e-05 -2.473056456856265119e-04
9.099999999999999645e+00 3.390376020921896362e-05 -2.365702231477391580e-04
9.125000000000000000e+00 3.193897253784188988e-05 -2.263066346746406266e-04
9.150000000000000355e+00 3.008814111016490145e-05 -2.164941164360085850e-04
9.175000000000000711e+00 2.834467639840828682e-05 -2.071128019102275847e-04
9.199999999999999289e+00 2.670236886069276246e-05 -1.981436853579012533e-04
9.224999999999999645e+00 2.515536810770972149e-05 -1.895685864784950932e-04
9.250000000000000000e+00 2.369816251252490708e-05 -1.813701162304158152e-04
9.275000000000000355e+00 2.232555933079294886e-05 -1.735316438086425628e-04
9.300000000000000711e+00 2.103266546818847660e-05 -1.660372647840239807e-04
9.324999999999999289e+00 1.981486907409614592e-05 -1.588717704131938698e-04
9.349999999999999645e+00 1.866782215063920018e-05 -1.520206181272306864e-04
9.375000000000000000e+00 1.758742434400612379e-05 -1.454699032008181586e-04
9.400000000000000355e+00 1.656980803481158745e-05 -1.392063315928839104e-04
9.425000000000000711e+00 1.561132477401385514e-05 -1.332171939361736341e-04
9.449999999999999289e+00 1.470853303090124267e-05 -1.274903406389017572e-04
9.474999999999999645e+00 1.385818714147554927e-05 -1.220141580485294516e-04
9.500000000000000000e+00 1.305722727981625311e-05 -1.167775456178242607e-04
9.525000000000000355e+00 1.230277023073509667e-05 -1.117698940077838928e-04
9.550000000000000711e+00 1.159210072464493684e-05 -1.069810640615832250e-04
9.574999999999999289e+00 1.092266310705330775e-05 -1.024013665883472272e-04
9.599999999999999645e+00 1.029205315305873570e-05 -9.802154290446854869e-05
9.625000000000000000e+00 9.698009896121725885e-06 -9.383274609205974825e-05
9.650000000000000355e+00 9.138407411586278435e-06 -8.982652294727959960e-05
9.675000000000000711e+00 8.611246569198338351e-06 -8.599479660394147883e-05
9.699999999999999289e+00 8.114646835111821848e-06 -8.232984982814202520e-05
9.724999999999999645e+00 7.646838253961199387e-06 -7.882430898653518627e-05
9.750000000000000000e+00 7.206153769342900157e-06 -7.547112869345108785e-05
9.775000000000000355e+00 6.791022043306668587e-06 -7.226357714012953347e-05
9.800000000000000711e+00 6.399960912871195630e-06 -6.919522210356747536e-05
9.824999999999999289e+00 6.031571577967023324e-06 -6.625991762366341897e-05
9.849999999999999645e+00 5.684533557239183496e-06 -6.345179132717681299e-05
9.875000000000000000e+00 5.357600384322702481e-06 -6.076523236679373300e-05
9.900000000000000355e+00 5.049595956317847473e-06 -5.819487993507162395e-05
9.925000000000000711e+00 4.759411396965400674e-06 -5.573561230737119558e-05
9.949999999999999289e+00 4.486002265603606662e-06 -5.338253636585691249e-05
9.974999999999999645e+00 4.228385933614728805e-06 -5.113097755860794162e-05
1.000000000000000000e+01 3.985638963449467443e-06 -4.897647025352682635e-05
1.002500000000000036e+01 3.756894359096209340e-06 -4.691474845517135312e-05
1.005000000000000071e+01 3.541338606172563426e-06 -4.494173686283207904e-05
1.007499999999999929e+01 3.338208477369182923e-06 -4.305354225861840196e-05
1.009999999999999964e+01 3.146787637000047044e-06 -4.124644522362664066e-05
1.012500000000000000e+01 2.966403128965338891e-06 -3.951689218739735834e-05
1.015000000000000036e+01 2.796421868722447685e-06 -3.786148781965178160e-05
1.017500000000000071e+01 2.636247277650120797e-06 -3.627698777377031265e-05
1.019999999999999929e+01 2.485316195201309805e-06 -3.476029178833126205e-05
1.022499999999999964e+01 2.343096181729026515e-06 -3.330843714724385278e-05
1.025000000000000000e+01 2.209083286361861251e-06 -3.191859249123635229e-05
1.027500000000000036e+01 2.082800305400707078e-06 -3.058805196518514486e-05
1.030000000000000071e+01 1.963795504617389125e-06 -2.931422967804334599e-05
1.032499999999999929e+01 1.851641730634942413e-06 -2.809465444616955128e-05
1.034999999999999964e+01 1.745935798904476319e-06 -2.692696478761094636e-05
1.037500000000000000e+01 1.646298023626716018e-06 -2.580890413464064775e-05
1.040000000000000036e+01 1.552371750999175277e-06 -2.473831623476330308e-05
1.042500000000000071e+01 1.463822771545596561e-06 -2.371314071603180854e-05
1.044999999999999929e+01 1.380338517731375685e-06 -2.273140879995248347e-05
1.047499999999999964e+01 1.301626995011819016e-06 -2.179123915361142638e-05
1.050000000000000000e+01 1.227415441969320253e-06 -2.089083388074002053e-05
1.052500000000000036e+01 1.157448761664606916e-06 -2.002847465802968675e-05
1.055000000000000071e+01 1.091487805463995934e-06 -1.920251902757336851e-05
1.057499999999999929e+01 1.029307617177839684e-06 -1.841139685793678917e-05
1.059999999999999964e+01 9.706957561385901946e-07 -1.765360698521431721e-05
1.062500000000000000e+01 9.154508116003822855e-07 -1.692771404171800119e-05
1.065000000000000036e+01 8.633811989768251266e-07 -1.623234547408641091e-05
1.067500000000000071e+01 8.143042941759337110e-07 -1.556618874592638583e-05
1.069999999999999929e+01 7.680459207159707138e-07 -1.492798871315025949e-05
1.072499999999999964e+01 7.244401612076338173e-07 -1.431654515430708434e-05
1.075000000000000000e+01 6.833294262629648732e-07 -1.373071043414501208e-05
1.077500000000000036e+01 6.445646849661491196e-07 -1.316938727684543171e-05
1.080000000000000071e+01 6.080057456279087264e-07 -1.263152662638936233e-05
1.082499999999999929e+01 5.735214754615692899e-07 -1.211612557471381557e-05
1.084999999999999964e+01 5.409898627027742942e-07 -1.162222534372904677e-05
1.087500000000000000e+01 5.102978523070054509e-07 -1.114890931373235432e-05
1.090000000000000036e+01 4.813409225817534020e-07 -1.069530109751836465e-05
1.092500000000000071e+01 4.540224098776334306e-07 -1.026056266569703787e-05
1.094999999999999929e+01 4.282526261690172553e-07 -9.843892533345600257e-06
1.097499999999999964e+01 4.039478450296119330e-07 -9.444524020739820017e-06
1.100000000000000000e+01 3.810292509251565931e-07 -9.061723601167923808e-06
1.102500000000000036e+01 3.594219526474419800e-07 -8.694789346663693786e-06
1.105000000000000071e+01 3.390541534392372850e-07 -8.343049478480597719e-06
1.107499999999999929e+01 3.198565494412664016e-07 -8.005861023697512615e-06
1.109999999999999964e+01 3.017619975898990114e-07 -7.682608573430685345e-06
1.112500000000000000e+01 2.847054584382212843e-07 -7.372703132538377187e-06
1.115000000000000036e+01 2.686241835466025494e-07 -7.075581046275039780e-06
1.117500000000000071e+01 2.534580860030458112e-07 -6.790702986668765207e-06
1.119999999999999929e+01 2.391502104890118552e-07 -6.517552980827365877e-06
1.122499999999999964e+01 2.256472089707429519e-07 -6.255637465005904389e-06
1.125000000000000000e+01 2.128997307317161155e-07 -6.004484351793034119e-06
1.127500000000000036e+01 2.008626505148833676e-07 -5.763642102732823063e-06
1.130000000000000071e+01 1.894950836551007876e-07 -5.532678804311580399e-06
1.132499999999999929e+01 1.787601686354510202e-07 -5.311181250757971276e-06
1.134999999999999964e+01 1.686246311157394299e-07 -5.098754041793011556e-06
1.137500000000000000e+01 1.590581743654336409e-07 -4.895018706651459418e-06
1.140000000000000036e+01 1.500327651721899914e-07 -4.699612866914501399e-06
1.142500000000000071e+01 1.415218983818557823e-07 -4.512189450009337086e-06
1.144999999999999929e+01 1.334999255772622347e-07 -4.332415962545669109e-06
1.147499999999999964e+01 1.259415239507257087e-07 -4.159973828587710756e-06
1.150000000000000000e+01 1.188213615587586657e-07 -3.994557792998766235e-06
1.152500000000000036e+01 1.121139880287354373e-07 -3.835875384940744913e-06
1.155000000000000071e+01 1.057939489946760550e-07 -3.683646432138423032e-06
1.157499999999999929e+01 9.983609259105711333e-08 -3.537602613235387355e-06
1.159999999999999964e+01 9.421601122159921276e-08 -3.397487034038488600e-06
1.162500000000000000e+01 8.891054490803407116e-08 -3.263053813686593685e-06
1.165000000000000036e+01 8.389826604954762901e-08 -3.134067668931437467e-06
1.167500000000000071e+01 7.915986996533174254e-08 -3.010303488222269654e-06
1.169999999999999929e+01 7.467841048602149029e-08 -2.891545891907343280e-06
1.172499999999999964e+01 7.043934272258234971e-08 -2.777588779649116867e-06
1.175000000000000000e+01 6.643036279828548267e-08 -2.668234870681171397e-06
1.177500000000000036e+01 6.264106285619998594e-08 -2.563295246025141629e-06
1.180000000000000071e+01 5.906244513688740904e-08 -2.462588903787134187e-06
1.182499999999999929e+01 5.568635786355993430e-08 -2.365942339039040208e-06
1.184999999999999964e+01 5.250492573567300148e-08 -2.273189158349218084e-06
1.187500000000000000e+01 4.951004758319362878e-08 -2.184169736111526391e-06
1.190000000000000036e+01 4.669302360016685312e-08 -2.098730915928710571e-06
1.192500000000000071e+01 4.404435598129516484e-08 -2.016725755800714685e-06
1.194999999999999929e+01 4.155374248540954153e-08 -1.938013311607866439e-06
1.197499999999999964e+01 3.921025591666338691e-08 -1.862458449903583303e-06
1.200000000000000000e+01 3.700267731386639446e-08 -1.789931678642768980e-06
1.202500000000000036e+01 3.491993037952725535e-08 -1.720308983884333678e-06
1.205000000000000071e+01 3.295155188513871823e-08 -1.653471661287198312e-06
1.207499999999999929e+01 3.108812919504055096e-08 -1.589306133693197030e-06
1.209999999999999964e+01 2.932164196880006530e-08 -1.527703749556268078e-06
1.212500000000000000e+01 2.764565953947337367e-08 -1.468560561120517740e-06
1.215000000000000036e+01 2.605536627658017099e-08 -1.411777085427521213e-06
1.217500000000000071e+01 2.454741155182919019e-08 -1.357258054807797534e-06
1.219999999999999929e+01 2.311960520502283038e-08 -1.304912166109765172e-06
1.222499999999999964e+01 2.177050044525756570e-08 -1.254651839078166452e-06
1.225000000000000000e+01 2.049892100743160743e-08 -1.206392993893208627e-06
1.227500000000000036e+01 1.930349622537620403e-08 -1.160054856155670098e-06
1.230000000000000071e+01 1.818226564751001407e-08 -1.115559794521593795e-06
1.232499999999999929e+01 1.713240435467307730e-08 -1.072833192501434019e-06
1.234999999999999964e+01 1.615010283935210389e-08 -1.031803352020322330e-06
1.237500000000000000e+01 1.523061358711639903e-08 -9.924014227552362703e-07
1.240000000000000036e+01 1.436845354499867891e-08 -9.545613485181519828e-07
1.242500000000000071e+01 1.355773050788738865e-08 -9.182198205205712639e-07
1.244999999999999929e+01 1.279254506511294767e-08 -8.833162272290975004e-07
1.247499999999999964e+01 1.206741026073742378e-08 -8.497925919193242613e-07
1.250000000000000000e+01 1.137762972221654142e-08 -8.175934914743614414e-07
1.252500000000000036e+01 1.071958177312457440e-08 -7.866659535020784350e-07
1.255000000000000071e+01 1.009087087725492805e-08 -7.569593324120962282e-07
1.257499999999999929e+01 9.490326680293719779e-09 -7.284251687405261908e-07
1.259999999999999964e+01 8.917852237629954894e-09 -7.010170388298798042e-07
1.262500000000000000e+01 8.374143732490207448e-09 -6.746904038117992299e-07
1.265000000000000036e+01 7.860321323006839671e-09 -6.494024673041844939e-07
1.267500000000000071e+01 7.377522384521362849e-09 -6.251120504302638741e-07
1.269999999999999929e+01 6.926512746749242177e-09 -6.017794906635217064e-07
1.272499999999999964e+01 6.507368248430810149e-09 -5.793665680674228403e-07
1.275000000000000000e+01 6.119268428803670125e-09 -5.578364589954575646e-07
1.277500000000000036e+01 5.760428170042455506e-09 -5.371537139365233924e-07
1.280000000000000071e+01 5.428173813546384362e-09 -5.172842532090393202e-07
1.282499999999999929e+01 5.119150340893019550e-09 -4.981953721603298850e-07
1.284999999999999964e+01 4.829628513934930206e-09 -4.798557467138820520e-07
1.287500000000000000e+01 4.555867678511676992e-09 -4.622354304439412249e-07
1.290000000000000036e+01 4.294483049205083962e-09 -4.453058360902980446e-07
1.292500000000000071e+01 4.042766522018596038e-09 -4.290396969072117709e-07
1.294999999999999929e+01 3.798917324777003195e-09 -4.134110065341404494e-07
1.297499999999999964e+01 3.562151837115187839e-09 -3.983949392945277342e-07
1.300000000000000000e+01 3.332679112467407884e-09 -3.839677559333545767e-07
1.302500000000000036e+01 3.111547164365083210e-09 -3.701067019539674892e-07
1.305000000000000071e+01 2.900382838082332817e-09 -3.567899069752780075e-07
1.307499999999999929e+01 2.701062278000426527e-09 -3.439962935334047142e-07
1.309999999999999964e+01 2.515357942308186921e-09 -3.317055025262931610e-07
1.312500000000000000e+01 2.344610637199930130e-09 -3.198978403462428743e-07
1.315000000000000036e+01 2.189470795079056767e-09 -3.085542498432026656e-07
1.317500000000000071e+01 2.049743078642932932e-09 -2.976563041048396167e-07
1.319999999999999929e+01 1.924353692543345439e-09 -2.871862190700359285e-07
1.322499999999999964e+01 1.811442646121916643e-09 -2.771268785683065367e-07
1.325000000000000000e+01 1.708566120834834627e-09 -2.674618639110887244e-07
1.327500000000000036e+01 1.612979222063237622e-09 -2.581754797644504224e-07
1.330000000000000071e+01 1.521958938654101889e-09 -2.492527688074785409e-07
1.332499999999999929e+01 1.433122251307683837e-09 -2.406795095024416545e-07
1.334999999999999964e+01 1.344695770160698957e-09 -2.324421938295521954e-07
1.337500000000000000e+01 1.255700655030763714e-09 -2.245279848581321018e-07
1.340000000000000036e+01 1.166028719453523997e-09 -2.169246569067580491e-07
1.342500000000000071e+01 1.076400982607142542e-09 -2.096205236319743375e-07
1.344999999999999929e+01 9.882161093722616973e-10 -2.026043610770271561e-07
1.347499999999999964e+01 9.033111436135104517e-10 -1.958653334679318680e-07
1.350000000000000178e+01 8.236685843615038490e-10 -1.893929292039247581e-07
1.352500000000000213e+01 7.511105597505251367e-10 -1.831769130432897911e-07
1.355000000000000249e+01 6.870220150409900592e-10 -1.772072982946043875e-07
1.357499999999999929e+01 6.321401261333485806e-10 -1.714743401274130054e-07
1.359999999999999964e+01 5.864374521791188230e-10 -1.659685481472573895e-07
1.362500000000000000e+01 5.491131497312750237e-10 -1.606807139315262564e-07
1.365000000000000213e+01 5.186915098839345662e-10 -1.556019471660044673e-07
1.367500000000000249e+01 4.932125109925318556e-10 -1.507237130053672091e-07
1.369999999999999929e+01 4.704867776250567448e-10 -1.460378632668288050e-07
1.372499999999999964e+01 4.483790701879375546e-10 -1.415366549824377492e-07
1.375000000000000000e+01 4.250811684804814519e-10 -1.372127517962977608e-07
1.377500000000000213e+01 3.993371887423133741e-10 -1.330592060644338294e-07
1.380000000000000249e+01 3.705915003114162040e-10 -1.290694223038974201e-07
1.382499999999999929e+01 3.390405409483713364e-10 -1.252371052276760063e-07
1.384999999999999964e+01 3.055831709242675256e-10 -1.215561976884158701e-07
1.387500000000000000e+01 2.716781960349699439e-10 -1.180208152846115397e-07
1.390000000000000213e+01 2.391300390227350678e-10 -1.146251847492515182e-07
1.392500000000000249e+01 2.098329612069338714e-10 -1.113635927144900980e-07
1.394999999999999929e+01 1.855092045944545818e-10 -1.082303499742273114e-07
1.397499999999999964e+01 1.674765445951042041e-10 -1.052197742208358617e-07
1.400000000000000000e+01 1.564760395048618092e-10 -1.023261917394738487e-07
1.402500000000000213e+01 1.525819387976935354e-10 -9.954395595815972932e-08
1.405000000000000249e+01 1.552041308574846689e-10 -9.686747853521255435e-08
1.407499999999999929e+01 1.631807662641563951e-10 -9.429126705125710972e-08
1.409999999999999964e+01 1.749465338950390812e-10 -9.180996255556901005e-08
1.412500000000000000e+01 1.887521982580508148e-10 -8.941837038121928043e-08
1.415000000000000213e+01 2.029046123061979821e-10 -8.711147861112501212e-08
1.417500000000000249e+01 2.159943980320237427e-10 -8.488446038592672175e-08
1.419999999999999929e+01 2.270808904921340419e-10 -8.273265846261464816e-08
1.422499999999999964e+01 2.358104082270950579e-10 -8.065155286691560570e-08
1.425000000000000000e+01 2.424534104182025274e-10 -7.863671482288590353e-08
1.427500000000000036e+01 2.478572297016975534e-10 -7.668375195786903185e-08
1.430000000000000249e+01 2.533223749866183292e-10 -7.478825106361609684e-08
1.432499999999999929e+01 2.604201502014394818e-10 -7.294572507678171542e-08
1.434999999999999964e+01 2.707764681568409123e-10 -7.115157057912914746e-08
1.437500000000000000e+01 2.858502219778176389e-10 -6.940104101266218009e-08
1.440000000000000036e+01 3.067341169794932640e-10 -6.768923915192139246e-08
1.442500000000000249e+01 3.340017381108524305e-10 -6.601113044174776234e-08
1.444999999999999929e+01 3.676174140241924862e-10 -6.436157680577712367e-08
1.447499999999999964e+01 4.069164398011551273e-10 -6.273538880936280157e-08
1.450000000000000000e+01 4.506536383268848555e-10 -6.112739268745468747e-08
1.452500000000000036e+01 4.971094789441044779e-10 -5.953250803692917052e-08
1.455000000000000249e+01 5.442363095669323580e-10 -5.794583176206445571e-08
1.457499999999999929e+01 5.898234177905179387e-10 -5.636272423538222184e-08
1.459999999999999964e+01 6.316591294573555804e-10 -5.477889443836028563e-08
1.462500000000000000e+01 6.676708380035001749e-10 -5.319048175042674814e-08
1.465000000000000036e+01 6.960292059813381267e-10 -5.159413310939348922e-08
1.467500000000000249e+01 7.152097797424063480e-10 -4.998707494520006225e-08
1.469999999999999929e+01 7.240128344537598871e-10 -4.836717972007849743e-08
1.472499999999999964e+01 7.215491817597476772e-10 -4.673302686175167400e-08
1.475000000000000000e+01 7.072047313974817090e-10 -4.508395733069674188e-08
1.477500000000000036e+01 6.805992774078992748e-10 -4.342012028508056482e-08
1.480000000000000249e+01 6.415546164800306416e-10 -4.174250921406509560e-08
1.482499999999999929e+01 5.900840261278728981e-10 -4.005298398104776643e-08
1.484999999999999964e+01 5.264097539048522525e-10 -3.835427444935769707e-08
1.487500000000000000e+01 4.510084427138750091e-10 -3.664996114167508621e-08
1.490000000000000036e+01 3.646774581941059382e-10 -3.494442877655270805e-08
1.492500000000000071e+01 2.686090731725583979e-10 -3.324278958392673693e-08
1.494999999999999929e+01 1.644554268055797241e-10 -3.155077509982911295e-08
1.497499999999999964e+01 5.436595564890148983e-11 -2.987459738679783533e-08
