# col1: r[fm],  col2: chargedensity, col3: weak density [fm^-3](normailized to Q=1)
2.101448349307773875e-07 5.855583050342497153e-02 -8.061687980923239183e-02
2.500000000000000139e-02 5.855896876338280432e-02 -8.061499440926113424e-02
5.000000000000000278e-02 5.856837663261022647e-02 -8.060934398493266317e-02
7.499999999999999722e-02 5.858403335344125606e-02 -8.059994581482549103e-02
1.000000000000000056e-01 5.860590424785242641e-02 -8.058682853836791893e-02
1.250000000000000000e-01 5.863394060766548288e-02 -8.057003192670943170e-02
1.499999999999999944e-01 5.866807956572406973e-02 -8.054960657757696818e-02
1.749999999999999889e-01 5.870824397013249540e-02 -8.052561354815661321e-02
2.000000000000000111e-01 5.875434228626252170e-02 -8.049812394194701126e-02
2.250000000000000056e-01 5.880626855159540312e-02 -8.046721846613102969e-02
2.500000000000000000e-01 5.886390240656688699e-02 -8.043298697529968622e-02
2.750000000000000222e-01 5.892710922064363366e-02 -8.039552801543940752e-02
2.999999999999999889e-01 5.899574032728361478e-02 -8.035494837917392386e-02
3.250000000000000111e-01 5.906963337477664361e-02 -8.031136267963692732e-02
3.499999999999999778e-01 5.914861279286404150e-02 -8.026489294638897154e-02
3.750000000000000000e-01 5.923249036816732871e-02 -8.021566824285993047e-02
4.000000000000000222e-01 5.932106591542812141e-02 -8.016382430124253944e-02
4.249999999999999889e-01 5.941412802689971517e-02 -8.010950316789694492e-02
4.500000000000000111e-01 5.951145487928751615e-02 -8.005285285036586873e-02
4.749999999999999778e-01 5.961281507659819956e-02 -7.999402695618278158e-02
5.000000000000000000e-01 5.971796850810474899e-02 -7.993318431379876909e-02
5.250000000000000222e-01 5.982666720316853065e-02 -7.987048856708492406e-02
5.500000000000000444e-01 5.993865616852367406e-02 -7.980610773681223735e-02
5.749999999999999556e-01 6.005367419835284937e-02 -7.974021374504071391e-02
5.999999999999999778e-01 6.017145465254182535e-02 -7.967298190117878820e-02
6.250000000000000000e-01 6.029172620335992994e-02 -7.960459035132080863e-02
6.500000000000000222e-01 6.041421355500548040e-02 -7.953521949505973354e-02
6.750000000000000444e-01 6.053863814359798645e-02 -7.946505137608010638e-02
6.999999999999999556e-01 6.066471882705787994e-02 -7.939426905430176096e-02
7.249999999999999778e-01 6.079217257479870018e-02 -7.932305596808190973e-02
7.500000000000000000e-01 6.092071516632930478e-02 -7.925159529499054001e-02
7.750000000000000222e-01 6.105006190592746074e-02 -7.918006931902059342e-02
8.000000000000000444e-01 6.117992835780261540e-02 -7.910865881091437568e-02
8.249999999999999556e-01 6.131003110298924308e-02 -7.903754242675642416e-02
8.499999999999999778e-01 6.144008851599272458e-02 -7.896689612830362637e-02
8.750000000000000000e-01 6.156982155631228470e-02 -7.889689262688073801e-02
9.000000000000000222e-01 6.169895456769951270e-02 -7.882770085125283266e-02
9.250000000000001554e-01 6.182721607657475082e-02 -7.875948543881045039e-02
9.499999999999999556e-01 6.195433958052947582e-02 -7.869240624876339130e-02
9.749999999999999778e-01 6.208006431826039451e-02 -7.862661789585058403e-02
1.000000000000000000e+00 6.220413601349758514e-02 -7.856226930330675873e-02
1.024999999999999911e+00 6.232630758729563319e-02 -7.849950327440528841e-02
1.050000000000000044e+00 6.244633983519278647e-02 -7.843845608270270942e-02
1.074999999999999956e+00 6.256400206793137631e-02 -7.837925708201871899e-02
1.100000000000000089e+00 6.267907271640647815e-02 -7.832202833805765319e-02
1.125000000000000000e+00 6.279133990305009461e-02 -7.826688428429669220e-02
1.149999999999999911e+00 6.290060198281492709e-02 -7.821393140524413035e-02
1.175000000000000044e+00 6.300666805722497654e-02 -7.816326795034618524e-02
1.199999999999999956e+00 6.310935846462885357e-02 -7.811498368168824646e-02
1.225000000000000089e+00 6.320850524891814814e-02 -7.806915965821108194e-02
1.250000000000000000e+00 6.330395260771400079e-02 -7.802586805851019491e-02
1.274999999999999911e+00 6.339555731957551010e-02 -7.798517204348588694e-02
1.300000000000000044e+00 6.348318914834383264e-02 -7.794712565925632219e-02
1.324999999999999956e+00 6.356673122150321986e-02 -7.791177377993292741e-02
1.350000000000000089e+00 6.364608037856096800e-02 -7.787915208916539045e-02
1.375000000000000000e+00 6.372114748502334669e-02 -7.784928709885488574e-02
1.399999999999999911e+00 6.379185770760809060e-02 -7.782219620314190234e-02
1.425000000000000044e+00 6.385815074685512183e-02 -7.779788776570174813e-02
1.449999999999999956e+00 6.391998102418661176e-02 -7.777636123850152627e-02
1.475000000000000089e+00 6.397731782159966907e-02 -7.775760731044037422e-02
1.500000000000000000e+00 6.403014537339196677e-02 -7.774160808464419814e-02
1.524999999999999911e+00 6.407846291046853660e-02 -7.772833728354859584e-02
1.550000000000000044e+00 6.412228465871971927e-02 -7.771776048121241398e-02
1.574999999999999956e+00 6.416163979358831260e-02 -7.770983536250247736e-02
1.600000000000000089e+00 6.419657235320504196e-02 -7.770451200884204157e-02
1.625000000000000000e+00 6.422714111235688916e-02 -7.770173321010588607e-02
1.649999999999999911e+00 6.425341941910721333e-02 -7.770143480198038466e-02
1.675000000000000044e+00 6.427549499519527587e-02 -7.770354602771756269e-02
1.699999999999999956e+00 6.429346970051819099e-02 -7.770798992273993122e-02
1.725000000000000311e+00 6.430745926117040212e-02 -7.771468372005442549e-02
1.750000000000000000e+00 6.431759295979892765e-02 -7.772353927396072337e-02
1.774999999999999911e+00 6.432401328653578054e-02 -7.773446349914668596e-02
1.800000000000000044e+00 6.432687554855512357e-02 -7.774735882198613446e-02
1.824999999999999956e+00 6.432634743639986663e-02 -7.776212364071619088e-02
1.850000000000000311e+00 6.432260854562249497e-02 -7.777865279118023611e-02
1.875000000000000000e+00 6.431584985292658485e-02 -7.779683801495977657e-02
1.899999999999999911e+00 6.430627314680627260e-02 -7.781656842696138554e-02
1.925000000000000044e+00 6.429409041355306498e-02 -7.783773097983197331e-02
1.949999999999999956e+00 6.427952318033544610e-02 -7.786021092290472401e-02
1.975000000000000089e+00 6.426280181776004852e-02 -7.788389225368326507e-02
2.000000000000000000e+00 6.424416480482315894e-02 -7.790865816012318423e-02
2.024999999999999911e+00 6.422385795941878972e-02 -7.793439145213539032e-02
2.049999999999999822e+00 6.420213363757688863e-02 -7.796097498081014376e-02
2.075000000000000178e+00 6.417924990439105581e-02 -7.798829204384262470e-02
2.100000000000000089e+00 6.415546967921680055e-02 -7.801622677555122842e-02
2.125000000000000000e+00 6.413105985725657543e-02 -7.804466451974215180e-02
2.149999999999999911e+00 6.410629040917915911e-02 -7.807349218352557796e-02
2.174999999999999822e+00 6.408143346003618290e-02 -7.810259857006038309e-02
2.200000000000000178e+00 6.405676234850159190e-02 -7.813187468813313774e-02
2.225000000000000089e+00 6.403255066741732338e-02 -7.816121403648140786e-02
2.250000000000000000e+00 6.400907128679954317e-02 -7.819051286086887986e-02
2.274999999999999911e+00 6.398659536082523802e-02 -7.821967038210979328e-02
2.299999999999999822e+00 6.396539132084641532e-02 -7.824858899351283537e-02
2.325000000000000178e+00 6.394572385709820783e-02 -7.827717442654895386e-02
2.350000000000000089e+00 6.392785289241101343e-02 -7.830533588391770661e-02
2.375000000000000000e+00 6.391203255182655030e-02 -7.833298613955916312e-02
2.399999999999999911e+00 6.389851013248482037e-02 -7.836004160550781583e-02
2.424999999999999822e+00 6.388752507844730477e-02 -7.838642236578209632e-02
2.450000000000000178e+00 6.387930796521940069e-02 -7.841205217773704328e-02
2.475000000000000089e+00 6.387407949863421752e-02 -7.843685844146522368e-02
2.500000000000000000e+00 6.387204953248505623e-02 -7.846077213792297667e-02
2.524999999999999911e+00 6.387341610888822019e-02 -7.848372773649150980e-02
2.549999999999999822e+00 6.387836452488526717e-02 -7.850566307268064259e-02
2.575000000000000178e+00 6.388706642831658289e-02 -7.852651919666814306e-02
2.600000000000000089e+00 6.389967894558194750e-02 -7.854624019336496621e-02
2.625000000000000000e+00 6.391634384359631826e-02 -7.856477297472831689e-02
2.649999999999999911e+00 6.393718672808421100e-02 -7.858206704512533947e-02
2.674999999999999822e+00 6.396231628034285133e-02 -7.859807424068809834e-02
2.700000000000000178e+00 6.399182353472862572e-02 -7.861274844379483040e-02
2.725000000000000089e+00 6.402578119934956846e-02 -7.862604527405217536e-02
2.750000000000000000e+00 6.406424302272901994e-02 -7.863792175742280455e-02
2.774999999999999911e+00 6.410724320948267552e-02 -7.864833597542027210e-02
2.799999999999999822e+00 6.415479588826741852e-02 -7.865724669655572987e-02
2.825000000000000178e+00 6.420689463536270736e-02 -7.866461299244620342e-02
2.850000000000000089e+00 6.426351205719969817e-02 -7.867039384116740475e-02
2.875000000000000000e+00 6.432459943494470145e-02 -7.867454772054137402e-02
2.899999999999999911e+00 6.439008643387433839e-02 -7.867703219408943294e-02
2.924999999999999822e+00 6.445988087977796988e-02 -7.867780349235885262e-02
2.950000000000000178e+00 6.453386860402948733e-02 -7.867681609225744832e-02
2.975000000000000089e+00 6.461191335833732508e-02 -7.867402229692381510e-02
3.000000000000000000e+00 6.469385679956492219e-02 -7.866937181853607408e-02
3.024999999999999911e+00 6.477951854446582780e-02 -7.866281136634441229e-02
3.049999999999999822e+00 6.486869629373605284e-02 -7.865428424211247382e-02
3.075000000000000178e+00 6.496116602448022415e-02 -7.864372994508554704e-02
3.100000000000000089e+00 6.505668225001627614e-02 -7.863108378857083802e-02
3.125000000000000000e+00 6.515497834589838166e-02 -7.861627653021802109e-02
3.149999999999999911e+00 6.525576694108300990e-02 -7.859923401811412524e-02
3.174999999999999822e+00 6.535874037326083741e-02 -7.857987685484785212e-02
3.200000000000000178e+00 6.546357120747353653e-02 -7.855812008173042316e-02
3.225000000000000089e+00 6.556991281718846376e-02 -7.853387288537470867e-02
3.250000000000000000e+00 6.567740002696929869e-02 -7.850703832880902289e-02
3.274999999999999911e+00 6.578564981573790937e-02 -7.847751310923015144e-02
3.299999999999999822e+00 6.589426207935822344e-02 -7.844518734437570806e-02
3.325000000000000178e+00 6.600282045089685135e-02 -7.840994438931836452e-02
3.350000000000000089e+00 6.611089317645603425e-02 -7.837166068526249529e-02
3.375000000000000444e+00 6.621803404396840731e-02 -7.833020564167052224e-02
3.399999999999999911e+00 6.632378336183678003e-02 -7.828544155277546157e-02
3.424999999999999822e+00 6.642766898384701302e-02 -7.823722354926659905e-02
3.450000000000000622e+00 6.652920737641727922e-02 -7.818539958568543335e-02
3.475000000000000533e+00 6.662790472400495490e-02 -7.812981046384726014e-02
3.500000000000000000e+00 6.672325806839266016e-02 -7.807028989242363604e-02
3.524999999999999911e+00 6.681475647761180026e-02 -7.800666458268322445e-02
3.549999999999999822e+00 6.690188224042335763e-02 -7.793875438028938230e-02
3.575000000000000622e+00 6.698411208252388893e-02 -7.786637243298598354e-02
3.600000000000000089e+00 6.706091840094353940e-02 -7.778932539395355672e-02
3.625000000000000000e+00 6.713177051340152302e-02 -7.770741366057422328e-02
3.649999999999999911e+00 6.719613591964357369e-02 -7.762043164828946740e-02
3.674999999999999822e+00 6.725348157196583965e-02 -7.752816809915810681e-02
3.700000000000000622e+00 6.730327515221268264e-02 -7.743040642461430922e-02
3.725000000000000089e+00 6.734498635250993348e-02 -7.732692508178430624e-02
3.750000000000000000e+00 6.737808815687375275e-02 -7.721749798254576302e-02
3.774999999999999911e+00 6.740205812064094248e-02 -7.710189493431530983e-02
3.799999999999999822e+00 6.741637964443400466e-02 -7.697988211133517666e-02
3.825000000000000178e+00 6.742054323914681291e-02 -7.685122255501715405e-02
3.850000000000000089e+00 6.741404777825471539e-02 -7.671567670170081898e-02
3.875000000000000000e+00 6.739640173365071818e-02 -7.657300293601049246e-02
3.899999999999999911e+00 6.736712439121675389e-02 -7.642295816785803220e-02
3.924999999999999822e+00 6.732574704246042929e-02 -7.626529843104294659e-02
3.950000000000000178e+00 6.727181414878213861e-02 -7.609977950134905189e-02
3.975000000000000089e+00 6.720488447526627718e-02 -7.592615753201935325e-02
4.000000000000000000e+00 6.712453219127359483e-02 -7.574418970450387534e-02
4.025000000000000355e+00 6.703034793552030413e-02 -7.555363489240202179e-02
4.049999999999999822e+00 6.692193984370986559e-02 -7.535425433655179583e-02
4.075000000000000178e+00 6.679893453710357420e-02 -7.514581232923811527e-02
4.099999999999999645e+00 6.666097807064387537e-02 -7.492807690549380117e-02
4.125000000000000000e+00 6.650773683935989888e-02 -7.470082053943867539e-02
4.150000000000000355e+00 6.633889844179084727e-02 -7.446382084355165909e-02
4.174999999999999822e+00 6.615417249906785369e-02 -7.421686126868912159e-02
4.200000000000000178e+00 6.595329142813027845e-02 -7.395973180257192636e-02
4.224999999999999645e+00 6.573601116735101890e-02 -7.369222966436168865e-02
4.250000000000000000e+00 6.550211185265208957e-02 -7.341415999285672012e-02
4.275000000000000355e+00 6.525139844204548567e-02 -7.312533652576853893e-02
4.299999999999999822e+00 6.498370128646822896e-02 -7.282558226750032726e-02
4.325000000000000178e+00 6.469887664482114331e-02 -7.251473014285227114e-02
4.349999999999999645e+00 6.439680714127257732e-02 -7.219262363412501382e-02
4.375000000000000000e+00 6.407740216314718185e-02 -7.185911739917810737e-02
4.400000000000000355e+00 6.374059819806496274e-02 -7.151407786812760681e-02
4.424999999999999822e+00 6.338635910939255380e-02 -7.115738381651438849e-02
4.450000000000000178e+00 6.301467634948076935e-02 -7.078892691294115525e-02
4.474999999999999645e+00 6.262556911054632802e-02 -7.040861223934068158e-02
4.500000000000000000e+00 6.221908441337607731e-02 -7.001635878219218678e-02
4.525000000000000355e+00 6.179529713426295395e-02 -6.961209989313874025e-02
4.549999999999999822e+00 6.135430997070575460e-02 -6.919578371756615609e-02
4.575000000000000178e+00 6.089625334642614907e-02 -6.876737358978803061e-02
4.599999999999999645e+00 6.042128525618613299e-02 -6.832684839354161155e-02
4.625000000000000000e+00 5.992959105075938708e-02 -6.787420288654463785e-02
4.650000000000000355e+00 5.942138316225612643e-02 -6.740944798790486636e-02
4.674999999999999822e+00 5.889690076986330708e-02 -6.693261102722121436e-02
4.700000000000000178e+00 5.835640940598255805e-02 -6.644373595428337831e-02
4.724999999999999645e+00 5.780020050275298110e-02 -6.594288350836946533e-02
4.750000000000000000e+00 5.722859087906050773e-02 -6.543013134626853022e-02
4.775000000000000355e+00 5.664192216836128752e-02 -6.490557412831604589e-02
4.799999999999999822e+00 5.604056018797561045e-02 -6.436932356192136273e-02
4.825000000000000178e+00 5.542489425091520761e-02 -6.382150840228233146e-02
4.849999999999999645e+00 5.479533642175840602e-02 -6.326227441020927655e-02
4.875000000000000000e+00 5.415232071853980089e-02 -6.269178426720900532e-02
4.900000000000000355e+00 5.349630226303564440e-02 -6.211021744819482382e-02
4.924999999999999822e+00 5.282775638216463676e-02 -6.151777005238107110e-02
4.950000000000000178e+00 5.214717766345919325e-02 -6.091465459308053471e-02
4.974999999999999645e+00 5.145507896768469064e-02 -6.030109974724903732e-02
5.000000000000000000e+00 5.075199040169096204e-02 -5.967735006571029538e-02
5.025000000000000355e+00 5.003845825449516199e-02 -5.904366564505467846e-02
5.049999999999999822e+00 4.931504389944175309e-02 -5.840032176224213556e-02
5.075000000000000178e+00 4.858232266510697367e-02 -5.774760847296615124e-02
5.099999999999999645e+00 4.784088267745038869e-02 -5.708583017486250355e-02
5.125000000000000000e+00 4.709132367560342480e-02 -5.641530513668251839e-02
5.150000000000000355e+00 4.633425580365744395e-02 -5.573636499460762894e-02
5.174999999999999822e+00 4.557029838088486051e-02 -5.504935421695993092e-02
5.200000000000000178e+00 4.480007865300313086e-02 -5.435462953866612712e-02
5.224999999999999645e+00 4.402423052735814774e-02 -5.365255936695373373e-02
5.250000000000000000e+00 4.324339329523176068e-02 -5.294352315989020452e-02
5.275000000000000355e+00 4.245821034483395623e-02 -5.222791077950918875e-02
5.299999999999999822e+00 4.166932786887610901e-02 -5.150612182138986084e-02
5.325000000000000178e+00 4.087739357089846537e-02 -5.077856492265529764e-02
5.349999999999999645e+00 4.008305537470344820e-02 -5.004565705042535173e-02
5.375000000000000000e+00 3.928696014130280550e-02 -4.930782277279188025e-02
5.400000000000000355e+00 3.848975239771162959e-02 -4.856549351438145534e-02
5.424999999999999822e+00 3.769207308172035920e-02 -4.781910679853360047e-02
5.450000000000000178e+00 3.689455830647114798e-02 -4.706910547806043843e-02
5.474999999999999645e+00 3.609783814829360671e-02 -4.631593695647975850e-02
5.500000000000000000e+00 3.530253546085747318e-02 -4.556005240153460090e-02
5.525000000000000355e+00 3.450926471832668069e-02 -4.480190595275048565e-02
5.549999999999999822e+00 3.371863088988961282e-02 -4.404195392473662235e-02
5.575000000000000178e+00 3.293122834782805097e-02 -4.328065400792693168e-02
5.599999999999999645e+00 3.214763981119104358e-02 -4.251846446847647176e-02
5.625000000000000000e+00 3.136843532715784255e-02 -4.175584334907972428e-02
5.650000000000000355e+00 3.059417129229505608e-02 -4.099324767255278085e-02
5.674999999999999822e+00 2.982538951609774169e-02 -4.023113265010880291e-02
5.700000000000000178e+00 2.906261632941644496e-02 -3.946995089634275367e-02
5.724999999999999645e+00 2.830636174055743692e-02 -3.871015165301616712e-02
5.750000000000000000e+00 2.755711864195589320e-02 -3.795218002377659383e-02
5.775000000000000355e+00 2.681536207032245156e-02 -3.719647622195792341e-02
5.799999999999999822e+00 2.608154852302244087e-02 -3.644347483357478212e-02
5.825000000000000178e+00 2.535611533315835012e-02 -3.569360409755244212e-02
5.849999999999999645e+00 2.463948010539843136e-02 -3.494728520512501574e-02
5.875000000000000000e+00 2.393204021405457432e-02 -3.420493162020116218e-02
5.900000000000000355e+00 2.323417236430900396e-02 -3.346694842235236472e-02
5.924999999999999822e+00 2.254623221686886600e-02 -3.273373167393551358e-02
5.950000000000000178e+00 2.186855407575243049e-02 -3.200566781273727485e-02
5.974999999999999645e+00 2.120145063842709607e-02 -3.128313307143107402e-02
6.000000000000000000e+00 2.054521280716831155e-02 -3.056649292507338314e-02
6.025000000000000355e+00 1.990010956031377024e-02 -2.985610156784086061e-02
6.049999999999999822e+00 1.926638788204572059e-02 -2.915230142021011175e-02
6.075000000000000178e+00 1.864427274943114901e-02 -2.845542266780385493e-02
6.099999999999999645e+00 1.803396717564074297e-02 -2.776578283315103701e-02
6.125000000000000000e+00 1.743565230850253889e-02 -2.708368638161686229e-02
6.150000000000000355e+00 1.684948758376289199e-02 -2.640942436273773647e-02
6.174999999999999822e+00 1.627561093256501071e-02 -2.574327408812495874e-02
6.200000000000000178e+00 1.571413904266421788e-02 -2.508549884697656648e-02
6.224999999999999645e+00 1.516516767274386258e-02 -2.443634766005206571e-02
6.250000000000000000e+00 1.462877201886300313e-02 -2.379605507272450349e-02
6.275000000000000355e+00 1.410500713157197480e-02 -2.316484098744608228e-02
6.299999999999999822e+00 1.359390838160651031e-02 -2.254291053565883954e-02
6.325000000000000178e+00 1.309549197137766484e-02 -2.193045398888115657e-02
6.349999999999999645e+00 1.260975548878082338e-02 -2.132764670842577162e-02
6.375000000000000000e+00 1.213667849923080223e-02 -2.073464913297763668e-02
6.400000000000000355e+00 1.167622317136617939e-02 -2.015160680310380467e-02
6.424999999999999822e+00 1.122833493160951650e-02 -1.957865042168720551e-02
6.450000000000000178e+00 1.079294314276270199e-02 -1.901589594927773075e-02
6.474999999999999645e+00 1.036996180206412911e-02 -1.846344473342543743e-02
6.500000000000000000e+00 9.959290254617000210e-03 -1.792138367118227202e-02
6.525000000000000355e+00 9.560813918766793151e-03 -1.738978540410410570e-02
6.549999999999999822e+00 9.174405020783269263e-03 -1.686870854521756516e-02
6.575000000000000178e+00 8.799923337000555359e-03 -1.635819793750365250e-02
6.599999999999999645e+00 8.437216942289155544e-03 -1.585828494345700376e-02
6.625000000000000000e+00 8.086122964284143261e-03 -1.536898776518024270e-02
6.650000000000000355e+00 7.746468343102216186e-03 -1.489031179425305204e-02
6.674999999999999822e+00 7.418070596294406779e-03 -1.442224999026927093e-02
6.700000000000000178e+00 7.100738588489651643e-03 -1.396478328647810310e-02
6.724999999999999645e+00 6.794273304605630628e-03 -1.351788102042189056e-02
6.750000000000000888e+00 6.498468624694791855e-03 -1.308150138687185979e-02
6.775000000000001243e+00 6.213112097542598800e-03 -1.265559190977531313e-02
6.799999999999999822e+00 5.937985709148105480e-03 -1.224008992939313104e-02
6.825000000000001066e+00 5.672866641314461104e-03 -1.183492310038172790e-02
6.849999999999999645e+00 5.417528014871419648e-03 -1.144000989630311778e-02
6.875000000000000000e+00 5.171739611642814372e-03 -1.105526011596695210e-02
6.900000000000001243e+00 4.935268569232785507e-03 -1.068057538714391186e-02
6.924999999999999822e+00 4.707880043066357129e-03 -1.031584966353802854e-02
6.950000000000001066e+00 4.489337830881680660e-03 -9.960969711457127659e-03
6.974999999999999645e+00 4.279404955984520385e-03 -9.615815583339687098e-03
7.000000000000000000e+00 4.077844206955335421e-03 -9.280261076132525350e-03
7.025000000000001243e+00 3.884418633038416117e-03 -8.954174173413915680e-03
7.049999999999999822e+00 3.698891996005913754e-03 -8.637417471047782042e-03
7.075000000000001066e+00 3.521029180749185757e-03 -8.329848586978357353e-03
7.099999999999999645e+00 3.350596568079843973e-03 -8.031320556469804042e-03
7.125000000000000000e+00 3.187362374122285243e-03 -7.741682214612249577e-03
7.150000000000001243e+00 3.031096961182838233e-03 -7.460778568228753488e-03
7.174999999999999822e+00 2.881573125055120893e-03 -7.188451159405838571e-03
7.200000000000000178e+00 2.738566363383638288e-03 -6.924538422745166177e-03
7.224999999999999645e+00 2.601855129007613326e-03 -6.668876038115892184e-03
7.250000000000000000e+00 2.471221071230799045e-03 -6.421297280214106548e-03
7.275000000000001243e+00 2.346449266820822832e-03 -6.181633365660961325e-03
7.299999999999999822e+00 2.227328441352824286e-03 -5.949713797746420708e-03
7.325000000000000178e+00 2.113651180397535263e-03 -5.725366708310898611e-03
7.349999999999999645e+00 2.005214129120378407e-03 -5.508419195704001257e-03
7.375000000000000000e+00 1.901818178186503961e-03 -5.298697657310209516e-03
7.400000000000001243e+00 1.803268633510527038e-03 -5.096028114819711741e-03
7.424999999999999822e+00 1.709375367362817640e-03 -4.900236530261866189e-03
7.450000000000000178e+00 1.619952948628819618e-03 -4.711149110813268696e-03
7.474999999999999645e+00 1.534820750563197856e-03 -4.528592600528865038e-03
7.500000000000000000e+00 1.453803035111565171e-03 -4.352394557397824826e-03
7.525000000000000355e+00 1.376729013701156242e-03 -4.182383614466246569e-03
7.549999999999999822e+00 1.303432885233383326e-03 -4.018389724156441224e-03
7.575000000000000178e+00 1.233753852759613768e-03 -3.860244385312466917e-03
7.599999999999999645e+00 1.167536120914695191e-03 -3.707780852878375059e-03
7.625000000000000000e+00 1.104628876571548714e-03 -3.560834330442088757e-03
7.650000000000000355e+00 1.044886255341571967e-03 -3.419242146135004993e-03
7.674999999999999822e+00 9.881672964840032287e-04 -3.282843912554667381e-03
7.700000000000000178e+00 9.343358885314339808e-04 -3.151481671476080281e-03
7.724999999999999645e+00 8.832607075369625820e-04 -3.025000024143596321e-03
7.750000000000000000e+00 8.348151493620609501e-04 -2.903246247904307277e-03
7.775000000000000355e+00 7.888772569184114613e-04 -2.786070399874750365e-03
7.799999999999999822e+00 7.453296428140283305e-04 -2.673325408244049076e-03
7.825000000000000178e+00 7.040594074845564487e-04 -2.564867151728169713e-03
7.849999999999999645e+00 6.649580526503004593e-04 -2.460554527616574776e-03
7.875000000000000000e+00 6.279213898437456445e-04 -2.360249508804907522e-03
7.900000000000000355e+00 5.928494437975179426e-04 -2.263817190191213038e-03
7.924999999999999822e+00 5.596463506470094901e-04 -2.171125824827411545e-03
7.950000000000000178e+00 5.282202511499662018e-04 -2.082046850258401603e-03
7.974999999999999645e+00 4.984831794131841564e-04 -1.996454905538477907e-03
8.000000000000000000e+00 4.703509478981364694e-04 -1.914227839479017666e-03
8.025000000000000355e+00 4.437430297106905288e-04 -1.835246710741218496e-03
8.050000000000000711e+00 4.185824393318113529e-04 -1.759395780433391926e-03
8.074999999999999289e+00 3.947956129962196790e-04 -1.686562497896907471e-03
8.099999999999999645e+00 3.723122898685284543e-04 -1.616637480364157284e-03
8.125000000000000000e+00 3.510653950106099020e-04 -1.549514487146008311e-03
8.150000000000000355e+00 3.309909249012457340e-04 -1.485090388957529921e-03
8.175000000000000711e+00 3.120278359904414089e-04 -1.423265132926154622e-03
8.199999999999999289e+00 2.941179364811307502e-04 -1.363941703752499877e-03
8.224999999999999645e+00 2.772057812656995271e-04 -1.307026081419827889e-03
8.250000000000000000e+00 2.612385697339129963e-04 -1.252427195780976251e-03
8.275000000000000355e+00 2.461660460339869260e-04 -1.200056878297553519e-03
8.300000000000000711e+00 2.319404013207405880e-04 -1.149829811169768507e-03
8.324999999999999289e+00 2.185161775624869913e-04 -1.101663474077107553e-03
8.349999999999999645e+00 2.058501725895773844e-04 -1.055478088749113629e-03
8.375000000000000000e+00 1.939013462310231123e-04 -1.011196561598381961e-03
8.400000000000000355e+00 1.826307275743476984e-04 -9.687444246687186003e-04
8.425000000000000711e+00 1.720013235691169977e-04 -9.280497751748904411e-04
8.449999999999999289e+00 1.619780293493397038e-04 -8.890432139300118945e-04
8.474999999999999645e+00 1.525275407529296423e-04 -8.516577829677144480e-04
8.500000000000000000e+00 1.436182695542787793e-04 -8.158289026652649047e-04
8.525000000000000355e+00 1.352202618946896876e-04 -7.814943086590834089e-04
8.550000000000000711e+00 1.273051203009473197e-04 -7.485939888166538627e-04
8.574999999999999289e+00 1.198459295383712172e-04 -7.170701204905215219e-04
8.599999999999999645e+00 1.128171863718154693e-04 -6.868670082352299573e-04
8.625000000000000000e+00 1.061947331295234182e-04 -6.579310221212494392e-04
8.650000000000000355e+00 9.995569480372972892e-05 -6.302105367357454472e-04
8.675000000000000711e+00 9.407841929880913655e-05 -6.036558709233257871e-04
8.699999999999999289e+00 8.854242036667225098e-05 -5.782192282931510269e-04
8.724999999999999645e+00 8.332832275690633765e-05 -5.538546385041298852e-04
8.750000000000000000e+00 7.841780915486150014e-05 -5.305178993373550105e-04
8.775000000000000355e+00 7.379356857510742265e-05 -5.081665195724200269e-04
8.800000000000000711e+00 6.943924600603406283e-05 -4.867596626996110272e-04
8.824999999999999289e+00 6.533939324423508675e-05 -4.662580915188861046e-04
8.849999999999999645e+00 6.147942099508902193e-05 -4.466241136953165740e-04
8.875000000000000000e+00 5.784555242962943853e-05 -4.278215283556395087e-04
8.900000000000000355e+00 5.442477846279996528e-05 -4.098155738184497930e-04
8.925000000000000711e+00 5.120481504579037999e-05 -3.925728765500927585e-04
8.949999999999999289e+00 4.817406274299066332e-05 -3.760614014286050547e-04
8.974999999999999645e+00 4.532156879715391022e-05 -3.602504033802722203e-04
9.000000000000000000e+00 4.263699178513304723e-05 -3.451103804295852211e-04
9.025000000000000355e+00 4.011056884606239076e-05 -3.306130281763221160e-04
9.050000000000000711e+00 3.773308534121099222e-05 -3.167311956867079948e-04
9.074999999999999289e+00 3.549584669664310031e-05 -3.034388427620256972e-04
9.099999999999999645e+00 3.339065210075175085e-05 -2.907109985305025997e-04
9.125000000000000000e+00 3.140976968842972152e-05 -2.785237212984427164e-04
9.150000000000000355e+00 2.954591284661912148e-05 -2.668540595950884297e-04
9.175000000000000711e+00 2.779221732046460667e-05 -2.556800143521082520e-04
9.199999999999999289e+00 2.614221887828650917e-05 -2.449805021713628178e-04
9.224999999999999645e+00 2.458983139517268216e-05 -2.347353196513115995e-04
9.250000000000000000e+00 2.312932532518781437e-05 -2.249251087604510631e-04
9.275000000000000355e+00 2.175530663569261749e-05 -2.155313232625197055e-04
9.300000000000000711e+00 2.046269636056630178e-05 -2.065361962106669115e-04
9.324999999999999289e+00 1.924671098175090552e-05 -1.979227085342697009e-04
9.349999999999999645e+00 1.810284386437044775e-05 -1.896745587420131066e-04
9.375000000000000000e+00 1.702684794910072191e-05 -1.817761337581863870e-04
9.400000000000000355e+00 1.601471985049174155e-05 -1.742124808968747898e-04
9.425000000000000711e+00 1.506268543060627282e-05 -1.669692809629038689e-04
9.449999999999999289e+00 1.416718682503241725e-05 -1.600328224510036250e-04
9.474999999999999645e+00 1.332487080648876795e-05 -1.533899767983260129e-04
9.500000000000000000e+00 1.253257829243614542e-05 -1.470281746323742918e-04
9.525000000000000355e+00 1.178733474791349681e-05 -1.409353829481508561e-04
9.550000000000000711e+00 1.108634121036467420e-05 -1.351000831460928795e-04
9.574999999999999289e+00 1.042696567211524927e-05 -1.295112498661034350e-04
9.599999999999999645e+00 9.806734596393186114e-06 -1.241583305620636696e-04
9.625000000000000000e+00 9.223324408403356966e-06 -1.190312257742354542e-04
9.650000000000000355e+00 8.674552884212537193e-06 -1.141202700719310716e-04
9.675000000000000711e+00 8.158370446069748339e-06 -1.094162136537231558e-04
9.699999999999999289e+00 7.672851451349129210e-06 -1.049102046051742984e-04
9.724999999999999645e+00 7.216185623421538318e-06 -1.005937718229281917e-04
9.750000000000000000e+00 6.786669808595737251e-06 -9.645880861801953870e-05
9.775000000000000355e+00 6.382700249871088950e-06 -9.249755700997393075e-05
9.800000000000000711e+00 6.002765545532419708e-06 -8.870259271715491708e-05
9.824999999999999289e+00 5.645440412705031089e-06 -8.506681083893077638e-05
9.849999999999999645e+00 5.309380310166969973e-06 -8.158341221309388077e-05
9.875000000000000000e+00 4.993316900537693986e-06 -7.824589041950197289e-05
9.900000000000000355e+00 4.696054259969020949e-06 -7.504801938984756015e-05
9.925000000000000711e+00 4.416465683477689430e-06 -7.198384157549561667e-05
9.949999999999999289e+00 4.153490894134571008e-06 -6.904765662144423375e-05
9.974999999999999645e+00 3.906133449500100391e-06 -6.623401049531897253e-05
1.000000000000000000e+01 3.673458150475094513e-06 -6.353768502553165892e-05
1.002500000000000036e+01 3.454588293970010400e-06 -6.095368781180146220e-05
1.005000000000000071e+01 3.248702666013563171e-06 -5.847724248256344328e-05
1.007499999999999929e+01 3.055032238261005393e-06 -5.610377928608917161e-05
1.009999999999999964e+01 2.872856598956735101e-06 -5.382892601347705994e-05
1.012500000000000000e+01 2.701500210236935455e-06 -5.164849926082024437e-05
1.015000000000000036e+01 2.540328628839319584e-06 -4.955849604336540247e-05
1.017500000000000071e+01 2.388744851480831655e-06 -4.755508577610148709e-05
1.019999999999999929e+01 2.246185946256957010e-06 -4.563460263254222679e-05
1.022499999999999964e+01 2.112120108358215485e-06 -4.379353828731900758e-05
1.025000000000000000e+01 1.986044235741261162e-06 -4.202853503949190313e-05
1.027500000000000036e+01 1.867482064583549863e-06 -4.033637930355265909e-05
1.030000000000000071e+01 1.755982843348852764e-06 -3.871399544547816972e-05
1.032499999999999929e+01 1.651120466607895933e-06 -3.715843993328186691e-05
1.034999999999999964e+01 1.552492943326524725e-06 -3.566689576640302920e-05
1.037500000000000000e+01 1.459722045149431651e-06 -3.423666714672708586e-05
1.040000000000000036e+01 1.372452972089850785e-06 -3.286517435619786665e-05
1.042500000000000071e+01 1.290353886557899917e-06 -3.154994881153264335e-05
1.044999999999999929e+01 1.213115199539563218e-06 -3.028862827469738919e-05
1.047499999999999964e+01 1.140448540139999534e-06 -2.907895220736128806e-05
1.050000000000000000e+01 1.072085394827451274e-06 -2.791875726725366046e-05
1.052500000000000036e+01 1.007775457882959770e-06 -2.680597295280836231e-05
1.055000000000000071e+01 9.472847822857540609e-07 -2.573861740869706405e-05
1.057499999999999929e+01 8.903938542084155523e-07 -2.471479340794670713e-05
1.059999999999999964e+01 8.368957300920653396e-07 -2.373268452603457567e-05
1.062500000000000000e+01 7.865943713253507862e-07 -2.279055151893238132e-05
1.065000000000000036e+01 7.393032886235773163e-07 -2.188672891083505174e-05
1.067500000000000071e+01 6.948445701308120638e-07 -2.101962178967439201e-05
1.069999999999999929e+01 6.530483193394969245e-07 -2.018770280012798483e-05
1.072499999999999964e+01 6.137524781656273824e-07 -1.938950931635379798e-05
1.075000000000000000e+01 5.768029637710490940e-07 -1.862364077095865681e-05
1.077500000000000036e+01 5.420540114391771645e-07 -1.788875611344825246e-05
1.080000000000000071e+01 5.093685947153742185e-07 -1.718357137141874314e-05
1.082499999999999929e+01 4.786187906825487162e-07 -1.650685729048920235e-05
1.084999999999999964e+01 4.496859728188025552e-07 -1.585743703447084558e-05
1.087500000000000000e+01 4.224607439961221091e-07 -1.523418393449689931e-05
1.090000000000000036e+01 3.968425634028162904e-07 -1.463601928373013721e-05
1.092500000000000071e+01 3.727390676805662420e-07 -1.406191018200977971e-05
1.094999999999999929e+01 3.500651318683373913e-07 -1.351086744094031514e-05
1.097499999999999964e+01 3.287417536986785384e-07 -1.298194356405281866e-05
1.100000000000000000e+01 3.086948703552668244e-07 -1.247423081798362571e-05
1.102500000000000036e+01 2.898542267146555630e-07 -1.198685940921453565e-05
1.105000000000000071e+01 2.721524073710307733e-07 -1.151899577690039527e-05
1.107499999999999929e+01 2.555241225570412368e-07 -1.106984100650228140e-05
1.109999999999999964e+01 2.399058039033713364e-07 -1.063862936207532037e-05
1.112500000000000000e+01 2.252355245481082305e-07 -1.022462692815837628e-05
1.115000000000000036e+01 2.114532155468734485e-07 -9.827130346368373858e-06
1.117500000000000071e+01 1.985011122910461532e-07 -9.445465627675761575e-06
1.119999999999999929e+01 1.863243363017020145e-07 -9.078987019604699624e-06
1.122499999999999964e+01 1.748715026977941321e-07 -8.727075908432324039e-06
1.125000000000000000e+01 1.640952438353399711e-07 -8.389139739711013979e-06
1.127500000000000036e+01 1.539525547254562956e-07 -8.064610945622306679e-06
1.130000000000000071e+01 1.444048934577044545e-07 -7.752945873989587522e-06
1.132499999999999929e+01 1.354180060977658636e-07 -7.453623720489377259e-06
1.134999999999999964e+01 1.269614850888227404e-07 -7.166145471544028270e-06
1.137500000000000000e+01 1.190081077980636370e-07 -6.890032869952068217e-06
1.140000000000000036e+01 1.115330322417431044e-07 -6.624827417837792146e-06
1.142500000000000071e+01 1.045129462120432570e-07 -6.370089431599884504e-06
1.144999999999999929e+01 9.792527167192480905e-08 -6.125397161428335260e-06
1.147499999999999964e+01 9.174751776215683493e-08 -5.890345983819982739e-06
1.150000000000000000e+01 8.595685453652519389e-08 -5.664547670051384468e-06
1.152500000000000036e+01 8.052994885072050893e-08 -5.447629727600744664e-06
1.155000000000000071e+01 7.544306783493105749e-08 -5.239234805879036926e-06
1.157499999999999929e+01 7.067241938839366719e-08 -5.039020153011976304e-06
1.159999999999999964e+01 6.619466784654247667e-08 -4.846657107682711154e-06
1.162500000000000000e+01 6.198754069372665207e-08 -4.661830609331492651e-06
1.165000000000000036e+01 5.803043186079735101e-08 -4.484238711505763069e-06
1.167500000000000071e+01 5.430490983647808591e-08 -4.313592086566681101e-06
1.169999999999999929e+01 5.079505404711899023e-08 -4.149613514862994165e-06
1.172499999999999964e+01 4.748756837479745070e-08 -3.992037357015592976e-06
1.175000000000000000e+01 4.437165260094873677e-08 -3.840609013541763647e-06
1.177500000000000036e+01 4.143864654171661038e-08 -3.695084380741335601e-06
1.180000000000000071e+01 3.868149298432226294e-08 -3.555229315002184924e-06
1.182499999999999929e+01 3.609408992563746320e-08 -3.420819119062753213e-06
1.184999999999999964e+01 3.367061699631735011e-08 -3.291638063094963478e-06
1.187500000000000000e+01 3.140492330518151826e-08 -3.167478950851736350e-06
1.190000000000000036e+01 2.929005439777233018e-08 -3.048142737105740634e-06
1.192500000000000071e+01 2.731797588872751755e-08 -2.933438197541316852e-06
1.194999999999999929e+01 2.547952366346244227e-08 -2.823181647145177157e-06
1.197499999999999964e+01 2.376457929408906788e-08 -2.717196698502949627e-06
1.200000000000000000e+01 2.216243864990652054e-08 -2.615314047918254019e-06
1.202500000000000036e+01 2.066231605796271420e-08 -2.517371275601225589e-06
1.205000000000000071e+01 1.925390894706217688e-08 -2.423212646140458254e-06
1.207499999999999929e+01 1.792794112967518674e-08 -2.332688897493209479e-06
1.209999999999999964e+01 1.667660738329014923e-08 -2.245657010193083343e-06
1.212500000000000000e+01 1.549385699400036675e-08 -2.161979952964130936e-06
1.215000000000000036e+01 1.437547726295219630e-08 -2.081526405853447806e-06
1.217500000000000071e+01 1.331896616817204300e-08 -2.004170466596013068e-06
1.219999999999999929e+01 1.232321263973534011e-08 -1.929791349584951207e-06
1.222499999999999964e+01 1.138802910468725713e-08 -1.858273089079591621e-06
1.225000000000000000e+01 1.051360058302755328e-08 -1.789504258763862746e-06
1.227500000000000036e+01 9.699925153355708923e-09 -1.723377718574215015e-06
1.230000000000000071e+01 8.946320621140546871e-09 -1.659790396882935361e-06
1.232499999999999929e+01 8.251062081767586537e-09 -1.598643112180359082e-06
1.234999999999999964e+01 7.611196154631184024e-09 -1.539840433925626473e-06
1.237500000000000000e+01 7.022552796823467603e-09 -1.483290577731528006e-06
1.240000000000000036e+01 6.479948333060248508e-09 -1.428905326385203308e-06
1.242500000000000071e+01 5.977547289746354605e-09 -1.376599965588323314e-06
1.244999999999999929e+01 5.509329516865956145e-09 -1.326293222348020309e-06
1.247499999999999964e+01 5.069595614781961763e-09 -1.277907194636120392e-06
1.250000000000000000e+01 4.653439573643006358e-09 -1.231367263105307919e-06
1.252500000000000036e+01 4.257123304120742595e-09 -1.186601979125202775e-06
1.255000000000000071e+01 3.878302248951415016e-09 -1.143542927537497791e-06
1.257499999999999929e+01 3.516072571606554643e-09 -1.102124566829214939e-06
1.259999999999999964e+01 3.170835410543771792e-09 -1.062284053211819268e-06
1.262500000000000000e+01 2.843998792972890729e-09 -1.023961057967123731e-06
1.265000000000000036e+01 2.537559824577386000e-09 -9.870975888282988848e-07
1.267500000000000071e+01 2.253625467104874976e-09 -9.516378260852120624e-07
1.269999999999999929e+01 1.993937739172463396e-09 -9.175279824981228938e-07
1.272499999999999964e+01 1.759467580864622218e-09 -8.847161931807103016e-07
1.275000000000000000e+01 1.550131181155419927e-09 -8.531524379247885458e-07
1.277500000000000036e+01 1.364665026956226179e-09 -8.227884943469906078e-07
1.280000000000000071e+01 1.200673644142311265e-09 -7.935779164757428844e-07
1.282499999999999929e+01 1.054840207112943366e-09 -7.654760303737740348e-07
1.284999999999999964e+01 9.232680672801463344e-10 -7.384399365677684275e-07
1.287500000000000000e+01 8.019039543841236377e-10 -7.124285086816558210e-07
1.290000000000000036e+01 6.869831780026232497e-10 -6.874023787439454623e-07
1.292500000000000071e+01 5.754352053972232680e-10 -6.633239019967816516e-07
1.294999999999999929e+01 4.651943872017784618e-10 -6.401570973985856874e-07
1.297499999999999964e+01 3.553744806433670032e-10 -6.178675637671084145e-07
1.300000000000000000e+01 2.462849614921540752e-10 -5.964223753029007578e-07
1.302500000000000036e+01 1.392890559008366470e-10 -5.757899633407575110e-07
1.305000000000000071e+01 3.652511185561531186e-11 -5.559399933699480602e-07
1.307499999999999929e+01 -5.946874124861244776e-11 -5.368432472111753269e-07
1.309999999999999964e+01 -1.461741417144062494e-10 -5.184715196575336917e-07
1.312500000000000000e+01 -2.214984851689056108e-10 -5.007975371039598444e-07
1.315000000000000036e+01 -2.841124638231751926e-10 -4.837949027363926175e-07
1.317500000000000071e+01 -3.336743571760759894e-10 -4.674380693982787485e-07
1.319999999999999929e+01 -3.709125493503495113e-10 -4.517023376266719348e-07
1.322499999999999964e+01 -3.975574964091153339e-10 -4.365638730751122414e-07
1.325000000000000000e+01 -4.161350230611452941e-10 -4.219997351753712219e-07
1.327500000000000036e+01 -4.296515690018602049e-10 -4.079879075796815760e-07
1.330000000000000071e+01 -4.412161773314492674e-10 -3.945073210270789285e-07
1.332499999999999929e+01 -4.536519024052615842e-10 -3.815378605601340802e-07
1.334999999999999964e+01 -4.691498946968225123e-10 -3.690603515282036050e-07
1.337500000000000000e+01 -4.890126456277759514e-10 -3.570565219244470223e-07
1.340000000000000036e+01 -5.135200313669386376e-10 -3.455089420863549049e-07
1.342500000000000071e+01 -5.419344217094723937e-10 -3.344009461124229447e-07
1.344999999999999929e+01 -5.726419731523010318e-10 -3.237165419138572182e-07
1.347499999999999964e+01 -6.034087176564077691e-10 -3.134403185003891291e-07
1.350000000000000178e+01 -6.317147915873047120e-10 -3.035573595422466717e-07
1.352500000000000213e+01 -6.551201980843251502e-10 -2.940531713617931076e-07
1.355000000000000249e+01 -6.716119680951391281e-10 -2.849136315892260994e-07
1.357499999999999929e+01 -6.798859854112709110e-10 -2.761249619247998992e-07
1.359999999999999964e+01 -6.795264500520948373e-10 -2.676737251403201400e-07
1.362500000000000000e+01 -6.710604506647401200e-10 -2.595468432441138375e-07
1.365000000000000213e+01 -6.558824667096671759e-10 -2.517316309245862532e-07
1.367500000000000249e+01 -6.360613218866645197e-10 -2.442158363930280341e-07
1.369999999999999929e+01 -6.140577839473715227e-10 -2.369876809125416630e-07
1.372499999999999964e+01 -5.923925917846886147e-10 -2.300358885487385158e-07
1.375000000000000000e+01 -5.733106095721486722e-10 -2.233496992280225580e-07
1.377500000000000213e+01 -5.584865064859143143e-10 -2.169188605121389965e-07
1.380000000000000249e+01 -5.488108407384001540e-10 -2.107335965377514693e-07
1.382499999999999929e+01 -5.442838432704637443e-10 -2.047845557158482075e-07
1.384999999999999964e+01 -5.440291566080960741e-10 -1.990627417053890544e-07
1.387500000000000000e+01 -5.464233486887060340e-10 -1.935594344810852588e-07
1.390000000000000213e+01 -5.493215992280513895e-10 -1.882661095961048082e-07
1.392500000000000249e+01 -5.503473847440086943e-10 -1.831743640047664329e-07
1.394999999999999929e+01 -5.472061438144434977e-10 -1.782758558664287886e-07
1.397499999999999964e+01 -5.379805470258313760e-10 -1.735622638529374324e-07
1.400000000000000000e+01 -5.213684082679648399e-10 -1.690252688679482149e-07
1.402500000000000213e+01 -4.968328470701358949e-10 -1.646565580628277703e-07
1.405000000000000249e+01 -4.646467686949376854e-10 -1.604478481229753267e-07
1.407499999999999929e+01 -4.258282191459211263e-10 -1.563909222446269489e-07
1.409999999999999964e+01 -3.819778666146291141e-10 -1.524776735045447328e-07
1.412500000000000000e+01 -3.350425394182509126e-10 -1.487001465409534377e-07
1.415000000000000213e+01 -2.870380482532082920e-10 -1.450505697940929029e-07
1.417500000000000249e+01 -2.397690033888991354e-10 -1.415213718722227373e-07
1.419999999999999929e+01 -1.945828018804380900e-10 -1.381051778076240893e-07
1.422499999999999964e+01 -1.521895076048060551e-10 -1.347947836781585234e-07
1.425000000000000000e+01 -1.125698362534739772e-10 -1.315831110186146608e-07
1.427500000000000036e+01 -7.498148000474897042e-11 -1.284631451786255374e-07
1.430000000000000249e+01 -3.806099661870767419e-11 -1.254278641033503408e-07
1.432499999999999929e+01 -6.503994948859241754e-15 -1.224701654852395003e-07
1.434999999999999964e+01 4.118326556721017111e-11 -1.195828008805591022e-07
1.437500000000000000e+01 8.744396267997385445e-11 -1.167583250396684919e-07
1.440000000000000036e+01 1.403868586808281945e-10 -1.139890675341202829e-07
1.442500000000000249e+01 2.010760450912115550e-10 -1.112671319194901557e-07
1.444999999999999929e+01 2.698651514250655438e-10 -1.085844254109357658e-07
1.447499999999999964e+01 3.463083362177638652e-10 -1.059327196368116247e-07
1.450000000000000000e+01 4.291503237822449805e-10 -1.033037408079188513e-07
1.452500000000000036e+01 5.163903878784449859e-10 -1.006892856864235865e-07
1.455000000000000249e+01 6.054069907795896167e-10 -9.808135841766418227e-08
1.457499999999999929e+01 6.931241042895490131e-10 -9.547232237029644024e-08
1.459999999999999964e+01 7.761978961139080881e-10 -9.285506094873096471e-08
1.462500000000000000e+01 8.512032818672423063e-10 -9.022314139370334440e-08
1.465000000000000036e+01 9.148036672341681760e-10 -8.757097608285239811e-08
1.467500000000000249e+01 9.638929732851437325e-10 -8.489397634189776650e-08
1.469999999999999929e+01 9.957057218352590366e-10 -8.218869425661250658e-08
1.472499999999999964e+01 1.007897382027349905e-09 -7.945294827968539563e-08
1.475000000000000000e+01 9.986021122214089779e-10 -7.668592850893480260e-08
1.477500000000000036e+01 9.664777945511947088e-10 -7.388827737326029353e-08
1.480000000000000249e+01 9.107483101353485675e-10 -7.106214128779676824e-08
1.482499999999999929e+01 8.312504860536422829e-10 -6.821118862507632276e-08
1.484999999999999964e+01 7.284885102276625570e-10 -6.534058948527862933e-08
1.487500000000000000e+01 6.036927948451499825e-10 -6.245695317059922799e-08
1.490000000000000036e+01 4.588744074432761694e-10 -5.956822038407883641e-08
1.492500000000000071e+01 2.968613706584116748e-10 -5.668350878885447791e-08
1.494999999999999929e+01 1.213005595232540378e-10 -5.381291284581596465e-08
1.497499999999999964e+01 -6.339087292189103455e-11 -5.096726160764205009e-08
