# raxis[fm], SN, VN, SP, VP
2.101448349307773875e-07 9.030418635668618910e-02 9.491471269088805340e-02 4.926549599102780785e-02 5.357230025243840676e-02
2.500000000000000139e-02 9.030985825646759002e-02 9.492177142159829994e-02 4.927792602922120152e-02 5.358455801162737009e-02
5.000000000000000278e-02 9.029339464455586606e-02 9.490771515216760157e-02 4.929913994807313959e-02 5.360359460652965036e-02
7.499999999999999722e-02 9.026516274057072575e-02 9.488347276031598720e-02 4.933421554224515920e-02 5.363500385006068905e-02
1.000000000000000056e-01 9.022553525632205640e-02 9.484941209334436796e-02 4.938314125256142162e-02 5.367880108711362008e-02
1.250000000000000000e-01 9.017469459370600071e-02 9.480570110493093117e-02 4.944581760324354147e-02 5.373490113021110737e-02
1.499999999999999944e-01 9.011280770471842561e-02 9.475248588717390119e-02 4.952209486519646570e-02 5.380317137575367503e-02
1.749999999999999889e-01 9.004006907262045167e-02 9.468993615964986510e-02 4.961179316314678900e-02 5.388345145451870627e-02
2.000000000000000111e-01 8.995670385898264787e-02 9.461824769027363247e-02 4.971470095956499052e-02 5.397555301311933451e-02
2.250000000000000056e-01 8.986296979617008907e-02 9.453764486829850655e-02 4.983057701610634632e-02 5.407926080819758924e-02
2.500000000000000000e-01 8.975914888408810521e-02 9.444837222225788143e-02 4.995914628559663256e-02 5.419432863274346868e-02
2.750000000000000222e-01 8.964555211307245752e-02 9.435069890797559422e-02 5.010010374931296584e-02 5.432048383301309874e-02
2.999999999999999889e-01 8.952252099647675654e-02 9.424492084018512572e-02 5.025311680266169451e-02 5.445742897890439721e-02
3.250000000000000111e-01 8.939042296151154809e-02 9.413135603151474851e-02 5.041782414462315370e-02 5.460484070202424600e-02
3.499999999999999778e-01 8.924964916069226539e-02 9.401034279028037954e-02 5.059383722181638038e-02 5.476237060471476903e-02
3.750000000000000000e-01 8.910061104211781935e-02 9.388223582164750836e-02 5.078073854533761422e-02 5.492964443810684910e-02
4.000000000000000222e-01 8.894375180830452199e-02 9.374741781213208336e-02 5.097808994197725735e-02 5.510627074526839447e-02
4.249999999999999889e-01 8.877953972851207465e-02 9.360629413242238517e-02 5.118543284468278498e-02 5.529183886159796252e-02
4.500000000000000111e-01 8.860845903099275056e-02 9.345928311814548362e-02 5.140228412317264517e-02 5.548591561820913343e-02
4.749999999999999778e-01 8.843101258890420646e-02 9.330681869733971345e-02 5.162814004003488111e-02 5.568804969317035780e-02
5.000000000000000000e-01 8.824772141477486842e-02 9.314935041460875587e-02 5.186247864521921491e-02 5.589777338625046693e-02
5.250000000000000222e-01 8.805912185465623876e-02 9.298734099617253501e-02 5.210476025058022320e-02 5.611460270638707337e-02
5.500000000000000444e-01 8.786576275964780303e-02 9.282126337556652340e-02 5.235442844989082745e-02 5.633803881934618119e-02
5.749999999999999556e-01 8.766820679763782931e-02 9.265160248265839893e-02 5.261091357679852087e-02 5.656757096783584376e-02
5.999999999999999778e-01 8.746702524125499201e-02 9.247885039547146246e-02 5.287363258829892027e-02 5.680267597423522413e-02
6.250000000000000000e-01 8.726279674228164251e-02 9.230350518840788054e-02 5.314199081988593698e-02 5.704282016778764591e-02
6.500000000000000222e-01 8.705610407021660557e-02 9.212606799808595315e-02 5.341538300224736580e-02 5.728746002654837299e-02
6.750000000000000444e-01 8.684753431841414628e-02 9.194704323062563578e-02 5.369319591808945774e-02 5.753604524955153315e-02
6.999999999999999556e-01 8.663767599952891529e-02 9.176693657164988749e-02 5.397480985118017355e-02 5.778801883697414626e-02
7.249999999999999778e-01 8.642711398796736055e-02 9.158624956127252303e-02 5.425959800202045241e-02 5.804281751297727526e-02
7.500000000000000000e-01 8.621643267917333819e-02 9.140548315309982019e-02 5.454693110874037770e-02 5.829987614127375012e-02
7.750000000000000222e-01 8.600621076136705234e-02 9.122513315710661930e-02 5.483617789260916003e-02 5.855862709705698249e-02
8.000000000000000444e-01 8.579702138834137404e-02 9.104569009910337685e-02 5.512670704001431526e-02 5.881850353832289435e-02
8.249999999999999556e-01 8.558942596028680516e-02 9.086763460563550276e-02 5.541788893973823710e-02 5.907893796402550329e-02
8.499999999999999778e-01 8.538396792621928688e-02 9.069142941506841415e-02 5.570908999481653801e-02 5.933936030168802250e-02
8.750000000000000000e-01 8.518118812762916214e-02 9.051753592370608004e-02 5.599968638871020976e-02 5.959921093307003759e-02
9.000000000000000222e-01 8.498161081381044868e-02 9.034640156288151203e-02 5.628906160440651230e-02 5.985793497595499196e-02
9.250000000000001554e-01 8.478574290370109734e-02 9.017845809748499530e-02 5.657660448665682157e-02 6.011498287053344824e-02
9.499999999999999556e-01 8.459407171526400759e-02 9.001412003533597328e-02 5.686171259696059382e-02 6.036981275405877562e-02
9.749999999999999778e-01 8.440706398267643074e-02 8.985378383744636877e-02 5.714379355794827614e-02 6.062189182450478109e-02
1.000000000000000000e+00 8.422516385404972550e-02 8.969782604780743296e-02 5.742226596513772680e-02 6.087069747173980833e-02
1.024999999999999911e+00 8.404879430684673858e-02 8.954660511731041272e-02 5.769656263728798612e-02 6.111572015702855520e-02
1.050000000000000044e+00 8.387835187584910535e-02 8.940045657865378081e-02 5.796612983026022681e-02 6.135646178177025373e-02
1.074999999999999956e+00 8.371420425271133836e-02 8.925969045660749057e-02 5.823042743090849765e-02 6.159243672484984722e-02
1.100000000000000089e+00 8.355669320132548539e-02 8.912459426010395369e-02 5.848893304680641281e-02 6.182317657384272386e-02
1.125000000000000000e+00 8.340613584364009458e-02 8.899543511476575020e-02 5.874114524846840713e-02 6.204823158772117264e-02
1.149999999999999911e+00 8.326281637079512021e-02 8.887245139280150474e-02 5.898657956439588151e-02 6.226716668949250355e-02
1.175000000000000044e+00 8.312698692990380667e-02 8.875585350708885268e-02 5.922477076722617445e-02 6.247956460880765145e-02
1.199999999999999956e+00 8.299886710549198021e-02 8.864582361207293260e-02 5.945527340016824175e-02 6.268502617368811036e-02
1.225000000000000089e+00 8.287864645299172772e-02 8.854251832635014197e-02 5.967766589658773935e-02 6.288317448772964835e-02
1.250000000000000000e+00 8.276648270360752180e-02 8.844606715446617917e-02 5.989155073056964124e-02 6.307365435216073790e-02
1.274999999999999911e+00 8.266250009225213635e-02 8.835657082824455166e-02 6.009655369359064025e-02 6.325613145953606908e-02
1.300000000000000044e+00 8.256678800767394688e-02 8.827409990794982120e-02 6.029232413773304849e-02 6.343029319469038751e-02
1.324999999999999956e+00 8.247940428401800972e-02 8.819869819929382349e-02 6.047853862365611122e-02 6.359585218250843330e-02
1.350000000000000089e+00 8.240037403133429472e-02 8.813038165782456634e-02 6.065490015402116158e-02 6.375254480044942329e-02
1.375000000000000000e+00 8.232968945596734478e-02 8.806913814404586371e-02 6.082113865151183435e-02 6.390013226797247592e-02
1.399999999999999911e+00 8.226731255571180512e-02 8.801493017154306264e-02 6.097701374541646818e-02 6.403840321268429447e-02
1.425000000000000044e+00 8.221317133851403780e-02 8.796769096719667114e-02 6.112231206804071004e-02 6.416716974431589671e-02
1.449999999999999956e+00 8.216715716384333235e-02 8.792732167544065058e-02 6.125684521697829371e-02 6.428626735730476327e-02
1.475000000000000089e+00 8.212913708672955893e-02 8.789370390723888482e-02 6.138045880004421723e-02 6.439556318021850967e-02
1.500000000000000000e+00 8.209894542332236977e-02 8.786669086325782363e-02 6.149302604553493617e-02 6.449494847857044355e-02
1.524999999999999911e+00 8.207639039588675300e-02 8.784611433456979146e-02 6.159445158678858445e-02 6.458434462760451189e-02
1.550000000000000044e+00 8.206125958907230233e-02 8.783178965094799728e-02 6.168467625699472490e-02 6.466370542770051577e-02
1.574999999999999956e+00 8.205330769880099517e-02 8.782350314177032879e-02 6.176366645642456660e-02 6.473300749863329651e-02
1.600000000000000089e+00 8.205227076964281829e-02 8.782102679035268256e-02 6.183142405342816061e-02 6.479226093422027488e-02
1.625000000000000000e+00 8.205786131605907752e-02 8.782411220631401727e-02 6.188798190903573027e-02 6.484150288638577952e-02
1.649999999999999911e+00 8.206976181423383809e-02 8.783248427852494156e-02 6.193339739599829780e-02 6.488079244056228767e-02
1.675000000000000044e+00 8.208763529169689488e-02 8.784585201852916636e-02 6.196775959275356571e-02 6.491021810158674465e-02
1.699999999999999956e+00 8.211113090630849098e-02 8.786391361207361583e-02 6.199119184028741708e-02 6.492989963543767395e-02
1.725000000000000311e+00 8.213987982915833819e-02 8.788635151446642924e-02 6.200384699647244063e-02 6.493998305058704124e-02
1.750000000000000000e+00 8.217349427531499273e-02 8.791283198029753443e-02 6.200590519981775961e-02 6.494063911250963494e-02
1.774999999999999911e+00 8.221158038084412645e-02 8.794301766511775087e-02 6.199758175774910257e-02 6.493207098986837622e-02
1.800000000000000044e+00 8.225373178034398047e-02 8.797655993015722486e-02 6.197912045499919670e-02 6.491450707122729813e-02
1.824999999999999956e+00 8.229953004539010408e-02 8.801310013284859013e-02 6.195079204369108999e-02 6.488820011072791993e-02
1.850000000000000311e+00 8.234855453610062659e-02 8.805227876654268815e-02 6.191289968551489525e-02 6.485343242624100335e-02
1.875000000000000000e+00 8.240037907520690597e-02 8.809373164867262407e-02 6.186577403239919282e-02 6.481051094353398878e-02
1.899999999999999911e+00 8.245457729466608432e-02 8.813709535115561711e-02 6.180977510338279968e-02 6.475976922897373755e-02
1.925000000000000044e+00 8.251072209697640769e-02 8.818200578760944375e-02 6.174528966464135071e-02 6.470156480227706730e-02
1.949999999999999956e+00 8.256838662097089332e-02 8.822809936003864206e-02 6.167272974950795822e-02 6.463627775998782854e-02
1.975000000000000089e+00 8.262714850339307471e-02 8.827501674909171703e-02 6.159253306680673168e-02 6.456431123297506902e-02
2.000000000000000000e+00 8.268659049382250104e-02 8.832240322534211374e-02 6.150516131084260429e-02 6.448608974546950201e-02
2.024999999999999911e+00 8.274630371060948120e-02 8.836991170854016642e-02 6.141109995180724784e-02 6.440205907920920625e-02
2.049999999999999822e+00 8.280588722441453720e-02 8.841720162954477824e-02 6.131085547205009090e-02 6.431268363431037749e-02
2.075000000000000178e+00 8.286494854664207266e-02 8.846393975007166288e-02 6.120495303790888381e-02 6.421844406489581047e-02
2.100000000000000089e+00 8.292311123873297163e-02 8.850980744474974682e-02 6.109393950603321521e-02 6.411984043219606799e-02
2.125000000000000000e+00 8.298001344090269460e-02 8.855449844590175534e-02 6.097837984198566791e-02 6.401738881113913648e-02
2.149999999999999911e+00 8.303530829208825847e-02 8.859771939731862778e-02 6.085885483732524082e-02 6.391161901909470089e-02
2.174999999999999822e+00 8.308866520547862622e-02 8.863919058948586949e-02 6.073595896489677320e-02 6.380307265181960064e-02
2.200000000000000178e+00 8.313977033691623275e-02 8.867864665985858430e-02 6.061029883667103796e-02 6.369230149518194384e-02
2.225000000000000089e+00 8.318833376849261996e-02 8.871584356473065369e-02 6.048249542536123652e-02 6.357986998276830837e-02
2.250000000000000000e+00 8.323408755005899662e-02 8.875055573885366755e-02 6.035317953569020732e-02 6.346635097196083597e-02
2.274999999999999911e+00 8.327678293332071990e-02 8.878257351068104264e-02 6.022298790759446352e-02 6.335232179051816792e-02
2.299999999999999822e+00 8.331619466869250035e-02 8.881170762701558197e-02 6.009256372948604957e-02 6.323836482088418531e-02
2.325000000000000178e+00 8.335212327148831812e-02 8.883779066880892472e-02 5.996255498668801032e-02 6.312506627154604311e-02
2.350000000000000089e+00 8.338439130587715908e-02 8.886067368879826955e-02 5.983361015131993810e-02 6.301301174890867884e-02
2.375000000000000000e+00 8.341284918196717468e-02 8.888023160472574569e-02 5.970637950180975040e-02 6.290278795742412776e-02
2.399999999999999911e+00 8.343736907336210540e-02 8.889635698720886603e-02 5.958150849456678860e-02 6.279497611081698294e-02
2.424999999999999822e+00 8.345785244014047866e-02 8.890896799563871578e-02 5.945964092210510865e-02 6.269015521302420679e-02
2.450000000000000178e+00 8.347422679072806495e-02 8.891800419599463212e-02 5.934141386582310329e-02 6.258889743816985207e-02
2.475000000000000089e+00 8.348644387089536323e-02 8.892342530247873689e-02 5.922745458677530772e-02 6.249176492545160944e-02
2.500000000000000000e+00 8.349448232282818960e-02 8.892521363706275273e-02 5.911838036906921084e-02 6.239930992160695744e-02
2.524999999999999911e+00 8.349834547945061969e-02 8.892337168934652536e-02 5.901479472805656878e-02 6.231207118103797987e-02
2.549999999999999822e+00 8.349806171846423097e-02 8.891792293422119686e-02 5.891728613938772285e-02 6.223057278357260746e-02
2.575000000000000178e+00 8.349368691073535964e-02 8.890891376596204987e-02 5.882642739920477398e-02 6.215532383151027573e-02
2.600000000000000089e+00 8.348529752847101693e-02 8.889640676068610858e-02 5.874276950597664970e-02 6.208681237373253614e-02
2.625000000000000000e+00 8.347299606991982757e-02 8.888048654824956540e-02 5.866684389261454802e-02 6.202550789027746342e-02
2.649999999999999911e+00 8.345690785616825813e-02 8.886125594360672064e-02 5.859915828582182989e-02 6.197185732989804463e-02
2.674999999999999822e+00 8.343717713030295025e-02 8.883883259509493813e-02 5.854019314560586495e-02 6.192628166168755860e-02
2.700000000000000178e+00 8.341396970044916148e-02 8.881335170903296994e-02 5.849040231905396070e-02 6.188917678069427025e-02
2.725000000000000089e+00 8.338747148064695747e-02 8.878496462088394936e-02 5.845021069077144943e-02 6.186091132486217642e-02
2.750000000000000000e+00 8.335788798443531655e-02 8.875383834332570276e-02 5.842001283106575821e-02 6.184182547835657268e-02
2.774999999999999911e+00 8.332543846436146762e-02 8.872014960348414969e-02 5.840016869970442170e-02 6.183222668418362350e-02
2.799999999999999822e+00 8.329035435213552607e-02 8.868408387549098215e-02 5.839100158014400022e-02 6.183238789338502822e-02
2.825000000000000178e+00 8.325288226664498414e-02 8.864583850879534377e-02 5.839279992943018083e-02 6.184254964455332404e-02
2.850000000000000089e+00 8.321328002334303642e-02 8.860561857309523504e-02 5.840581445182169151e-02 6.186291702306304791e-02
2.875000000000000000e+00 8.317181329008958846e-02 8.856363403749135943e-02 5.843025545973508372e-02 6.189365736063299345e-02
2.899999999999999911e+00 8.312875684349854688e-02 8.852010113959496440e-02 5.846629373232178906e-02 6.193490116694348041e-02
2.924999999999999822e+00 8.308438923453698166e-02 8.847523712706398258e-02 5.851405719235697883e-02 6.198673880455085605e-02
2.950000000000000178e+00 8.303899194511768500e-02 8.842925988901023659e-02 5.857363084691461635e-02 6.204922072466454580e-02
2.975000000000000089e+00 8.299284868057775488e-02 8.838238748724061566e-02 5.864505657694103063e-02 6.212235738269090285e-02
3.000000000000000000e+00 8.294624456880063390e-02 8.833483758493106131e-02 5.872833336045537450e-02 6.220611952887723090e-02
3.024999999999999911e+00 8.289946231881872851e-02 8.828682374495219753e-02 5.882341581466122432e-02 6.230043665468175396e-02
3.049999999999999822e+00 8.285277938829732625e-02 8.823855299938941632e-02 5.893021342300164972e-02 6.240519640493438075e-02
3.075000000000000178e+00 8.280646518041470672e-02 8.819022318719668685e-02 5.904858922830725360e-02 6.252024313389542565e-02
3.100000000000000089e+00 8.276077664360809161e-02 8.814201893762985129e-02 5.917835846916937731e-02 6.264537676674261646e-02
3.125000000000000000e+00 8.271595790066635367e-02 8.809411175066836353e-02 5.931928970378194665e-02 6.278035407619490804e-02
3.149999999999999911e+00 8.267224378335427670e-02 8.804666432701707679e-02 5.947110880371840602e-02 6.292489356412407642e-02
3.174999999999999822e+00 8.262985803670944152e-02 8.799982780625657808e-02 5.963349963681040949e-02 6.307867381712298216e-02
3.200000000000000178e+00 8.258899243994365091e-02 8.795372170208833051e-02 5.980609126621104499e-02 6.324132188160723478e-02
3.225000000000000089e+00 8.254982316067915882e-02 8.790845174581410348e-02 5.998847149622928143e-02 6.341242868590216131e-02
3.250000000000000000e+00 8.251250748863828144e-02 8.786410556427950991e-02 6.018018679648703961e-02 6.359154630958148424e-02
3.274999999999999911e+00 8.247717722178928013e-02 8.782074703074467525e-02 6.038073946871334863e-02 6.377818648614669295e-02
3.299999999999999822e+00 8.244394099162687117e-02 8.777841889529093555e-02 6.058959203224343476e-02 6.397182477027191227e-02
3.325000000000000178e+00 8.241288091003934335e-02 8.773713955622476635e-02 6.080616678981406314e-02 6.417189969298074670e-02
3.350000000000000089e+00 8.238404946082945879e-02 8.769690032959487347e-02 6.102984605775475108e-02 6.437781311697665654e-02
3.375000000000000444e+00 8.235746890575816603e-02 8.765766538812749809e-02 6.125997417550485546e-02 6.458893260602430186e-02
3.399999999999999911e+00 8.233313302116647414e-02 8.761937366376673642e-02 6.149586140545048457e-02 6.480459487250966877e-02
3.424999999999999822e+00 8.231100223226128776e-02 8.758193412017727109e-02 6.173678300390701701e-02 6.502410451543967629e-02
3.450000000000000622e+00 8.229100302432956759e-02 8.754522567102530906e-02 6.198198120018461044e-02 6.524673639286314442e-02
3.475000000000000533e+00 8.227302710753332804e-02 8.750909646034403522e-02 6.223066715481547634e-02 6.547173712639488274e-02
3.500000000000000000e+00 8.225693073487676255e-02 8.747336361938644334e-02 6.248202277896738183e-02 6.569832727223882951e-02
3.524999999999999911e+00 8.224253766989517156e-02 8.743781645064531427e-02 6.273520532576695730e-02 6.592570560687828485e-02
3.549999999999999822e+00 8.222963672688911319e-02 8.740221396358435757e-02 6.298934850727487544e-02 6.615304966243243379e-02
3.575000000000000622e+00 8.221798104696774467e-02 8.736628457785937385e-02 6.324356387148058478e-02 6.637951761899157921e-02
3.600000000000000089e+00 8.220729076215470277e-02 8.732972882188508312e-02 6.349694541127492986e-02 6.660425231025966786e-02
3.625000000000000000e+00 8.219724997328936578e-02 8.729221643002635367e-02 6.374856964417234539e-02 6.682638116686133445e-02
3.649999999999999911e+00 8.218750823700406161e-02 8.725338796302178901e-02 6.399749871653327704e-02 6.704501919440217228e-02
3.674999999999999822e+00 8.217767824733687720e-02 8.721285255712649120e-02 6.424278096586558129e-02 6.725926937442645859e-02
3.700000000000000622e+00 8.216734133003177065e-02 8.717019360104072412e-02 6.448345685385845072e-02 6.746822870169996711e-02
3.725000000000000089e+00 8.215604851075916648e-02 8.712496967769380041e-02 6.471856182657519108e-02 6.767099030685591599e-02
3.750000000000000000e+00 8.214331845718361724e-02 8.707671251406010060e-02 6.494712634628788117e-02 6.786664347431693722e-02
3.774999999999999911e+00 8.212863905380125840e-02 8.702492853355034419e-02 6.516817904371964565e-02 6.805427661732094125e-02
3.799999999999999822e+00 8.211146962962161122e-02 8.696910097760111868e-02 6.538074993920438283e-02 6.823298028658963954e-02
3.825000000000000178e+00 8.209124465866812770e-02 8.690869354817111481e-02 6.558387494442656507e-02 6.840185134074155959e-02
3.850000000000000089e+00 8.206737192633550837e-02 8.684314840645780686e-02 6.577659553316321517e-02 6.855999238108012594e-02
3.875000000000000000e+00 8.203923585409179930e-02 8.677188932584403713e-02 6.595796238012813228e-02 6.870651518218651166e-02
3.899999999999999911e+00 8.200619842966200279e-02 8.669432238265979696e-02 6.612703753920048944e-02 6.884054257003401067e-02
3.924999999999999822e+00 8.196760342193686044e-02 8.660983995486752629e-02 6.628289825653758960e-02 6.896121199383456468e-02
3.950000000000000178e+00 8.192277738783387830e-02 8.651782144373489081e-02 6.642463861727293528e-02 6.906767686303373621e-02
3.975000000000000089e+00 8.187103436382721366e-02 8.641763763672101473e-02 6.655137400497342093e-02 6.915911070642757896e-02
4.000000000000000000e+00 8.181167540848315045e-02 8.630865026872124035e-02 6.666224114278594681e-02 6.923470730021806518e-02
4.025000000000000355e+00 8.174399093901835167e-02 8.619021352379983847e-02 6.675640052638975863e-02 6.929368233015716083e-02
4.049999999999999822e+00 8.166726602943606694e-02 8.606167920360975609e-02 6.683304089699985961e-02 6.933527785331262960e-02
4.075000000000000178e+00 8.158078097511323179e-02 8.592239699632650551e-02 6.689137938179086362e-02 6.935876231225623911e-02
4.099999999999999645e+00 8.148381438596527526e-02 8.577171730896024360e-02 6.693066443414093236e-02 6.936343331027838843e-02
4.125000000000000000e+00 8.137564476814049264e-02 8.560899193120402595e-02 6.695017696546194663e-02 6.934861801745437204e-02
4.150000000000000355e+00 8.125555725467213664e-02 8.543358056227941255e-02 6.694923525827681243e-02 6.931367804102218921e-02
4.174999999999999822e+00 8.112284280274006942e-02 8.524485017911490048e-02 6.692719408348302146e-02 6.925800905768118854e-02
4.200000000000000178e+00 8.097680163514156537e-02 8.504217746317517534e-02 6.688344714121396972e-02 6.918104237247668653e-02
4.224999999999999645e+00 8.081674592281484770e-02 8.482495101176933117e-02 6.681742853283312300e-02 6.908224615720341688e-02
4.250000000000000000e+00 8.064200284925726603e-02 8.459257482777710058e-02 6.672861452771926272e-02 6.896112806998751232e-02
4.275000000000000355e+00 8.045191481000793510e-02 8.434446718601656956e-02 6.661652346510306411e-02 6.881723386636792728e-02
4.299999999999999822e+00 8.024584935876656611e-02 8.408006831834456685e-02 6.648072258658986600e-02 6.865015193883451661e-02
4.325000000000000178e+00 8.002320335108105420e-02 8.379884843053513055e-02 6.632083073168996978e-02 6.845952102761231062e-02
4.349999999999999645e+00 7.978339017255164922e-02 8.350029584713150599e-02 6.613650645548294071e-02 6.824501986522354957e-02
4.375000000000000000e+00 7.952584442512253271e-02 8.318391429129086412e-02 6.592745160262786230e-02 6.800636210538323068e-02
4.400000000000000355e+00 7.925003954110816651e-02 8.284924215555174165e-02 6.569342427029817300e-02 6.774331175516626335e-02
4.424999999999999822e+00 7.895548293424241304e-02 8.249585214235262420e-02 6.543423335630652038e-02 6.745568336764448669e-02
4.450000000000000178e+00 7.864171502577688155e-02 8.212334684746597224e-02 6.514973714801237936e-02 6.714333700540291161e-02
4.474999999999999645e+00 7.830831389947230659e-02 8.173136246102465086e-02 6.483984567137061894e-02 6.680617975645025686e-02
4.500000000000000000e+00 7.795489822935616764e-02 8.131957230184820584e-02 6.450452187166000328e-02 6.644416778401865398e-02
4.525000000000000355e+00 7.758112565768773838e-02 8.088768731418330415e-02 6.414377872767788868e-02 6.605730647007476697e-02
4.549999999999999822e+00 7.718669205012892998e-02 8.043545253623990421e-02 6.375767755434851025e-02 6.564564576856331268e-02
4.575000000000000178e+00 7.677133913764734585e-02 7.996265277536264426e-02 6.334633301636594105e-02 6.520928308393365846e-02
4.599999999999999645e+00 7.633485501304961007e-02 7.946911784718219129e-02 6.290991214840792323e-02 6.474836799512029284e-02
4.625000000000000000e+00 7.587707000797146162e-02 7.895471673726668638e-02 6.244862960934155494e-02 6.426309598160670489e-02
4.650000000000000355e+00 7.539786256198591219e-02 7.841936014677572397e-02 6.196275140269155712e-02 6.375370844483430055e-02
4.674999999999999822e+00 7.489716127372368637e-02 7.786300570076505612e-02 6.145259464680819655e-02 6.322049634878067204e-02
4.700000000000000178e+00 7.437494013368661783e-02 7.728565599813343179e-02 6.091852233019790647e-02 6.266379818723050166e-02
4.724999999999999645e+00 7.383121839954591425e-02 7.668735410026257526e-02 6.036094286090170485e-02 6.208399483462052892e-02
4.750000000000000000e+00 7.326606569748028708e-02 7.606818785675709127e-02 5.978031215711264446e-02 6.148151105242560116e-02
4.775000000000000355e+00 7.267960059146735818e-02 7.542829245623153267e-02 5.917713120060792004e-02 6.085681737872383756e-02
4.799999999999999822e+00 7.207198923077107189e-02 7.476784780888871829e-02 5.855194408900625536e-02 6.021042686973176322e-02
4.825000000000000178e+00 7.144344514854644723e-02 7.408707774675939162e-02 5.790533630086245470e-02 5.954289302251594695e-02
4.849999999999999645e+00 7.079423032574008734e-02 7.338625196976315823e-02 5.723793451446648750e-02 5.885481048007321775e-02
4.875000000000000000e+00 7.012465243429905071e-02 7.266568525095447317e-02 5.655040356183356487e-02 5.814681401480691764e-02
4.900000000000000355e+00 6.943506288097620049e-02 7.192573059676560243e-02 5.584344299105973436e-02 5.741957009186821059e-02
4.924999999999999822e+00 6.872586158319844707e-02 7.116678865929071396e-02 5.511779015072610505e-02 5.667378486532601706e-02
4.950000000000000178e+00 6.799748764929108846e-02 7.038930097901009708e-02 5.437421166197619476e-02 5.591019824561498097e-02
4.974999999999999645e+00 6.725042419716897868e-02 6.959374349981024832e-02 5.361350674979171310e-02 5.512957510819680579e-02
5.000000000000000000e+00 6.648520037327997068e-02 6.878064448235775286e-02 5.283650747515601653e-02 5.433272270662427988e-02
5.025000000000000355e+00 6.570237317147739620e-02 6.795056134655809432e-02 5.204406302785141020e-02 5.352046937210403615e-02
5.049999999999999822e+00 6.490253770537160460e-02 6.710408014698525381e-02 5.123704755563502494e-02 5.269366085298804459e-02
5.075000000000000178e+00 6.408632685082159275e-02 6.624182773759089427e-02 5.041635880861922853e-02 5.185317216011045560e-02
5.099999999999999645e+00 6.325440652106355255e-02 6.536446388317224132e-02 4.958291352859991313e-02 5.099989981077089618e-02
5.125000000000000000e+00 6.240747332121004964e-02 6.447267905227234419e-02 4.873764500390099369e-02 5.013475897205909443e-02
5.150000000000000355e+00 6.154625213450519439e-02 6.356719071622501938e-02 4.788150089227313083e-02 4.925867984414724482e-02
5.174999999999999822e+00 6.067149557819599692e-02 6.264874429974395809e-02 4.701544143140759524e-02 4.837260780943636318e-02
5.200000000000000178e+00 5.978397995124833803e-02 6.171810911808067734e-02 4.614043578426167691e-02 4.747749936596929593e-02
5.224999999999999645e+00 5.888450375893192895e-02 6.077607687346977400e-02 4.525746034894052167e-02 4.657432022121585358e-02
5.250000000000000000e+00 5.797388458450305343e-02 5.982345993241040827e-02 4.436749599121758009e-02 4.566404397305436069e-02
5.275000000000000355e+00 5.705295564650893908e-02 5.886108703714811735e-02 4.347152469841489286e-02 4.474764774256616978e-02
5.299999999999999822e+00 5.612256517619164387e-02 5.788980016547069785e-02 4.257052894156192896e-02 4.382610895197654177e-02
5.325000000000000178e+00 5.518357570341257679e-02 5.691045647157032955e-02 4.166549021320262863e-02 4.290040645818728182e-02
5.349999999999999645e+00 5.423685663460578454e-02 5.592392211765714188e-02 4.075738280594444485e-02 4.197151527957591888e-02
5.375000000000000000e+00 5.328328677220314780e-02 5.493107204007550981e-02 3.984717613199056235e-02 4.104040623053083203e-02
5.400000000000000355e+00 5.232374999471430671e-02 5.393278737931157807e-02 3.893583060794865436e-02 4.010804345577872326e-02
5.424999999999999822e+00 5.135913166344497488e-02 5.292995149689212059e-02 3.802429432317069175e-02 3.917538060654644771e-02
5.450000000000000178e+00 5.039031640438998427e-02 5.192344833340183791e-02 3.711350134548465490e-02 3.824335957488401300e-02
5.474999999999999645e+00 4.941818815987140956e-02 5.091415927859530705e-02 3.620437166554710262e-02 3.731290733037460200e-02
5.500000000000000000e+00 4.844362723748929511e-02 4.990296478133506020e-02 3.529780844326624312e-02 3.638493735300069032e-02
5.525000000000000355e+00 4.746750673950823896e-02 4.889073791799880553e-02 3.439469543888436925e-02 3.546034432755281601e-02
5.549999999999999822e+00 4.649069408026216405e-02 4.787834442158829529e-02 3.349589755139390640e-02 3.454000337059778825e-02
5.575000000000000178e+00 4.551404595071326109e-02 4.686664297734246393e-02 3.260225689021693102e-02 3.362477080985010885e-02
5.599999999999999645e+00 4.453840462887176388e-02 4.585647737852337896e-02 3.171459006037498363e-02 3.271547746889506142e-02
5.625000000000000000e+00 4.356459939588553515e-02 4.484867706171749568e-02 3.083368898880375908e-02 3.181292887734551295e-02
5.650000000000000355e+00 4.259344440583799629e-02 4.384405788286084571e-02 2.996031915762908601e-02 3.091790600328869765e-02
5.674999999999999822e+00 4.162573838103154900e-02 4.284341839206930180e-02 2.909521974113488466e-02 3.003116209593412189e-02
5.700000000000000178e+00 4.066226170403725027e-02 4.184754121022980083e-02 2.823910058993468752e-02 2.915342377477213309e-02
5.724999999999999645e+00 3.970377309255791048e-02 4.085718668599271769e-02 2.739264034230858708e-02 2.828538606524784102e-02
5.750000000000000000e+00 3.875101151765536489e-02 3.987309519839461747e-02 2.655648781591533544e-02 2.742771415120382958e-02
5.775000000000000355e+00 3.780469055303772863e-02 3.889598198207522978e-02 2.573125743011012156e-02 2.658103937705177250e-02
5.799999999999999822e+00 3.686550512146118119e-02 3.792654074463193414e-02 2.491753479353809794e-02 2.574596186334058082e-02
5.825000000000000178e+00 3.593412362917687564e-02 3.696544216326147492e-02 2.411587035783300734e-02 2.492304972158868037e-02
5.849999999999999645e+00 3.501118865562311000e-02 3.601332911476136378e-02 2.332678054353544070e-02 2.411283537926343229e-02
5.875000000000000000e+00 3.409731772147432671e-02 3.507081947527002086e-02 2.255074807155129507e-02 2.331581778126019452e-02
5.900000000000000355e+00 3.319310022362430279e-02 3.413850265280207047e-02 2.178822007558127785e-02 2.253245986070331192e-02
5.924999999999999822e+00 3.229909936647483437e-02 3.321694154775378660e-02 2.103960983591810635e-02 2.176319036649640437e-02
5.950000000000000178e+00 3.141584932435168703e-02 3.230666990762896817e-02 2.030529463031537432e-02 2.100840200933032711e-02
5.974999999999999645e+00 3.054385666415437850e-02 3.140819244914143382e-02 1.958561732155083418e-02 2.026845158567892186e-02
6.000000000000000000e+00 2.968359906282893798e-02 3.052198596976055459e-02 1.888088568757390062e-02 1.954366151495748327e-02
6.025000000000000355e+00 2.883552644423227618e-02 2.964849801889180708e-02 1.819137360998601682e-02 1.883431895698169795e-02
6.049999999999999822e+00 2.800005864126895935e-02 2.878814662580162290e-02 1.751731949509286249e-02 1.814067585953996198e-02
6.075000000000000178e+00 2.717758467609268300e-02 2.794131957854087064e-02 1.685892656175994389e-02 1.746294913072712202e-02
6.099999999999999645e+00 2.636846538652586405e-02 2.710837439656334572e-02 1.621636533949881442e-02 1.680132098128873583e-02
6.125000000000000000e+00 2.557303285848049057e-02 2.628963976865036564e-02 1.558977332606203969e-02 1.615594028503095775e-02
6.150000000000000355e+00 2.479158937072978297e-02 2.548541494956647890e-02 1.497925501051523660e-02 1.552692280252238217e-02
6.174999999999999822e+00 2.402440737864133813e-02 2.469596909697229295e-02 1.438488252674569208e-02 1.491435128429590556e-02
6.200000000000000178e+00 2.327173106994502236e-02 2.392154192982015593e-02 1.380669736509503552e-02 1.431827654269058128e-02
6.224999999999999645e+00 2.253377682615723826e-02 2.316234613278977603e-02 1.324471118156260625e-02 1.373871979862920090e-02
6.250000000000000000e+00 2.181073168097926590e-02 2.241856491719470754e-02 1.269890568410616573e-02 1.317567168887901971e-02
6.275000000000000355e+00 2.110275524517537041e-02 2.169035264092885121e-02 1.216923459557259050e-02 1.262909322067920503e-02
6.299999999999999822e+00 2.040998052125411744e-02 2.097783720236809021e-02 1.165562492432172491e-02 1.209891831783424174e-02
6.325000000000000178e+00 1.973251401036207886e-02 2.028112010544563110e-02 1.115797774045679258e-02 1.158505456454767164e-02
6.349999999999999645e+00 1.907043569044051395e-02 1.960027671555414353e-02 1.067616907855430640e-02 1.108738424118289184e-02
6.375000000000000000e+00 1.842379979433217754e-02 1.893535584091240315e-02 1.021005126009125706e-02 1.060576474541320702e-02
6.400000000000000355e+00 1.779263635153749759e-02 1.828638145020871492e-02 9.759454717358142378e-03 1.014003050331268620e-02
6.424999999999999822e+00 1.717695170357573867e-02 1.765335440013853299e-02 9.324189149666921306e-03 9.689995064056872512e-03
6.450000000000000178e+00 1.657672869470944166e-02 1.703625182012660430e-02 8.904044469278681734e-03 9.255451471255110932e-03
6.474999999999999645e+00 1.599192796490303201e-02 1.643502824133316956e-02 8.498792458251957019e-03 8.836173757215182167e-03
6.500000000000000000e+00 1.542248888819078290e-02 1.584961688684264139e-02 8.108188241882995084e-03 8.431918655326182260e-03
6.525000000000000355e+00 1.486833038137165899e-02 1.527993039959740611e-02 7.731971615597995132e-03 8.042426875559460092e-03
6.549999999999999822e+00 1.432935174195522528e-02 1.472586174456791061e-02 7.369868300050999577e-03 7.667424486222887414e-03
6.575000000000000178e+00 1.380543377904132341e-02 1.418728520168006935e-02 7.021591454013688394e-03 7.306624275340474657e-03
6.599999999999999645e+00 1.329643963022244212e-02 1.366405734961959398e-02 6.686843024671491886e-03 6.959727184611638230e-03
6.625000000000000000e+00 1.280221592457475750e-02 1.315601810313309084e-02 6.365315060729803860e-03 6.626423682663257729e-03
6.650000000000000355e+00 1.232259368232734888e-02 1.266299171669102788e-02 6.056691040318692293e-03 6.306395060932721772e-03
6.674999999999999822e+00 1.185738947682128674e-02 1.218478777437247834e-02 5.760647252520620550e-03 5.999314765615394382e-03
6.700000000000000178e+00 1.140640633594718414e-02 1.172120235195921872e-02 5.476853879406242548e-03 5.704849701465100099e-03
6.724999999999999645e+00 1.096943447562830423e-02 1.127201879778916109e-02 5.204976199231449961e-03 5.422661387548256134e-03
6.750000000000000888e+00 1.054625266302098956e-02 1.083700871234047521e-02 4.944675868058429763e-03 5.152407119065844331e-03
6.775000000000001243e+00 1.013662921490439406e-02 1.041593321132672743e-02 4.695611982599125038e-03 4.893741214952989499e-03
6.799999999999999822e+00 9.740322878149382246e-03 1.000854378636772610e-02 4.457442149983570530e-03 4.646316041449079573e-03
6.825000000000001066e+00 9.357083921046291733e-03 9.614583356255963428e-03 4.229823545372157767e-03 4.409783104531263438e-03
6.849999999999999645e+00 8.986654953440455229e-03 9.233787214145522740e-03 4.012413776447992970e-03 4.183794022727243926e-03
6.875000000000000000e+00 8.628771890217825161e-03 8.865883846468226859e-03 3.804871811485365483e-03 3.968001387455778912e-03
6.900000000000001243e+00 8.283164935930672351e-03 8.510595984565617542e-03 3.606858816919199934e-03 3.762059692193479073e-03
6.924999999999999822e+00 7.949559425578994060e-03 8.167641474490961936e-03 3.418038948201056280e-03 3.565626132232017995e-03
6.950000000000001066e+00 7.627676672469450685e-03 7.836734110727836336e-03 3.238080081814025991e-03 3.378361355440528437e-03
6.974999999999999645e+00 7.316699852886335634e-03 7.518119358286358238e-03 3.066344642583264304e-03 3.200239892259382820e-03
7.000000000000000000e+00 7.014934660700828696e-03 7.207823364793482235e-03 2.902114029454138690e-03 3.029200228046883582e-03
7.025000000000001243e+00 6.724302164386940402e-03 6.908971819931298067e-03 2.745912619611009294e-03 2.866483845129573060e-03
7.049999999999999822e+00 6.444496749439093328e-03 6.621251012057517184e-03 2.597416508904898651e-03 2.711758319372328807e-03
7.075000000000001066e+00 6.175213486053134082e-03 6.344347933736624659e-03 2.456309073453261105e-03 2.564698417563917709e-03
7.099999999999999645e+00 5.916148731835452895e-03 6.077950902931773987e-03 2.322281291065634960e-03 2.424986466673726641e-03
7.125000000000000000e+00 5.667000713401010303e-03 5.821750156845391377e-03 2.195032006410001842e-03 2.292312660989458822e-03
7.150000000000001243e+00 5.427470070060697906e-03 5.575438385596434392e-03 2.074268192993692413e-03 2.166375314188563519e-03
7.174999999999999822e+00 5.197260360361514488e-03 5.338711260820669206e-03 1.959705140866549716e-03 2.046881090747525341e-03
7.200000000000000178e+00 4.976078546548317987e-03 5.111267907068148958e-03 1.851066594477950326e-03 1.933545165416524284e-03
7.224999999999999645e+00 4.763635409802013075e-03 4.892811366328451463e-03 1.748084873922769880e-03 1.826091364880309516e-03
7.250000000000000000e+00 4.559645872243674181e-03 4.683048929224793884e-03 1.650500908917981735e-03 1.724252233206912018e-03
7.275000000000001243e+00 4.363829389092412428e-03 4.481692486048325513e-03 1.558064279264892741e-03 1.627769070446633600e-03
7.299999999999999822e+00 4.175910281546045717e-03 4.288458894520524693e-03 1.470533225314276998e-03 1.536391966784169880e-03
7.325000000000000178e+00 3.995617989729976713e-03 4.103070238711940300e-03 1.387674612944098888e-03 1.449879774042706071e-03
7.349999999999999645e+00 3.822687313975516553e-03 3.925254078991296559e-03 1.309263869656877941e-03 1.368000063390209173e-03
7.375000000000000000e+00 3.656858617516493912e-03 3.754743665684769950e-03 1.235084885525625491e-03 1.290529045171981068e-03
7.400000000000001243e+00 3.497877999145031398e-03 3.591278103125503628e-03 1.164929910326470549e-03 1.217251460741674771e-03
7.424999999999999822e+00 3.345497469613321114e-03 3.434602548032228246e-03 1.098599433157955701e-03 1.147960482619647107e-03
7.450000000000000178e+00 3.199475069499375240e-03 3.284468320389393858e-03 1.035902042838022195e-03 1.082457569991139351e-03
7.474999999999999645e+00 3.059574950036042258e-03 3.140632981679180626e-03 9.766542563370169110e-04 1.020552304891800917e-03
7.500000000000000000e+00 2.925567455584485079e-03 3.002860433461723971e-03 9.206803405615242948e-04 9.620622291392365213e-04
7.525000000000000355e+00 2.797229177961749972e-03 2.870920983955152495e-03 8.678121334102201863e-04 9.068126670598412875e-04
7.549999999999999822e+00 2.674342949290227714e-03 2.744591335608314794e-03 8.178888351590412210e-04 8.546365160183889151e-04
7.575000000000000178e+00 2.556697892164122229e-03 2.623654619061670419e-03 7.707568198625197164e-04 8.053740531007929455e-04
7.599999999999999645e+00 2.444089411048968718e-03 2.507900400037320083e-03 7.262694318477839681e-04 7.588727324364821867e-04
7.625000000000000000e+00 2.336319148997085399e-03 2.397124639499550579e-03 6.842867570939056756e-04 7.149869660749075999e-04
7.650000000000000355e+00 2.233194946046877100e-03 2.291129663982503784e-03 6.446754053189998699e-04 6.735779059701875069e-04
7.674999999999999822e+00 2.134530782701911031e-03 2.189724089904462011e-03 6.073082985053432532e-04 6.345132183646381811e-04
7.700000000000000178e+00 2.040146719746844649e-03 2.092722773253479027e-03 5.720644451888348561e-04 5.976668658705780977e-04
7.724999999999999645e+00 1.949868810321608208e-03 1.999946718999103586e-03 5.388287210589031090e-04 5.629188804269088207e-04
7.750000000000000000e+00 1.863529021278790632e-03 1.911222996909821802e-03 5.074916504057007567e-04 5.301551415254726922e-04
7.775000000000000355e+00 1.780965128624736752e-03 1.826384649538691186e-03 4.779491876795087350e-04 4.992671576930960645e-04
7.799999999999999822e+00 1.702020609661823464e-03 1.745270571018170836e-03 4.501025019270468220e-04 4.701518423637205302e-04
7.825000000000000178e+00 1.626544531989956377e-03 1.667725400472281749e-03 4.238577646375930202e-04 4.427112998915200205e-04
7.849999999999999645e+00 1.554391434156466223e-03 1.593599396679899012e-03 3.991259413254322728e-04 4.168526106970786268e-04
7.875000000000000000e+00 1.485421205200418513e-03 1.522748314759077510e-03 3.758225879228556843e-04 3.924876223003739492e-04
7.900000000000000355e+00 1.419498955468699759e-03 1.455033280232738164e-03 3.538676514902060265e-04 3.695327463387662321e-04
7.924999999999999822e+00 1.356494884997870532e-03 1.390320652188871929e-03 3.331852746326001923e-04 3.479087575324197852e-04
7.950000000000000178e+00 1.296284150121817949e-03 1.328481885912338343e-03 3.137036064794859638e-04 3.275405980946154171e-04
7.974999999999999645e+00 1.238746728265932790e-03 1.269393395671444781e-03 2.953546190035500826e-04 3.083571888922609252e-04
8.000000000000000000e+00 1.183767281187695156e-03 1.212936415540001893e-03 2.780739280886029775e-04 2.902912455494646347e-04
8.025000000000000355e+00 1.131235018232091584e-03 1.158996858284007045e-03 2.618006216024980110e-04 2.732791001187518005e-04
8.050000000000000711e+00 1.081043559183769666e-03 1.107465174932788492e-03 2.464770925128123981e-04 2.572605288426853959e-04
8.074999999999999289e+00 1.033090797405539349e-03 1.058236216050771833e-03 2.320488782367221409e-04 2.421785863910150207e-04
8.099999999999999645e+00 9.872787617559661017e-04 1.011209090598020948e-03 2.184645053371099945e-04 2.279794452068874494e-04
8.125000000000000000e+00 9.435134819113861126e-04 9.662870254618226729e-04 2.056753406072163123e-04 2.146122405819173278e-04
8.150000000000000355e+00 9.017048555882824310e-04 9.233772305747971762e-04 1.936354480667787468e-04 2.020289228062498285e-04
8.175000000000000711e+00 8.617665146402531855e-04 8.823907619870203969e-04 1.823014513688407429e-04 1.901841143588522563e-04
8.199999999999999289e+00 8.236156959631003903e-04 8.432423883800499237e-04 1.716324024039423476e-04 1.790349733076070440e-04
8.224999999999999645e+00 7.871731130567910951e-04 8.058504600082186820e-04 1.615896548832485556e-04 1.685410623881922665e-04
8.250000000000000000e+00 7.523628305831817856e-04 7.701367789068416271e-04 1.521367440342467653e-04 1.586642233977171926e-04
8.275000000000000355e+00 7.191121414642366420e-04 7.360264731672824584e-04 1.432392713676077488e-04 1.493684576240300165e-04
8.300000000000000711e+00 6.873514461700290902e-04 7.034478729452290713e-04 1.348647944700760454e-04 1.406198112327133865e-04
8.324999999999999289e+00 6.570141357347487800e-04 6.723323897442703718e-04 1.269827223342483895e-04 1.323862660599886456e-04
8.349999999999999645e+00 6.280364766048815396e-04 6.426143981545626074e-04 1.195642150721878380e-04 1.246376352884230566e-04
8.375000000000000000e+00 6.003574992402881463e-04 6.142311211895025739e-04 1.125820887961476407e-04 1.173454642127467291e-04
8.400000000000000355e+00 5.739188903966138374e-04 5.871225190062894774e-04 1.060107252856676209e-04 1.104829358744110254e-04
8.425000000000000711e+00 5.486648873922648443e-04 5.612311808589754000e-04 9.982598560585544860e-05 1.040247812924318386e-04
8.449999999999999289e+00 5.245421750950414594e-04 5.365022186589194289e-04 9.400512803788707442e-05 9.794719368545701189e-05
8.474999999999999645e+00 5.014997876199166378e-04 5.128831654345206853e-04 8.852673055382771804e-05 9.222774741818846682e-05
8.500000000000000000e+00 4.794890123176525840e-04 4.903238768039576466e-04 8.337061699769521403e-05 8.684532100678475175e-05
8.525000000000000355e+00 4.584632967224238037e-04 4.687764347751571868e-04 7.851778705221662004e-05 8.178002386655968173e-05
8.550000000000000711e+00 4.383781589488049200e-04 4.481950555572348930e-04 7.395034982792268773e-05 7.701312699946975414e-05
8.574999999999999289e+00 4.191911011530147484e-04 4.285360003694346038e-04 6.965146104367573145e-05 7.252699727714853367e-05
8.599999999999999645e+00 4.008615255281810542e-04 4.097574891346509283e-04 6.560526344281818504e-05 6.830503517596461652e-05
8.625000000000000000e+00 3.833506539677182154e-04 3.918196171221645244e-04 6.179683045430062541e-05 6.433161578503635632e-05
8.650000000000000355e+00 3.666214504354665667e-04 3.746842750378442987e-04 5.821211276526870511e-05 6.059203298120034991e-05
8.675000000000000711e+00 3.506385459794548022e-04 3.583150719827624163e-04 5.483788792538313913e-05 5.707244666980658193e-05
8.699999999999999289e+00 3.353681666260116046e-04 3.426772610413477164e-04 5.166171266956506381e-05 5.375983287570126597e-05
8.724999999999999645e+00 3.207780640280195644e-04 3.277376674673140411e-04 4.867187777500742613e-05 5.064193648010355210e-05
8.750000000000000000e+00 3.068374490929428092e-04 3.134646203979813122e-04 4.585736548930387262e-05 4.770722668386853053e-05
8.775000000000000355e+00 2.935169277742628109e-04 2.998278868143914124e-04 4.320780929992179786e-05 4.494485489581721160e-05
8.800000000000000711e+00 2.807884398928710127e-04 2.867986080293487674e-04 4.071345601680905922e-05 4.234461493863293948e-05
8.824999999999999289e+00 2.686251999236469569e-04 2.743492388441053672e-04 3.836512987737970745e-05 3.989690550672302165e-05
8.849999999999999645e+00 2.570016403934686968e-04 2.624534892045136524e-04 3.615419873550788135e-05 3.759269475768898296e-05
8.875000000000000000e+00 2.458933577385234411e-04 2.510862682308488019e-04 3.407254217269319692e-05 3.542348689422189029e-05
8.900000000000000355e+00 2.352770601734458335e-04 2.402236304453106690e-04 3.211252140470628968e-05 3.338129061811335980e-05
8.925000000000000711e+00 2.251305178824109540e-04 2.298427244132255449e-04 3.026695093550190986e-05 3.145858943631139475e-05
8.949999999999999289e+00 2.154325152206171127e-04 2.199217434752647621e-04 2.852907179274638034e-05 2.964831363990432582e-05
8.974999999999999645e+00 2.061628049452159735e-04 2.104398784358946987e-04 2.689252636876881576e-05 2.794381388316766136e-05
9.000000000000000000e+00 1.973020644814535993e-04 2.013772724971771733e-04 2.535133466087266142e-05 2.633883633151907100e-05
9.025000000000000355e+00 1.888318539440480778e-04 1.927149780048730216e-04 2.389987190518932342e-05 2.482749920895688166e-05
9.050000000000000711e+00 1.807345760171516415e-04 1.844349149427225540e-04 2.253284752681363983e-05 2.340427071317554130e-05
9.074999999999999289e+00 1.729934377169794449e-04 1.765198314693229261e-04 2.124528529382551452e-05 2.206394822869428308e-05
9.099999999999999645e+00 1.655924137213250985e-04 1.689532662103373367e-04 2.003250467674502612e-05 2.080163878150068286e-05
9.125000000000000000e+00 1.585162112013689868e-04 1.617195119861287870e-04 1.889010323117642189e-05 1.961274059974428262e-05
9.150000000000000355e+00 1.517502363351175482e-04 1.548035811500848575e-04 1.781394006518442850e-05 1.849292574793349290e-05
9.175000000000000711e+00 1.452805623405571949e-04 1.481911726840693191e-04 1.680012027396685046e-05 1.743812382862709194e-05
9.199999999999999289e+00 1.390938988417374949e-04 1.418686406083321595e-04 1.584498027960392608e-05 1.644450661452807625e-05
9.224999999999999645e+00 1.331775626667534970e-04 1.358229638235233403e-04 1.494507404287230749e-05 1.550847359555588387e-05
9.250000000000000000e+00 1.275194499445381538e-04 1.300417173736963998e-04 1.409716007991209019e-05 1.462663837965333711e-05
9.275000000000000355e+00 1.221080094440333684e-04 1.245130449418189349e-04 1.329818928806815746e-05 1.379581590718412496e-05
9.300000000000000711e+00 1.169322171313781828e-04 1.192256326123744564e-04 1.254529344954041659e-05 1.301301042602444462e-05
9.324999999999999289e+00 1.119815518751332632e-04 1.141686838239037337e-04 1.183577442826666146e-05 1.227540416690469842e-05
9.349999999999999645e+00 1.072459722672710952e-04 1.093318954719706230e-04 1.116709403335924959e-05 1.158034670802275758e-05
9.375000000000000000e+00 1.027158944898451306e-04 1.047054350874786671e-04 1.053686445820470277e-05 1.092534496805102176e-05
9.400000000000000355e+00 9.838217121249017024e-05 1.002799190825402374e-04 9.942839300081740965e-06 1.030805379398569481e-05
9.425000000000000711e+00 9.423607144436359218e-05 9.604639198804206380e-05 9.382905125699216638e-06 9.726267116020611794e-06
9.449999999999999289e+00 9.026926131430814966e-05 9.199630663983904082e-05 8.855073538102411866e-06 9.177909634835961216e-06
9.474999999999999645e+00 8.647378573839227544e-05 8.812150528881586677e-05 8.357473698434540727e-06 8.661029001109601214e-06
9.500000000000000000e+00 8.284205092461514191e-05 8.441420157548305283e-05 7.888345311574684825e-06 8.173788458008700560e-06
9.525000000000000355e+00 7.936680769748217850e-05 8.086696334155460669e-05 7.446032039524516911e-06 7.714459936587597701e-06
9.550000000000000711e+00 7.604113559231760581e-05 7.747269624660831999e-05 7.028975284453128406e-06 7.281417557717413528e-06
9.574999999999999289e+00 7.285842767508703512e-05 7.422462813038456497e-05 6.635708367867373826e-06 6.873131522705571767e-06
9.599999999999999645e+00 6.981237607837781898e-05 7.111629411149572512e-05 6.264851050090563105e-06 6.488162378541285912e-06
9.625000000000000000e+00 6.689695820225491862e-05 6.814152237810406753e-05 5.915104370949041010e-06 6.125155618939750838e-06
9.650000000000000355e+00 6.410642355656670434e-05 6.529442063786673040e-05 5.585245814830935798e-06 5.782836614898137805e-06
9.675000000000000711e+00 6.143528121647591131e-05 6.256936319781460044e-05 5.274124752223936917e-06 5.460005848312214081e-06
9.699999999999999289e+00 5.887828786851026671e-05 5.996097865422446769e-05 4.980658158785355887e-06 5.155534429667798527e-06
9.724999999999999645e+00 5.643043640043599079e-05 5.746413815458940302e-05 4.703826597117374618e-06 4.868359888057596569e-06
9.750000000000000000e+00 5.408694502978802295e-05 5.507394419608804093e-05 4.442670433955556125e-06 4.597482214148033926e-06
9.775000000000000355e+00 5.184324694200727991e-05 5.278571996853284105e-05 4.196286285609812974e-06 4.341960140327309554e-06
9.800000000000000711e+00 4.969498040046640627e-05 5.059499917446379273e-05 3.963823674126412223e-06 4.100907643799748894e-06
9.824999999999999289e+00 4.763797933051680577e-05 4.849751633758234333e-05 3.744481886837968466e-06 3.873490658239630752e-06
9.849999999999999645e+00 4.566826433198462222e-05 4.648919755643133922e-05 3.537507024801470702e-06 3.658923986300357675e-06
9.875000000000000000e+00 4.378203412206535045e-05 4.456615169943552456e-05 3.342189226024561881e-06 3.456468394999896750e-06
9.900000000000000355e+00 4.197565736593423299e-05 4.272466200634926118e-05 3.157860057554870667e-06 3.265427888188840119e-06
9.925000000000000711e+00 4.024566489637890627e-05 4.096117807888124756e-05 2.983890058919903263e-06 3.085147138787793166e-06
9.949999999999999289e+00 3.858874229007886749e-05 3.927230825243626424e-05 2.819686439994993845e-06 2.915009078508716704e-06
9.974999999999999645e+00 3.700172279408734565e-05 3.765481231999206975e-05 2.664690909782550058e-06 2.754432631031930327e-06
1.000000000000000000e+01 3.548158058006459594e-05 3.610559459476913983e-05 2.518377638911992206e-06 2.602870579810457425e-06
1.002500000000000036e+01 3.402542431461394245e-05 3.462169730025580481e-05 2.380251343628871244e-06 2.459807565667540269e-06
1.005000000000000071e+01 3.263049102968727908e-05 3.320029427190644434e-05 2.249845483637166101e-06 2.324758203425028281e-06
1.007499999999999929e+01 3.129414027336412742e-05 3.183868494390548997e-05 2.126720568054739475e-06 2.197265311494291759e-06
1.009999999999999964e+01 3.001384853631383374e-05 3.053428862258323348e-05 2.010462562133923103e-06 2.076898247014962059e-06
1.012500000000000000e+01 2.878720393524318807e-05 2.928463902292942326e-05 1.900681388448424433e-06 1.963251340882787900e-06
1.015000000000000036e+01 2.761190114864871056e-05 2.808737906262671658e-05 1.797009518585850888e-06 1.855942425268989861e-06
1.017500000000000071e+01 2.648573658208772073e-05 2.694025590060986533e-05 1.699100649131438218e-06 1.754611451266050331e-06
1.019999999999999929e+01 2.540660375868253180e-05 2.584111619821569727e-05 1.606628454905681175e-06 1.658919186677156301e-06
1.022499999999999964e+01 2.437248892662386419e-05 2.478790160968349004e-05 1.519285419581816079e-06 1.568545993965170508e-06
1.025000000000000000e+01 2.338146686623683080e-05 2.377864447660307437e-05 1.436781730791969407e-06 1.483190679112826704e-06
1.027500000000000036e+01 2.243169689407169186e-05 2.281146372386439782e-05 1.358844244820625001e-06 1.402569408976411210e-06
1.030000000000000071e+01 2.152141904955478738e-05 2.188456094640380101e-05 1.285215512651556314e-06 1.326414694487507759e-06
1.032499999999999929e+01 2.064895045926426408e-05 2.099621667508866176e-05 1.215652862656956599e-06 1.254474433696673081e-06
1.034999999999999964e+01 1.981268186967683717e-05 2.014478681862356285e-05 1.149927537391429846e-06 1.186511011567021870e-06
1.037500000000000000e+01 1.901107433849539300e-05 1.932869926858946590e-05 1.087823882386835933e-06 1.122300452969983786e-06
1.040000000000000036e+01 1.824265607833765610e-05 1.854645066045381438e-05 1.029138582937008818e-06 1.061631626550720791e-06
1.042500000000000071e+01 1.750601944666525735e-05 1.779660328438335996e-05 9.736799456568783718e-07 1.004305495282849488e-06
1.044999999999999929e+01 1.679981807408637766e-05 1.707778213950994676e-05 9.212672231202760068e-07 9.501344119821639366e-07
1.047499999999999964e+01 1.612276412456732394e-05 1.638867212335047183e-05 8.717299771759317679e-07 8.989414559110466271e-07
1.050000000000000000e+01 1.547362568117764721e-05 1.572801535109414380e-05 8.249074815262869420e-07 8.505598089901872917e-07
1.052500000000000036e+01 1.485122425104464646e-05 1.509460859669061108e-05 7.806481586342199236e-07 8.048321691386560320e-07
1.055000000000000071e+01 1.425443238581059137e-05 1.448730085214341146e-05 7.388090487823839223e-07 7.616101975042698173e-07
1.057499999999999929e+01 1.368217141026179364e-05 1.390499099934544875e-05 6.992553122659054703e-07 7.207539985446447684e-07
1.059999999999999964e+01 1.313340925477756292e-05 1.334662558782313391e-05 6.618597604745401518e-07 6.821316314844335691e-07
1.062500000000000000e+01 1.260715838698499492e-05 1.281119671444639821e-05 6.265024133709556671e-07 6.456186498160131214e-07
1.065000000000000036e+01 1.210247383745857900e-05 1.229774000004763740e-05 5.930700839456565794e-07 6.110976679840194237e-07
1.067500000000000071e+01 1.161845131546068377e-05 1.180533265831026050e-05 5.614559867989072324e-07 5.784579536649588665e-07
1.069999999999999929e+01 1.115422541033677387e-05 1.133309165283607209e-05 5.315593693377198883e-07 5.475950438863189422e-07
1.072499999999999964e+01 1.070896787459660556e-05 1.088017193800619360e-05 5.032851649146349470e-07 5.184103835543735954e-07
1.075000000000000000e+01 1.028188598493797777e-05 1.044576477987593227e-05 4.765436665726350506e-07 4.908109855364971811e-07
1.077500000000000036e+01 9.872220977441604304e-06 1.002909615337498758e-05 4.512502193288699330e-07 4.647091105196324630e-07
1.080000000000000071e+01 9.479246553819132965e-06 9.629425212227384358e-06 4.273249303818149579e-07 4.400219654642560848e-07
1.082499999999999929e+01 9.102267454990085768e-06 9.246042828232391115e-06 4.046923961989559316e-07 4.166714195467786111e-07
1.084999999999999964e+01 8.740618099088411094e-06 8.878270196571163707e-06 3.832814460288880381e-07 3.945837368969826158e-07
1.087500000000000000e+01 8.393661281001701943e-06 8.525457504268114676e-06 3.630249002339895341e-07 3.736893251202446843e-07
1.090000000000000036e+01 8.060786930283865933e-06 8.186982658616914543e-06 3.438593419340158211e-07 3.539224981959477755e-07
1.092500000000000071e+01 7.741410925110502053e-06 7.862250072994610048e-06 3.257249024850690628e-07 3.352212529841416365e-07
1.094999999999999929e+01 7.434973959505339061e-06 7.550689507454257552e-06 3.085650599047783989e-07 3.175270592541847248e-07
1.097499999999999964e+01 7.140940461260168521e-06 7.251754961302854260e-06 2.923264478411447449e-07 3.007846616243206595e-07
1.100000000000000000e+01 6.858797558458403342e-06 6.964923615467371411e-06 2.769586762930090001e-07 2.849418927868220239e-07
1.102500000000000036e+01 6.588054092177369959e-06 6.689694822301683217e-06 2.624141628676017016e-07 2.699494979676310436e-07
1.105000000000000071e+01 6.328239673322058078e-06 6.425589140637698004e-06 2.486479732171872933e-07 2.557609693015386766e-07
1.107499999999999929e+01 6.078903781586740989e-06 6.172147413971833612e-06 2.356176711008459530e-07 2.423323898143625264e-07
1.109999999999999964e+01 5.839614904606290751e-06 5.928929889872040325e-06 2.232831769686347754e-07 2.296222864707070034e-07
1.112500000000000000e+01 5.609959715386539410e-06 5.695515378739574560e-06 2.116066347015106414e-07 2.175914916945790741e-07
1.115000000000000036e+01 5.389542286267294904e-06 5.471500449902939960e-06 2.005522860487472093e-07 2.062030128792502167e-07
1.117500000000000071e+01 5.177983337892822096e-06 5.256498663569664710e-06 1.900863521264668418e-07 1.954219093804675348e-07
1.119999999999999929e+01 4.974919521443321359e-06 5.050139836969068607e-06 1.801769219912195978e-07 1.852151765840982083e-07
1.122499999999999964e+01 4.780002732623540060e-06 4.852069342981316103e-06 1.707938474831984827e-07 1.755516367809735217e-07
1.125000000000000000e+01 4.592899455982922371e-06 4.661947439849514780e-06 1.619086439175735065e-07 1.664018360963769149e-07
1.127500000000000036e+01 4.413290138265345107e-06 4.479448630596138671e-06 1.534943967265263822e-07 1.577379474569583393e-07
1.130000000000000071e+01 4.240868589399878967e-06 4.304261050793836288e-06 1.455256732774780746e-07 1.495336790695015095e-07
1.132499999999999929e+01 4.075341409826923900e-06 4.136085883330178335e-06 1.379784399196392854e-07 1.417641882215035015e-07
1.134999999999999964e+01 3.916427443055102901e-06 3.974636798935896761e-06 1.308299835015057142e-07 1.344059999538554112e-07
1.137500000000000000e+01 3.763857252306836858e-06 3.819639421443640693e-06 1.240588375190962044e-07 1.274369303356196950e-07
1.140000000000000036e+01 3.617372620094891910e-06 3.670830816505222593e-06 1.176447124791609331e-07 1.208360142004636964e-07
1.142500000000000071e+01 3.476726069753679446e-06 3.527959002785075955e-06 1.115684300889624625e-07 1.145834369243487592e-07
1.144999999999999929e+01 3.341680407904102100e-06 3.390782484586290574e-06 1.058118613921619809e-07 1.086604701343635849e-07
1.147499999999999964e+01 3.212008286933427029e-06 3.259069804951743164e-06 1.003578682901631421e-07 1.030494111108960487e-07
1.150000000000000000e+01 3.087491786583203083e-06 3.132599118336681048e-06 9.519024837954914436e-08 9.773352556699307275e-08
1.152500000000000036e+01 2.967922013788087196e-06 3.011157781945003024e-06 9.029368297410682744e-08 9.269699372787325278e-08
1.155000000000000071e+01 2.853098719925005252e-06 2.894541964885266911e-06 8.565368790573772707e-08 8.792485939930732527e-08
1.157499999999999929e+01 2.742829934735575881e-06 2.782556274397526789e-06 8.125656730426175396e-08 8.340298193556355342e-08
1.159999999999999964e+01 2.636931616129770981e-06 2.675013398298478649e-06 7.708937001447271111e-08 7.911799102867696340e-08
1.162500000000000000e+01 2.535227315230019393e-06 2.571733763033803873e-06 7.313984824299007170e-08 7.505724397573178481e-08
1.165000000000000036e+01 2.437547855875140902e-06 2.472545206545748750e-06 6.939641864548271715e-08 7.120878529949502142e-08
1.167500000000000071e+01 2.343731028027094050e-06 2.377282665295405489e-06 6.584812568454424651e-08 6.756130872935881318e-08
1.169999999999999929e+01 2.253621294456363844e-06 2.285787874915759983e-06 6.248460700273096373e-08 6.410412132559610824e-08
1.172499999999999964e+01 2.167069510053514388e-06 2.197909083763594036e-06 5.929606068843526218e-08 6.082710961336800750e-08
1.175000000000000000e+01 2.083932653266556016e-06 2.113500778863491892e-06 5.627321438028353391e-08 5.772070756907688241e-08
1.177500000000000036e+01 2.004073569091880365e-06 2.032423423667468487e-06 5.340729616340944873e-08 5.477586645387413172e-08
1.180000000000000071e+01 1.927360723139501135e-06 1.954543207119348442e-06 5.069000707773133827e-08 5.198402632793505157e-08
1.182499999999999929e+01 1.853667966264110149e-06 1.879731803540071635e-06 4.811349519758206616e-08 4.933708920212813949e-08
1.184999999999999964e+01 1.782874309288939657e-06 1.807866142820787297e-06 4.567033103816248805e-08 4.682739363682159368e-08
1.187500000000000000e+01 1.714863707393234032e-06 1.738828190480811647e-06 4.335348443888384821e-08 4.444769075893391976e-08
1.190000000000000036e+01 1.649524853735751550e-06 1.672504737178760803e-06 4.115630271765868177e-08 4.219112165507315856e-08
1.192500000000000071e+01 1.586750981891866774e-06 1.608787197222479124e-06 3.907249002326874756e-08 4.005119600256770300e-08
1.194999999999999929e+01 1.526439676740551421e-06 1.547571415703727656e-06 3.709608788283316672e-08 3.802177191669437718e-08
1.197499999999999964e+01 1.468492693419694096e-06 1.488757483886221641e-06 3.522145676316946714e-08 3.609703690526314088e-08
1.200000000000000000e+01 1.412815783994582298e-06 1.432249562466923554e-06 3.344325869656214986e-08 3.427148987046514428e-08
1.202500000000000036e+01 1.359318531505842402e-06 1.377955712374856385e-06 3.175644086854681442e-08 3.253992413266056094e-08
1.205000000000000071e+01 1.307914191076194133e-06 1.325787732778897028e-06 3.015622010408392421e-08 3.089741138127647975e-08
1.207499999999999929e+01 1.258519537763263226e-06 1.275661005985482622e-06 2.863806822527698845e-08 2.933928652942815719e-08
1.209999999999999964e+01 1.211054720868215975e-06 1.227494348926775314e-06 2.719769820526442508e-08 2.786113339475046035e-08
1.212500000000000000e+01 1.165443124418943808e-06 1.181209870953747695e-06 2.583105110243742290e-08 2.645877118556017481e-08
1.215000000000000036e+01 1.121611233556303045e-06 1.136732837657612514e-06 2.453428368841693625e-08 2.512824171933441479e-08
1.217500000000000071e+01 1.079488506575928638e-06 1.093991540458495591e-06 2.330375678386329774e-08 2.386579735280024214e-08
1.219999999999999929e+01 1.039007252372249985e-06 1.052917171714956413e-06 2.213602424096220058e-08 2.266788958519542193e-08
1.222499999999999964e+01 1.000102513047800053e-06 1.013443705105022709e-06 2.102782252025450604e-08 2.153115829322996860e-08
1.225000000000000000e+01 9.627119514779973740e-07 9.755077810593716914e-07 1.997606082685326635e-08 2.045242154345794564e-08
1.227500000000000036e+01 9.267757436058676927e-07 9.390485970262315787e-07 1.897781180669783941e-08 1.942866597018550653e-08
1.230000000000000071e+01 8.922364752673690987e-07 9.040078023568119679e-07 1.803030275989879069e-08 1.845703768841622710e-08
1.232499999999999929e+01 8.590390433510489048e-07 8.703293976146854256e-07 1.713090731345656253e-08 1.753483370576655343e-08
1.234999999999999964e+01 8.271305611066881332e-07 8.379596381169191120e-07 1.627713755740762153e-08 1.665949379119073399e-08
1.237500000000000000e+01 7.964602674237230325e-07 8.068469415259062096e-07 1.546663663274921080e-08 1.582859281026956135e-08
1.240000000000000036e+01 7.669794399081035789e-07 7.769417993162659380e-07 1.469717167944866558e-08 1.503983346342848483e-08
1.242500000000000071e+01 7.386413115975253567e-07 7.481966919509238182e-07 1.396662721133681854e-08 1.429103942219093778e-08
1.244999999999999929e+01 7.114009911581983046e-07 7.205660076096572253e-07 1.327299883652095090e-08 1.358014885414344874e-08
1.247499999999999964e+01 6.852153864128618934e-07 6.940059643155144550e-07 1.261438731482924473e-08 1.290520828602127860e-08
1.250000000000000000e+01 6.600431310595103132e-07 6.684745353134571312e-07 1.198899295034928124e-08 1.226436681353453032e-08
1.252500000000000036e+01 6.358445144443383675e-07 6.439313775646361746e-07 1.139511026938024291e-08 1.165587061371585105e-08
1.255000000000000071e+01 6.125814142578474080e-07 6.203377632207054390e-07 1.083112301252370374e-08 1.107805776539090898e-08
1.257499999999999929e+01 5.902172320322567267e-07 5.976565139535726684e-07 1.029549938144917535e-08 1.052935335004019485e-08
1.259999999999999964e+01 5.687168313181798985e-07 5.758519380180462492e-07 9.786787549186685743e-09 1.000826481677185063e-08
1.262500000000000000e+01 5.480464784286144701e-07 5.548897699303404609e-07 9.303611406904233716e-09 9.513377597808423164e-09
1.265000000000000036e+01 5.281737856414840603e-07 5.347371126530482031e-07 8.844666545906241333e-09 9.043350959409643201e-09
1.267500000000000071e+01 5.090676567560859731e-07 5.153623821793299928e-07 8.408716463614166172e-09 8.596914084280558981e-09
1.269999999999999929e+01 4.906982349033769101e-07 4.967352544147431469e-07 7.994588960500616444e-09 8.172862362150813119e-09
1.272499999999999964e+01 4.730368525160246691e-07 4.788266142591871646e-07 7.601172738502509783e-09 7.770053877707179813e-09
1.275000000000000000e+01 4.560559833672329430e-07 4.616085067973151795e-07 7.227414188260400105e-09 7.387406094286516094e-09
1.277500000000000036e+01 4.397291965892804270e-07 4.450540905070069677e-07 6.872314337203727229e-09 7.023892713074967107e-09
1.280000000000000071e+01 4.240311125908950839e-07 4.291375924011541057e-07 6.534925968969392856e-09 6.678540699176958385e-09
1.282499999999999929e+01 4.089373607927300487e-07 4.138342650227685171e-07 6.214350897481387679e-09 6.350427471908525765e-09
1.284999999999999964e+01 3.944245391032477130e-07 3.991203452136136333e-07 5.909737385066586942e-09 6.038678243114202341e-09
1.287500000000000000e+01 3.804701750636750842e-07 3.849730145817979869e-07 5.620277701466714522e-09 5.742463501052597999e-09
1.290000000000000036e+01 3.670526885924697990e-07 3.713703615994959945e-07 5.345205811127611101e-09 5.460996626838519155e-09
1.292500000000000071e+01 3.541513562604261827e-07 3.582913452600050443e-07 5.083795186615112867e-09 5.193531640974326758e-09
1.294999999999999929e+01 3.417462770343141987e-07 3.457157602297200732e-07 4.835356736522748283e-09 4.939361068303284854e-09
1.297499999999999964e+01 3.298183394269916724e-07 3.336242034331267427e-07 4.599236846752984149e-09 4.697813919451091240e-09
1.300000000000000000e+01 3.183491899952184610e-07 3.219980420102012307e-07 4.374815521584717471e-09 4.468253777529458049e-09
1.302500000000000036e+01 3.073212031294565432e-07 3.108193825891878676e-07 4.161504628239436124e-09 4.250076988014845010e-09
1.305000000000000071e+01 2.967174520818858988e-07 3.000710418204657363e-07 3.958746235728886413e-09 4.042710946469436689e-09
1.307499999999999929e+01 2.865216811809930577e-07 2.897365181183838865e-07 3.766011040304009540e-09 3.845612478227497742e-09
1.309999999999999964e+01 2.767182791838960505e-07 2.797999645615602711e-07 3.582796871562336957e-09 3.658266301482466562e-09
1.312500000000000000e+01 2.672922537188341138e-07 2.702461629031711961e-07 3.408627283763208076e-09 3.480183573699410453e-09
1.315000000000000036e+01 2.582292067730621243e-07 2.610604986451644451e-07 3.243050218795991088e-09 3.310900516559424601e-09
1.317500000000000071e+01 2.495153111829454163e-07 2.522289371328812430e-07 3.085636738074565962e-09 3.149977111408818929e-09
1.319999999999999929e+01 2.411372880848045778e-07 2.437380006275529283e-07 2.935979824768940718e-09 2.996995864884151262e-09
1.322499999999999964e+01 2.330823852869901572e-07 2.355747463164834005e-07 2.793693248513523247e-09 2.851560640486485165e-09
1.325000000000000000e+01 2.253383565252751442e-07 2.277267452221499676e-07 2.658410489931225346e-09 2.713295551858695057e-09
1.327500000000000036e+01 2.178934415653171899e-07 2.201820619735831260e-07 2.529783723772952704e-09 2.581843915116881878e-09
1.330000000000000071e+01 2.107363471172478920e-07 2.129292354039597725e-07 2.407482853028454760e-09 2.456867256802184076e-09
1.332499999999999929e+01 2.038562285295495691e-07 2.059572599412582248e-07 2.291194593316584595e-09 2.338044371879724257e-09
1.334999999999999964e+01 1.972426722298803374e-07 1.992555677592114979e-07 2.180621611185606450e-09 2.225070434296425425e-09
1.337500000000000000e+01 1.908856788825960518e-07 1.928140116570964319e-07 2.075481701988545167e-09 2.117656154257266918e-09
1.340000000000000036e+01 1.847756472338105043e-07 1.866228486392445363e-07 1.975507013079804407e-09 2.015526977908600955e-09
1.342500000000000071e+01 1.789033586158521380e-07 1.806727241654247378e-07 1.880443308994018334e-09 1.918422331525946313e-09
1.344999999999999929e+01 1.732599620843628922e-07 1.749546570447456740e-07 1.790049272142674573e-09 1.826094903366420323e-09
1.347499999999999964e+01 1.678369601624002603e-07 1.694600249470613885e-07 1.704095845360739605e-09 1.738309965161060871e-09
1.350000000000000178e+01 1.626261951669613468e-07 1.641805505068039148e-07 1.622365604477935314e-09 1.654844729256568760e-09
1.352500000000000213e+01 1.576198360943868056e-07 1.591082879952761074e-07 1.544652164596541895e-09 1.575487737748539658e-09
1.355000000000000249e+01 1.528103660420909274e-07 1.542356105384458680e-07 1.470759618934342554e-09 1.500038285145361104e-09
1.357499999999999929e+01 1.481905701450187459e-07 1.495551978582113649e-07 1.400502006904351761e-09 1.428305871087098969e-09
1.359999999999999964e+01 1.437535240061990885e-07 1.450600245161459959e-07 1.333702810040078516e-09 1.360109682689943160e-09
1.362500000000000000e+01 1.394925826015046545e-07 1.407433486394972459e-07 1.270194472686917955e-09 1.295278102466736041e-09
1.365000000000000213e+01 1.354013696397378307e-07 1.365987011101577913e-07 1.209817950450288002e-09 1.233648243180881058e-09
1.367500000000000249e+01 1.314737673597908813e-07 1.326198751980804304e-07 1.152422280667916767e-09 1.175065507035193619e-09
1.369999999999999929e+01 1.277039067475073631e-07 1.288009166214180218e-07 1.097864175242672105e-09 1.119383167609371074e-09
1.372499999999999964e+01 1.240861581556193623e-07 1.251361140164477185e-07 1.046007635288490303e-09 1.066461973557259767e-09
1.375000000000000000e+01 1.206151223107640444e-07 1.216199898010252274e-07 9.967235868287997532e-10 1.016169773907462895e-09
1.377500000000000213e+01 1.172856216922751016e-07 1.182472914159997677e-07 9.498895339746633202e-10 9.683811626141410793e-10
1.380000000000000249e+01 1.140926922681334898e-07 1.150129829296617258e-07 9.053892311353002165e-10 9.229771414233657965e-10
1.382499999999999929e+01 1.110315755740963312e-07 1.119122369910098861e-07 8.631123730536527688e-10 8.798448011816789074e-10
1.384999999999999964e+01 1.080977111225081256e-07 1.089404271181557710e-07 8.229542998642925028e-10 8.388770195581526494e-10
1.387500000000000000e+01 1.052867291279529870e-07 1.060931203087236249e-07 7.848157177987127911e-10 7.999721742317747726e-10
1.390000000000000213e+01 1.025944435375003781e-07 1.033660699597933740e-07 7.486024360124944751e-10 7.630338717578178146e-10
1.392500000000000249e+01 1.000168453537035103e-07 1.007552090853775942e-07 7.142251162635605487e-10 7.279706911423892543e-10
1.394999999999999929e+01 9.755009623907956329e-08 9.825664381991941567e-08 6.815990347687362716e-10 6.946959398536399013e-10
1.397499999999999964e+01 9.519052239128948555e-08 9.586664719685294251e-08 6.506438584651549677e-10 6.631274232392624904e-10
1.400000000000000000e+01 9.293460867867702159e-08 9.358165319170253053e-08 6.212834322169822082e-10 6.331872264810129202e-10
1.402500000000000213e+01 9.077899302626672616e-08 9.139825101966210253e-08 5.934455773424199732e-10 6.048015077113618776e-10
1.405000000000000249e+01 8.872046104273407718e-08 8.931317967797503222e-08 5.670619010582081147e-10 5.779003024318049485e-10
1.407499999999999929e+01 8.675594087933933327e-08 8.732332272395687350e-08 5.420676158274717753e-10 5.524173381120783122e-10
1.409999999999999964e+01 8.488249831210661249e-08 8.542570327980787918e-08 5.184013686865376804e-10 5.282898589729385745e-10
1.412500000000000000e+01 8.309733203899368402e-08 8.361747925578432678e-08 4.960050791355689936e-10 5.054584598701392562e-10
1.415000000000000213e+01 8.139776918411607876e-08 8.189593878368095200e-08 4.748237865824237334e-10 4.838669293299631055e-10
1.417500000000000249e+01 7.978126100142192876e-08 8.025849585288604952e-08 4.548055056386910576e-10 4.634621012725454776e-10
1.419999999999999929e+01 7.824537877058587283e-08 7.870268614162966518e-08 4.359010889634789068e-10 4.441937144440137554e-10
1.422499999999999964e+01 7.678780987820747320e-08 7.722616303641263794e-08 4.180640982840429420e-10 4.260142797335739649e-10
1.425000000000000000e+01 7.540635407766482885e-08 7.582669383284292793e-08 4.012506821814527723e-10 4.088789549584306962e-10
1.427500000000000036e+01 7.409891992132463671e-08 7.450215611147129390e-08 3.854194603651223017e-10 3.927454262775554885e-10
1.430000000000000249e+01 7.286352135904983431e-08 7.325053428246375849e-08 3.705314150018036236e-10 3.775737964024028584e-10
1.432499999999999929e+01 7.169827449726212582e-08 7.206991629326199280e-08 3.565497878716722656e-10 3.633264792488590616e-10
1.434999999999999964e+01 7.060139451303571767e-08 7.095849049362639309e-08 3.434399831785906225e-10 3.499681003221273396e-10
1.437500000000000000e+01 6.957119271797821636e-08 6.991454265271434520e-08 3.311694762273166123e-10 3.374654029211071204e-10
1.440000000000000036e+01 6.860607376690040028e-08 6.893645312310721747e-08 3.197077275390374807e-10 3.257871599144396773e-10
1.442500000000000249e+01 6.770453300650904764e-08 6.802269414694793580e-08 3.090261017167726895e-10 3.149040907310240088e-10
1.444999999999999929e+01 6.686515395956214383e-08 6.717182729954172252e-08 2.990977912508775767e-10 3.047887830763437722e-10
1.447499999999999964e+01 6.608660594018088047e-08 6.638250106603944915e-08 2.898977453167450203e-10 2.954156197778704476e-10
1.450000000000000000e+01 6.536764179618816816e-08 6.565344854700610468e-08 2.814026024322708056e-10 2.867607099125307262e-10
1.452500000000000036e+01 6.470709577456989950e-08 6.498348528889403930e-08 2.735906278632193876e-10 2.788018243577655175e-10
1.455000000000000249e+01 6.410388150634619229e-08 6.437150723565123695e-08 2.664416547810436813e-10 2.715183355864758994e-10
1.457499999999999929e+01 6.355699010731454286e-08 6.381648879786006800e-08 2.599370292218458015e-10 2.648911611787353197e-10
1.459999999999999964e+01 6.306548839133188115e-08 6.331748103601412858e-08 2.540595593093702119e-10 2.589027114752573190e-10
1.462500000000000000e+01 6.262851719296262144e-08 6.287360995470552110e-08 2.487934675902266538e-10 2.535368408861031909e-10
1.465000000000000036e+01 6.224528979649974446e-08 6.248407490467578525e-08 2.441243469281228012e-10 2.487788024999705151e-10
1.467500000000000249e+01 6.191509046851937823e-08 6.214814708984126316e-08 2.400391198617183962e-10 2.446152063594214172e-10
1.469999999999999929e+01 6.163727309130383434e-08 6.186516817657510112e-08 2.365260009747234493e-10 2.410339808020807382e-10
1.472499999999999964e+01 6.141125989461831158e-08 6.163454900269115686e-08 2.335744625563622534e-10 2.380243371669829876e-10
1.475000000000000000e+01 6.123654028346756302e-08 6.145576838370847616e-08 2.311752030541105885e-10 2.355767373644730445e-10
1.477500000000000036e+01 6.111266975962231329e-08 6.132837201414640754e-08 2.293201186156099581e-10 2.336828645971370960e-10
1.480000000000000249e+01 6.103926893482768814e-08 6.125197146172414350e-08 2.280022772370870020e-10 2.323355967575015930e-10
1.482499999999999929e+01 6.101602263375744510e-08 6.122624325249033385e-08 2.272158958485099626e-10 2.315289828081077352e-10
1.484999999999999964e+01 6.104267908490642347e-08 6.125092804504095106e-08 2.269563197658715222e-10 2.312582216348903157e-10
1.487500000000000000e+01 6.111904919774537236e-08 6.132582989211682291e-08 2.272200050518210442e-10 2.315196437484555586e-10
1.490000000000000036e+01 6.124500592458788785e-08 6.145081558799903829e-08 2.280045032442066802e-10 2.323106955651746343e-10
1.492500000000000071e+01 6.142048370574584841e-08 6.162581410025009379e-08 2.293084484095032748e-10 2.336299259638491776e-10
1.494999999999999929e+01 6.164547799666813695e-08 6.185081608446752510e-08 2.311315467826305080e-10 2.354769754875804385e-10
1.497499999999999964e+01 6.192004487587729311e-08 6.212587348083928188e-08 2.334745687270362045e-10 2.378525679286728303e-10
