# raxis[fm], SN, VN, SP, VP
2.101448349307773875e-07 9.276972665882851632e-02 9.812834051065791319e-02 4.992113575720252133e-02 5.463580136374705104e-02
2.500000000000000139e-02 9.277542655964589324e-02 9.813563946788365910e-02 4.993336470856679643e-02 5.464788283774575650e-02
5.000000000000000278e-02 9.275765017766787746e-02 9.812058832389210228e-02 4.995373245118661654e-02 5.466599191595901408e-02
7.499999999999999722e-02 9.272718771919739866e-02 9.809463974927976060e-02 4.998738504706758817e-02 5.469583926697543785e-02
1.000000000000000056e-01 9.268443629280895268e-02 9.805818602597742017e-02 5.003431598991633922e-02 5.473744724871580647e-02
1.250000000000000000e-01 9.262959071629121854e-02 9.801140553516018983e-02 5.009442953198209314e-02 5.479073529135723708e-02
1.499999999999999944e-01 9.256283372401716281e-02 9.795445710051872701e-02 5.016758065856218723e-02 5.485557661169566251e-02
1.749999999999999889e-01 9.248437593715524985e-02 9.788752300160884212e-02 5.025359432463414461e-02 5.493181677569897864e-02
2.000000000000000111e-01 9.239446012026185373e-02 9.781081235878713587e-02 5.035226354265617127e-02 5.501927320974635965e-02
2.250000000000000056e-01 9.229336417425856864e-02 9.772456468002223284e-02 5.046335221124242931e-02 5.511773757983337574e-02
2.500000000000000000e-01 9.218139940389727394e-02 9.762904820958877294e-02 5.058659490054728120e-02 5.522697549194793137e-02
2.750000000000000222e-01 9.205890542070488403e-02 9.752455503389441394e-02 5.072169572843543417e-02 5.534672496510237294e-02
2.999999999999999889e-01 9.192625119117568688e-02 9.741140174130354101e-02 5.086832937751891576e-02 5.547669819307602529e-02
3.250000000000000111e-01 9.178384023072984343e-02 9.728993514724736114e-02 5.102614616802682301e-02 5.561658629452014696e-02
3.499999999999999778e-01 9.163209982668071851e-02 9.716052248464902841e-02 5.119476918055963083e-02 5.576605470275440568e-02
3.750000000000000000e-01 9.147147812474164252e-02 9.702354691553287391e-02 5.137379178055126450e-02 5.592474299625163625e-02
4.000000000000000222e-01 9.130246079407085269e-02 9.687942502365487485e-02 5.156278943725429997e-02 5.609227663273692877e-02
4.249999999999999889e-01 9.112555787818245323e-02 9.672859541102291070e-02 5.176131727235525060e-02 5.626826151125529502e-02
4.500000000000000111e-01 9.094129779049639484e-02 9.657151112907752522e-02 5.196890685234747953e-02 5.645228300629386020e-02
4.749999999999999778e-01 9.075023268540292898e-02 9.640864604194153420e-02 5.218507163607648963e-02 5.664391050375476577e-02
5.000000000000000000e-01 9.055293008196328708e-02 9.624048682487362782e-02 5.240930481164420007e-02 5.684269454359605622e-02
5.250000000000000222e-01 9.034997276679601619e-02 9.606753270360798846e-02 5.264108183691328796e-02 5.704817013754247962e-02
5.500000000000000444e-01 9.014195714486236688e-02 9.589029406307311709e-02 5.287986268771174836e-02 5.725985873325144249e-02
5.749999999999999556e-01 8.992949329839960981e-02 9.570929319182898409e-02 5.312509445721830259e-02 5.747726998378084595e-02
5.999999999999999778e-01 8.971319873661456890e-02 9.552505805943768691e-02 5.337621007315163785e-02 5.769990073166512273e-02
6.250000000000000000e-01 8.949370115006705095e-02 9.533812523732858313e-02 5.363263206906890984e-02 5.792723893755336723e-02
6.500000000000000222e-01 8.927163298775815659e-02 9.514903525588905286e-02 5.389377353638976492e-02 5.815876364238706242e-02
6.750000000000000444e-01 8.904763031176045340e-02 9.495833121741342753e-02 5.415904038437788920e-02 5.839394799138589165e-02
6.999999999999999556e-01 8.882233094362432246e-02 9.476655778431632149e-02 5.442783273163647600e-02 5.863225949508324431e-02
7.249999999999999778e-01 8.859637035124758031e-02 9.457425705813135575e-02 5.469954522747502712e-02 5.887316067650643497e-02
7.500000000000000000e-01 8.837038082904889735e-02 9.438196818261404553e-02 5.497356945665330535e-02 5.911611130596530067e-02
7.750000000000000222e-01 8.814498772282240713e-02 9.419022390684413104e-02 5.524929496843132559e-02 5.936056915074675033e-02
8.000000000000000444e-01 8.792080893759363081e-02 9.399955024422916583e-02 5.552611187761408162e-02 5.960599269267055633e-02
8.249999999999999556e-01 8.769844855725530963e-02 9.381046120693192769e-02 5.580341121795812098e-02 5.985183978135589361e-02
8.499999999999999778e-01 8.747849525509135415e-02 9.362345580412066715e-02 5.608058301986433569e-02 6.009756868493965759e-02
8.750000000000000000e-01 8.726153179712682617e-02 9.343902904716515356e-02 5.635702706932376599e-02 6.034264722625751198e-02
9.000000000000000222e-01 8.704812211947048073e-02 9.325766002516359954e-02 5.663215022158307743e-02 6.058654810351875308e-02
9.250000000000001554e-01 8.683881150863131948e-02 9.307981111174634670e-02 5.690536629686136771e-02 6.082875112565261366e-02
9.499999999999999556e-01 8.663412566509241797e-02 9.290592807622681526e-02 5.717609893860239878e-02 6.106874445295974035e-02
9.749999999999999778e-01 8.643456575041340295e-02 9.273643529140272734e-02 5.744378122002957721e-02 6.130602421499678489e-02
1.000000000000000000e+00 8.624060779340873839e-02 9.257173492900336309e-02 5.770785734829701058e-02 6.154009720889461188e-02
1.024999999999999911e+00 8.605270413464909118e-02 9.241220917005399382e-02 5.796778674186033736e-02 6.177048391394123622e-02
1.050000000000000044e+00 8.587127964562769888e-02 9.225821650973119181e-02 5.822304318862740052e-02 6.199671771927996178e-02
1.074999999999999956e+00 8.569673189719456685e-02 9.211009237046254017e-02 5.847311702950554885e-02 6.221834667056872631e-02
1.100000000000000089e+00 8.552942544765528010e-02 9.196814337406421236e-02 5.871751460863969957e-02 6.243493305908068974e-02
1.125000000000000000e+00 8.536969527819916748e-02 9.183265088952785593e-02 5.895576146678051938e-02 6.264605699203447398e-02
1.149999999999999911e+00 8.521784229263851262e-02 9.170386710778444250e-02 5.918740168568257382e-02 6.285131424382084386e-02
1.175000000000000044e+00 8.507413323140272654e-02 9.158201447882513557e-02 5.941199851344589056e-02 6.305031885103364042e-02
1.199999999999999956e+00 8.493880467644214505e-02 9.146729047719477645e-02 5.962913954688497942e-02 6.324270670145779039e-02
1.225000000000000089e+00 8.481205514323034156e-02 9.135985966232074151e-02 5.983843344310351559e-02 6.342813180516282401e-02
1.250000000000000000e+00 8.469404812118143389e-02 9.125985645349621311e-02 6.003951142988032258e-02 6.360626946097196199e-02
1.274999999999999911e+00 8.458491398511423787e-02 9.116738757536982374e-02 6.023203081568687806e-02 6.377681813403271449e-02
1.300000000000000044e+00 8.448474644107137332e-02 9.108252832398426591e-02 6.041567361691898425e-02 6.393949860250247585e-02
1.324999999999999956e+00 8.439360511479573890e-02 9.100532524639820542e-02 6.059014828253524859e-02 6.409405556577732477e-02
1.350000000000000089e+00 8.431151249826533689e-02 9.093579305792413858e-02 6.075518912194747406e-02 6.424025653532926261e-02
1.375000000000000000e+00 8.423845605922415658e-02 9.087391667222827207e-02 6.091055741224477016e-02 6.437789390591419636e-02
1.399999999999999911e+00 8.417439042162366825e-02 9.081965346992253163e-02 6.105604344942596601e-02 6.450678599423265158e-02
1.425000000000000044e+00 8.411923466918827530e-02 9.077293040827208448e-02 6.119146523422478584e-02 6.462677594557542093e-02
1.449999999999999956e+00 8.407287620503092751e-02 9.073364788836044137e-02 6.131667022405312695e-02 6.473773379557398733e-02
1.475000000000000089e+00 8.403516980084668742e-02 9.070167857114401488e-02 6.143153534760422557e-02 6.483955559430951143e-02
1.500000000000000000e+00 8.400593689828506072e-02 9.067686657747295320e-02 6.153596568456862204e-02 6.493216291840764320e-02
1.524999999999999911e+00 8.398497321340998856e-02 9.065903524232604704e-02 6.162989892408785725e-02 6.501550744430842355e-02
1.550000000000000044e+00 8.397205083986639118e-02 9.064798885344339807e-02 6.171330705193231458e-02 6.508957171261174623e-02
1.574999999999999956e+00 8.396691352642150774e-02 9.064350733643833369e-02 6.178619203711070013e-02 6.515436453191816857e-02
1.600000000000000089e+00 8.396927345169211132e-02 9.064534287257926259e-02 6.184858183673295345e-02 6.520991759082976624e-02
1.625000000000000000e+00 8.397881730215438212e-02 9.065322612556465931e-02 6.190053383478139049e-02 6.525628928299928577e-02
1.649999999999999911e+00 8.399521100119387851e-02 9.066687055182459654e-02 6.194213707687797749e-02 6.529356646863354596e-02
1.675000000000000044e+00 8.401809887692758549e-02 9.068597111968636215e-02 6.197351050734017930e-02 6.532186254063607200e-02
1.699999999999999956e+00 8.404710655369737604e-02 9.071020735669059476e-02 6.199480304066531250e-02 6.534131792953334905e-02
1.725000000000000311e+00 8.408184553161435204e-02 9.073924716571298010e-02 6.200619529905975619e-02 6.535210137002860076e-02
1.750000000000000000e+00 8.412190827384609382e-02 9.077274152839311105e-02 6.200789427792870873e-02 6.535440466220039657e-02
1.774999999999999911e+00 8.416687464298833188e-02 9.081033126351815976e-02 6.200013630829982053e-02 6.534844605689482666e-02
1.800000000000000044e+00 8.421631675084460811e-02 9.085165129486164060e-02 6.198318854275002704e-02 6.533447147152227075e-02
1.824999999999999956e+00 8.426979809865942084e-02 9.089632868470425009e-02 6.195734590777112610e-02 6.531275116926789359e-02
1.850000000000000311e+00 8.432687002929251108e-02 9.094397972559178922e-02 6.192292671024519218e-02 6.528357587657566963e-02
1.875000000000000000e+00 8.438708523339935597e-02 9.099422320257280483e-02 6.188028022066797973e-02 6.524726437094745257e-02
1.899999999999999911e+00 8.444999463489030744e-02 9.104667617741088459e-02 6.182978166221837074e-02 6.520415823867989347e-02
1.925000000000000044e+00 8.451515090710097489e-02 9.110095764680671560e-02 6.177183252325678386e-02 6.515462244114594847e-02
1.949999999999999956e+00 8.458210728719744997e-02 9.115668661414975948e-02 6.170685723301274489e-02 6.509904194586894899e-02
1.975000000000000089e+00 8.465042181496637563e-02 9.121348650944595404e-02 6.163530361014128711e-02 6.503782235677151025e-02
2.000000000000000000e+00 8.471965839012261801e-02 9.127098539542390088e-02 6.155764109071081708e-02 6.497138814440675536e-02
2.024999999999999911e+00 8.478938860847058667e-02 9.132881797242396738e-02 6.147435937911225473e-02 6.490018143092506075e-02
2.049999999999999822e+00 8.485919513832386463e-02 9.138662825930819744e-02 6.138596821703049683e-02 6.482466185093160860e-02
2.075000000000000178e+00 8.492867015547010678e-02 9.144406762312357051e-02 6.129299361787332590e-02 6.474530287078957003e-02
2.100000000000000089e+00 8.499741882098946211e-02 9.150079857776004244e-02 6.119597780001471282e-02 6.466259184654661596e-02
2.125000000000000000e+00 8.506506352203703492e-02 9.155649838108263772e-02 6.109547931897749140e-02 6.457703030628707264e-02
2.149999999999999911e+00 8.513124394813491314e-02 9.161085870721732971e-02 6.099207023205133193e-02 6.448913123006527748e-02
2.174999999999999822e+00 8.519561721169323365e-02 9.166358543459222907e-02 6.088633384597896131e-02 6.439941693760313501e-02
2.200000000000000178e+00 8.525785838489732815e-02 9.171439927981242524e-02 6.077886232562109553e-02 6.430841680810671368e-02
2.225000000000000089e+00 8.531766518927119680e-02 9.176304034085376593e-02 6.067025738523712519e-02 6.421666816229204544e-02
2.250000000000000000e+00 8.537475857502600796e-02 9.180926809403722189e-02 6.056112781384644789e-02 6.412471396993370265e-02
2.274999999999999911e+00 8.542888248667188100e-02 9.185286096682404589e-02 6.045208666498092659e-02 6.403310018076924237e-02
2.299999999999999822e+00 8.547980291932609498e-02 9.189361531501183400e-02 6.034374837390897584e-02 6.394237298704184835e-02
2.325000000000000178e+00 8.552731077432788875e-02 9.193134840120435747e-02 6.023672813235910611e-02 6.385307838799414437e-02
2.350000000000000089e+00 8.557122292741707603e-02 9.196589890332949879e-02 6.013164003738973723e-02 6.376576055482145733e-02
2.375000000000000000e+00 8.561138100958828878e-02 9.199712578007990249e-02 6.002909388680758435e-02 6.368095876931867405e-02
2.399999999999999911e+00 8.564765272345832570e-02 9.202490945637893660e-02 5.992969390604951929e-02 6.359920635696075797e-02
2.424999999999999822e+00 8.567993132576172399e-02 9.204915128279668457e-02 5.983403624662759351e-02 6.352102837943220115e-02
2.450000000000000178e+00 8.570813647851098505e-02 9.206977409174008087e-02 5.974270719000236013e-02 6.344694003369501234e-02
2.475000000000000089e+00 8.573221193278832142e-02 9.208672018835983852e-02 5.965627954044702697e-02 6.337744322018776244e-02
2.500000000000000000e+00 8.575212934534770515e-02 9.209995504921318632e-02 5.957531347082774958e-02 6.331302764745444511e-02
2.524999999999999911e+00 8.576788431782773892e-02 9.210946308459574960e-02 5.950035169514009126e-02 6.325416613468422267e-02
2.549999999999999822e+00 8.577949782126603750e-02 9.211524953876293331e-02 5.943191915546458537e-02 6.320131457644771744e-02
2.575000000000000178e+00 8.578701507747585331e-02 9.211733903058937079e-02 5.937052030425284815e-02 6.315490935955928031e-02
2.600000000000000089e+00 8.579050363256428280e-02 9.211577367227256896e-02 5.931663617908941588e-02 6.311536459890385031e-02
2.625000000000000000e+00 8.579005103167919311e-02 9.211061110841967103e-02 5.927072199188350432e-02 6.308306998703874791e-02
2.649999999999999911e+00 8.578576736104290279e-02 9.210192719873060152e-02 5.923320733009881933e-02 6.305839123575004979e-02
2.674999999999999822e+00 8.577778384365095099e-02 9.208981465110695208e-02 5.920449410607515894e-02 6.304166823170732903e-02
2.700000000000000178e+00 8.576625162747181230e-02 9.207438162196283915e-02 5.918495502174824646e-02 6.303321351067717182e-02
2.725000000000000089e+00 8.575133553518365925e-02 9.205574584475115230e-02 5.917492843120859131e-02 6.303330733605448655e-02
2.750000000000000000e+00 8.573321653750448634e-02 9.203403750743432976e-02 5.917471938314805557e-02 6.304219909013410172e-02
2.774999999999999911e+00 8.571208902849435096e-02 9.200939651093194283e-02 5.918459757801561999e-02 6.306010528476779786e-02
2.799999999999999822e+00 8.568816079791172213e-02 9.198197276640623921e-02 5.920479691109491183e-02 6.308720931814944255e-02
2.825000000000000178e+00 8.566164861503185179e-02 9.195192175215051444e-02 5.923551241453800520e-02 6.312365838732772461e-02
2.850000000000000089e+00 8.563277715657952038e-02 9.191940406568793742e-02 5.927689949974689065e-02 6.316956315260448263e-02
2.875000000000000000e+00 8.560177788330505799e-02 9.188458435286447901e-02 5.932907342065708162e-02 6.322499718968481452e-02
2.899999999999999911e+00 8.556888734083331616e-02 9.184763009871980965e-02 5.939210869136809373e-02 6.328999675019410243e-02
2.924999999999999822e+00 8.553434611778593100e-02 9.180871063964721190e-02 5.946603877878339078e-02 6.336456029017324687e-02
2.950000000000000178e+00 8.549839318730430293e-02 9.176799169812926982e-02 5.955085312326435787e-02 6.344864548298005669e-02
2.975000000000000089e+00 8.546126545399722330e-02 9.172563581884864148e-02 5.964649749211293345e-02 6.354217033698315864e-02
3.000000000000000000e+00 8.542320048599466586e-02 9.168180532302422359e-02 5.975287662539979089e-02 6.364501580794292013e-02
3.024999999999999911e+00 8.538443144843888000e-02 9.163665683756681835e-02 5.986985269597620840e-02 6.375702335148564215e-02
3.049999999999999822e+00 8.534517879145822605e-02 9.159033389155298022e-02 5.999724067331960869e-02 6.387799114840700399e-02
3.075000000000000178e+00 8.530565461156773555e-02 9.154297189023140324e-02 6.013481242416102157e-02 6.400767857374362046e-02
3.100000000000000089e+00 8.526605807528533920e-02 9.149469326753534304e-02 6.028229556555094598e-02 6.414580414932175012e-02
3.125000000000000000e+00 8.522657239635074433e-02 9.144560540769208767e-02 6.043937262524280013e-02 6.429204566586588232e-02
3.149999999999999911e+00 8.518736691382072790e-02 9.139580297780879048e-02 6.060568470070415437e-02 6.444604370312596864e-02
3.174999999999999822e+00 8.514859314912415211e-02 9.134536410762958414e-02 6.078083104418540578e-02 6.460740070189489870e-02
3.200000000000000178e+00 8.511038244819356391e-02 9.129434865161313584e-02 6.096436874932084637e-02 6.477568108948397740e-02
3.225000000000000089e+00 8.507284594005999623e-02 9.124279849337743609e-02 6.115581503643292144e-02 6.495041364416806462e-02
3.250000000000000000e+00 8.503607277416753985e-02 9.119073607445581098e-02 6.135464890454444403e-02 6.513109282957961488e-02
3.274999999999999911e+00 8.500012764539104093e-02 9.113816223665882621e-02 6.156031085581186585e-02 6.531717837430074669e-02
3.299999999999999822e+00 8.496505016596642146e-02 9.108505618500023493e-02 6.177220494002771262e-02 6.550809787803786588e-02
3.325000000000000178e+00 8.493085576299475026e-02 9.103137643465665507e-02 6.198970235437618881e-02 6.570324963381272976e-02
3.350000000000000089e+00 8.489752835493362404e-02 9.097705368323395769e-02 6.221213811987207076e-02 6.590199906986235479e-02
3.375000000000000444e+00 8.486502268084150646e-02 9.092199400251071983e-02 6.243881525175908054e-02 6.610368403382570202e-02
3.399999999999999911e+00 8.483326742873147086e-02 9.086608189395356527e-02 6.266900980138540023e-02 6.630761876636399876e-02
3.424999999999999822e+00 8.480216028822366858e-02 9.080917551123650344e-02 6.290196979495585317e-02 6.651309253860014647e-02
3.450000000000000622e+00 8.477156743100933145e-02 9.075110652919134158e-02 6.313691683563983637e-02 6.671937157174259725e-02
3.475000000000000533e+00 8.474132316372855189e-02 9.069167998559411747e-02 6.337304864310379371e-02 6.692570128185278133e-02
3.500000000000000000e+00 8.471123149184707490e-02 9.063067611865530115e-02 6.360954249275141414e-02 6.713130975294127889e-02
3.524999999999999911e+00 8.468106714883684438e-02 9.056785145377563295e-02 6.384555828068608219e-02 6.733541028173908871e-02
3.549999999999999822e+00 8.465057323109866083e-02 9.050293655066324328e-02 6.408023918366140270e-02 6.753720180767705528e-02
3.575000000000000622e+00 8.461946193031369412e-02 9.043563688563267811e-02 6.431271419294282143e-02 6.773587142136885952e-02
3.600000000000000089e+00 8.458741478304235284e-02 9.036563313964166011e-02 6.454210098880620861e-02 6.793059694868319731e-02
3.625000000000000000e+00 8.455408436643981063e-02 9.029258293577008265e-02 6.476750872366791867e-02 6.812054948418330702e-02
3.649999999999999911e+00 8.451909462383737359e-02 9.021612114371875546e-02 6.498804058314332222e-02 6.830489566834559156e-02
3.674999999999999822e+00 8.448204291016049583e-02 9.013586188280385547e-02 6.520279704896790596e-02 6.848280070588370905e-02
3.700000000000000622e+00 8.444249947465871931e-02 9.005139800110636972e-02 6.541087741254757171e-02 6.865342945293424759e-02
3.725000000000000089e+00 8.440000689237425746e-02 8.996230025144595632e-02 6.561138081133623123e-02 6.881594735264176532e-02
3.750000000000000000e+00 8.435408518885677276e-02 8.986812236904866136e-02 6.580341172406245498e-02 6.896952558186210391e-02
3.774999999999999911e+00 8.430423022660606114e-02 8.976839929640632876e-02 6.598608014564692759e-02 6.911334089346740650e-02
3.799999999999999822e+00 8.424991671867416987e-02 8.966264994855260850e-02 6.615850510090491576e-02 6.924657887244090038e-02
3.825000000000000178e+00 8.419059875166003126e-02 8.955037747059112208e-02 6.631981637600867230e-02 6.936843533278333473e-02
3.850000000000000089e+00 8.412571334976977344e-02 8.943107253300185133e-02 6.646915807970549261e-02 6.947811957684858764e-02
3.875000000000000000e+00 8.405468183324998899e-02 8.930421434474342113e-02 6.660569063682005020e-02 6.957485603984241151e-02
3.899999999999999911e+00 8.397691271914080324e-02 8.916927342124748856e-02 6.672859372630743358e-02 6.965788707447378991e-02
3.924999999999999822e+00 8.389180051809287664e-02 8.902571004897397167e-02 6.683706615732112888e-02 6.972647256194756948e-02
3.950000000000000178e+00 8.379873027959709730e-02 8.887297806253972865e-02 6.693032969340277638e-02 6.977989319311682370e-02
3.975000000000000089e+00 8.369708031638418977e-02 8.871052738959948891e-02 6.700763142675993100e-02 6.981745264841326959e-02
4.000000000000000000e+00 8.358622517208995351e-02 8.853780674597988565e-02 6.706824666554381253e-02 6.983848034411080374e-02
4.025000000000000355e+00 8.346553451904974164e-02 8.835426257905108771e-02 6.711147788106662515e-02 6.984233065620812364e-02
4.049999999999999822e+00 8.333437639550957121e-02 8.815934083136557631e-02 6.713665736689923558e-02 6.982838432822240093e-02
4.075000000000000178e+00 8.319212134121029001e-02 8.795249152960944727e-02 6.714315023653641412e-02 6.979605209398094534e-02
4.099999999999999645e+00 8.303814214968127660e-02 8.773316758695653972e-02 6.713035396112174147e-02 6.974477352557963139e-02
4.125000000000000000e+00 8.287182052272432098e-02 8.750083096232912083e-02 6.709770334947869064e-02 6.967402175376495588e-02
4.150000000000000355e+00 8.269254585609922548e-02 8.725495203352383322e-02 6.704466896782519669e-02 6.958330279718497047e-02
4.174999999999999822e+00 8.249971888726641278e-02 8.699501148019046781e-02 6.697075964987787844e-02 6.947215650693036593e-02
4.200000000000000178e+00 8.229275241017661169e-02 8.672050308545423136e-02 6.687552238628709234e-02 6.934015905541318636e-02
4.224999999999999645e+00 8.207106830280937182e-02 8.643092786728247268e-02 6.675853882874238643e-02 6.918691672348721566e-02
4.250000000000000000e+00 8.183410922454557868e-02 8.612580418785621694e-02 6.661943418005310258e-02 6.901207334630690693e-02
4.275000000000000355e+00 8.158134105696722427e-02 8.580467314107563526e-02 6.645787816921358560e-02 6.881531487172622141e-02
4.299999999999999822e+00 8.131225103076163141e-02 8.546709546348077446e-02 6.627358240460357042e-02 6.859636573149842376e-02
4.325000000000000178e+00 8.102634956449138171e-02 8.511265260045236536e-02 6.606630072751312754e-02 6.835498874467715869e-02
4.349999999999999645e+00 8.072317229906550429e-02 8.474094942418244902e-02 6.583583006490710543e-02 6.809098697055970817e-02
4.375000000000000000e+00 8.040228023744500074e-02 8.435161256341786040e-02 6.558200915485645766e-02 6.780420093131993287e-02
4.400000000000000355e+00 8.006326515130168797e-02 8.394429638759520751e-02 6.530472176529104888e-02 6.749451275685267038e-02
4.424999999999999822e+00 7.970574976432553971e-02 8.351868364536860212e-02 6.500389590532097694e-02 6.716184622144501237e-02
4.450000000000000178e+00 7.932938825117240300e-02 8.307448504756934082e-02 6.467950222266385940e-02 6.680616454609718258e-02
4.474999999999999645e+00 7.893386908554557435e-02 8.261144200595520182e-02 6.433155541389967702e-02 6.642747195859856346e-02
4.500000000000000000e+00 7.851891743311716076e-02 8.212932950178582214e-02 6.396011511197266519e-02 6.602581513788216561e-02
4.525000000000000355e+00 7.808429224447389905e-02 8.162795429621443055e-02 6.356528187179875944e-02 6.560128098371791061e-02
4.549999999999999822e+00 7.762978825044465625e-02 8.110715419619060618e-02 6.314719736768630021e-02 6.515399403305001391e-02
4.575000000000000178e+00 7.715524081822690283e-02 8.056680349617577341e-02 6.270604764901632766e-02 6.468412043496400698e-02
4.599999999999999645e+00 7.666052359005470773e-02 8.000681379329381560e-02 6.224205897522743641e-02 6.419186775742795337e-02
4.625000000000000000e+00 7.614555101799934389e-02 7.942712813092689395e-02 6.175549893485215991e-02 6.367747692114314462e-02
4.650000000000000355e+00 7.561028461090302244e-02 7.882774195822578323e-02 6.124668064860889355e-02 6.314124236371604360e-02
4.674999999999999822e+00 7.505471146522475767e-02 7.820867456787768124e-02 6.071594359911352407e-02 6.258348557689169533e-02
4.700000000000000178e+00 7.447886264508703225e-02 7.756997699791752521e-02 6.016366741302085069e-02 6.200455780636078551e-02
4.724999999999999645e+00 7.388281418673650625e-02 7.691174628872073094e-02 5.959027149094056619e-02 6.140485385159694109e-02
4.750000000000000000e+00 7.326668650720756515e-02 7.623411989352250895e-02 5.899621330896474836e-02 6.078480519450130126e-02
4.775000000000000355e+00 7.263063973050527811e-02 7.553727626280047625e-02 5.838198310928015278e-02 6.014488019328807084e-02
4.799999999999999822e+00 7.197487270746019683e-02 7.482142879584934014e-02 5.774810259338749446e-02 5.948557752282569722e-02
4.825000000000000178e+00 7.129962607895909410e-02 7.408682973268071459e-02 5.709512606279829733e-02 5.880742826493996073e-02
4.849999999999999645e+00 7.060518026282536219e-02 7.333376956057555129e-02 5.642363793614423029e-02 5.811099473583613423e-02
4.875000000000000000e+00 6.989185716945071902e-02 7.256257679419514384e-02 5.573425311631306084e-02 5.739686901355461890e-02
4.900000000000000355e+00 6.916001604495221333e-02 7.177361855564622084e-02 5.502761216920330073e-02 5.666567290807442842e-02
4.924999999999999822e+00 6.841005467103536408e-02 7.096729716438689162e-02 5.430438245922122875e-02 5.591805428985046483e-02
4.950000000000000178e+00 6.764240757669810755e-02 7.014405203064112693e-02 5.356525485548133125e-02 5.515468764933871559e-02
4.974999999999999645e+00 6.685754203596806777e-02 6.930435340338522709e-02 5.281094046666347935e-02 5.437626811436090113e-02
5.000000000000000000e+00 6.605596640084468452e-02 6.844870757196036548e-02 5.204217699533199293e-02 5.358351487112555239e-02
5.025000000000000355e+00 6.523822231185748277e-02 6.757765763701038819e-02 5.125972062956381248e-02 5.277717162662359102e-02
5.049999999999999822e+00 6.440488280414785605e-02 6.669177681238522282e-02 5.046434482173938613e-02 5.195800030941606640e-02
5.075000000000000178e+00 6.355655231729981369e-02 6.579166813392769986e-02 4.965683961770999549e-02 5.112677997632312371e-02
5.099999999999999645e+00 6.269386391776769762e-02 6.487796334073654692e-02 4.883800897705582733e-02 5.028430569162709030e-02
5.125000000000000000e+00 6.181748149798069886e-02 6.395132338226701407e-02 4.800867245444503939e-02 4.943138858394612728e-02
5.150000000000000355e+00 6.092809427862778265e-02 6.301243437718706542e-02 4.716965993854019268e-02 4.856885160580830252e-02
5.174999999999999822e+00 6.002641477919006679e-02 6.206200712173010753e-02 4.632180974333840323e-02 4.769752937303337742e-02
5.200000000000000178e+00 5.911317799723864175e-02 6.110077388316399738e-02 4.546596805277915154e-02 4.681826499485714638e-02
5.224999999999999645e+00 5.818914161626961845e-02 6.012948747898755331e-02 4.460298926793455215e-02 4.593190894892958814e-02
5.250000000000000000e+00 5.725508374231253611e-02 5.914892183698355899e-02 4.373373340400758813e-02 4.503931956864695718e-02
5.275000000000000355e+00 5.631179805027882596e-02 5.815986663953710833e-02 4.285906199750480483e-02 4.414135810578735664e-02
5.299999999999999822e+00 5.536009378962295641e-02 5.716312794897943084e-02 4.197983854815159205e-02 4.323888968201735489e-02
5.325000000000000178e+00 5.440079419271459660e-02 5.615952407056397366e-02 4.109692720079621830e-02 4.233277949998501960e-02
5.349999999999999645e+00 5.343473651361765192e-02 5.514988650472500004e-02 4.021119273220497004e-02 4.142389346589401417e-02
5.375000000000000000e+00 5.246276373501734813e-02 5.413505634315009946e-02 3.932349359683626200e-02 4.051309566307109700e-02
5.400000000000000355e+00 5.148572587476385465e-02 5.311587836479589320e-02 3.843468371915772369e-02 3.960124326632839808e-02
5.424999999999999822e+00 5.050447999714889613e-02 5.209320427658847841e-02 3.754561222298841844e-02 3.868918913349127936e-02
5.450000000000000178e+00 4.951988462563851334e-02 5.106788981836752478e-02 3.665711905681150184e-02 3.777778011041929562e-02
5.474999999999999645e+00 4.853279998102914133e-02 5.004078946882589002e-02 3.577003544537961377e-02 3.686785207208660015e-02
5.500000000000000000e+00 4.754408640950427700e-02 4.901275805565812049e-02 3.488518255107327798e-02 3.596023151637014331e-02
5.525000000000000355e+00 4.655460144111944754e-02 4.798464866630294118e-02 3.400336929622546633e-02 3.505573411169979336e-02
5.549999999999999822e+00 4.556519554005793865e-02 4.695730716913168457e-02 3.312538930551327948e-02 3.415516027095027995e-02
5.575000000000000178e+00 4.457671293889712422e-02 4.593157328773667114e-02 3.225202162124021082e-02 3.325929642465502017e-02
5.599999999999999645e+00 4.358998973030665108e-02 4.490827751114750965e-02 3.138402913253501847e-02 3.236891225252653409e-02
5.625000000000000000e+00 4.260585225070568499e-02 4.388824040798777748e-02 3.052215753592597836e-02 3.148476016200685290e-02
5.650000000000000355e+00 4.162511226246518731e-02 4.287227061105718801e-02 2.966713156166938745e-02 3.060757423636745189e-02
5.674999999999999822e+00 4.064856581976193650e-02 4.186115843366175482e-02 2.881965413139642856e-02 2.973806472424731992e-02
5.700000000000000178e+00 3.967699430748374001e-02 4.085567988390946537e-02 2.798040727695778190e-02 2.887692138969204583e-02
5.724999999999999645e+00 3.871116019246642614e-02 3.985659312901757706e-02 2.715004896641338289e-02 2.802481108762518852e-02
5.750000000000000000e+00 3.775180647919003374e-02 3.886463609219387855e-02 2.632921264477635151e-02 2.718237560466120473e-02
5.775000000000000355e+00 3.679965620973934398e-02 3.788052462339905335e-02 2.551850683079023505e-02 2.635023011291532866e-02
5.799999999999999822e+00 3.585541064947876666e-02 3.690495505902368495e-02 2.471851350376349718e-02 2.552896528101268256e-02
5.825000000000000178e+00 3.491974450432139276e-02 3.593859810453423759e-02 2.392978488071659943e-02 2.471914293927859885e-02
5.849999999999999645e+00 3.399330998738657461e-02 3.498209985105552727e-02 2.315284636601422710e-02 2.392129646759310821e-02
5.875000000000000000e+00 3.307673189465173275e-02 3.403607946306250187e-02 2.238819271268523842e-02 2.313592901022781118e-02
5.900000000000000355e+00 3.217060821967145795e-02 3.310112895709004660e-02 2.163628841175965073e-02 2.236351327680629122e-02
5.924999999999999822e+00 3.127550842162003797e-02 3.217781315630862532e-02 2.089756647648257845e-02 2.160449178280223273e-02
5.950000000000000178e+00 3.039197378943201897e-02 3.126666654342181995e-02 2.017242905226953806e-02 2.085927417903581452e-02
5.974999999999999645e+00 2.952051582617743614e-02 3.036819498623365837e-02 1.946124585978262905e-02 2.012823876826551686e-02
6.000000000000000000e+00 2.866161524228889868e-02 2.948287398699464198e-02 1.876435352800060602e-02 1.941173129342631948e-02
6.025000000000000355e+00 2.781572146241024363e-02 2.861114813357726328e-02 1.808205565716022867e-02 1.871006458056282545e-02
6.049999999999999822e+00 2.698325318571868220e-02 2.775342820404639102e-02 1.741462323052702862e-02 1.802351627553494540e-02
6.075000000000000178e+00 2.616459937041593076e-02 2.691009860440745846e-02 1.676229511226584243e-02 1.735233472580132580e-02
6.099999999999999645e+00 2.536011262901062893e-02 2.608150810735178002e-02 1.612527404036337431e-02 1.669673253477329394e-02
6.125000000000000000e+00 2.457011635778407962e-02 2.526797163334711105e-02 1.550373172819496936e-02 1.605688740163496026e-02
6.150000000000000355e+00 2.379490291475004626e-02 2.446977638056576851e-02 1.489780770504798256e-02 1.543294740659320423e-02
6.174999999999999822e+00 2.303473155354367544e-02 2.368717605806177143e-02 1.430760830908653185e-02 1.482502694065951365e-02
6.200000000000000178e+00 2.228983087652050207e-02 2.292039234538351122e-02 1.373320871458956309e-02 1.423320793345821816e-02
6.224999999999999645e+00 2.156039867372939317e-02 2.216961768751847181e-02 1.317465321193956283e-02 1.365754243840025181e-02
6.250000000000000000e+00 2.084660153407977973e-02 2.143501219622729465e-02 1.263195544990516374e-02 1.309805070671913978e-02
6.275000000000000355e+00 2.014857676870818529e-02 2.071670695556089570e-02 1.210510018172995979e-02 1.255472394062726385e-02
6.299999999999999822e+00 1.946643142151865263e-02 2.001480303457869175e-02 1.159404313698154769e-02 1.202752423392571164e-02
6.325000000000000178e+00 1.880024418568821548e-02 1.932937271457093459e-02 1.109871281425966853e-02 1.151638574271580083e-02
6.349999999999999645e+00 1.815006540010591710e-02 1.866045985832661194e-02 1.061901121491576512e-02 1.102121564080885650e-02
6.375000000000000000e+00 1.751591895216259367e-02 1.800808147910028939e-02 1.015481555552752956e-02 1.054189564417194400e-02
6.400000000000000355e+00 1.689780217539894533e-02 1.737222878665602502e-02 9.705978913931266258e-03 1.007828348271700217e-02
6.424999999999999822e+00 1.629568695069015874e-02 1.675286681620966750e-02 9.272331700714675495e-03 9.630213142541437302e-03
6.450000000000000178e+00 1.570952099209484143e-02 1.614993653864971526e-02 8.853683195687429147e-03 9.197497069252776047e-03
6.474999999999999645e+00 1.513922873799641682e-02 1.556335555545973123e-02 8.449822775344201231e-03 8.779927256536316366e-03
6.500000000000000000e+00 1.458471244938175197e-02 1.499301917555338239e-02 8.060521329212030212e-03 8.377276647620618064e-03
6.525000000000000355e+00 1.404585354695893698e-02 1.443880161236352731e-02 7.685532811643310848e-03 7.989300554809635260e-03
6.549999999999999822e+00 1.352251361462933690e-02 1.390055729339069630e-02 7.324595714962336447e-03 7.615738267614096182e-03
6.575000000000000178e+00 1.301453537772375400e-02 1.337812177149015277e-02 6.977434311171155923e-03 7.256314361390936093e-03
6.599999999999999645e+00 1.252174417402530764e-02 1.287131291353376707e-02 6.643760260333629077e-03 6.910740088757224946e-03
6.625000000000000000e+00 1.204394901975648288e-02 1.237993224337015537e-02 6.323274013300757453e-03 6.578714918415902620e-03
6.650000000000000355e+00 1.158094378238455104e-02 1.190376606402319438e-02 6.015666210251107565e-03 6.259927945051769679e-03
6.674999999999999822e+00 1.113250840149609955e-02 1.144258664753054419e-02 5.720619034997766542e-03 5.954059254637655840e-03
6.700000000000000178e+00 1.069841017600857078e-02 1.099615338797422549e-02 5.437807681254448917e-03 5.660781260505468905e-03
6.724999999999999645e+00 1.027840483940370593e-02 1.056421415579701650e-02 5.166901594628296041e-03 5.379760159987359222e-03
6.750000000000000888e+00 9.872237433772714649e-03 1.014650616934237824e-02 4.907565547895588291e-03 5.110657064399825970e-03
6.775000000000001243e+00 9.479643766581074063e-03 9.742757185280911600e-03 4.659461044026778041e-03 4.853129233508489751e-03
6.799999999999999822e+00 9.100351309122838017e-03 9.352686659448406284e-03 4.422247353267429876e-03 4.606831291057762560e-03
6.825000000000001066e+00 8.734080341826339772e-03 8.976006677967515376e-03 4.195582709535842190e-03 4.371416272016197258e-03
6.849999999999999645e+00 8.380545112727233459e-03 8.612423255962462290e-03 3.979125354314231623e-03 4.146536847516281259e-03
6.875000000000000000e+00 8.039454625726487683e-03 8.261637198478373120e-03 3.772534378171312538e-03 3.931846216255426019e-03
6.900000000000001243e+00 7.710513682060464967e-03 7.923345022279013744e-03 3.575470726968042485e-03 3.726999032502050033e-03
6.924999999999999822e+00 7.393423816379949415e-03 7.597239936336201704e-03 3.387598019391170005e-03 3.531652305470641545e-03
6.950000000000001066e+00 7.087884190425703008e-03 7.283012755540444610e-03 3.208583370695299638e-03 3.345466234043250556e-03
6.974999999999999645e+00 6.793124078444461207e-03 6.980820983474843658e-03 3.037776603907017554e-03 3.168426339021485159e-03
7.000000000000000000e+00 6.507604156264347114e-03 6.687123940573935256e-03 2.874489183978448832e-03 2.998453420018554107e-03
7.025000000000001243e+00 6.232962223188804121e-03 6.404617286983654324e-03 2.719225168008231053e-03 2.836793872620797883e-03
7.049999999999999822e+00 5.968877788980244889e-03 6.132971707263672190e-03 2.571659110466522225e-03 2.683113915702974809e-03
7.075000000000001066e+00 5.715032642520487434e-03 5.871860207236644091e-03 2.431472854811325950e-03 2.537086958436135173e-03
7.099999999999999645e+00 5.471111409092613807e-03 5.620958704813818103e-03 2.298355848561194591e-03 2.398393968605392473e-03
7.125000000000000000e+00 5.236802033969373792e-03 5.379946555281062484e-03 2.172005473318451129e-03 2.266723819508298463e-03
7.150000000000001243e+00 5.011796313601357342e-03 5.148507011898972342e-03 2.052127301138417098e-03 2.141773549073789067e-03
7.174999999999999822e+00 4.795790370645751366e-03 4.926327739142772472e-03 1.938435321595493796e-03 2.023248622705911635e-03
7.200000000000000178e+00 4.588484987980870171e-03 4.713101215184682495e-03 1.830652044991456845e-03 1.910863106717723258e-03
7.224999999999999645e+00 4.389585976987381288e-03 4.508525034170546807e-03 1.728508648726851879e-03 1.804339772848742324e-03
7.250000000000000000e+00 4.198804549709213470e-03 4.312302301211541448e-03 1.631745055901365985e-03 1.703410226579529264e-03
7.275000000000001243e+00 4.015857538564886545e-03 4.124141891599273149e-03 1.540109937972836997e-03 1.607814938384965597e-03
7.299999999999999822e+00 3.840467656373648328e-03 3.943758697943815922e-03 1.453360751953457512e-03 1.517303269809118635e-03
7.325000000000000178e+00 3.672363699091380374e-03 3.770873846505374584e-03 1.371263671943697684e-03 1.431633458161751240e-03
7.349999999999999645e+00 3.511280717977861062e-03 3.605214864642933888e-03 1.293593534101975103e-03 1.350572550081777408e-03
7.375000000000000000e+00 3.356960174420991951e-03 3.446515833201215743e-03 1.220133768845544720e-03 1.273896337318204458e-03
7.400000000000001243e+00 3.209150069001506355e-03 3.294517529187813206e-03 1.150676272932786614e-03 1.201389261371628089e-03
7.424999999999999822e+00 3.067604985820605954e-03 3.148967505030394586e-03 1.085021276933058549e-03 1.132844287183609180e-03
7.450000000000000178e+00 2.932086172066731503e-03 3.009620119834240798e-03 1.022977191944991586e-03 1.068062747646054056e-03
7.474999999999999645e+00 2.802361587819268696e-03 2.876236615070006542e-03 9.643604471046746162e-04 1.006854191158856708e-03
7.500000000000000000e+00 2.678205918405082361e-03 2.748585132948783497e-03 9.089953211508874659e-04 9.490362151758931610e-04
7.525000000000000355e+00 2.559400547832852302e-03 2.626440707354084012e-03 8.567137266384042271e-04 8.944342730985263730e-04
7.549999999999999822e+00 2.445733527488550951e-03 2.509585199077560367e-03 8.073550134283445342e-04 8.428814570145233076e-04
7.575000000000000178e+00 2.336999587243997981e-03 2.397807311783808470e-03 7.607657770542876124e-04 7.942183118780231539e-04
7.599999999999999645e+00 2.233000031934581023e-03 2.290902511179307259e-03 7.167996311193681981e-04 7.482926131090345814e-04
7.625000000000000000e+00 2.133542690957878577e-03 2.188672964797029608e-03 6.753169881076877094e-04 7.049591521062374471e-04
7.650000000000000355e+00 2.038441818157117353e-03 2.090927442731579499e-03 6.361848283621303335e-04 6.640795017386957660e-04
7.674999999999999822e+00 1.947518011960246024e-03 1.997481222969263882e-03 5.992764877823574064e-04 6.255217914919700313e-04
7.700000000000000178e+00 1.860598104978094343e-03 1.908156002977851083e-03 5.644714233636563983e-04 5.891604866679184521e-04
7.724999999999999645e+00 1.777515049007807272e-03 1.822779760992086252e-03 5.316549900081524995e-04 5.548761494653054122e-04
7.750000000000000000e+00 1.698107798795909758e-03 1.741186653214912968e-03 5.007182172051360784e-04 5.225552193921299653e-04
7.775000000000000355e+00 1.622221176001815198e-03 1.663216870691576910e-03 4.715575837891495614e-04 4.920897824865122418e-04
7.799999999999999822e+00 1.549705744879181953e-03 1.588716503691342541e-03 4.440748009986390300e-04 4.633773463330359858e-04
7.825000000000000178e+00 1.480417674178128836e-03 1.517537412713431582e-03 4.181765964452393647e-04 4.363206240504330434e-04
7.849999999999999645e+00 1.414218593578073268e-03 1.449537077145398667e-03 3.937745012191703900e-04 4.108273146145541375e-04
7.875000000000000000e+00 1.350975450886964836e-03 1.384578450236874717e-03 3.707846428783541544e-04 3.868098910640850423e-04
7.900000000000000355e+00 1.290560364958522879e-03 1.322529808945407427e-03 3.491275422616895645e-04 3.641853922326095073e-04
7.924999999999999822e+00 1.232850478423481132e-03 1.263264600705352918e-03 3.287279159478998956e-04 3.428752188677932733e-04
7.950000000000000178e+00 1.177727810499258360e-03 1.206661294067803460e-03 3.095144852718234216e-04 3.228049369862157699e-04
7.974999999999999645e+00 1.125079108061158512e-03 1.152603226975502937e-03 2.914197901228935002e-04 3.039040867352371797e-04
8.000000000000000000e+00 1.074795698237317708e-03 1.100978454233739884e-03 2.743800079277258709e-04 2.861059958399309023e-04
8.025000000000000355e+00 1.026773340789758748e-03 1.051679595953585985e-03 2.583347799682825436e-04 2.693475994007095355e-04
8.050000000000000711e+00 9.809120831719348507e-04 1.004603689905385171e-03 2.432270434689011343e-04 2.535692670651724240e-04
8.074999999999999289e+00 9.371161145089174213e-04 9.596520416064198812e-04 2.290028689428015162e-04 2.387146348314427903e-04
8.099999999999999645e+00 8.952936229287501626e-04 9.167300764619640795e-04 2.156113040670534840e-04 2.247304430687553753e-04
8.125000000000000000e+00 8.553566566088502323e-04 8.757471969683872006e-04 2.030042243865896412e-04 2.115663815636541266e-04
8.150000000000000355e+00 8.172209847923987908e-04 8.366166411413342380e-04 1.911361890632002703e-04 1.991749405729993292e-04
8.175000000000000711e+00 7.808059623136060553e-04 7.992553423602253649e-04 1.799643026529691063e-04 1.875112672128178865e-04
8.199999999999999289e+00 7.460343968436366395e-04 7.635837931883547028e-04 1.694480832987167685e-04 1.765330284084296465e-04
8.224999999999999645e+00 7.128324189209378102e-04 7.295259112864136992e-04 1.595493358550700055e-04 1.662002793410489098e-04
8.250000000000000000e+00 6.811293566975313652e-04 6.970089097771673846e-04 1.502320316544419334e-04 1.564753378990551939e-04
8.275000000000000355e+00 6.508576114160718714e-04 6.659631703405504690e-04 1.414621928034938956e-04 1.473226648343829639e-04
8.300000000000000711e+00 6.219525373519479289e-04 6.363221192350805057e-04 1.332077820277570456e-04 1.387087490826596173e-04
8.324999999999999289e+00 5.943523252642351736e-04 6.080221067703426218e-04 1.254385979697553773e-04 1.306019984786688237e-04
8.349999999999999645e+00 5.679978889964280029e-04 5.810022906225939749e-04 1.181261751674535134e-04 1.229726356726298507e-04
8.375000000000000000e+00 5.428327552451318785e-04 5.552045225955298986e-04 1.112436889779914990e-04 1.157925990804813679e-04
8.400000000000000355e+00 5.188029572308555182e-04 5.305732384087545475e-04 1.047658653194924558e-04 1.090354485295018177e-04
8.425000000000000711e+00 4.958569314555499831e-04 5.070553518709924835e-04 9.866889464059646611e-05 1.026762757967773879e-04
8.449999999999999289e+00 4.739454177080734015e-04 4.846001515040916229e-04 9.293035026407587434e-05 9.669161928637151886e-05
8.474999999999999645e+00 4.530213632984787689e-04 4.631592014762781948e-04 8.752911116599155453e-05 9.105938328178449475e-05
8.500000000000000000e+00 4.330398293294343624e-04 4.426862457562552133e-04 8.244528833633549443e-05 8.575876128445238946e-05
8.525000000000000355e+00 4.139579006436838260e-04 4.231371147317113525e-04 7.766015514727356685e-05 8.077016312338040481e-05
8.550000000000000711e+00 3.957345998368409128e-04 4.044696363525341091e-04 7.315608144023151398e-05 7.607514609177861375e-05
8.574999999999999289e+00 3.783308037263556699e-04 3.866435502238296513e-04 6.891647110501856403e-05 7.165634968159828610e-05
8.599999999999999645e+00 3.617091630598434485e-04 3.696204246327374214e-04 6.492570287912495844e-05 6.749743373688937593e-05
8.625000000000000000e+00 3.458340250294121869e-04 3.533635768340847140e-04 6.116907429710962600e-05 6.358301989325398636e-05
8.650000000000000355e+00 3.306713591998237402e-04 3.378379964253506616e-04 5.763274891269637716e-05 5.989863626035440882e-05
8.675000000000000711e+00 3.161886862985072979e-04 3.230102716929615170e-04 5.430370624247328075e-05 5.643066507408566140e-05
8.699999999999999289e+00 3.023550093909596094e-04 3.088485190276864115e-04 5.116969440170780379e-05 5.316629324534423873e-05
8.724999999999999645e+00 2.891407481546398703e-04 2.953223148391144579e-04 4.821918553195926908e-05 5.009346559662434801e-05
8.750000000000000000e+00 2.765176757853240715e-04 2.824026304509896020e-04 4.544133362025926765e-05 4.720084074764797612e-05
8.775000000000000355e+00 2.644588583855579135e-04 2.700617696101055587e-04 4.282593467766437168e-05 4.447774943635070678e-05
8.800000000000000711e+00 2.529385969937361536e-04 2.582733085062954869e-04 4.036338916570755294e-05 4.191415516896408202e-05
8.824999999999999289e+00 2.419323719130996692e-04 2.470120385948105200e-04 3.804466652291927178e-05 3.950061713312374924e-05
8.849999999999999645e+00 2.314167893318894230e-04 2.362539113279332726e-04 3.586127174472804601e-05 3.722825514545575120e-05
8.875000000000000000e+00 2.213695304469610826e-04 2.259759855475733240e-04 3.380521389575911562e-05 3.508871664010287830e-05
8.900000000000000355e+00 2.117693025801054192e-04 2.161563772963222046e-04 3.186897637295331312e-05 3.307414560861703058e-05
8.925000000000000711e+00 2.025957923335872709e-04 2.067742113353478856e-04 3.004548885159153906e-05 3.117715318847823593e-05
8.949999999999999289e+00 1.938296209633523157e-04 1.978095750755873999e-04 2.832810097686969534e-05 2.939079005246056464e-05
8.974999999999999645e+00 1.854523015293754013e-04 1.892434744617456800e-04 2.671055742207850686e-05 2.770852036896217363e-05
9.000000000000000000e+00 1.774461980549664919e-04 1.810577916529968032e-04 2.518697449452425878e-05 2.612419722345733542e-05
9.025000000000000355e+00 1.697944865130399182e-04 1.732352449084904509e-04 2.375181811749191071e-05 2.463203957091740867e-05
9.050000000000000711e+00 1.624811173359512495e-04 1.657593499704052725e-04 2.239988299930799334e-05 2.322661046378494124e-05
9.074999999999999289e+00 1.554907797721208330e-04 1.586143830834520956e-04 2.112627310646325685e-05 2.190279652817804873e-05
9.099999999999999645e+00 1.488088678468886474e-04 1.517853460395536308e-04 1.992638328693490421e-05 2.065578873476626886e-05
9.125000000000000000e+00 1.424214477244932465e-04 1.452579324748505985e-04 1.879588191617443283e-05 1.948106423673672723e-05
9.150000000000000355e+00 1.363152266789954782e-04 1.390184958019056376e-04 1.773069461566202483e-05 1.837436928620111651e-05
9.175000000000000711e+00 1.304775233899059777e-04 1.330540186583455023e-04 1.672698891809254506e-05 1.733170318888778850e-05
9.199999999999999289e+00 1.248962396222771172e-04 1.273520836373646221e-04 1.578115982650087382e-05 1.634930317475142260e-05
9.224999999999999645e+00 1.195598331863005501e-04 1.219008454326343360e-04 1.488981624990702502e-05 1.542363018479447225e-05
9.250000000000000000e+00 1.144572921247964041e-04 1.166890042124024609e-04 1.404976824484566429e-05 1.455135549994008520e-05
9.275000000000000355e+00 1.095781101087454044e-04 1.117057802418094096e-04 1.325801499563271183e-05 1.372934816712190489e-05
9.300000000000000711e+00 1.049122629518525269e-04 1.069408896767209553e-04 1.251173352617507055e-05 1.295466316559358791e-05
9.324999999999999289e+00 1.004501862062760677e-04 1.023845214678109091e-04 1.180826807752080690e-05 1.222453029092883091e-05
9.349999999999999645e+00 9.618275379083142504e-05 9.802731533094969447e-05 1.114512011580112931e-05 1.153634368707526709e-05
9.375000000000000000e+00 9.210125760567266498e-05 9.386034073401958470e-05 1.051993895933930217e-05 1.088765202289867462e-05
9.400000000000000355e+00 8.819738810949821653e-05 8.987507687550691233e-05 9.930512934553994015e-06 1.027614924522087864e-05
9.425000000000000711e+00 8.446321579179078898e-05 8.606339358936007070e-05 9.374761083750855721e-06 9.699665888618591120e-06
9.449999999999999289e+00 8.089117350648251915e-05 8.241753314568018543e-05 8.850725352944751199e-06 9.156160903964180833e-06
9.474999999999999645e+00 7.747403962209227968e-05 7.893009289534765559e-05 8.356563264853134445e-06 8.643713979288236764e-06
9.500000000000000000e+00 7.420492195575762449e-05 7.559400871584234663e-05 7.890541021370362328e-06 8.160518323958611457e-06
9.525000000000000355e+00 7.107724247561442697e-05 7.240253924736848119e-05 7.451027009604823386e-06 7.704873879521205129e-06
9.550000000000000711e+00 6.808472270618024067e-05 6.934925086523795548e-05 7.036485717702275923e-06 7.275180940275105425e-06
9.574999999999999289e+00 6.522136981463038004e-05 6.642800335239759158e-05 6.645472004701577729e-06 6.869934163206025109e-06
9.599999999999999645e+00 6.248146335531590842e-05 6.363293624863272896e-05 6.276625713585958509e-06 6.487716930778230952e-06
9.625000000000000000e+00 5.985954263137932107e-05 6.095845583581659062e-05 5.928666613436885616e-06 6.127196058111895873e-06
9.650000000000000355e+00 5.735039464807290655e-05 5.839922274010369267e-05 5.600389630865647831e-06 5.787116811807775651e-06
9.675000000000000711e+00 5.494904263874633948e-05 5.595014011489686929e-05 5.290660386602690299e-06 5.466298231655223726e-06
9.699999999999999289e+00 5.265073512299808421e-05 5.360634238383366133e-05 4.998410993095699302e-06 5.163628737508064285e-06
9.724999999999999645e+00 5.045093547156799285e-05 5.136318450460721283e-05 4.722636097717149205e-06 4.878061996316635879e-06
9.750000000000000000e+00 4.834531197551422118e-05 4.921623174160250861e-05 4.462389167638008112e-06 4.608613035688945442e-06
9.775000000000000355e+00 4.632972837303103437e-05 4.716124992550870573e-05 4.216778999143116976e-06 4.354354593729619896e-06
9.800000000000000711e+00 4.440023482337635571e-05 4.519419616452929661e-05 3.984966438462586269e-06 4.114413688678923634e-06
9.824999999999999289e+00 4.255305930615221736e-05 4.331120999870137684e-05 3.766161293291390903e-06 3.887968395230119053e-06
9.849999999999999645e+00 4.078459941741640634e-05 4.150860496509188640e-05 3.559619432175583529e-06 3.674244811007253923e-06
9.875000000000000000e+00 3.909141455930410325e-05 3.978286056142786966e-05 3.364640059800856616e-06 3.472514209224004618e-06
9.900000000000000355e+00 3.747021849416295341e-05 3.813061458978557385e-05 3.180563152130609349e-06 3.282090359122878390e-06
9.925000000000000711e+00 3.591787224282952682e-05 3.654865586075984273e-05 3.006767048576128156e-06 3.102327010441844857e-06
9.949999999999999289e+00 3.443137732133208663e-05 3.503391723506535458e-05 2.842666181181685543e-06 2.932615524409106406e-06
9.974999999999999645e+00 3.300786929360940362e-05 3.358346899970432090e-05 2.687708950554718251e-06 2.772382649740111530e-06
1.000000000000000000e+01 3.164461162226207055e-05 3.219451254899094472e-05 2.541375722108066319e-06 2.621088433431911901e-06
1.002500000000000036e+01 3.033898981503410449e-05 3.086437436482057103e-05 2.403176939496778488e-06 2.478224252595074247e-06
1.005000000000000071e+01 2.908850583904476055e-05 2.959050028240520344e-05 2.272651357350638511e-06 2.343310966317759587e-06
1.007499999999999929e+01 2.789077279763627353e-05 2.837045002041760594e-05 2.149364376099985956e-06 2.215897178845962685e-06
1.009999999999999964e+01 2.674350985624880832e-05 2.720189196770160644e-05 2.032906474637533778e-06 2.095557604700163201e-06
1.012500000000000000e+01 2.564453740626965571e-05 2.608259821673070424e-05 1.922891740509549128e-06 1.981891532701172834e-06
1.015000000000000036e+01 2.459177245303579613e-05 2.501043982797901934e-05 1.818956483835061067e-06 1.874521381966365026e-06
1.017500000000000071e+01 2.358322421999252915e-05 2.398338231487464432e-05 1.720757935080947218e-06 1.773091342323325765e-06
1.019999999999999929e+01 2.261698995800250704e-05 2.299948134204242455e-05 1.627973022624735175e-06 1.677266098269365229e-06
1.022499999999999964e+01 2.169125094869140896e-05 2.205687862278520151e-05 1.540297217755292779e-06 1.586729627052553516e-06
1.025000000000000000e+01 2.080426869361297896e-05 2.115379800770570115e-05 1.457443453219416882e-06 1.501184068365660880e-06
1.027500000000000036e+01 1.995438128130193006e-05 2.028854175453010823e-05 1.379141104141343205e-06 1.420348662673341748e-06
1.030000000000000071e+01 1.913999992409807526e-05 1.945948697566869404e-05 1.305135028180049574e-06 1.343958751191142243e-06
1.032499999999999929e+01 1.835960565257092997e-05 1.866508224712568688e-05 1.235184664276657376e-06 1.271764835922241284e-06
1.034999999999999964e+01 1.761174616537514151e-05 1.790384437521792648e-05 1.169063184549073461e-06 1.203531695254062965e-06
1.037500000000000000e+01 1.689503282425274582e-05 1.717435531502132750e-05 1.106556696268810733e-06 1.139037552880251754e-06
1.040000000000000036e+01 1.620813778812590483e-05 1.647525923030095945e-05 1.047463489037989363e-06 1.078073294352420130e-06
1.042500000000000071e+01 1.554979128002828274e-05 1.580525969043345238e-05 9.915933288874244571e-07 1.020441730629468485e-06
1.044999999999999929e+01 1.491877897993089882e-05 1.516311699769607417e-05 9.387667935574292540e-07 9.659569056462475968e-07
1.047499999999999964e+01 1.431393953687518126e-05 1.454764563630949590e-05 8.888146471859289713e-07 9.144434449435291911e-07
1.050000000000000000e+01 1.373416219658165691e-05 1.395771183989471631e-05 8.415772499526585604e-07 8.657359421468711376e-07
1.052500000000000036e+01 1.317838453776583809e-05 1.339223127141556359e-05 7.969040039612169700e-07 8.196783812046627429e-07
1.055000000000000071e+01 1.264559031266415441e-05 1.285016680963822789e-05 7.546528322704394624e-07 7.761235937726292568e-07
1.057499999999999929e+01 1.213480738660249851e-05 1.233052643767375120e-05 7.146896868566243001e-07 7.349327478375486559e-07
1.059999999999999964e+01 1.164510577187802967e-05 1.183236122831198337e-05 6.768880866145991791e-07 6.959748664722282536e-07
1.062500000000000000e+01 1.117559575171333275e-05 1.135476342187156840e-05 6.411286820428673393e-07 6.591263749882377093e-07
1.065000000000000036e+01 1.072542608995873788e-05 1.089686459206800246e-05 6.072988455870778319e-07 6.242706746476348541e-07
1.067500000000000071e+01 1.029378232267637154e-05 1.045783389602844865e-05 5.752922854403033851e-07 5.912977412733645498e-07
1.069999999999999929e+01 9.879885127419022958e-06 1.003687640416180611e-05 5.450086827079734486e-07 5.601037473258916708e-07
1.072499999999999964e+01 9.482988766881100400e-06 9.633231506211305167e-06 5.163533494053517596e-07 5.305907065304362864e-07
1.075000000000000000e+01 9.102379603441110301e-06 9.246171390154244980e-06 4.892369058499905231e-07 5.026661386371640774e-07
1.077500000000000036e+01 8.737374681168687816e-06 8.874999590373271476e-06 4.635749776367839275e-07 4.762427541226683364e-07
1.080000000000000071e+01 8.387320372164540317e-06 8.519049601807278220e-06 4.392879097619562665e-07 4.512381571284442291e-07
1.082499999999999929e+01 8.051591084183582080e-06 8.177683557077645003e-06 4.163004979155223821e-07 4.275745659525199415e-07
1.084999999999999964e+01 7.729588026838220467e-06 7.850290963596165902e-06 3.945417346614164514e-07 4.051785496567917394e-07
1.087500000000000000e+01 7.420738033630318039e-06 7.536287498011194729e-06 3.739445705024983582e-07 3.839807797789553159e-07
1.090000000000000036e+01 7.124492437048946353e-06 7.235113855098833870e-06 3.544456892954589421e-07 3.639157966941954229e-07
1.092500000000000071e+01 6.840325994444925683e-06 6.946234648698665798e-06 3.359852962558866043e-07 3.449217896292215206e-07
1.094999999999999929e+01 6.567735862360172482e-06 6.669137362322627254e-06 3.185069182846467469e-07 3.269403892239510342e-07
1.097499999999999964e+01 6.306240616927173936e-06 6.403331347082558245e-06 3.019572157374871234e-07 3.099164722119559914e-07
1.100000000000000000e+01 6.055379318185001542e-06 6.148346864584472031e-06 2.862858050991858979e-07 2.937979771855543369e-07
1.102500000000000036e+01 5.814710616557223977e-06 5.903734173026010783e-06 2.714450922406456032e-07 2.785357313629489894e-07
1.105000000000000071e+01 5.583811899217303632e-06 5.669062654234541638e-06 2.573901146630608261e-07 2.640832871032655770e-07
1.107499999999999929e+01 5.362278474692174937e-06 5.443919979885469009e-06 2.440783932339495932e-07 2.503967678727159828e-07
1.109999999999999964e+01 5.149722793890198592e-06 5.227911315045362874e-06 2.314697923043645150e-07 2.374347231279392272e-07
1.112500000000000000e+01 4.945773705982174462e-06 5.020658557309075089e-06 2.195263879140451953e-07 2.251579915369225690e-07
1.115000000000000036e+01 4.750075747394851885e-06 4.821799610068120301e-06 2.082123433750921679e-07 2.135295720303023550e-07
1.117500000000000071e+01 4.562288462356733218e-06 4.630987688018971443e-06 1.974937922625211808e-07 2.025145022372618205e-07
1.119999999999999929e+01 4.382085753834497951e-06 4.447890653680231924e-06 1.873387279575258507e-07 1.920797440440104369e-07
1.122499999999999964e+01 4.209155263184168151e-06 4.272190383506817818e-06 1.777168994438273245e-07 1.821940755108162197e-07
1.125000000000000000e+01 4.043197777279612753e-06 4.103582162037415421e-06 1.685997130849507926e-07 1.728279891047890439e-07
1.127500000000000036e+01 3.883926662032899328e-06 3.941774103044170941e-06 1.599601399548969408e-07 1.639535955656230590e-07
1.130000000000000071e+01 3.731067320829593158e-06 3.786486596294234424e-06 1.517726287073418807e-07 1.555445335214619184e-07
1.132499999999999929e+01 3.584356676967848547e-06 3.637451778777919818e-06 1.440130230062518290e-07 1.475758840548784178e-07
1.134999999999999964e+01 3.443542678932738874e-06 3.494413029378482370e-06 1.366584839375195814e-07 1.400240902143268039e-07
1.137500000000000000e+01 3.308383827408105392e-06 3.357124485777859788e-06 1.296874166883066380e-07 1.328668810673404557e-07
1.140000000000000036e+01 3.178648723177211334e-06 3.225350582705277066e-06 1.230794014768533826e-07 1.260832001255809615e-07
1.142500000000000071e+01 3.054115634852201409e-06 3.098865610529238538e-06 1.168151282394364200e-07 1.196531377580691431e-07
1.144999999999999929e+01 2.934572085583246233e-06 2.977453293226659827e-06 1.108763352219738816e-07 1.135578674810608984e-07
1.147499999999999964e+01 2.819814457909825105e-06 2.860906384923945099e-06 1.052457509144215200e-07 1.077795858941991362e-07
1.150000000000000000e+01 2.709647615895303553e-06 2.749026284142267138e-06 9.990703927680926045e-08 1.023014559490144635e-07
1.152500000000000036e+01 2.603884543783946472e-06 2.641622664909008113e-06 9.484474803009980449e-08 9.710755345617256319e-08
1.155000000000000071e+01 2.502346000457545340e-06 2.538513124051769477e-06 9.004425986960250608e-08 9.218281654966611607e-08
1.157499999999999929e+01 2.404860188950786909e-06 2.439522843873777231e-06 8.549174653683888141e-08 8.751299810947727819e-08
1.159999999999999964e+01 2.311262440387149877e-06 2.344484269592736042e-06 8.117412527655314670e-08 8.308462078579051019e-08
1.162500000000000000e+01 2.221394911639256495e-06 2.253236800811176307e-06 7.707901791696432520e-08 7.888493457338196676e-08
1.165000000000000036e+01 2.135106296155768588e-06 2.165626496425820871e-06 7.319471212022462935e-08 7.490187679088156300e-08
1.167500000000000071e+01 2.052251547337277002e-06 2.081505792384165590e-06 6.951012480132680280e-08 7.112403423282368125e-08
1.169999999999999929e+01 1.972691613911504588e-06 2.000733231706486164e-06 6.601476771211260383e-08 6.754060751736728699e-08
1.172499999999999964e+01 1.896293186753012090e-06 1.923173206206777330e-06 6.269871485296686896e-08 6.414137742016321196e-08
1.175000000000000000e+01 1.822928456660931169e-06 1.848695709397115280e-06 5.955257173105058813e-08 6.091667307846328948e-08
1.177500000000000036e+01 1.752474882612285068e-06 1.777176100103823181e-06 5.656744632587201378e-08 5.785734197445926635e-08
1.180000000000000071e+01 1.684814970017630818e-06 1.708494876306755391e-06 5.373492167946023282e-08 5.495472159483468259e-08
1.182499999999999929e+01 1.619836058522794531e-06 1.642537458735028172e-06 5.104702997915524384e-08 5.220061266259248329e-08
1.184999999999999964e+01 1.557430118952696385e-06 1.579193983794189676e-06 4.849622810923180667e-08 4.958725384872266930e-08
1.187500000000000000e+01 1.497493558987606099e-06 1.518359105416472264e-06 4.607537459019721254e-08 4.710729792634839603e-08
1.190000000000000036e+01 1.439927037190109665e-06 1.459931805438727128e-06 4.377770775405846768e-08 4.475378923736082061e-08
1.192500000000000071e+01 1.384635285004904995e-06 1.403815212128431929e-06 4.159682511705704724e-08 4.252014239612053481e-08
1.194999999999999929e+01 1.331526936388585009e-06 1.349916426495590361e-06 3.952666391852147810e-08 4.040012216769064327e-08
1.197499999999999964e+01 1.280514364741374135e-06 1.298146356059996327e-06 3.756148273856968627e-08 3.838782448390948884e-08
1.200000000000000000e+01 1.231513526803342908e-06 1.248419555735879863e-06 3.569584411573393056e-08 3.647765849168133853e-08
1.202500000000000036e+01 1.184443813221455545e-06 1.200654075522005607e-06 3.392459813833311822e-08 3.466432960883101770e-08
1.205000000000000071e+01 1.139227905494217614e-06 1.154771314702736291e-06 3.224286692330205358e-08 3.294282349982611429e-08
1.207499999999999929e+01 1.095791639009042934e-06 1.110695882271864228e-06 3.064602996749999256e-08 3.130839095001248998e-08
1.209999999999999964e+01 1.054063871915169670e-06 1.068355463307318084e-06 2.912971026973392006e-08 2.975653355429442304e-08
1.212500000000000000e+01 1.013976359574262774e-06 1.027680691041710304e-06 2.768976125854887784e-08 2.828299020337043945e-08
1.215000000000000036e+01 9.754636343374297902e-07 9.886050243708356416e-07 2.632225443127154064e-08 2.688372432754146572e-08
1.217500000000000071e+01 9.384628904314782148e-07 9.510646305696149476e-07 2.502346762224444042e-08 2.555491182088760538e-08
1.219999999999999929e+01 9.029138737217480893e-07 9.149982729897148062e-07 2.378987394863065739e-08 2.429292961469986499e-08
1.222499999999999964e+01 8.687587761420686131e-07 8.803472035163688442e-07 2.261813137967719141e-08 2.309434490999972087e-08
1.225000000000000000e+01 8.359421345937960017e-07 8.470550595830388629e-07 2.150507283138035356e-08 2.195590497836692513e-08
1.227500000000000036e+01 8.044107341162466465e-07 8.150677655459310493e-07 2.044769682822787407e-08 2.087452752156274229e-08
1.230000000000000071e+01 7.741135151447089419e-07 7.843334382268459188e-07 1.944315867958341572e-08 1.984729156495700218e-08
1.232499999999999929e+01 7.450014846798507166e-07 7.548022964452088019e-07 1.848876211364154462e-08 1.887142884705939535e-08
1.234999999999999964e+01 7.170276312007100072e-07 7.264265743685369285e-07 1.758195137571946235e-08 1.794431566371332505e-08
1.237500000000000000e+01 6.901468431570304376e-07 6.991604385135208935e-07 1.672030376455120568e-08 1.706346517499606192e-08
1.240000000000000036e+01 6.643158308903296416e-07 6.729599082422594657e-07 1.590152255658107697e-08 1.622652011392538166e-08
1.242500000000000071e+01 6.394930518346298114e-07 6.477827796035292557e-07 1.512343034093714437e-08 1.543124590835868819e-08
1.244999999999999929e+01 6.156386388559377600e-07 6.235885523738141974e-07 1.438396267260685322e-08 1.467552416042428878e-08
1.247499999999999964e+01 5.927143315969150821e-07 6.003383601622057715e-07 1.368116210618163878e-08 1.395734647979396133e-08
1.250000000000000000e+01 5.706834106965633218e-07 5.779949034461827054e-07 1.301317254063279668e-08 1.327480866458394939e-08
1.252500000000000036e+01 5.495106347632898955e-07 5.565223854140179312e-07 1.237823385476936227e-08 1.262610517976178933e-08
1.255000000000000071e+01 5.291621799825366969e-07 5.358864504928985334e-07 1.177467685648947008e-08 1.200952394473406495e-08
1.257499999999999929e+01 5.096055822475753258e-07 5.160541254478024435e-07 1.120091848705492551e-08 1.142344140062682675e-08
1.259999999999999964e+01 4.908096817053187168e-07 4.969937629424099095e-07 1.065545728891482884e-08 1.086631784131221540e-08
1.262500000000000000e+01 4.727445696142648926e-07 4.786749874559070886e-07 1.013686911023911096e-08 1.033669299470482309e-08
1.265000000000000036e+01 4.553815374166351339e-07 4.610686434561052056e-07 9.643803044882051025e-09 9.833181839233697069e-09
1.267500000000000071e+01 4.386930279296232537e-07 4.441467457320037701e-07 9.174977597392148253e-09 9.354470652423276124e-09
1.269999999999999929e+01 4.226525885676211902e-07 4.278824317949616709e-07 8.729177039121680898e-09 8.899313267420119870e-09
1.272499999999999964e+01 4.072348265077224649e-07 4.122499162604876339e-07 8.305247966101926968e-09 8.466527526778708970e-09
1.275000000000000000e+01 3.924153657163382889e-07 3.972244471255229680e-07 7.902096046896780875e-09 8.054991932768424856e-09
1.277500000000000036e+01 3.781708057598031776e-07 3.827822638630268290e-07 7.518682931598695647e-09 7.663642473202192195e-09
1.280000000000000071e+01 3.644786823213117597e-07 3.689005572548947496e-07 7.154023332613408717e-09 7.291469614244410515e-09
1.282499999999999929e+01 3.513174293540851726e-07 3.555574308910616506e-07 6.807182261164581997e-09 6.937515458199279802e-09
1.284999999999999964e+01 3.386663428009628449e-07 3.427318642641751083e-07 6.477272408279030564e-09 6.600871049473502124e-09
1.287500000000000000e+01 3.265055458141148806e-07 3.304036773922409911e-07 6.163451667593615840e-09 6.280673826814461169e-09
1.290000000000000036e+01 3.148159554127578320e-07 3.185534969049581752e-07 5.864920787014370629e-09 5.976105208339996077e-09
1.292500000000000071e+01 3.035792505182076120e-07 3.071627235331445434e-07 5.580921147213186487e-09 5.686388307343373769e-09
1.294999999999999929e+01 2.927778413074499925e-07 2.962135009407232293e-07 5.310732656126686439e-09 5.410785767091989132e-09
1.297499999999999964e+01 2.823948398316173779e-07 2.856886858440603449e-07 5.053671753546085776e-09 5.148597711780354190e-09
1.300000000000000000e+01 2.724140318453160114e-07 2.755718193646285787e-07 4.809089524742975379e-09 4.899159803585308697e-09
1.302500000000000036e+01 2.628198497964692643e-07 2.658470995628619431e-07 4.576369914114401536e-09 4.661841408526801645e-09
1.305000000000000071e+01 2.535973469282849024e-07 2.564993551040370766e-07 4.354928025441700970e-09 4.436043851490776233e-09
1.307499999999999929e+01 2.447321724471096095e-07 2.475140200092796646e-07 4.144208522978033556e-09 4.221198769291774125e-09
1.309999999999999964e+01 2.362105477114540160e-07 2.388771094460015196e-07 3.943684106315829865e-09 4.016766547648889358e-09
1.312500000000000000e+01 2.280192433999338388e-07 2.305751965145637354e-07 3.752854073325787244e-09 3.822234841258101176e-09
1.315000000000000036e+01 2.201455576173750241e-07 2.225953899897823484e-07 3.571242955179111689e-09 3.637117173353123392e-09
1.317500000000000071e+01 2.125772949002739635e-07 2.149253129777197754e-07 3.398399220864715597e-09 3.460951606060718661e-09
1.319999999999999929e+01 2.053027460841745350e-07 2.075530824495424729e-07 3.233894052946665843e-09 3.293299481662584590e-09
1.322499999999999964e+01 1.983106689974789637e-07 2.004672896163359344e-07 3.077320186392672480e-09 3.133744230415949839e-09
1.325000000000000000e+01 1.915902699473672623e-07 1.936569811099782637e-07 2.928290808461472306e-09 2.981890240810618556e-09
1.327500000000000036e+01 1.851311859651488078e-07 1.871116409366436656e-07 2.786438515620537917e-09 2.837361788910339391e-09
1.330000000000000071e+01 1.789234677798146295e-07 1.808211731711094902e-07 2.651414326919380568e-09 2.699802024216210333e-09
1.332499999999999929e+01 1.729575634899271479e-07 1.747758853615779661e-07 2.522886745682869481e-09 2.568872008649593013e-09
1.334999999999999964e+01 1.672243029049180930e-07 1.689664726155187231e-07 2.400540871438577527e-09 2.444249803784923763e-09
1.337500000000000000e+01 1.617148825284435117e-07 1.633840023385658814e-07 2.284077559295643842e-09 2.325629608319838682e-09
1.340000000000000036e+01 1.564208511574810376e-07 1.580198995997632106e-07 2.173212621170679638e-09 2.212720938426578228e-09
1.342500000000000071e+01 1.513340960719562442e-07 1.528659330974656020e-07 2.067676070743523398e-09 2.105247852817663455e-09
1.344999999999999929e+01 1.464468297907638631e-07 1.479142017012835361e-07 1.967211404493375270e-09 2.002948216033819020e-09
1.347499999999999964e+01 1.417515773711938573e-07 1.431571215466614900e-07 1.871574923841766299e-09 1.905573001626208745e-09
1.350000000000000178e+01 1.372411642294921062e-07 1.385874136594799853e-07 1.780535091355782299e-09 1.812885631792498015e-09
1.352500000000000213e+01 1.329087044614862351e-07 1.341980920891328647e-07 1.693871918014652519e-09 1.724661350801688286e-09
1.355000000000000249e+01 1.287475896429432708e-07 1.299824525294644968e-07 1.611376383564092830e-09 1.640686629299043146e-09
1.357499999999999929e+01 1.247514780902324777e-07 1.259340614077194192e-07 1.532849890134607372e-09 1.560758602785261531e-09
1.359999999999999964e+01 1.209142845627404646e-07 1.220467454226509208e-07 1.458103738639197185e-09 1.484684537217306977e-09
1.362500000000000000e+01 1.172301703891700481e-07 1.183145815136023316e-07 1.386958635569661043e-09 1.412281321942775214e-09
1.365000000000000213e+01 1.136935340007150704e-07 1.147318872432206387e-07 1.319244225577923372e-09 1.343374990282563432e-09
1.367500000000000249e+01 1.102990018547420497e-07 1.112932115771712551e-07 1.254798647171577732e-09 1.277800264533027918e-09
1.369999999999999929e+01 1.070414197333549152e-07 1.079933260449324750e-07 1.193468111084613770e-09 1.215400124195935776e-09
1.372499999999999964e+01 1.039158444018642523e-07 1.048272162664248753e-07 1.135106500976608663e-09 1.156025396359843204e-09
1.375000000000000000e+01 1.009175356128146109e-07 1.017900738298822377e-07 1.079574995702100818e-09 1.099534368174376255e-09
1.377500000000000213e+01 9.804194844184869720e-08 9.887728850698951096e-08 1.026741709397679007e-09 1.045792418936923804e-09
1.380000000000000249e+01 9.528472594225380137e-08 9.608444079191056755e-08 9.764813510577842354e-10 9.946716708600931302e-10
1.382499999999999929e+01 9.264169210556751393e-08 9.340729475136760853e-08 9.286749024047166836e-10 9.460506587223997938e-10
1.384999999999999964e+01 9.010884511622950034e-08 9.084179117352140600e-08 8.832093110996815347e-10 8.998140162725406676e-10
1.387500000000000000e+01 8.768235088871988848e-08 8.838404100391106447e-08 8.399771999878687402e-10 8.558521784286513008e-10
1.390000000000000213e+01 8.535853687613136247e-08 8.603031905720156681e-08 7.988765929379532624e-10 8.140610995514404455e-10
1.392500000000000249e+01 8.313388613961476504e-08 8.377705799398913159e-08 7.598106538395925804e-10 7.743419867888306915e-10
1.394999999999999929e+01 8.100503166855890621e-08 8.162084255235949833e-08 7.226874380543417291e-10 7.366010461100691671e-10
1.397499999999999964e+01 7.896875094179764704e-08 7.955840402432047304e-08 6.874196587338777794e-10 7.007492421043051994e-10
1.400000000000000000e+01 7.702196072058863675e-08 7.758661496768749123e-08 6.539244643583308614e-10 6.667020706443101093e-10
1.402500000000000213e+01 7.516171206448845224e-08 7.570248414438587869e-08 6.221232279149452005e-10 6.343793429859972020e-10
1.405000000000000249e+01 7.338518556162775109e-08 7.390315167654244869e-08 5.919413473148584506e-10 6.037049814765980943e-10
1.407499999999999929e+01 7.168968676525486878e-08 7.218588441209038107e-08 5.633080559973066548e-10 5.746068257113746703e-10
1.409999999999999964e+01 7.007264182877945630e-08 7.054807149198079377e-08 5.361562438178375776e-10 5.470164491575762527e-10
1.412500000000000000e+01 6.853159333187032822e-08 6.898722011142948535e-08 5.104222867453501886e-10 5.208689851300857406e-10
1.415000000000000213e+01 6.706419629051573791e-08 6.750095146798146587e-08 4.860458864345445566e-10 4.961029621816965436e-10
1.417500000000000249e+01 6.566821434422962193e-08 6.608699688946465262e-08 4.629699178724989713e-10 4.726601484300185858e-10
1.419999999999999929e+01 6.434151611392120582e-08 6.474319413523867176e-08 4.411402848138264767e-10 4.504854038202580179e-10
1.422499999999999964e+01 6.308207172419764683e-08 6.346748386440297274e-08 4.205057836758671830e-10 4.295265405073089988e-10
1.425000000000000000e+01 6.188794948417949595e-08 6.225790626493234855e-08 4.010179743951971782e-10 4.097341909262583856e-10
1.427500000000000036e+01 6.075731272116820513e-08 6.111259783799295499e-08 3.826310579937326379e-10 3.910616827008408389e-10
1.430000000000000249e+01 5.968841676172811201e-08 6.002978833191283901e-08 3.653017614499106664e-10 3.734649205559461950e-10
1.432499999999999929e+01 5.867960605502819703e-08 5.900779782054898600e-08 3.489892285675159474e-10 3.569022748654670137e-10
1.434999999999999964e+01 5.772931143351914213e-08 5.804503392105082397e-08 3.336549167035871114e-10 3.413344761246789412e-10
1.437500000000000000e+01 5.683604750623107258e-08 5.713998914622701728e-08 3.192624995705906529e-10 3.267245154253351716e-10
1.440000000000000036e+01 5.599841018020608870e-08 5.629123838695170312e-08 3.057777756582229411e-10 3.130375506739977038e-10
1.442500000000000249e+01 5.521507430579623715e-08 5.549743652026021986e-08 2.931685815511396975e-10 3.002408181899249425e-10
1.444999999999999929e+01 5.448479144176795979e-08 5.475731613901524587e-08 2.814047103921240618e-10 2.883035492007575384e-10
1.447499999999999964e+01 5.380638773629963503e-08 5.406968539916525175e-08 2.704578354812736229e-10 2.771968916034442625e-10
1.450000000000000000e+01 5.317876192021574274e-08 5.343342598086331837e-08 2.603014378735593284e-10 2.668938361662828580e-10
1.452500000000000036e+01 5.260088340894267760e-08 5.284749115987933262e-08 2.509107389034899003e-10 2.573691472911927183e-10
1.455000000000000249e+01 5.207179050985312307e-08 5.231090398591605913e-08 2.422626365628929385e-10 2.485992981470339857e-10
1.457499999999999929e+01 5.159058873183864644e-08 5.182275556460863586e-08 2.343356458498717037e-10 2.405624096704258884e-10
1.459999999999999964e+01 5.115644919411682931e-08 5.138220344016710814e-08 2.271098435035233968e-10 2.332381938043231803e-10
1.462500000000000000e+01 5.076860713141571915e-08 5.098847007575391912e-08 2.205668159298745659e-10 2.266079005054141100e-10
1.465000000000000036e+01 5.042636049286261101e-08 5.064084142887307251e-08 2.146896108529729620e-10 2.206542681850598616e-10
1.467500000000000249e+01 5.012906863202808635e-08 5.033866561918097929e-08 2.094626925000423088e-10 2.153614778913972151e-10
1.469999999999999929e+01 4.987615108573737759e-08 5.008135168628269006e-08 2.048718999249227845e-10 2.107151106783152748e-10
1.472499999999999964e+01 4.966708643939600371e-08 4.986836843523059364e-08 2.009044086933021904e-10 2.067021084061181993e-10
1.475000000000000000e+01 4.950141127667552647e-08 4.969924336752637348e-08 1.975486954727265680e-10 2.033107375156138316e-10
1.477500000000000036e+01 4.937871921158405383e-08 4.957356169561328120e-08 1.947945057702935307e-10 2.005305560065844246e-10
1.480000000000000249e+01 4.929866000105043442e-08 4.949096543895633745e-08 1.926328243792124859e-10 1.983523831935520735e-10
1.482499999999999929e+01 4.926093873628096769e-08 4.945115259993636292e-08 1.910558488067347932e-10 1.967682724827820456e-10
1.484999999999999964e+01 4.926531511125368399e-08 4.945387641789257274e-08 1.900569651648809939e-10 1.957714867207008879e-10
1.487500000000000000e+01 4.931160276684602952e-08 4.949894469978019426e-08 1.896307270086524724e-10 1.953564764145011284e-10
1.490000000000000036e+01 4.939966870919348807e-08 4.958621922601364758e-08 1.897728365796194817e-10 1.955188605816332384e-10
1.492500000000000071e+01 4.952943280099799539e-08 4.971561523018862123e-08 1.904801284707698840e-10 1.962554099604097426e-10
1.494999999999999929e+01 4.970086732460155765e-08 4.988710095147445959e-08 1.917505558918006090e-10 1.975640328770561803e-10
1.497499999999999964e+01 4.991399661576174961e-08 5.010069725859130964e-08 1.935831792964968145e-10 1.994437635365746854e-10
