# col1: r[fm],  col2: chargedensity, col3: weak density [fm^-3](normailized to Q=1)
2.101448349307773875e-07 5.795182534408330199e-02 -8.642565485820888349e-02
2.500000000000000139e-02 5.795513809095708541e-02 -8.642320335495166927e-02
5.000000000000000278e-02 5.796506914474725686e-02 -8.641585667926796055e-02
7.499999999999999722e-02 5.798159691669594468e-02 -8.640363827556389598e-02
1.000000000000000056e-01 5.800468533532972953e-02 -8.638658702742288420e-02
1.250000000000000000e-01 5.803428372476079899e-02 -8.636475698029122405e-02
1.499999999999999944e-01 5.807032666024402462e-02 -8.633821696917964861e-02
1.749999999999999889e-01 5.811273382402221133e-02 -8.630705016573086974e-02
2.000000000000000111e-01 5.816140988724982641e-02 -8.627135356100404384e-02
2.250000000000000056e-01 5.821624444420222394e-02 -8.623123740102379975e-02
2.500000000000000000e-01 5.827711202305164290e-02 -8.618682459152816888e-02
2.750000000000000222e-01 5.834387219344411984e-02 -8.613825008652227500e-02
2.999999999999999889e-01 5.841636978536021707e-02 -8.608566027241994212e-02
3.250000000000000111e-01 5.849443522685919550e-02 -8.602921235602586925e-02
3.499999999999999778e-01 5.857788500095232470e-02 -8.596907376072754348e-02
3.750000000000000000e-01 5.866652221471684719e-02 -8.590542153139776871e-02
4.000000000000000222e-01 5.876013726748694627e-02 -8.583844174500813995e-02
4.249999999999999889e-01 5.885850860008283447e-02 -8.576832892112332130e-02
4.500000000000000111e-01 5.896140350393878904e-02 -8.569528542451175512e-02
4.749999999999999778e-01 5.906857896786004564e-02 -8.561952085120112799e-02
5.000000000000000000e-01 5.917978254096423890e-02 -8.554125138945153917e-02
5.250000000000000222e-01 5.929475319294457564e-02 -8.546069914824203084e-02
5.500000000000000444e-01 5.941322215676782259e-02 -8.537809144780288129e-02
5.749999999999999556e-01 5.953491374380427692e-02 -8.529366006924075927e-02
5.999999999999999778e-01 5.965954612663993545e-02 -8.520764046312853668e-02
6.250000000000000000e-01 5.978683208988996856e-02 -8.512027091977314441e-02
6.500000000000000222e-01 5.991647975372753343e-02 -8.503179170646929519e-02
6.750000000000000444e-01 6.004819327816494912e-02 -8.494244417916849144e-02
6.999999999999999556e-01 6.018167355812368419e-02 -8.485246987747661895e-02
7.249999999999999778e-01 6.031661891990349605e-02 -8.476210961265691346e-02
7.500000000000000000e-01 6.045272582886753593e-02 -8.467160255835087801e-02
7.750000000000000222e-01 6.058968961619951715e-02 -8.458118535310152342e-02
8.000000000000000444e-01 6.072720522976888385e-02 -8.449109122260674287e-02
8.249999999999999556e-01 6.086496801084382430e-02 -8.440154912811252685e-02
8.499999999999999778e-01 6.100267449502018435e-02 -8.431278294567470799e-02
8.750000000000000000e-01 6.114002323267285488e-02 -8.422501067936394303e-02
9.000000000000000222e-01 6.127671562180075221e-02 -8.413844371003592615e-02
9.250000000000001554e-01 6.141245674455147324e-02 -8.405328608016791880e-02
9.499999999999999556e-01 6.154695619808991242e-02 -8.396973381455391516e-02
9.749999999999999778e-01 6.167992891080516238e-02 -8.388797427638218507e-02
1.000000000000000000e+00 6.181109593601868263e-02 -8.380818555836036521e-02
1.024999999999999911e+00 6.194018521715436570e-02 -8.373053590902806986e-02
1.050000000000000044e+00 6.206693232049960429e-02 -8.365518319509951395e-02
1.074999999999999956e+00 6.219108113393313764e-02 -8.358227440147816822e-02
1.100000000000000089e+00 6.231238453205003441e-02 -8.351194517135331064e-02
1.125000000000000000e+00 6.243060500974328964e-02 -8.344431938940875815e-02
1.149999999999999911e+00 6.254551528734332566e-02 -8.337950881155747895e-02
1.175000000000000044e+00 6.265689889079220642e-02 -8.331761274470823875e-02
1.199999999999999956e+00 6.276455071004714836e-02 -8.325871777985635602e-02
1.225000000000000089e+00 6.286827753805626640e-02 -8.320289758129689739e-02
1.250000000000000000e+00 6.296789859138307577e-02 -8.315021273403538915e-02
1.274999999999999911e+00 6.306324601206858560e-02 -8.310071065060756212e-02
1.300000000000000044e+00 6.315416534882091482e-02 -8.305442553759666280e-02
1.324999999999999956e+00 6.324051601431104896e-02 -8.301137842125724808e-02
1.350000000000000089e+00 6.332217171438685177e-02 -8.297157723088899317e-02
1.375000000000000000e+00 6.339902084450800557e-02 -8.293501693801917651e-02
1.399999999999999911e+00 6.347096684869052430e-02 -8.290167974907743098e-02
1.425000000000000044e+00 6.353792853670960084e-02 -8.287153534908545116e-02
1.449999999999999956e+00 6.359984035616275677e-02 -8.284454119391432281e-02
1.475000000000000089e+00 6.365665261711152267e-02 -8.282064284883774996e-02
1.500000000000000000e+00 6.370833166824770022e-02 -8.279977437136616658e-02
1.524999999999999911e+00 6.375486002470906466e-02 -8.278185873662004257e-02
1.550000000000000044e+00 6.379623644865725640e-02 -8.276680830372511177e-02
1.574999999999999956e+00 6.383247598441504911e-02 -8.275452532183351362e-02
1.600000000000000089e+00 6.386360995027755283e-02 -8.274490247435743739e-02
1.625000000000000000e+00 6.388968588905000190e-02 -8.273782345983562991e-02
1.649999999999999911e+00 6.391076747895804711e-02 -8.273316360753807386e-02
1.675000000000000044e+00 6.392693440590942189e-02 -8.273079052548715229e-02
1.699999999999999956e+00 6.393828219726738205e-02 -8.273056477807282094e-02
1.725000000000000311e+00 6.394492201645353424e-02 -8.273234058991846274e-02
1.750000000000000000e+00 6.394698041695565105e-02 -8.273596657216801542e-02
1.774999999999999911e+00 6.394459905377695985e-02 -8.274128646696264633e-02
1.800000000000000044e+00 6.393793435010597381e-02 -8.274813990559429233e-02
1.824999999999999956e+00 6.392715711703930714e-02 -8.275636317568356437e-02
1.850000000000000311e+00 6.391245212455137770e-02 -8.276578999273981330e-02
1.875000000000000000e+00 6.389401762252357175e-02 -8.277625227160172183e-02
1.899999999999999911e+00 6.387206481144527825e-02 -8.278758089350612970e-02
1.925000000000000044e+00 6.384681726328073070e-02 -8.279960646484760267e-02
1.949999999999999956e+00 6.381851029385605945e-02 -8.281216006403187280e-02
1.975000000000000089e+00 6.378739028886368234e-02 -8.282507397314718689e-02
2.000000000000000000e+00 6.375371398613076390e-02 -8.283818239144855045e-02
2.024999999999999911e+00 6.371774771710930763e-02 -8.285132212784007688e-02
2.049999999999999822e+00 6.367976661060559262e-02 -8.286433326964470769e-02
2.075000000000000178e+00 6.364005376159871663e-02 -8.287705982496995638e-02
2.100000000000000089e+00 6.359889936765296403e-02 -8.288935033592768897e-02
2.125000000000000000e+00 6.355659983498374022e-02 -8.290105845987741362e-02
2.149999999999999911e+00 6.351345685577294842e-02 -8.291204351576419995e-02
2.174999999999999822e+00 6.346977645793207279e-02 -8.292217099255122514e-02
2.200000000000000178e+00 6.342586802825284087e-02 -8.293131301673478672e-02
2.225000000000000089e+00 6.338204330981056511e-02 -8.293934877599705435e-02
2.250000000000000000e+00 6.333861537462433244e-02 -8.294616489621607636e-02
2.274999999999999911e+00 6.329589757291397001e-02 -8.295165576930979556e-02
2.299999999999999822e+00 6.325420246080099007e-02 -8.295572382973560865e-02
2.325000000000000178e+00 6.321384070891419849e-02 -8.295827977787485763e-02
2.350000000000000089e+00 6.317511999501447539e-02 -8.295924274897746586e-02
2.375000000000000000e+00 6.313834388437289391e-02 -8.295854042679463858e-02
2.399999999999999911e+00 6.310381070214897414e-02 -8.295610910145911898e-02
2.424999999999999822e+00 6.307181240237585973e-02 -8.295189367155673954e-02
2.450000000000000178e+00 6.304263343832830491e-02 -8.294584759065530555e-02
2.475000000000000089e+00 6.301654963902657280e-02 -8.293793275880995131e-02
2.500000000000000000e+00 6.299382709643043532e-02 -8.292811935975130666e-02
2.524999999999999911e+00 6.297472106754546661e-02 -8.291638564459574701e-02
2.549999999999999822e+00 6.295947489525249852e-02 -8.290271766301768319e-02
2.575000000000000178e+00 6.294831895124579357e-02 -8.288710894291199949e-02
2.600000000000000089e+00 6.294146960408519842e-02 -8.286956011967797076e-02
2.625000000000000000e+00 6.293912821508550193e-02 -8.285007851639084042e-02
2.649999999999999911e+00 6.294148016461587059e-02 -8.282867767631348077e-02
2.674999999999999822e+00 6.294869391137740411e-02 -8.280537684944021259e-02
2.700000000000000178e+00 6.296092008735790224e-02 -8.278020043505948666e-02
2.725000000000000089e+00 6.297829063140139572e-02 -8.275317738266135814e-02
2.750000000000000000e+00 6.300091796462961580e-02 -8.272434055387950513e-02
2.774999999999999911e+00 6.302889421125840164e-02 -8.269372604852923136e-02
2.799999999999999822e+00 6.306229046860929721e-02 -8.266137249815337651e-02
2.825000000000000178e+00 6.310115613027258985e-02 -8.262732033080427696e-02
2.850000000000000089e+00 6.314551826639866472e-02 -8.259161101104221803e-02
2.875000000000000000e+00 6.319538106495745100e-02 -8.255428625932290099e-02
2.899999999999999911e+00 6.325072533751446846e-02 -8.251538725506231409e-02
2.924999999999999822e+00 6.331150809264339541e-02 -8.247495382771824479e-02
2.950000000000000178e+00 6.337766217956974923e-02 -8.243302364022443707e-02
2.975000000000000089e+00 6.344909600406160866e-02 -8.238963136906649054e-02
3.000000000000000000e+00 6.352569331800698993e-02 -8.234480788522446915e-02
3.024999999999999911e+00 6.360731308359021674e-02 -8.229857944013614646e-02
3.049999999999999822e+00 6.369378941254209836e-02 -8.225096686077683350e-02
3.075000000000000178e+00 6.378493158061787627e-02 -8.220198475791511139e-02
3.100000000000000089e+00 6.388052411725619883e-02 -8.215164075159253620e-02
3.125000000000000000e+00 6.398032697028797899e-02 -8.209993471788715191e-02
3.149999999999999911e+00 6.408407574556244934e-02 -8.204685806104468349e-02
3.174999999999999822e+00 6.419148202140613491e-02 -8.199239301508738642e-02
3.200000000000000178e+00 6.430223373788057639e-02 -8.193651197901583028e-02
3.225000000000000089e+00 6.441599566081274153e-02 -8.187917688969538477e-02
3.250000000000000000e+00 6.453240992050116032e-02 -8.182033863644196103e-02
3.274999999999999911e+00 6.465109662482240727e-02 -8.175993652118983268e-02
3.299999999999999822e+00 6.477165454616805318e-02 -8.169789776792572844e-02
3.325000000000000178e+00 6.489366188123622814e-02 -8.163413708481581654e-02
3.350000000000000089e+00 6.501667708220770781e-02 -8.156855628213739717e-02
3.375000000000000444e+00 6.514023975728891469e-02 -8.150104394877556724e-02
3.399999999999999911e+00 6.526387163804596436e-02 -8.143147518966606380e-02
3.424999999999999822e+00 6.538707761042988897e-02 -8.135971142618253493e-02
3.450000000000000622e+00 6.550934680594805437e-02 -8.128560026109359071e-02
3.475000000000000533e+00 6.563015374909600408e-02 -8.120897540936608539e-02
3.500000000000000000e+00 6.574895955695241045e-02 -8.112965669577612560e-02
3.524999999999999911e+00 6.586521318675560288e-02 -8.104745012001079996e-02
3.549999999999999822e+00 6.597835272731175649e-02 -8.096214798969750270e-02
3.575000000000000622e+00 6.608780673020289709e-02 -8.087352912157913520e-02
3.600000000000000089e+00 6.619299557693399116e-02 -8.078135911084638465e-02
3.625000000000000000e+00 6.629333287833641397e-02 -8.068539066843213869e-02
3.649999999999999911e+00 6.638822690269446936e-02 -8.058536402585408931e-02
3.674999999999999822e+00 6.647708202914334730e-02 -8.048100740694431876e-02
3.700000000000000622e+00 6.655930022288569781e-02 -8.037203756552857570e-02
3.725000000000000089e+00 6.663428252867453772e-02 -8.025816038780476946e-02
3.750000000000000000e+00 6.670143057882520210e-02 -8.013907155782598601e-02
3.774999999999999911e+00 6.676014811176679553e-02 -8.001445728412812097e-02
3.799999999999999822e+00 6.680984249685750775e-02 -7.988399508516390302e-02
3.825000000000000178e+00 6.684992626090426049e-02 -7.974735463083580667e-02
3.850000000000000089e+00 6.687981861158752428e-02 -7.960419863706842680e-02
3.875000000000000000e+00 6.689894695282942727e-02 -7.945418381004676345e-02
3.899999999999999911e+00 6.690674838708256245e-02 -7.929696183647680363e-02
3.924999999999999822e+00 6.690267119957220288e-02 -7.913218041600834918e-02
3.950000000000000178e+00 6.688617631969275001e-02 -7.895948433179526826e-02
3.975000000000000089e+00 6.685673875502430585e-02 -7.877851655505350992e-02
4.000000000000000000e+00 6.681384899377036668e-02 -7.858891937940057359e-02
4.025000000000000355e+00 6.675701437178588327e-02 -7.839033558071246965e-02
4.049999999999999822e+00 6.668576040072796141e-02 -7.818240959820003944e-02
4.075000000000000178e+00 6.659963205418301113e-02 -7.796478873237332186e-02
4.099999999999999645e+00 6.649819500887459156e-02 -7.773712435552188049e-02
4.125000000000000000e+00 6.638103683821751366e-02 -7.749907313028042699e-02
4.150000000000000355e+00 6.624776815555144527e-02 -7.725029823177675947e-02
4.174999999999999822e+00 6.609802370437027619e-02 -7.699047056876755224e-02
4.200000000000000178e+00 6.593146339278455059e-02 -7.671926999907587030e-02
4.224999999999999645e+00 6.574777326934386212e-02 -7.643638653455160636e-02
4.250000000000000000e+00 6.554666643724099684e-02 -7.614152153070616325e-02
4.275000000000000355e+00 6.532788390385584065e-02 -7.583438885612987790e-02
4.299999999999999822e+00 6.509119536260622729e-02 -7.551471603680237621e-02
4.325000000000000178e+00 6.483639990417534860e-02 -7.518224537045700706e-02
4.349999999999999645e+00 6.456332665439297458e-02 -7.483673500626383812e-02
4.375000000000000000e+00 6.427183533635290325e-02 -7.447795998525229277e-02
4.400000000000000355e+00 6.396181675473781858e-02 -7.410571323709604086e-02
4.424999999999999822e+00 6.363319320076564478e-02 -7.371980652912042686e-02
4.450000000000000178e+00 6.328591877663437837e-02 -7.332007136365334410e-02
4.474999999999999645e+00 6.291997963878942501e-02 -7.290635982011234306e-02
4.500000000000000000e+00 6.253539415973552451e-02 -7.247854533848981096e-02
4.525000000000000355e+00 6.213221300843855405e-02 -7.203652344115737960e-02
4.549999999999999822e+00 6.171051914959638923e-02 -7.158021239015106840e-02
4.575000000000000178e+00 6.127042776220287257e-02 -7.110955377732434968e-02
4.599999999999999645e+00 6.081208607789379689e-02 -7.062451304496479565e-02
4.625000000000000000e+00 6.033567313957419881e-02 -7.012507993467340106e-02
4.650000000000000355e+00 5.984139948081344806e-02 -6.961126886251177426e-02
4.674999999999999822e+00 5.932950672649159318e-02 -6.908311921864257465e-02
4.700000000000000178e+00 5.880026711522393784e-02 -6.854069558993508560e-02
4.724999999999999645e+00 5.825398294420589679e-02 -6.798408790428610293e-02
4.750000000000000000e+00 5.769098593732624458e-02 -6.741341149572412095e-02
4.775000000000000355e+00 5.711163653769894127e-02 -6.682880708972063766e-02
4.799999999999999822e+00 5.651632312615196413e-02 -6.623044070852120158e-02
4.825000000000000178e+00 5.590546116766761942e-02 -6.561850349672428140e-02
4.849999999999999645e+00 5.527949228825994321e-02 -6.499321146776244895e-02
4.875000000000000000e+00 5.463888328526592814e-02 -6.435480517236615017e-02
4.900000000000000355e+00 5.398412507448153291e-02 -6.370354929050138504e-02
4.924999999999999822e+00 5.331573157795594514e-02 -6.303973214865302155e-02
4.950000000000000178e+00 5.263423855654662115e-02 -6.236366516467102550e-02
4.974999999999999645e+00 5.194020239151742047e-02 -6.167568222269625977e-02
5.000000000000000000e+00 5.123419881953517052e-02 -6.097613898093924567e-02
5.025000000000000355e+00 5.051682162539936766e-02 -6.026541211530263981e-02
5.049999999999999822e+00 4.978868129675009108e-02 -5.954389850201947942e-02
5.075000000000000178e+00 4.905040364487325139e-02 -5.881201434264179961e-02
5.099999999999999645e+00 4.830262839559634758e-02 -5.807019423486161486e-02
5.125000000000000000e+00 4.754600775417310021e-02 -5.731889019279300113e-02
5.150000000000000355e+00 4.678120494802298635e-02 -5.655857062049693407e-02
5.174999999999999822e+00 4.600889275123212080e-02 -5.578971924269041788e-02
5.200000000000000178e+00 4.522975199484322723e-02 -5.501283399675267749e-02
5.224999999999999645e+00 4.444447006715339377e-02 -5.422842589031492966e-02
5.250000000000000000e+00 4.365373940847138562e-02 -5.343701782888771873e-02
5.275000000000000355e+00 4.285825600503914701e-02 -5.263914341813238917e-02
5.299999999999999822e+00 4.205871788704653585e-02 -5.183534574550505147e-02
5.325000000000000178e+00 4.125582363583737977e-02 -5.102617614608150748e-02
5.349999999999999645e+00 4.045027090548170695e-02 -5.021219295740126515e-02
5.375000000000000000e+00 3.964275496385177844e-02 -4.939396026814030921e-02
5.400000000000000355e+00 3.883396725818358264e-02 -4.857204666533607856e-02
5.424999999999999822e+00 3.802459400983120713e-02 -4.774702398474793552e-02
5.450000000000000178e+00 3.721531484255136829e-02 -4.691946606874923542e-02
5.474999999999999645e+00 3.640680144822041470e-02 -4.608994753592910582e-02
5.500000000000000000e+00 3.559971629342182503e-02 -4.525904256634199346e-02
5.525000000000000355e+00 3.479471136989296248e-02 -4.442732370610192466e-02
5.549999999999999822e+00 3.399242699142034779e-02 -4.359536069478463227e-02
5.575000000000000178e+00 3.319349063945439826e-02 -4.276371931888682532e-02
5.599999999999999645e+00 3.239851585949496404e-02 -4.193296029440374273e-02
5.625000000000000000e+00 3.160810121017857549e-02 -4.110363818142067499e-02
5.650000000000000355e+00 3.082282926697014341e-02 -4.027630033347389532e-02
5.674999999999999822e+00 3.004326568239408871e-02 -3.945148588430440889e-02
5.700000000000000178e+00 2.926995830480284486e-02 -3.862972477449916342e-02
5.724999999999999645e+00 2.850343635773069928e-02 -3.781153682037465685e-02
5.750000000000000000e+00 2.774420968187796613e-02 -3.699743082729251009e-02
5.775000000000000355e+00 2.699276804168369501e-02 -3.618790374940342863e-02
5.799999999999999822e+00 2.624958049824765646e-02 -3.538343989758389180e-02
5.825000000000000178e+00 2.551509485005026140e-02 -3.458451019706493268e-02
5.849999999999999645e+00 2.478973714249833177e-02 -3.379157149595857917e-02
5.875000000000000000e+00 2.407391124681738243e-02 -3.300506592557464480e-02
5.900000000000000355e+00 2.336799850825875893e-02 -3.222542031310745431e-02
5.924999999999999822e+00 2.267235746302937241e-02 -3.145304564696894262e-02
5.950000000000000178e+00 2.198732362283666031e-02 -3.068833659477183257e-02
5.974999999999999645e+00 2.131320932550961889e-02 -2.993167107373529909e-02
6.000000000000000000e+00 2.065030364984242126e-02 -2.918340987310140411e-02
6.025000000000000355e+00 1.999887239263019312e-02 -2.844389632802221679e-02
6.049999999999999822e+00 1.935915810582401406e-02 -2.771345604429312909e-02
6.075000000000000178e+00 1.873138019181172856e-02 -2.699239667326482767e-02
6.099999999999999645e+00 1.811573505499602596e-02 -2.628100773624500106e-02
6.125000000000000000e+00 1.751239630804699368e-02 -2.557956049768505755e-02
6.150000000000000355e+00 1.692151503140481433e-02 -2.488830788642050484e-02
6.174999999999999822e+00 1.634322008474311735e-02 -2.420748446417628902e-02
6.200000000000000178e+00 1.577761846913792315e-02 -2.353730644045282788e-02
6.224999999999999645e+00 1.522479573858787766e-02 -2.287797173276672619e-02
6.250000000000000000e+00 1.468481645928792698e-02 -2.222966007103422889e-02
6.275000000000000355e+00 1.415772471468409142e-02 -2.159253314466784771e-02
6.299999999999999822e+00 1.364354465385565415e-02 -2.096673479071943513e-02
6.325000000000000178e+00 1.314228108023568140e-02 -2.035239122117130442e-02
6.349999999999999645e+00 1.265392007714601606e-02 -1.974961128727165463e-02
6.375000000000000000e+00 1.217842966615316838e-02 -1.915848677865366820e-02
6.400000000000000355e+00 1.171576049390760446e-02 -1.857909275489106823e-02
6.424999999999999822e+00 1.126584654295610839e-02 -1.801148790713169578e-02
6.450000000000000178e+00 1.082860586204739684e-02 -1.745571494752420905e-02
6.474999999999999645e+00 1.040394131169073560e-02 -1.691180102429862969e-02
6.500000000000000000e+00 9.991741321156077590e-03 -1.637975816056338671e-02
6.525000000000000355e+00 9.591880653683635544e-03 -1.585958371511558135e-02
6.549999999999999822e+00 9.204221177333979376e-03 -1.535126086379168947e-02
6.575000000000000178e+00 8.828612639585961888e-03 -1.485475910008345404e-02
6.599999999999999645e+00 8.464893444396595287e-03 -1.437003475387217677e-02
6.625000000000000000e+00 8.112891430900345466e-03 -1.389703152716873120e-02
6.650000000000000355e+00 7.772424653186501414e-03 -1.343568104567000043e-02
6.674999999999999822e+00 7.443302160611497791e-03 -1.298590342474725129e-02
6.700000000000000178e+00 7.125324777870003373e-03 -1.254760784817941441e-02
6.724999999999999645e+00 6.818285883582910281e-03 -1.212069315755440191e-02
6.750000000000000888e+00 6.521972185509579932e-03 -1.170504844981850104e-02
6.775000000000001243e+00 6.236164489730950007e-03 -1.130055368000339178e-02
6.799999999999999822e+00 5.960638460366236326e-03 -1.090708026574589012e-02
6.825000000000001066e+00 5.695165365679526019e-03 -1.052449168989184891e-02
6.849999999999999645e+00 5.439512805894789783e-03 -1.015264409728072921e-02
6.875000000000000000e+00 5.193445417749243710e-03 -9.791386881777885964e-03
6.900000000000001243e+00 4.956725550834557154e-03 -9.440563259779691588e-03
6.924999999999999822e+00 4.729113911125078229e-03 -9.100010826761290028e-03
6.950000000000001066e+00 4.510370167769534033e-03 -8.769562093960714053e-03
6.974999999999999645e+00 4.300253520184116676e-03 -8.449045002964027107e-03
7.000000000000000000e+00 4.098523223658829921e-03 -8.138283416728816014e-03
7.025000000000001243e+00 3.904939072985393837e-03 -7.837097586409847230e-03
7.049999999999999822e+00 3.719261844921660162e-03 -7.545304594164433006e-03
7.075000000000001066e+00 3.541253701519454788e-03 -7.262718772863859321e-03
7.099999999999999645e+00 3.370678557357207911e-03 -6.989152104264868652e-03
7.125000000000000000e+00 3.207302414453884823e-03 -6.724414597658081617e-03
7.150000000000001243e+00 3.050893669045845469e-03 -6.468314651285122369e-03
7.174999999999999822e+00 2.901223394457804611e-03 -6.220659398885291895e-03
7.200000000000000178e+00 2.758065604009995748e-03 -5.981255043608219024e-03
7.224999999999999645e+00 2.621197497319023226e-03 -5.749907181230299279e-03
7.250000000000000000e+00 2.490399692541478936e-03 -5.526421114176199856e-03
7.275000000000001243e+00 2.365456446170124873e-03 -5.310602157322141630e-03
7.299999999999999822e+00 2.246155861019095111e-03 -5.102255935992702600e-03
7.325000000000000178e+00 2.132290082127295643e-03 -4.901188676012637260e-03
7.349999999999999645e+00 2.023655479553226628e-03 -4.707207485186624095e-03
7.375000000000000000e+00 1.920052816495638028e-03 -4.520120625189523282e-03
7.400000000000001243e+00 1.821287400894080729e-03 -4.339737772588263091e-03
7.424999999999999822e+00 1.727169218651482306e-03 -4.165870267593040077e-03
7.450000000000000178e+00 1.637513046860860841e-03 -3.998331349151891360e-03
7.474999999999999645e+00 1.552138545867731223e-03 -3.836936375144984947e-03
7.500000000000000000e+00 1.470870329596252841e-03 -3.681503026677062935e-03
7.525000000000000355e+00 1.393538014239108528e-03 -3.531851495780231453e-03
7.549999999999999822e+00 1.319976246081433708e-03 -3.387804656186763248e-03
7.575000000000000178e+00 1.250024709828741979e-03 -3.249188217180340628e-03
7.599999999999999645e+00 1.183528119280308167e-03 -3.115830860852314334e-03
7.625000000000000000e+00 1.120336192494122626e-03 -2.987564363353303019e-03
7.650000000000000355e+00 1.060303613710748740e-03 -2.864223700924195797e-03
7.674999999999999822e+00 1.003289984245058592e-03 -2.745647141607271847e-03
7.700000000000000178e+00 9.491597643420909055e-04 -2.631676323580750196e-03
7.724999999999999645e+00 8.977822076653446280e-04 -2.522156321038070918e-03
7.750000000000000000e+00 8.490312896923999340e-04 -2.416935698462533734e-03
7.775000000000000355e+00 8.027856308863681907e-04 -2.315866554047436594e-03
7.799999999999999822e+00 7.589284151412559751e-04 -2.218804552901001027e-03
7.825000000000000178e+00 7.173473037052241789e-04 -2.125608950571832804e-03
7.849999999999999645e+00 6.779343445947823331e-04 -2.036142607348812202e-03
7.875000000000000000e+00 6.405858774367763873e-04 -1.950271993737523642e-03
7.900000000000000355e+00 6.052024337093529337e-04 -1.867867187497889445e-03
7.924999999999999822e+00 5.716886324799100175e-04 -1.788801862641665585e-03
7.950000000000000178e+00 5.399530719284388169e-04 -1.712953270828249282e-03
7.974999999999999645e+00 5.099082171636989133e-04 -1.640202215652373889e-03
8.000000000000000000e+00 4.814702850509536627e-04 -1.570433020376794638e-03
8.025000000000000355e+00 4.545591269408377744e-04 -1.503533489715823705e-03
8.050000000000000711e+00 4.290981102939478474e-04 -1.439394866311762651e-03
8.074999999999999289e+00 4.050140002200956790e-04 -1.377911782559472194e-03
8.099999999999999645e+00 3.822368418915341251e-04 -1.318982208421375438e-03
8.125000000000000000e+00 3.606998446543322324e-04 -1.262507395836682395e-03
8.150000000000000355e+00 3.403392684687508605e-04 -1.208391820268563425e-03
8.175000000000000711e+00 3.210943130835656502e-04 -1.156543119858515368e-03
8.199999999999999289e+00 3.029070101177351463e-04 -1.106872032575892568e-03
8.224999999999999645e+00 2.857221180137013228e-04 -1.059292331671888611e-03
8.250000000000000000e+00 2.694870196625904070e-04 -1.013720759678499866e-03
8.275000000000000355e+00 2.541516223987368107e-04 -9.700769611402775558e-04
8.300000000000000711e+00 2.396682600268163323e-04 -9.282834142337743595e-04
8.324999999999999289e+00 2.259915965771612729e-04 -8.882653614166733432e-04
8.349999999999999645e+00 2.130785315731144737e-04 -8.499507392538985804e-04
8.375000000000000000e+00 2.008881067213106675e-04 -8.132701075871307710e-04
8.400000000000000355e+00 1.893814140798572574e-04 -7.781565782408060485e-04
8.425000000000000711e+00 1.785215058984254536e-04 -7.445457434858176104e-04
8.449999999999999289e+00 1.682733064372480332e-04 -7.123756045049374356e-04
8.474999999999999645e+00 1.586035261433535481e-04 -6.815865001165105717e-04
8.500000000000000000e+00 1.494805785824711167e-04 -6.521210360120680829e-04
8.525000000000000355e+00 1.408745004917527578e-04 -6.239240147473204285e-04
8.550000000000000711e+00 1.327568752376879222e-04 -5.969423666965620497e-04
8.574999999999999289e+00 1.251007598463769316e-04 -5.711250821396158736e-04
8.599999999999999645e+00 1.178806156365357175e-04 -5.464231446035519883e-04
8.625000000000000000e+00 1.110722423471673142e-04 -5.227894655331652516e-04
8.650000000000000355e+00 1.046527155295634158e-04 -5.001788203197844252e-04
8.675000000000000711e+00 9.860032688264333350e-05 -4.785477856824097136e-04
8.699999999999999289e+00 9.289452716131905475e-05 -4.578546783709978819e-04
8.724999999999999645e+00 8.751587128427945703e-05 -4.380594951510764735e-04
8.750000000000000000e+00 8.244596530837376312e-05 -4.191238540310775521e-04
8.775000000000000355e+00 7.766741501365981792e-05 -4.010109367069740688e-04
8.800000000000000711e+00 7.316377594413605624e-05 -3.836854322197821377e-04
8.824999999999999289e+00 6.891950485924906039e-05 -3.671134818457811775e-04
8.849999999999999645e+00 6.491991265472606425e-05 -3.512626252627844455e-04
8.875000000000000000e+00 6.115111889439383967e-05 -3.361017480542008852e-04
8.900000000000000355e+00 5.760000814651957557e-05 -3.216010306230030207e-04
8.925000000000000711e+00 5.425418833303450352e-05 -3.077318985882155538e-04
8.949999999999999289e+00 5.110195127706207717e-05 -2.944669747268637938e-04
8.974999999999999645e+00 4.813223557777326434e-05 -2.817800325056630671e-04
9.000000000000000000e+00 4.533459186100880113e-05 -2.696459512215233670e-04
9.025000000000000355e+00 4.269915036079594304e-05 -2.580406727414545740e-04
9.050000000000000711e+00 4.021659069444240444e-05 -2.469411598044817468e-04
9.074999999999999289e+00 3.787811361478842035e-05 -2.363253558240331728e-04
9.099999999999999645e+00 3.567541446789390425e-05 -2.261721461119743420e-04
9.125000000000000000e+00 3.360065805988481953e-05 -2.164613204369046173e-04
9.150000000000000355e+00 3.164645464522997353e-05 -2.071735368299438640e-04
9.175000000000000711e+00 2.980583678840549434e-05 -1.982902865606802690e-04
9.199999999999999289e+00 2.807223691531771835e-05 -1.897938602220757584e-04
9.224999999999999645e+00 2.643946545073488547e-05 -1.816673148835602194e-04
9.250000000000000000e+00 2.490168952208038074e-05 -1.738944422930577955e-04
9.275000000000000355e+00 2.345341228679679170e-05 -1.664597381280355135e-04
9.300000000000000711e+00 2.208945300027211842e-05 -1.593483723104235591e-04
9.324999999999999289e+00 2.080492797640299488e-05 -1.525461604081141591e-04
9.349999999999999645e+00 1.959523259961762107e-05 -1.460395361461344762e-04
9.375000000000000000e+00 1.845602452578815983e-05 -1.398155250434064592e-04
9.400000000000000355e+00 1.738320816381428319e-05 -1.338617191776671374e-04
9.425000000000000711e+00 1.637292046718419515e-05 -1.281662530636034985e-04
9.449999999999999289e+00 1.542151799450183856e-05 -1.227177806101809304e-04
9.474999999999999645e+00 1.452556513016744383e-05 -1.175054531051886170e-04
9.500000000000000000e+00 1.368182330023071933e-05 -1.125188981608205610e-04
9.525000000000000355e+00 1.288724098166275960e-05 -1.077481995453276347e-04
9.550000000000000711e+00 1.213894429043732002e-05 -1.031838778238041972e-04
9.574999999999999289e+00 1.143422794613951912e-05 -9.881687173590955630e-05
9.599999999999999645e+00 1.077054644622921026e-05 -9.463852024903003787e-05
9.625000000000000000e+00 1.014550533600609480e-05 -9.064054524057848920e-05
9.650000000000000355e+00 9.556852523527134620e-06 -8.681503478042208765e-05
9.675000000000000711e+00 9.002469653164909397e-06 -8.315442700161265429e-05
9.699999999999999289e+00 8.480363608665839327e-06 -7.965149456232528354e-05
9.724999999999999645e+00 7.988658258979056844e-06 -7.629932971214924804e-05
9.750000000000000000e+00 7.525586582528329416e-06 -7.309132998071051672e-05
9.775000000000000355e+00 7.089483305669999200e-06 -7.002118450531799197e-05
9.800000000000000711e+00 6.678778169573196740e-06 -6.708286100750892103e-05
9.824999999999999289e+00 6.291989900327918916e-06 -6.427059341725837238e-05
9.849999999999999645e+00 5.927720905766303016e-06 -6.157887012985710886e-05
9.875000000000000000e+00 5.584652666794291705e-06 -5.900242286623378447e-05
9.900000000000000355e+00 5.261541738744614741e-06 -5.653621609479855153e-05
9.925000000000000711e+00 4.957216236681745241e-06 -5.417543696364374427e-05
9.949999999999999289e+00 4.670572653160299736e-06 -5.191548568735138044e-05
9.974999999999999645e+00 4.400572850857818468e-06 -4.975196633325635920e-05
1.000000000000000000e+01 4.146241086247466993e-06 -4.768067795792556166e-05
1.002500000000000036e+01 3.906660951606109380e-06 -4.569760605457694582e-05
1.005000000000000071e+01 3.680972166855451219e-06 -4.379891428515890348e-05
1.007499999999999929e+01 3.468367203296229702e-06 -4.198093648467293173e-05
1.009999999999999964e+01 3.268087771565667552e-06 -4.024016893849437281e-05
1.012500000000000000e+01 3.079421249280407299e-06 -3.857326294395268124e-05
1.015000000000000036e+01 2.901697153872005430e-06 -3.697701767410032400e-05
1.017500000000000071e+01 2.734283779847452593e-06 -3.544837336362494616e-05
1.019999999999999929e+01 2.576585115307286116e-06 -3.398440483414967475e-05
1.022499999999999964e+01 2.428038131313151706e-06 -3.258231536932916283e-05
1.025000000000000000e+01 2.288110503084892439e-06 -3.123943094025840293e-05
1.027500000000000036e+01 2.156298778952308151e-06 -2.995319477033227078e-05
1.030000000000000071e+01 2.032126967845549034e-06 -2.872116221754083057e-05
1.032499999999999929e+01 1.915145475077976573e-06 -2.754099594271449615e-05
1.034999999999999964e+01 1.804930284845000731e-06 -2.641046132606757324e-05
1.037500000000000000e+01 1.701082270383813457e-06 -2.532742209201266489e-05
1.040000000000000036e+01 1.603226511186780598e-06 -2.428983610424423733e-05
1.042500000000000071e+01 1.511011510932013910e-06 -2.329575129901169440e-05
1.044999999999999929e+01 1.424108237646763411e-06 -2.234330173342939261e-05
1.047499999999999964e+01 1.342208944833358957e-06 -2.143070373649701063e-05
1.050000000000000000e+01 1.265025773773750792e-06 -2.055625216158073386e-05
1.052500000000000036e+01 1.192289177016751582e-06 -1.971831674897902518e-05
1.055000000000000071e+01 1.123746235973887607e-06 -1.891533861459794732e-05
1.057499999999999929e+01 1.059158967062915782e-06 -1.814582688473722580e-05
1.059999999999999964e+01 9.983027184774895705e-07 -1.740835549706637168e-05
1.062500000000000000e+01 9.409647526193155601e-07 -1.670156018430984623e-05
1.065000000000000036e+01 8.869430887766622489e-07 -1.602413565035952733e-05
1.067500000000000071e+01 8.360456500978144334e-07 -1.537483293980948388e-05
1.069999999999999929e+01 7.880897224765234866e-07 -1.475245699232358993e-05
1.072499999999999964e+01 7.429016959984225332e-07 -1.415586436436286147e-05
1.075000000000000000e+01 7.003170271112461596e-07 -1.358396109377294815e-05
1.077500000000000036e+01 6.601803360004077148e-07 -1.303570067853906416e-05
1.080000000000000071e+01 6.223455420389464551e-07 -1.251008214033145489e-05
1.082499999999999929e+01 5.866759417071200480e-07 -1.200614814606193936e-05
1.084999999999999964e+01 5.530441478949438731e-07 -1.152298316650775111e-05
1.087500000000000000e+01 5.213318344142760383e-07 -1.105971165896506858e-05
1.090000000000000036e+01 4.914292615303027841e-07 -1.061549626989130330e-05
1.092500000000000071e+01 4.632345926448726865e-07 -1.018953606239702231e-05
1.094999999999999929e+01 4.366530442491753481e-07 -9.781064780822973796e-06
1.097499999999999964e+01 4.115959366209892695e-07 -9.389349169780397708e-06
1.100000000000000000e+01 3.879797280641265119e-07 -9.013687367111025909e-06
1.102500000000000036e+01 3.657251189456858742e-07 -8.653407389060369348e-06
1.105000000000000071e+01 3.447563031777596123e-07 -8.307865721913798798e-06
1.107499999999999929e+01 3.250004254687673742e-07 -7.976446027925251120e-06
1.109999999999999964e+01 3.063872756657944664e-07 -7.658557965614206162e-06
1.112500000000000000e+01 2.888492205149787458e-07 -7.353636116524180757e-06
1.115000000000000036e+01 2.723213427381232412e-07 -7.061139003476244448e-06
1.117500000000000071e+01 2.567417314258380195e-07 -6.780548180131109259e-06
1.119999999999999929e+01 2.420518500004379832e-07 -6.511367369106329459e-06
1.122499999999999964e+01 2.281969006400305057e-07 -6.253121626178114718e-06
1.125000000000000000e+01 2.151261078379067838e-07 -6.005356511243580026e-06
1.127500000000000036e+01 2.027928580591696942e-07 -5.767637252209790242e-06
1.130000000000000071e+01 1.911546549712297973e-07 -5.539547894976241424e-06
1.132499999999999929e+01 1.801728773069756575e-07 -5.320690440251093377e-06
1.134999999999999964e+01 1.698123551604833913e-07 -5.110683975075518957e-06
1.137500000000000000e+01 1.600408063628380058e-07 -4.909163812416646148e-06
1.140000000000000036e+01 1.508281942653238010e-07 -4.715780655723868049e-06
1.142500000000000071e+01 1.421460788917815915e-07 -4.530199806003913913e-06
1.144999999999999929e+01 1.339670340424496538e-07 -4.352100427106884733e-06
1.147499999999999964e+01 1.262641933918393838e-07 -4.181174880700165294e-06
1.150000000000000000e+01 1.190109706297445545e-07 -4.017128136381082281e-06
1.152500000000000036e+01 1.121809747460118296e-07 -3.859677255642764862e-06
1.155000000000000071e+01 1.057481151578269694e-07 -3.708550941777518406e-06
1.157499999999999929e+01 9.968686614233376360e-08 -3.563489142166760941e-06
1.159999999999999964e+01 9.397263946464965537e-08 -3.424242685729671359e-06
1.162500000000000000e+01 8.858220081820133831e-08 -3.290572936808785988e-06
1.165000000000000036e+01 8.349406160988173735e-08 -3.162251447929731254e-06
1.167500000000000071e+01 7.868878283834906031e-08 -3.039059597146891737e-06
1.169999999999999929e+01 7.414914170310841068e-08 -2.920788200917918196e-06
1.172499999999999964e+01 6.986013189824755392e-08 -2.807237099622069038e-06
1.175000000000000000e+01 6.580879245952650814e-08 -2.698214719212476082e-06
1.177500000000000036e+01 6.198388418610672787e-08 -2.593537618189174760e-06
1.180000000000000071e+01 5.837545368596540420e-08 -2.493030033228825201e-06
1.182499999999999929e+01 5.497434024730973392e-08 -2.396523438908056535e-06
1.184999999999999964e+01 5.177168797596748668e-08 -2.303856136923199629e-06
1.187500000000000000e+01 4.875852409425721809e-08 -2.214872887670541533e-06
1.190000000000000036e+01 4.592545452329828005e-08 -2.129424592971351709e-06
1.192500000000000071e+01 4.326251104421646449e-08 -2.047368033146310602e-06
1.194999999999999929e+01 4.075916326799645026e-08 -1.968565655855259456e-06
1.197499999999999964e+01 3.840448599558118832e-08 -1.892885408533125631e-06
1.200000000000000000e+01 3.618745162819115246e-08 -1.820200601939391425e-06
1.202500000000000036e+01 3.409730096939792800e-08 -1.750389789760295206e-06
1.205000000000000071e+01 3.212393598772543689e-08 -1.683336648608969468e-06
1.207499999999999929e+01 3.025827641628587679e-08 -1.618929844439954334e-06
1.209999999999999964e+01 2.849252825191867366e-08 -1.557062874807498416e-06
1.212500000000000000e+01 2.682032545370332396e-08 -1.497633881203919841e-06
1.215000000000000036e+01 2.523672450760202421e-08 -1.440545431242375263e-06
1.217500000000000071e+01 2.373805222180415733e-08 -1.385704275751342017e-06
1.219999999999999929e+01 2.232162749909465579e-08 -1.333021090410676769e-06
1.222499999999999964e+01 2.098539492690409653e-08 -1.282410214615755672e-06
1.225000000000000000e+01 1.972751962392449399e-08 -1.233789401397129210e-06
1.227500000000000036e+01 1.854599738070414802e-08 -1.187079591498706117e-06
1.230000000000000071e+01 1.743833121659138697e-08 -1.142204722002536890e-06
1.232499999999999929e+01 1.640131554517706348e-08 -1.099091575807234283e-06
1.234999999999999964e+01 1.543095380013041611e-08 -1.057669673352120754e-06
1.237500000000000000e+01 1.452251665071031590e-08 -1.017871202807783096e-06
1.240000000000000036e+01 1.367072862496835246e-08 -9.796309805160807099e-07
1.242500000000000071e+01 1.287005362986749442e-08 -9.428864300327523435e-07
1.244999999999999929e+01 1.211503686231384301e-08 -9.075775664709568200e-07
1.247499999999999964e+01 1.140065372766556292e-08 -8.736469730032361117e-07
1.250000000000000000e+01 1.072261630835294054e-08 -8.410397582585662185e-07
1.252500000000000036e+01 1.007759475796864113e-08 -8.097034868881596763e-07
1.255000000000000071e+01 9.463323427697298052e-09 -7.795880799484950812e-07
1.257499999999999929e+01 8.878578019520002426e-09 -7.506456866286200850e-07
1.259999999999999964e+01 8.323028022254321756e-09 -7.228305333221021677e-07
1.262500000000000000e+01 7.796985847345028060e-09 -6.960987596400611259e-07
1.265000000000000036e+01 7.301087903378645078e-09 -6.704082531325859032e-07
1.267500000000000071e+01 6.835951686536438888e-09 -6.457184949749451702e-07
1.269999999999999929e+01 6.401855512943812667e-09 -6.219904275698559606e-07
1.272499999999999964e+01 5.998483672811095724e-09 -5.991863523259421518e-07
1.275000000000000000e+01 5.624770111801716089e-09 -5.772698618562941993e-07
1.277500000000000036e+01 5.278859672116368983e-09 -5.562058064818584706e-07
1.280000000000000071e+01 4.958189550051150863e-09 -5.359602904527551868e-07
1.282499999999999929e+01 4.659677073776953163e-09 -5.165006896532148788e-07
1.284999999999999964e+01 4.379985620203045769e-09 -4.977956799751799461e-07
1.287500000000000000e+01 4.115830292344486378e-09 -4.798152645988226908e-07
1.290000000000000036e+01 3.864280189706454318e-09 -4.625307890214446010e-07
1.292500000000000071e+01 3.623015390760035162e-09 -4.459149348550108380e-07
1.294999999999999929e+01 3.390503687797457833e-09 -4.299416867767732835e-07
1.297499999999999964e+01 3.166073774779719291e-09 -4.145862711179451899e-07
1.300000000000000000e+01 2.949876224031674859e-09 -3.998250688228117262e-07
1.302500000000000036e+01 2.742739117134439760e-09 -3.856355092407779747e-07
1.305000000000000071e+01 2.545939560221095972e-09 -3.719959540984838688e-07
1.307499999999999929e+01 2.360923505211209352e-09 -3.588855824371990410e-07
1.309999999999999964e+01 2.189012809239710566e-09 -3.462842872270836448e-07
1.312500000000000000e+01 2.031139591484769049e-09 -3.341725928814168862e-07
1.315000000000000036e+01 1.887643479118494818e-09 -3.225315999648278543e-07
1.317500000000000071e+01 1.758158163094958020e-09 -3.113429598364162570e-07
1.319999999999999929e+01 1.641600975294197846e-09 -3.005888778585843290e-07
1.322499999999999964e+01 1.536264851629548415e-09 -2.902521400823270255e-07
1.325000000000000000e+01 1.439998120526420938e-09 -2.803161552954358143e-07
1.327500000000000036e+01 1.350445710045664032e-09 -2.707650023893057230e-07
1.330000000000000071e+01 1.265317537981418673e-09 -2.615834726286548158e-07
1.332499999999999929e+01 1.182646692996962197e-09 -2.527570973200648979e-07
1.334999999999999964e+01 1.101002110867691487e-09 -2.442721536806613076e-07
1.337500000000000000e+01 1.019627352510586120e-09 -2.361156449925051390e-07
1.340000000000000036e+01 9.384876378510101683e-10 -2.282752547856088634e-07
1.342500000000000071e+01 8.582202766428986158e-10 -2.207392786098471037e-07
1.344999999999999929e+01 7.799968180910458117e-10 -2.134965400555452127e-07
1.347499999999999964e+01 7.053172548138208493e-10 -2.065362999336562969e-07
1.350000000000000178e+01 6.357654779509049752e-10 -1.998481684851604655e-07
1.352500000000000213e+01 5.727599251421922149e-10 -1.934220299741307662e-07
1.355000000000000249e+01 5.173334303672278552e-10 -1.872479873813072232e-07
1.357499999999999929e+01 4.699716473781251000e-10 -1.813163320664419464e-07
1.359999999999999964e+01 4.305308455636219493e-10 -1.756175398405992290e-07
1.362500000000000000e+01 3.982447334786449835e-10 -1.701422913300912137e-07
1.365000000000000213e+01 3.718175853367424456e-10 -1.648815111868518219e-07
1.367500000000000249e+01 3.495892974243680878e-10 -1.598264182965425544e-07
1.369999999999999929e+01 3.297484899193832548e-10 -1.549685776752781347e-07
1.372499999999999964e+01 3.105637114221774635e-10 -1.502999447255085459e-07
1.375000000000000000e+01 2.906009675270551420e-10 -1.458128936923916698e-07
1.377500000000000213e+01 2.688983026083636160e-10 -1.415002244743001306e-07
1.380000000000000249e+01 2.450746233476817956e-10 -1.373551449979961563e-07
1.382499999999999929e+01 2.193593681312484144e-10 -1.333712298547452290e-07
1.384999999999999964e+01 1.925406222671373830e-10 -1.295423590849218439e-07
1.387500000000000000e+01 1.658404384416492551e-10 -1.258626438311292904e-07
1.390000000000000213e+01 1.407357247141604281e-10 -1.223263472278896032e-07
1.392500000000000249e+01 1.187500638588879393e-10 -1.189278096151077294e-07
1.394999999999999929e+01 1.012451200205166123e-10 -1.156613864228406900e-07
1.397499999999999964e+01 8.923967194409264429e-11 -1.125214053289937035e-07
1.400000000000000000e+01 8.327991052658906708e-11 -1.095021466641169072e-07
1.402500000000000213e+01 8.337709198351722637e-11 -1.065978478005992101e-07
1.405000000000000249e+01 8.901917738706819764e-11 -1.038027290776024350e-07
1.407499999999999929e+01 9.925291705317387448e-11 -1.011110359198567695e-07
1.409999999999999964e+01 1.128234734782712542e-10 -9.851708967954246536e-08
1.412500000000000000e+01 1.283512749757858328e-10 -9.601533866942429793e-08
1.415000000000000213e+01 1.445213645263094017e-10 -9.360040091386816087e-08
1.417500000000000249e+01 1.602595284876395501e-10 -9.126709134542507026e-08
1.419999999999999929e+01 1.748720071575628765e-10 -8.901042843102780803e-08
1.422499999999999964e+01 1.881311084895868729e-10 -8.682561796251733961e-08
1.425000000000000000e+01 2.002967514548857095e-10 -8.470801497896299182e-08
1.427500000000000036e+01 2.120727203192605589e-10 -8.265306774271816358e-08
1.430000000000000249e+01 2.245049484850533218e-10 -8.065625022161576606e-08
1.432499999999999929e+01 2.388363994007795742e-10 -7.871299119493637945e-08
1.434999999999999964e+01 2.563380170933114558e-10 -7.681860880015005939e-08
1.437500000000000000e+01 2.781373637643676623e-10 -7.496825891832540380e-08
1.440000000000000036e+01 3.050656481473109745e-10 -7.315690446832988367e-08
1.442500000000000249e+01 3.375402599707206754e-10 -7.137931049711069931e-08
1.444999999999999929e+01 3.754942460173122140e-10 -6.963006741148740172e-08
1.447499999999999964e+01 4.183573429353844904e-10 -6.790364188010041717e-08
1.450000000000000000e+01 4.650862704333438692e-10 -6.619445250085243674e-08
1.452500000000000036e+01 5.142358883504896386e-10 -6.449696525278290502e-08
1.455000000000000249e+01 5.640585775884576976e-10 -6.280580245488719558e-08
1.457499999999999929e+01 6.126170465079077282e-10 -6.111585846366730823e-08
1.459999999999999964e+01 6.578961589776848225e-10 -5.942241558586976440e-08
1.462500000000000000e+01 6.979018759150297964e-10 -5.772125457203572632e-08
1.465000000000000036e+01 7.307396214084134054e-10 -5.600875540258759987e-08
1.467500000000000249e+01 7.546693917252230094e-10 -5.428198554441197192e-08
1.469999999999999929e+01 7.681399791192642099e-10 -5.253877423804902007e-08
1.472499999999999964e+01 7.698087498173526960e-10 -5.077777244316415715e-08
1.475000000000000000e+01 7.585559152938625458e-10 -4.899849864950377176e-08
1.477500000000000036e+01 7.335026926871578341e-10 -4.720137081519933723e-08
1.480000000000000249e+01 6.940410638689991563e-10 -4.538772427593681866e-08
1.482499999999999929e+01 6.398793650944932163e-10 -4.355981471930196159e-08
1.484999999999999964e+01 5.711031747779766601e-10 -4.172080442557081032e-08
1.487500000000000000e+01 4.882458004515861751e-10 -3.987472922018135845e-08
1.490000000000000036e+01 3.923580157608561602e-10 -3.802644319113511348e-08
1.492500000000000071e+01 2.850633841375525209e-10 -3.618153836019750930e-08
1.494999999999999929e+01 1.685842739487796061e-10 -3.434623732371452685e-08
1.497499999999999964e+01 4.572492412990891280e-11 -3.252725836796760318e-08
