# col1: r[fm],  col2: chargedensity, col3: weak density [fm^-3](normailized to Q=1)
2.101448349307773875e-07 5.873467598091058200e-02 -8.703735233584332376e-02
2.500000000000000139e-02 5.873789075005912685e-02 -8.703481515070699004e-02
5.000000000000000278e-02 5.874752815066713874e-02 -8.702721164246016161e-02
7.499999999999999722e-02 5.876356743327337817e-02 -8.701456589420758503e-02
1.000000000000000056e-01 5.878597392298137020e-02 -8.699691785230868890e-02
1.250000000000000000e-01 5.881469889448069643e-02 -8.697432304657040647e-02
1.499999999999999944e-01 5.884967942319688228e-02 -8.694685221462998548e-02
1.749999999999999889e-01 5.889083823576762855e-02 -8.691459084503301569e-02
2.000000000000000111e-01 5.893808358582438428e-02 -8.687763865553102538e-02
2.250000000000000056e-01 5.899130918148159236e-02 -8.683610902383054331e-02
2.500000000000000000e-01 5.905039418900199372e-02 -8.679012838740017555e-02
2.750000000000000222e-01 5.911520333303606212e-02 -8.673983562709630668e-02
2.999999999999999889e-01 5.918558710804758954e-02 -8.668538144650864141e-02
3.250000000000000111e-01 5.926138210860995570e-02 -8.662692775535696388e-02
3.499999999999999778e-01 5.934241147885527951e-02 -8.656464706133938647e-02
3.750000000000000000e-01 5.942848547417610428e-02 -8.649872187091982301e-02
4.000000000000000222e-01 5.951940212195834523e-02 -8.642934409599514756e-02
4.249999999999999889e-01 5.961494796321274020e-02 -8.635671446051873534e-02
4.500000000000000111e-01 5.971489885384378971e-02 -8.628104189919302835e-02
4.749999999999999778e-01 5.981902080315011638e-02 -8.620254293942203327e-02
5.000000000000000000e-01 5.992707082797272405e-02 -8.612144105785440873e-02
5.250000000000000222e-01 6.003879780349908463e-02 -8.603796600397854710e-02
5.500000000000000444e-01 6.015394329572545939e-02 -8.595235308518309192e-02
5.749999999999999556e-01 6.027224236549077324e-02 -8.586484241023813191e-02
5.999999999999999778e-01 6.039342433927824549e-02 -8.577567809100317131e-02
6.250000000000000000e-01 6.051721354708105433e-02 -8.568510740504113599e-02
6.500000000000000222e-01 6.064333003205043399e-02 -8.559337992444066012e-02
6.750000000000000444e-01 6.077149023999137145e-02 -8.550074661829261402e-02
6.999999999999999556e-01 6.090140769878318872e-02 -8.540745893776900688e-02
7.249999999999999778e-01 6.103279369838374852e-02 -8.531376789352407286e-02
7.500000000000000000e-01 6.116535798127812479e-02 -8.521992313517119666e-02
7.750000000000000222e-01 6.129880945126127412e-02 -8.512617204195759013e-02
8.000000000000000444e-01 6.143285690560577189e-02 -8.503275883258229473e-02
8.249999999999999556e-01 6.156720979234765745e-02 -8.493992370056843710e-02
8.499999999999999778e-01 6.170157899102850924e-02 -8.484790197989686145e-02
8.750000000000000000e-01 6.183567761214622815e-02 -8.475692334393075678e-02
9.000000000000000222e-01 6.196922180811431646e-02 -8.466721103919105929e-02
9.250000000000001554e-01 6.210193158692912940e-02 -8.457898115440266873e-02
9.499999999999999556e-01 6.223353161911648196e-02 -8.449244192451559055e-02
9.749999999999999778e-01 6.236375202885899305e-02 -8.440779306913305524e-02
1.000000000000000000e+00 6.249232916138156013e-02 -8.432522516492189923e-02
1.024999999999999911e+00 6.261900632048376936e-02 -8.424491905206757392e-02
1.050000000000000044e+00 6.274353447229302772e-02 -8.416704527555135540e-02
1.074999999999999956e+00 6.286567291358079179e-02 -8.409176356284485399e-02
1.100000000000000089e+00 6.298518990505921900e-02 -8.401922234040433424e-02
1.125000000000000000e+00 6.310186327172410958e-02 -8.394955829198592900e-02
1.149999999999999911e+00 6.321548097336916749e-02 -8.388289596220316335e-02
1.175000000000000044e+00 6.332584164878443667e-02 -8.381934740885299551e-02
1.199999999999999956e+00 6.343275513687741951e-02 -8.375901190733270330e-02
1.225000000000000089e+00 6.353604297710828408e-02 -8.370197570997896241e-02
1.250000000000000000e+00 6.363553889036188682e-02 -8.364831186243991412e-02
1.274999999999999911e+00 6.373108923989062591e-02 -8.359808007832238153e-02
1.300000000000000044e+00 6.382255347045757976e-02 -8.355132667243045375e-02
1.324999999999999956e+00 6.390980452249356292e-02 -8.350808455202565761e-02
1.350000000000000089e+00 6.399272921711457451e-02 -8.346837326476952423e-02
1.375000000000000000e+00 6.407122860733548142e-02 -8.343219910142210538e-02
1.399999999999999911e+00 6.414521829080778448e-02 -8.339955525099461420e-02
1.425000000000000044e+00 6.421462867987855205e-02 -8.337042200590052965e-02
1.449999999999999956e+00 6.427940522563377335e-02 -8.334476701468657156e-02
1.475000000000000089e+00 6.433950859372356001e-02 -8.332254558011344125e-02
1.500000000000000000e+00 6.439491479101451532e-02 -8.330370100062971239e-02
1.524999999999999911e+00 6.444561524331497704e-02 -8.328816495357331540e-02
1.550000000000000044e+00 6.449161682542865759e-02 -8.327585791867792020e-02
1.574999999999999956e+00 6.453294184549702994e-02 -8.326668964060297828e-02
1.600000000000000089e+00 6.456962798592733033e-02 -8.326055962920550502e-02
1.625000000000000000e+00 6.460172820315468467e-02 -8.325735769611984638e-02
1.649999999999999911e+00 6.462931058809311125e-02 -8.325696452591013763e-02
1.675000000000000044e+00 6.465245818846968029e-02 -8.325925227964123265e-02
1.699999999999999956e+00 6.467126879342166568e-02 -8.326408522821758529e-02
1.725000000000000311e+00 6.468585467989691751e-02 -8.327132041232317150e-02
1.750000000000000000e+00 6.469634231965296078e-02 -8.328080832530915245e-02
1.774999999999999911e+00 6.470287204511210311e-02 -8.329239361497287053e-02
1.800000000000000044e+00 6.470559767207095803e-02 -8.330591579989057860e-02
1.824999999999999956e+00 6.470468607731585942e-02 -8.332120999582648402e-02
1.850000000000000311e+00 6.470031672955905977e-02 -8.333810764775034796e-02
1.875000000000000000e+00 6.469268117273277441e-02 -8.335643726314188873e-02
1.899999999999999911e+00 6.468198246148203212e-02 -8.337602514251089836e-02
1.925000000000000044e+00 6.466843454958552673e-02 -8.339669610338604211e-02
1.949999999999999956e+00 6.465226163289974903e-02 -8.341827419436967372e-02
1.975000000000000089e+00 6.463369744916969140e-02 -8.344058339618831699e-02
2.000000000000000000e+00 6.461298453760380700e-02 -8.346344830694309158e-02
2.024999999999999911e+00 6.459037346142307290e-02 -8.348669480896343809e-02
2.049999999999999822e+00 6.456612199665255625e-02 -8.351015071477492502e-02
2.075000000000000178e+00 6.454049429025132678e-02 -8.353364638971318146e-02
2.100000000000000089e+00 6.451375999032424313e-02 -8.355701534866606661e-02
2.125000000000000000e+00 6.448619335070175651e-02 -8.358009482433359505e-02
2.149999999999999911e+00 6.445807231169677076e-02 -8.360272630429235741e-02
2.174999999999999822e+00 6.442967755843516386e-02 -8.362475603407357183e-02
2.200000000000000178e+00 6.440129155787971404e-02 -8.364603548344277939e-02
2.225000000000000089e+00 6.437319757557889710e-02 -8.366642177313007855e-02
2.250000000000000000e+00 6.434567867329213375e-02 -8.368577805941429526e-02
2.274999999999999911e+00 6.431901668896654323e-02 -8.370397387421614488e-02
2.299999999999999822e+00 6.429349120103339255e-02 -8.372088541869364409e-02
2.325000000000000178e+00 6.426937847959324213e-02 -8.373639580873488975e-02
2.350000000000000089e+00 6.424695042770278697e-02 -8.375039527118635641e-02
2.375000000000000000e+00 6.422647351658247739e-02 -8.376278129010215900e-02
2.399999999999999911e+00 6.420820771906567137e-02 -8.377345870272598360e-02
2.424999999999999822e+00 6.419240544595392062e-02 -8.378233974529591954e-02
2.450000000000000178e+00 6.417931049009463484e-02 -8.378934404907432965e-02
2.475000000000000089e+00 6.416915698295172499e-02 -8.379439858724521684e-02
2.500000000000000000e+00 6.416216836821447833e-02 -8.379743757349186750e-02
2.524999999999999911e+00 6.415855639662561283e-02 -8.379840231317815802e-02
2.549999999999999822e+00 6.415852014576269025e-02 -8.379724100813161491e-02
2.575000000000000178e+00 6.416224506803987204e-02 -8.379390851608299606e-02
2.600000000000000089e+00 6.416990206977561673e-02 -8.378836606588711822e-02
2.625000000000000000e+00 6.418164662384320818e-02 -8.378058092974528803e-02
2.649999999999999911e+00 6.419761791822645169e-02 -8.377052605379863015e-02
2.674999999999999822e+00 6.421793804275421902e-02 -8.375817964866061338e-02
2.700000000000000178e+00 6.424271121637609161e-02 -8.374352474171274652e-02
2.725000000000000089e+00 6.427202305754323164e-02 -8.372654869328788330e-02
2.750000000000000000e+00 6.430593990052195508e-02 -8.370724267919527062e-02
2.774999999999999911e+00 6.434450816074581414e-02 -8.368560114237653946e-02
2.799999999999999822e+00 6.438775375254067457e-02 -8.366162121680310870e-02
2.825000000000000178e+00 6.443568156269302571e-02 -8.363530212700899524e-02
2.850000000000000089e+00 6.448827498333044306e-02 -8.360664456687874613e-02
2.875000000000000000e+00 6.454549550742864905e-02 -8.357565006147046893e-02
2.899999999999999911e+00 6.460728238994845052e-02 -8.354232031574235218e-02
2.924999999999999822e+00 6.467355237716035377e-02 -8.350665655406840082e-02
2.950000000000000178e+00 6.474419950616652764e-02 -8.346865885439365418e-02
2.975000000000000089e+00 6.481909497603143000e-02 -8.342832548079594235e-02
3.000000000000000000e+00 6.489808709133006170e-02 -8.338565221811787553e-02
3.024999999999999911e+00 6.498100127837302953e-02 -8.334063171222239053e-02
3.049999999999999822e+00 6.506764017390337385e-02 -8.329325281932541125e-02
3.075000000000000178e+00 6.515778378571561447e-02 -8.324349996778220018e-02
3.100000000000000089e+00 6.525118972442645049e-02 -8.319135253565242138e-02
3.125000000000000000e+00 6.534759350552309110e-02 -8.313678424734596839e-02
3.149999999999999911e+00 6.544670892080291236e-02 -8.307976259264406027e-02
3.174999999999999822e+00 6.554822847836162814e-02 -8.302024827139053986e-02
3.200000000000000178e+00 6.565182391033877463e-02 -8.295819466713774681e-02
3.225000000000000089e+00 6.575714674765006929e-02 -8.289354735299601928e-02
3.250000000000000000e+00 6.586382896088360805e-02 -8.282624363285959190e-02
3.274999999999999911e+00 6.597148366638524997e-02 -8.275621212105496727e-02
3.299999999999999822e+00 6.607970589629998115e-02 -8.268337236327519268e-02
3.325000000000000178e+00 6.618807343096955176e-02 -8.260763450142739883e-02
3.350000000000000089e+00 6.629614769163795496e-02 -8.252889898473360353e-02
3.375000000000000444e+00 6.640347469091910371e-02 -8.244705632910694082e-02
3.399999999999999911e+00 6.650958603797274549e-02 -8.236198692648348529e-02
3.424999999999999822e+00 6.661399999486591894e-02 -8.227356090544626910e-02
3.450000000000000622e+00 6.671622258020405705e-02 -8.218163804415122564e-02
3.475000000000000533e+00 6.681574871583101372e-02 -8.208606773625905240e-02
3.500000000000000000e+00 6.691206341224054110e-02 -8.198668901031347378e-02
3.524999999999999911e+00 6.700464298831239340e-02 -8.188333060277770692e-02
3.549999999999999822e+00 6.709295632107603602e-02 -8.177581108475218130e-02
3.575000000000000622e+00 6.717646612138088169e-02 -8.166393904223540057e-02
3.600000000000000089e+00 6.725463023158616271e-02 -8.154751330964946088e-02
3.625000000000000000e+00 6.732690294162406441e-02 -8.142632325621351752e-02
3.649999999999999911e+00 6.739273632000897241e-02 -8.130014912460434284e-02
3.674999999999999822e+00 6.745158155651928555e-02 -8.116876242117800067e-02
3.700000000000000622e+00 6.750289031334909262e-02 -8.103192635683340028e-02
3.725000000000000089e+00 6.754611608150855318e-02 -8.088939633737685098e-02
3.750000000000000000e+00 6.758071553914286878e-02 -8.074092050199342674e-02
3.774999999999999911e+00 6.760614990826838144e-02 -8.058624030816108341e-02
3.799999999999999822e+00 6.762188630621510099e-02 -8.042509116105953093e-02
3.825000000000000178e+00 6.762739908785936338e-02 -8.025720308524905700e-02
3.850000000000000089e+00 6.762217117456016668e-02 -8.008230143613463692e-02
3.875000000000000000e+00 6.760569536561984727e-02 -7.990010764850201397e-02
3.899999999999999911e+00 6.757747562808892605e-02 -7.971034001922533418e-02
3.924999999999999822e+00 6.753702836084628236e-02 -7.951271452110426907e-02
3.950000000000000178e+00 6.748388362910184846e-02 -7.930694564469509267e-02
3.975000000000000089e+00 6.741758636577539765e-02 -7.909274726494786023e-02
4.000000000000000000e+00 6.733769753657507795e-02 -7.886983352944358650e-02
4.025000000000000355e+00 6.724379526599535972e-02 -7.863791976502898518e-02
4.049999999999999822e+00 6.713547592184046509e-02 -7.839672339965844672e-02
4.075000000000000178e+00 6.701235515621818684e-02 -7.814596489626141063e-02
4.099999999999999645e+00 6.687406890121140590e-02 -7.788536869544825103e-02
4.125000000000000000e+00 6.672027431760542415e-02 -7.761466416384209255e-02
4.150000000000000355e+00 6.655065069512111631e-02 -7.733358654477826000e-02
4.174999999999999822e+00 6.636490030258657136e-02 -7.704187790804561953e-02
4.200000000000000178e+00 6.616274918639901415e-02 -7.673928809526908701e-02
4.224999999999999645e+00 6.594394791550929613e-02 -7.642557565745422554e-02
4.250000000000000000e+00 6.570827227104565627e-02 -7.610050878115040551e-02
4.275000000000000355e+00 6.545552387861196253e-02 -7.576386619964889380e-02
4.299999999999999822e+00 6.518553078128344613e-02 -7.541543808562616025e-02
4.325000000000000178e+00 6.489814795139890735e-02 -7.505502692168224133e-02
4.349999999999999645e+00 6.459325773942316273e-02 -7.468244834530730902e-02
4.375000000000000000e+00 6.427077025842051206e-02 -7.429753196493825429e-02
4.400000000000000355e+00 6.393062370302661501e-02 -7.390012214393536227e-02
4.424999999999999822e+00 6.357278460219824290e-02 -7.349007874950425068e-02
4.450000000000000178e+00 6.319724800543047305e-02 -7.306727786380227962e-02
4.474999999999999645e+00 6.280403760251782042e-02 -7.263161245468394145e-02
4.500000000000000000e+00 6.239320577726847200e-02 -7.218299300374837746e-02
4.525000000000000355e+00 6.196483359583552369e-02 -7.172134808954416796e-02
4.549999999999999822e+00 6.151903073048585469e-02 -7.124662492395142377e-02
4.575000000000000178e+00 6.105593531969386728e-02 -7.075878983990753490e-02
4.599999999999999645e+00 6.057571376542498359e-02 -7.025782872876353002e-02
4.625000000000000000e+00 6.007856046839442354e-02 -6.974374742566688545e-02
4.650000000000000355e+00 5.956469750197693203e-02 -6.921657204147288467e-02
4.674999999999999822e+00 5.903437422533917844e-02 -6.867634923979756834e-02
4.700000000000000178e+00 5.848786683630369937e-02 -6.812314645795786161e-02
4.724999999999999645e+00 5.792547786445809144e-02 -6.755705207070140939e-02
4.750000000000000000e+00 5.734753560511499093e-02 -6.697817549581985830e-02
4.775000000000000355e+00 5.675439349491444990e-02 -6.638664724096389469e-02
4.799999999999999822e+00 5.614642943013087306e-02 -6.578261889123193651e-02
4.825000000000000178e+00 5.552404502908551975e-02 -6.516626303738386194e-02
4.849999999999999645e+00 5.488766484044143440e-02 -6.453777314481920491e-02
4.875000000000000000e+00 5.423773549953703199e-02 -6.389736336375101411e-02
4.900000000000000355e+00 5.357472483526161400e-02 -6.324526828128308742e-02
4.924999999999999822e+00 5.289912093025873896e-02 -6.258174261635197910e-02
4.950000000000000178e+00 5.221143113743894476e-02 -6.190706085871760384e-02
4.974999999999999645e+00 5.151218105588063062e-02 -6.122151685337179350e-02
5.000000000000000000e+00 5.080191346919513129e-02 -6.052542333188341145e-02
5.025000000000000355e+00 5.008118724934901289e-02 -5.981911139231826241e-02
5.049999999999999822e+00 4.935057622879154143e-02 -5.910292992946575980e-02
5.075000000000000178e+00 4.861066804356860283e-02 -5.837724501718671161e-02
5.099999999999999645e+00 4.786206294994390514e-02 -5.764243924477693154e-02
5.125000000000000000e+00 4.710537261693469036e-02 -5.689891100932849971e-02
5.150000000000000355e+00 4.634121889712402437e-02 -5.614707376617634332e-02
5.174999999999999822e+00 4.557023257815431827e-02 -5.538735523964091051e-02
5.200000000000000178e+00 4.479305211743940529e-02 -5.462019659642380898e-02
5.224999999999999645e+00 4.401032236284580651e-02 -5.384605158417418019e-02
5.250000000000000000e+00 4.322269326236403281e-02 -5.306538563791198676e-02
5.275000000000000355e+00 4.243081856608846986e-02 -5.227867495716094492e-02
5.299999999999999822e+00 4.163535452411191301e-02 -5.148640555679510206e-02
5.325000000000000178e+00 4.083695858418016217e-02 -5.068907229472755654e-02
5.349999999999999645e+00 4.003628809311632342e-02 -4.988717787966046036e-02
5.375000000000000000e+00 3.923399900608488811e-02 -4.908123186216235834e-02
5.400000000000000355e+00 3.843074460772010620e-02 -4.827174961234583644e-02
5.424999999999999822e+00 3.762717424898940483e-02 -4.745925128738378435e-02
5.450000000000000178e+00 3.682393210342383566e-02 -4.664426079203703307e-02
5.474999999999999645e+00 3.602165594605014065e-02 -4.582730473527963505e-02
5.500000000000000000e+00 3.522097595803869857e-02 -4.500891138601159636e-02
5.525000000000000355e+00 3.442251355978054317e-02 -4.418960963075871384e-02
5.549999999999999822e+00 3.362688027485538633e-02 -4.336992793618191233e-02
5.575000000000000178e+00 3.283467662718258379e-02 -4.255039331916615070e-02
5.599999999999999645e+00 3.204649107357177701e-02 -4.173153032723210532e-02
5.625000000000000000e+00 3.126289897390960304e-02 -4.091386003201145927e-02
5.650000000000000355e+00 3.048446160132290902e-02 -4.009789903854442394e-02
5.674999999999999822e+00 2.971172519481596677e-02 -3.928415851318314139e-02
5.700000000000000178e+00 2.894522005705629439e-02 -3.847314323290512705e-02
5.724999999999999645e+00 2.818545970013852306e-02 -3.766535065884556166e-02
5.750000000000000000e+00 2.743294004224487367e-02 -3.686127003682818093e-02
5.775000000000000355e+00 2.668813865811551014e-02 -3.606138152760913346e-02
5.799999999999999822e+00 2.595151408611265018e-02 -3.526615536943437934e-02
5.825000000000000178e+00 2.522350519440634889e-02 -3.447605107535435531e-02
5.849999999999999645e+00 2.450453060843129846e-02 -3.369151666754219981e-02
5.875000000000000000e+00 2.379498820128689296e-02 -3.291298795063282018e-02
5.900000000000000355e+00 2.309525464821510915e-02 -3.214088782585843018e-02
5.924999999999999822e+00 2.240568504573296066e-02 -3.137562564750807914e-02
5.950000000000000178e+00 2.172661259546886797e-02 -3.061759662300853752e-02
5.974999999999999645e+00 2.105834835229525304e-02 -2.986718125771687521e-02
6.000000000000000000e+00 2.040118103599660240e-02 -2.912474484534161370e-02
6.025000000000000355e+00 1.975537690548437308e-02 -2.839063700477437863e-02
6.049999999999999822e+00 1.912117969446495286e-02 -2.766519126400865045e-02
6.075000000000000178e+00 1.849881060747397485e-02 -2.694872469174400265e-02
6.099999999999999645e+00 1.788846837527366743e-02 -2.624153757720474461e-02
6.125000000000000000e+00 1.729032936872853393e-02 -2.554391315862706777e-02
6.150000000000000355e+00 1.670454777037990932e-02 -2.485611740077415047e-02
6.174999999999999822e+00 1.613125580298052988e-02 -2.417839882170590149e-02
6.200000000000000178e+00 1.557056401418863666e-02 -2.351098836885407578e-02
6.224999999999999645e+00 1.502256161642747528e-02 -2.285409934422780523e-02
6.250000000000000000e+00 1.448731688058116189e-02 -2.220792737830301275e-02
6.275000000000000355e+00 1.396487758173554222e-02 -2.157265045184571933e-02
6.299999999999999822e+00 1.345527149460924200e-02 -2.094842896459553350e-02
6.325000000000000178e+00 1.295850693570722856e-02 -2.033540584941974025e-02
6.349999999999999645e+00 1.247457334862404378e-02 -1.973370673025871130e-02
6.375000000000000000e+00 1.200344192838850334e-02 -1.914344012194490671e-02
6.400000000000000355e+00 1.154506628033882300e-02 -1.856469766980884534e-02
6.424999999999999822e+00 1.109938310879037514e-02 -1.799755442689614238e-02
6.450000000000000178e+00 1.066631293074082366e-02 -1.744206916661381057e-02
6.474999999999999645e+00 1.024576081005380661e-02 -1.689828472869473602e-02
6.500000000000000000e+00 9.837617107954015408e-03 -1.636622839649731764e-02
6.525000000000000355e+00 9.441758246214179001e-03 -1.584591230382180471e-02
6.549999999999999822e+00 9.058047480052084516e-03 -1.533733386959089742e-02
6.575000000000000178e+00 8.686335678413257752e-03 -1.484047625888044834e-02
6.599999999999999645e+00 8.326462109909933337e-03 -1.435530886886373855e-02
6.625000000000000000e+00 7.978255233146354722e-03 -1.388178783822361338e-02
6.650000000000000355e+00 7.641533490425581054e-03 -1.341985657847728254e-02
6.674999999999999822e+00 7.316106103862797007e-03 -1.296944632543957192e-02
6.700000000000000178e+00 7.001773872716847771e-03 -1.253047670873469813e-02
6.724999999999999645e+00 6.698329970312179825e-03 -1.210285633687261005e-02
6.750000000000000888e+00 6.405560738304783008e-03 -1.168648339496757005e-02
6.775000000000001243e+00 6.123246475321691452e-03 -1.128124625173707908e-02
6.799999999999999822e+00 5.851162216258708887e-03 -1.088702407202169278e-02
6.825000000000001066e+00 5.589078497854746939e-03 -1.050368743076160460e-02
6.849999999999999645e+00 5.336762105662275039e-03 -1.013109892419167615e-02
6.875000000000000000e+00 5.093976797281037257e-03 -9.769113774006384435e-03
6.900000000000001243e+00 4.860483996773579118e-03 -9.417580420421158005e-03
6.924999999999999822e+00 4.636043455557689943e-03 -9.076341100414758029e-03
6.950000000000001066e+00 4.420413875768971004e-03 -8.745232407970487606e-03
6.974999999999999645e+00 4.213353493063318883e-03 -8.424085833810206203e-03
7.000000000000000000e+00 4.014620617012906907e-03 -8.112728282889941980e-03
7.025000000000001243e+00 3.823974128550955854e-03 -7.810982568751993586e-03
7.049999999999999822e+00 3.641173935229685514e-03 -7.518667884641388501e-03
7.075000000000001066e+00 3.465981386268313699e-03 -7.235600252043372302e-03
7.099999999999999645e+00 3.298159650383135529e-03 -6.961592947928852554e-03
7.125000000000000000e+00 3.137474060128742168e-03 -6.696456912464144109e-03
7.150000000000001243e+00 2.983692426889067960e-03 -6.440001139227749007e-03
7.174999999999999822e+00 2.836585330714292731e-03 -6.192033050062970695e-03
7.200000000000000178e+00 2.695926388922047744e-03 -5.952358856593194421e-03
7.224999999999999645e+00 2.561492506811628104e-03 -5.720783910155130200e-03
7.250000000000000000e+00 2.433064113049721033e-03 -5.497113041500129374e-03
7.275000000000001243e+00 2.310425381366599390e-03 -5.281150891121915922e-03
7.299999999999999822e+00 2.193364439249346261e-03 -5.072702230538345472e-03
7.325000000000000178e+00 2.081673563431347615e-03 -4.871572274336856412e-03
7.349999999999999645e+00 1.975149361239772298e-03 -4.677566982334448349e-03
7.375000000000000000e+00 1.873592936338663601e-03 -4.490493350838253329e-03
7.400000000000001243e+00 1.776810037136089104e-03 -4.310159691751296041e-03
7.424999999999999822e+00 1.684611186117856291e-03 -4.136375898159270342e-03
7.450000000000000178e+00 1.596811788611658461e-03 -3.968953695059338968e-03
7.474999999999999645e+00 1.513232219931520900e-03 -3.807706874037795376e-03
7.500000000000000000e+00 1.433697890441498583e-03 -3.652451510945028176e-03
7.525000000000000355e+00 1.358039288738824204e-03 -3.503006165926375853e-03
7.549999999999999822e+00 1.286092003814286091e-03 -3.359192065509380033e-03
7.575000000000000178e+00 1.217696727633591500e-03 -3.220833266791138863e-03
7.599999999999999645e+00 1.152699240041319372e-03 -3.087756804082493825e-03
7.625000000000000000e+00 1.090950378181440843e-03 -2.959792818626257645e-03
7.650000000000000355e+00 1.032305992738961203e-03 -2.836774672199293430e-03
7.674999999999999822e+00 9.766268932405966930e-04 -2.718539045526247554e-03
7.700000000000000178e+00 9.237787844338981452e-04 -2.604926022478768442e-03
7.724999999999999645e+00 8.736321954326666320e-04 -2.495779161017353583e-03
7.750000000000000000e+00 8.260624029215039073e-04 -2.390945551768254140e-03
7.775000000000000355e+00 7.809493493055409468e-04 -2.290275865033877898e-03
7.799999999999999822e+00 7.381775563214035664e-04 -2.193624386929604597e-03
7.825000000000000178e+00 6.976360343317420526e-04 -2.100849045240592641e-03
7.849999999999999645e+00 6.592181873347512707e-04 -2.011811425512291269e-03
7.875000000000000000e+00 6.228217136427539056e-04 -1.926376777836379117e-03
7.900000000000000355e+00 5.883485022164312416e-04 -1.844414014773901236e-03
7.924999999999999822e+00 5.557045247646627854e-04 -1.765795700866858815e-03
7.950000000000000178e+00 5.247997239062880508e-04 -1.690398034223269908e-03
7.974999999999999645e+00 4.955478979042366849e-04 -1.618100820709011305e-03
8.000000000000000000e+00 4.678665826887815527e-04 -1.548787441332237069e-03
8.025000000000000355e+00 4.416769320525972160e-04 -1.482344813452523245e-03
8.050000000000000711e+00 4.169035970012012851e-04 -1.418663346477586334e-03
8.074999999999999289e+00 3.934746052635516747e-04 -1.357636892719989467e-03
8.099999999999999645e+00 3.713212419059253359e-04 -1.299162694070945005e-03
8.125000000000000000e+00 3.503779318564063526e-04 -1.243141325109422797e-03
8.150000000000000355e+00 3.305821249545974508e-04 -1.189476633205568132e-03
8.175000000000000711e+00 3.118741839165804406e-04 -1.138075676104696862e-03
8.199999999999999289e+00 2.941972753759692629e-04 -1.088848657399257977e-03
8.224999999999999645e+00 2.774972639551236304e-04 -1.041708860219470222e-03
8.250000000000000000e+00 2.617226091589640335e-04 -9.965725794062738670e-04
8.275000000000000355e+00 2.468242647829479346e-04 -9.533590523779565500e-04
8.300000000000000711e+00 2.327555804939203919e-04 -9.119903888683362960e-04
8.324999999999999289e+00 2.194722052752416446e-04 -8.723914996994323618e-04
8.349999999999999645e+00 2.069319925156170984e-04 -8.344900247538598924e-04
8.375000000000000000e+00 1.950949066469580978e-04 -7.982162603273635368e-04
8.400000000000000355e+00 1.839229313791283002e-04 -7.635030860641352137e-04
8.425000000000000711e+00 1.733799797166785334e-04 -7.302858917014078133e-04
8.449999999999999289e+00 1.634318060538975798e-04 -6.985025038686364183e-04
8.474999999999999645e+00 1.540459207143881736e-04 -6.680931131960347142e-04
8.500000000000000000e+00 1.451915073206858401e-04 -6.390002019843045271e-04
8.525000000000000355e+00 1.368393433459849531e-04 -6.111684726705368664e-04
8.550000000000000711e+00 1.289617241198528933e-04 -5.845447772959668420e-04
8.574999999999999289e+00 1.215323904439568980e-04 -5.590780481420092214e-04
8.599999999999999645e+00 1.145264598388687184e-04 -5.347192296559281867e-04
8.625000000000000000e+00 1.079203613067368180e-04 -5.114212117416812309e-04
8.650000000000000355e+00 1.016917733747033884e-04 -4.891387644493205410e-04
8.675000000000000711e+00 9.581956509524740902e-05 -4.678284740624999156e-04
8.699999999999999289e+00 9.028373963213220900e-05 -4.474486805606237277e-04
8.724999999999999645e+00 8.506538005837851264e-05 -4.279594164215638438e-04
8.750000000000000000e+00 8.014659703401154529e-05 -4.093223467324213073e-04
8.775000000000000355e+00 7.551047810797111492e-05 -3.915007105872838136e-04
8.800000000000000711e+00 7.114103848892526516e-05 -3.744592637697003097e-04
8.824999999999999289e+00 6.702317323855105284e-05 -3.581642227392707752e-04
8.849999999999999645e+00 6.314261094312524527e-05 -3.425832099626071789e-04
8.875000000000000000e+00 5.948586900103628144e-05 -3.276852006451362793e-04
8.900000000000000355e+00 5.604021071469148272e-05 -3.134404709287907627e-04
8.925000000000000711e+00 5.279360438955891578e-05 -2.998205476204294302e-04
8.949999999999999289e+00 4.973468461993509244e-05 -2.867981595060180950e-04
8.974999999999999645e+00 4.685271588520332207e-05 -2.743471902878947427e-04
9.000000000000000000e+00 4.413755850058451933e-05 -2.624426331587490554e-04
9.025000000000000355e+00 4.157963687446948549e-05 -2.510605469994702942e-04
9.050000000000000711e+00 3.916990993349726797e-05 -2.401780141622359354e-04
9.074999999999999289e+00 3.689984349898742054e-05 -2.297730997781323816e-04
9.099999999999999645e+00 3.476138434444641403e-05 -2.198248125129344309e-04
9.125000000000000000e+00 3.274693564041050047e-05 -2.103130666871835298e-04
9.150000000000000355e+00 3.084933350201576007e-05 -2.012186456776165133e-04
9.175000000000000711e+00 2.906182439452327358e-05 -1.925231665259535894e-04
9.199999999999999289e+00 2.737804321606757664e-05 -1.842090456961220006e-04
9.224999999999999645e+00 2.579199195598240265e-05 -1.762594659397693868e-04
9.250000000000000000e+00 2.429801891011287932e-05 -1.686583442495662416e-04
9.275000000000000355e+00 2.289079851016631001e-05 -1.613903008973219765e-04
9.300000000000000711e+00 2.156531188285153972e-05 -1.544406295670450809e-04
9.324999999999999289e+00 2.031682828865669039e-05 -1.477952685998962213e-04
9.349999999999999645e+00 1.914088759634735242e-05 -1.414407733678522082e-04
9.375000000000000000e+00 1.803328392768324941e-05 -1.353642897859134596e-04
9.400000000000000355e+00 1.699005056150037867e-05 -1.295535289602739362e-04
9.425000000000000711e+00 1.600744612447414561e-05 -1.239967429536242372e-04
9.449999999999999289e+00 1.508194202657118328e-05 -1.186827016315219249e-04
9.474999999999999645e+00 1.421021103246658822e-05 -1.136006705375213513e-04
9.500000000000000000e+00 1.338911680523487390e-05 -1.087403897322334435e-04
9.525000000000000355e+00 1.261570422279264628e-05 -1.040920535240802473e-04
9.550000000000000711e+00 1.188719025544745383e-05 -9.964629101822533390e-05
9.574999999999999289e+00 1.120095520564267272e-05 -9.539414741513554735e-05
9.599999999999999645e+00 1.055453414623555426e-05 -9.132706600049055620e-05
9.625000000000000000e+00 9.945608446309739249e-06 -8.743687078236419175e-05
9.650000000000000355e+00 9.371997335803751661e-06 -8.371574974754338071e-05
9.675000000000000711e+00 8.831649523861184788e-06 -8.015623872450710458e-05
9.699999999999999289e+00 8.322634941859402338e-06 -7.675120585379199064e-05
9.724999999999999645e+00 7.843136723587764464e-06 -7.349383667549323350e-05
9.750000000000000000e+00 7.391443556617712435e-06 -7.037761984757288046e-05
9.775000000000000355e+00 6.965942538566203853e-06 -6.739633350710458586e-05
9.800000000000000711e+00 6.565112650268872802e-06 -6.454403227997223093e-05
9.824999999999999289e+00 6.187518918732485995e-06 -6.181503493422977474e-05
9.849999999999999645e+00 5.831807291935630146e-06 -5.920391265970581415e-05
9.875000000000000000e+00 5.496700192653328464e-06 -5.670547794367949279e-05
9.900000000000000355e+00 5.180992667117884758e-06 -5.431477400121302503e-05
9.925000000000000711e+00 4.883549003659719136e-06 -5.202706471081076087e-05
9.949999999999999289e+00 4.603299671763421277e-06 -4.983782500249058943e-05
9.974999999999999645e+00 4.339238426516323489e-06 -4.774273164655521497e-05
1.000000000000000000e+01 4.090419437313987423e-06 -4.573765439723037992e-05
1.002500000000000036e+01 3.855954330831254568e-06 -4.381864745491314178e-05
1.005000000000000071e+01 3.635009081943412318e-06 -4.198194122282194823e-05
1.007499999999999929e+01 3.426800736264175683e-06 -4.022393434653138977e-05
1.009999999999999964e+01 3.230593997422163516e-06 -3.854118603674134625e-05
1.012500000000000000e+01 3.045697754367308659e-06 -3.693040868483609546e-05
1.015000000000000036e+01 2.871461653383533209e-06 -3.538846078646197253e-05
1.017500000000000071e+01 2.707272832471290003e-06 -3.391234018970599149e-05
1.019999999999999929e+01 2.552552931047373667e-06 -3.249917768152225456e-05
1.022499999999999964e+01 2.406755466627282111e-06 -3.114623091949555756e-05
1.025000000000000000e+01 2.269363635707252332e-06 -2.985087870686337601e-05
1.027500000000000036e+01 2.139888553549097497e-06 -2.861061559833134930e-05
1.030000000000000071e+01 2.017867903123967420e-06 -2.742304681428833473e-05
1.032499999999999929e+01 1.902864923162059371e-06 -2.628588343283038897e-05
1.034999999999999964e+01 1.794467634715541929e-06 -2.519693782382615590e-05
1.037500000000000000e+01 1.692288188813875644e-06 -2.415411928779191724e-05
1.040000000000000036e+01 1.595962216610527369e-06 -2.315542986463752883e-05
1.042500000000000071e+01 1.505148077924862160e-06 -2.219896028330557434e-05
1.044999999999999929e+01 1.419525931771174228e-06 -2.128288603173184728e-05
1.047499999999999964e+01 1.338796589332451338e-06 -2.040546353656059477e-05
1.050000000000000000e+01 1.262680150749059177e-06 -1.956502645209321482e-05
1.052500000000000036e+01 1.190914466146646035e-06 -1.875998206661790875e-05
1.055000000000000071e+01 1.123253493541773570e-06 -1.798880784066464399e-05
1.057499999999999929e+01 1.059465647108927361e-06 -1.725004809483098695e-05
1.059999999999999964e+01 9.993322364141372253e-07 -1.654231086437501835e-05
1.062500000000000000e+01 9.426460899172074972e-07 -1.586426493413162548e-05
1.065000000000000036e+01 8.892104355577553629e-07 -1.521463706076210451e-05
1.067500000000000071e+01 8.388380809213584830e-07 -1.459220938130795308e-05
1.069999999999999929e+01 7.913508995390849417e-07 -1.399581699836394628e-05
1.072499999999999964e+01 7.465795934576464601e-07 -1.342434572429199916e-05
1.075000000000000000e+01 7.043636704259880238e-07 -1.287672996102905963e-05
1.077500000000000036e+01 6.645515510269233324e-07 -1.235195068864362849e-05
1.080000000000000071e+01 6.270007099482096768e-07 -1.184903353577748198e-05
1.082499999999999929e+01 5.915777575227510127e-07 -1.136704690798444602e-05
1.084999999999999964e+01 5.581583822500490199e-07 -1.090510015566502487e-05
1.087500000000000000e+01 5.266270998662516052e-07 -1.046234177075449151e-05
1.090000000000000036e+01 4.968767861108635112e-07 -1.003795760952697237e-05
1.092500000000000071e+01 4.688080041958299803e-07 -9.631169146844586606e-06
1.094999999999999929e+01 4.423281693280978345e-07 -9.241231773552725936e-06
1.097499999999999964e+01 4.173506173742742957e-07 -8.867433152970924208e-06
1.100000000000000000e+01 3.937936595263756742e-07 -8.509091653755663170e-06
1.102500000000000036e+01 3.715797078658067893e-07 -8.165554874964118951e-06
1.105000000000000071e+01 3.506345478771940309e-07 -7.836198274956507638e-06
1.107499999999999929e+01 3.308868146924389561e-07 -7.520423909724037242e-06
1.109999999999999964e+01 3.122677030067962833e-07 -7.217659279117384087e-06
1.112500000000000000e+01 2.947109100747718753e-07 -6.927356272253265111e-06
1.115000000000000036e+01 2.781527812575978755e-07 -6.648990197282854063e-06
1.117500000000000071e+01 2.625326023072988131e-07 -6.382058876379833039e-06
1.119999999999999929e+01 2.477929653748897741e-07 -6.126081785004236843e-06
1.122499999999999964e+01 2.338801288043207434e-07 -5.880599215225055258e-06
1.125000000000000000e+01 2.207442948653408388e-07 -5.645171446264999911e-06
1.127500000000000036e+01 2.083397439558810143e-07 -5.419377910711120438e-06
1.130000000000000071e+01 1.966247861645760069e-07 -5.202816351364939165e-06
1.132499999999999929e+01 1.855615184097075894e-07 -4.995101970615310131e-06
1.134999999999999964e+01 1.751154035863252285e-07 -4.795866580382844074e-06
1.137500000000000000e+01 1.652547135542899674e-07 -4.604757765454198912e-06
1.140000000000000036e+01 1.559498968247008013e-07 -4.421438075606621151e-06
1.142500000000000071e+01 1.471729420730026911e-07 -4.245584262164855838e-06
1.144999999999999929e+01 1.388968087713785531e-07 -4.076886572395480403e-06
1.147499999999999964e+01 1.310949866249989294e-07 -3.915048110974000672e-06
1.150000000000000000e+01 1.237412274226662633e-07 -3.759784272064977274e-06
1.152500000000000036e+01 1.168094692554454744e-07 -3.610822239453988171e-06
1.155000000000000071e+01 1.102739469784270551e-07 -3.467900546226011624e-06
1.157499999999999929e+01 1.041094580467376797e-07 -3.330768680759593990e-06
1.159999999999999964e+01 9.829173279427859535e-08 -3.199186722876778749e-06
1.162500000000000000e+01 9.279784543149704775e-08 -3.072924993109628692e-06
1.165000000000000036e+01 8.760659835682450980e-08 -2.951763699623437829e-06
1.167500000000000071e+01 8.269881780560759937e-08 -2.835492570676895520e-06
1.169999999999999929e+01 7.805751285495995788e-08 -2.723910465552817783e-06
1.172499999999999964e+01 7.366786995514703776e-08 -2.616824962564614166e-06
1.175000000000000000e+01 6.951707883712945600e-08 -2.514051928483174588e-06
1.177500000000000036e+01 6.559400935095276691e-08 -2.415415078623605612e-06
1.180000000000000071e+01 6.188877937080231604e-08 -2.320745540201270374e-06
1.182499999999999929e+01 5.839226856181467671e-08 -2.229881433067332254e-06
1.184999999999999964e+01 5.509563963454452823e-08 -2.142667481312337394e-06
1.187500000000000000e+01 5.198992686813009009e-08 -2.058954666625305327e-06
1.190000000000000036e+01 4.906574176302019374e-08 -1.978599930177261080e-06
1.192500000000000071e+01 4.631312889331780564e-08 -1.901465924648756699e-06
1.194999999999999929e+01 4.372158414401698110e-08 -1.827420812733696520e-06
1.197499999999999964e+01 4.128022520889365607e-08 -1.756338103640818399e-06
1.200000000000000000e+01 3.897808375402452427e-08 -1.688096515499989089e-06
1.202500000000000036e+01 3.680447272356399339e-08 -1.622579849685939982e-06
1.205000000000000071e+01 3.474937297617907651e-08 -1.559676863044793329e-06
1.207499999999999929e+01 3.280378207962389998e-08 -1.499281125918587346e-06
1.209999999999999964e+01 3.095997443864741254e-08 -1.441290857368044335e-06
1.212500000000000000e+01 2.921163530131717098e-08 -1.385608733520613277e-06
1.215000000000000036e+01 2.755384936655899505e-08 -1.332141670064197142e-06
1.217500000000000071e+01 2.598294521339395418e-08 -1.280800584565955739e-06
1.219999999999999929e+01 2.449621676541642172e-08 -1.231500148161237265e-06
1.222499999999999964e+01 2.309155969249803716e-08 -1.184158538500756324e-06
1.225000000000000000e+01 2.176707181663008110e-08 -1.138697206478561785e-06
1.227500000000000036e+01 2.052067082154027602e-08 -1.095040668079697361e-06
1.230000000000000071e+01 1.934977938383969701e-08 -1.053116329902762177e-06
1.232499999999999929e+01 1.825111781177776179e-08 -1.012854352925382732e-06
1.234999999999999964e+01 1.722062891975267761e-08 -9.741875545216955180e-07
1.237500000000000000e+01 1.625354136522180381e-08 -9.370513441352882031e-07
1.240000000000000036e+01 1.534455861545334950e-08 -9.013836842036964537e-07
1.242500000000000071e+01 1.448814379744125403e-08 -8.671250651918669402e-07
1.244999999999999929e+01 1.367885806273559185e-08 -8.342184825317608396e-07
1.247499999999999964e+01 1.291170362449501979e-08 -8.026094038501197107e-07
1.250000000000000000e+01 1.218242282820298134e-08 -7.722457169765173063e-07
1.252500000000000036e+01 1.148771168127459874e-08 -7.430776527624686321e-07
1.255000000000000071e+01 1.082531869101464803e-08 -7.150576808208092839e-07
1.257499999999999929e+01 1.019401631621044249e-08 -6.881403807482767094e-07
1.259999999999999964e+01 9.593450026138003864e-09 -6.622822952480850832e-07
1.262500000000000000e+01 9.023886825004616671e-09 -6.374417745479502181e-07
1.265000000000000036e+01 8.485898561605870683e-09 -6.135788230475616258e-07
1.267500000000000071e+01 7.980023750076923941e-09 -5.906549591140454698e-07
1.269999999999999929e+01 7.506453918756175083e-09 -5.686330974126875163e-07
1.272499999999999964e+01 7.064786348002670292e-09 -5.474774602796789771e-07
1.275000000000000000e+01 6.653875308445102462e-09 -5.271535209017591794e-07
1.277500000000000036e+01 6.271799835302576860e-09 -5.076279769723812934e-07
1.280000000000000071e+01 5.915949834042948533e-09 -4.888687496451701971e-07
1.282499999999999929e+01 5.583216048205744813e-09 -4.708449994704275685e-07
1.284999999999999964e+01 5.270255431850394828e-09 -4.535271491199345645e-07
1.287500000000000000e+01 4.973793656321603724e-09 -4.368869022156892919e-07
1.290000000000000036e+01 4.690922043988308149e-09 -4.208972485546622009e-07
1.292500000000000071e+01 4.419347750843391442e-09 -4.055324484047287983e-07
1.294999999999999929e+01 4.157563185912681190e-09 -3.907679918094106713e-07
1.297499999999999964e+01 3.904912309886959218e-09 -3.765805326540523443e-07
1.300000000000000000e+01 3.661546080853234680e-09 -3.629478010757914176e-07
1.302500000000000036e+01 3.428274606369423903e-09 -3.498485009511517039e-07
1.305000000000000071e+01 3.206337705046462659e-09 -3.372622014674827583e-07
1.307499999999999929e+01 2.997126371173065493e-09 -3.251692327125490095e-07
1.309999999999999964e+01 2.801893863263050458e-09 -3.135505947026044952e-07
1.312500000000000000e+01 2.621495919966516263e-09 -3.023878875354176866e-07
1.315000000000000036e+01 2.456194916863607779e-09 -2.916632674509718273e-07
1.317500000000000071e+01 2.305553471168557343e-09 -2.813594301193454829e-07
1.319999999999999929e+01 2.168430272943640797e-09 -2.714596188677348701e-07
1.322499999999999964e+01 2.043076729598647058e-09 -2.619476522313764652e-07
1.325000000000000000e+01 1.927319206733381783e-09 -2.528079628274893734e-07
1.327500000000000036e+01 1.818800201958692374e-09 -2.440256381529747339e-07
1.330000000000000071e+01 1.715244205669274088e-09 -2.355864539788764890e-07
1.332499999999999929e+01 1.614711197291041469e-09 -2.274768922627676706e-07
1.334999999999999964e+01 1.515803117548437379e-09 -2.196841378925360247e-07
1.337500000000000000e+01 1.417795698592103317e-09 -2.121960517346409952e-07
1.340000000000000036e+01 1.320678747653765315e-09 -2.050011208932101484e-07
1.342500000000000071e+01 1.225100851532241760e-09 -1.980883903636903565e-07
1.344999999999999929e+01 1.132227600244839452e-09 -1.914473829199079460e-07
1.347499999999999964e+01 1.043534126144779179e-09 -1.850680156887237349e-07
1.350000000000000178e+01 9.605613909063178384e-10 -1.789405224086520518e-07
1.352500000000000213e+01 8.846700322311035349e-10 -1.730553894521755605e-07
1.355000000000000249e+01 8.168253706936738825e-10 -1.674033118720747055e-07
1.357499999999999929e+01 7.574422801255108495e-10 -1.619751729298057296e-07
1.359999999999999964e+01 7.063098996216654583e-10 -1.567620472994776533e-07
1.362500000000000000e+01 6.626049441641389247e-10 -1.517552250258369602e-07
1.365000000000000213e+01 6.249900586648438319e-10 -1.469462504442968170e-07
1.367500000000000249e+01 5.917821784177882490e-10 -1.423269683767946302e-07
1.369999999999999929e+01 5.611665688397720290e-10 -1.378895690685285893e-07
1.372499999999999964e+01 5.314264587399087712e-10 -1.336266235788312588e-07
1.375000000000000000e+01 5.011566869148096622e-10 -1.295311028945559919e-07
1.377500000000000213e+01 4.694325402253193918e-10 -1.255963763043489924e-07
1.380000000000000249e+01 4.359116910518897352e-10 -1.218161875995747338e-07
1.382499999999999929e+01 4.008566787348512369e-10 -1.181846107252187673e-07
1.384999999999999964e+01 3.650764360765211136e-10 -1.146959893619290488e-07
1.387500000000000000e+01 3.297964524761883186e-10 -1.113448671443420138e-07
1.390000000000000213e+01 2.964765907630750483e-10 -1.081259164299095718e-07
1.392500000000000249e+01 2.666023337867032643e-10 -1.050338737043175061e-07
1.394999999999999929e+01 2.414782329275339995e-10 -1.020634887603659279e-07
1.397499999999999964e+01 2.220513778998508705e-10 -9.920949280105705420e-08
1.400000000000000000e+01 2.087880260790038860e-10 -9.646658809388593972e-08
1.402500000000000213e+01 2.016187439773020052e-10 -9.382945878814824219e-08
1.405000000000000249e+01 1.999577732003510549e-10 -9.129279969777203829e-08
1.407499999999999929e+01 2.027921694333611993e-10 -8.885135747176642563e-08
1.409999999999999964e+01 2.088268921414020862e-10 -8.649997693303023630e-08
1.412500000000000000e+01 2.166648524476518599e-10 -8.423364484456284442e-08
1.415000000000000213e+01 2.249967378622505844e-10 -8.204752372389849522e-08
1.417500000000000249e+01 2.327747577039629491e-10 -7.993696986052950713e-08
1.419999999999999929e+01 2.393473510581877958e-10 -7.789753184501755793e-08
1.422499999999999964e+01 2.445377198232948779e-10 -7.592492867689529240e-08
1.425000000000000000e+01 2.486570560441707767e-10 -7.401500928005555975e-08
1.427500000000000036e+01 2.524522658704454675e-10 -7.216369784162843655e-08
1.430000000000000249e+01 2.569966398356906689e-10 -7.036693134918997959e-08
1.432499999999999929e+01 2.635390870655839955e-10 -6.862059686314880101e-08
1.434999999999999964e+01 2.733323537735096536e-10 -6.692047625857856453e-08
1.437500000000000000e+01 2.874624455385680342e-10 -6.526220545599294254e-08
1.440000000000000036e+01 3.067002638481261582e-10 -6.364125362493435572e-08
1.442500000000000249e+01 3.313924118266997182e-10 -6.205292571602242658e-08
1.444999999999999929e+01 3.614020476167052420e-10 -6.049238929879528422e-08
1.447499999999999964e+01 3.961034379349394418e-10 -5.895472430833376258e-08
1.450000000000000000e+01 4.344266312880992458e-10 -5.743499225158215445e-08
1.452500000000000036e+01 4.749423669659528257e-10 -5.592831997895078693e-08
1.455000000000000249e+01 5.159730135034591668e-10 -5.442999230332581618e-08
1.457499999999999929e+01 5.557132624769668900e-10 -5.293554773122452105e-08
1.459999999999999964e+01 5.923449351036267109e-10 -5.144087214292959956e-08
1.462500000000000000e+01 6.241331202107314332e-10 -4.994228634623962958e-08
1.465000000000000036e+01 6.494955688716993764e-10 -4.843662477444702609e-08
1.467500000000000249e+01 6.670428337150903290e-10 -4.692130393264041761e-08
1.469999999999999929e+01 6.755922753138452926e-10 -4.539438030333858350e-08
1.472499999999999964e+01 6.741636266326874325e-10 -4.385459816723100073e-08
1.475000000000000000e+01 6.619668227558226656e-10 -4.230142792587966083e-08
1.477500000000000036e+01 6.383935046185332585e-10 -4.073509525544443188e-08
1.480000000000000249e+01 6.030221241780823315e-10 -3.915660067093296718e-08
1.482499999999999929e+01 5.556430420868124421e-10 -3.756772808155629133e-08
1.484999999999999964e+01 4.963049921019634723e-10 -3.597103994258586796e-08
1.487500000000000000e+01 4.253787147084029596e-10 -3.436985585344636259e-08
1.490000000000000036e+01 3.436283513774520436e-10 -3.276821107901400977e-08
1.492500000000000071e+01 2.522771647860124261e-10 -3.117079180807152730e-08
1.494999999999999929e+01 1.530522441550980003e-10 -2.958284489571167349e-08
1.497499999999999964e+01 4.819336297820610423e-11 -2.801006144286464532e-08
