# raxis[fm], SN, VN, SP, VP
2.101448349307773875e-07 8.903871612555500081e-02 9.357916141440245084e-02 4.957941289300620696e-02 5.398924027203497178e-02
2.500000000000000139e-02 8.904414738404550778e-02 9.358596436737114110e-02 4.959181473735357198e-02 5.400148384593114054e-02
5.000000000000000278e-02 8.902763951329432934e-02 9.357186004931296319e-02 4.961280910329795429e-02 5.402030289259521917e-02
7.499999999999999722e-02 8.899935398029534817e-02 9.354755895028676882e-02 4.964751891194304351e-02 5.405134922624003219e-02
1.000000000000000056e-01 8.895965277139043781e-02 9.351341833957679817e-02 4.969593409251654020e-02 5.409463992125163045e-02
1.250000000000000000e-01 8.890870921094549961e-02 9.346959771706862818e-02 4.975795456702430952e-02 5.415008927640697911e-02
1.499999999999999944e-01 8.884668373305425193e-02 9.341623752241352829e-02 4.983343141968559625e-02 5.421756566954028661e-02
1.749999999999999889e-01 8.877376154719529566e-02 9.335349931870744189e-02 4.992218519647947245e-02 5.429690919838539576e-02
2.000000000000000111e-01 8.869015927744546002e-02 9.328157143336052171e-02 5.002400550857240280e-02 5.438793310990852614e-02
2.250000000000000056e-01 8.859612864800289755e-02 9.320067373063659066e-02 5.013865488294801109e-02 5.449042624449353805e-02
2.500000000000000000e-01 8.849194131728559121e-02 9.311104211594514735e-02 5.026586012128331227e-02 5.460414432861492723e-02
2.750000000000000222e-01 8.837789592290577756e-02 9.301293519519754360e-02 5.040531761823775769e-02 5.472881635921671151e-02
2.999999999999999889e-01 8.825431979577699759e-02 9.290663653856656712e-02 5.055669639881219674e-02 5.486414687962407749e-02
3.250000000000000111e-01 8.812156746729005175e-02 9.279245328581396668e-02 5.071963775749671610e-02 5.500981553734365231e-02
3.499999999999999778e-01 8.798001594817063398e-02 9.267071173022288499e-02 5.089375574882219755e-02 5.516547699665878823e-02
3.750000000000000000e-01 8.783006405382624837e-02 9.254175618554826011e-02 5.107863658159105674e-02 5.533076118874046684e-02
4.000000000000000222e-01 8.767213997478122411e-02 9.240595680552259050e-02 5.127384518776868100e-02 5.550528004555881773e-02
4.249999999999999889e-01 8.750669692480433914e-02 9.226370616871483465e-02 5.147892666300909331e-02 5.568862733306249174e-02
4.500000000000000111e-01 8.733420711628939181e-02 9.211541297749738233e-02 5.169340350967164405e-02 5.588037635514487428e-02
4.749999999999999778e-01 8.715516068494141844e-02 9.196150125789130658e-02 5.191677757370889018e-02 5.608008156918963677e-02
5.000000000000000000e-01 8.697006109206033286e-02 9.180240583223196749e-02 5.214853004172326917e-02 5.628727848774583986e-02
5.250000000000000222e-01 8.677942838270022441e-02 9.163857530748344138e-02 5.238812493863630876e-02 5.650148803717670171e-02
5.500000000000000444e-01 8.658379943134734968e-02 9.147047330651172925e-02 5.263501239139096316e-02 5.672221852461221264e-02
5.749999999999999556e-01 8.638372204287433909e-02 9.129857259134106784e-02 5.288862811913207229e-02 5.694896499989168803e-02
5.999999999999999778e-01 8.617975434705073268e-02 9.112335458546334810e-02 5.314839493922531022e-02 5.718121083457325393e-02
6.250000000000000000e-01 8.597246148203421812e-02 9.094530635305239641e-02 5.341372376159377738e-02 5.741842853383611472e-02
6.500000000000000222e-01 8.576241583018125170e-02 9.076492085000592569e-02 5.368401619392758339e-02 5.766008255639334945e-02
6.750000000000000444e-01 8.555019470675533089e-02 9.058269527690490652e-02 5.395866651680999299e-02 5.790563034160446654e-02
6.999999999999999556e-01 8.533637682799873059e-02 9.039912752805007168e-02 5.423706204839974510e-02 5.815452303864997174e-02
7.249999999999999778e-01 8.512154161539976782e-02 9.021471584584755954e-02 5.451858547220318763e-02 5.840620754702879197e-02
7.500000000000000000e-01 8.490626580458256190e-02 9.002995568810276406e-02 5.480261546289317415e-02 5.866012679784798900e-02
7.750000000000000222e-01 8.469112419975541317e-02 8.984534040459629667e-02 5.508852931414643522e-02 5.891572323151595542e-02
8.000000000000000444e-01 8.447668919336399906e-02 8.966136165982026285e-02 5.537570647335559454e-02 5.917244098948850478e-02
8.249999999999999556e-01 8.426351885185773272e-02 8.947849840895655271e-02 5.566352599107730892e-02 5.942972142983812822e-02
8.499999999999999778e-01 8.405215726207898586e-02 8.929721494960154993e-02 5.595136394563218762e-02 5.968700545438379579e-02
8.750000000000000000e-01 8.384315002839456965e-02 8.911797852393765762e-02 5.623860816424046394e-02 5.994374560356180437e-02
9.000000000000000222e-01 8.363702480501619685e-02 8.894124117711180166e-02 5.652465288218378597e-02 6.019939747818864317e-02
9.250000000000001554e-01 8.343429227794608993e-02 8.876743880153664668e-02 5.680889630522229644e-02 6.045342167702764946e-02
9.499999999999999556e-01 8.323544888749055681e-02 8.859699532126953658e-02 5.709074798164457537e-02 6.070528894932651631e-02
9.749999999999999778e-01 8.304097217436634537e-02 8.843031801955164584e-02 5.736962783886599693e-02 6.095447937652825193e-02
1.000000000000000000e+00 8.285132203496027581e-02 8.826779908742693470e-02 5.764496841580951658e-02 6.120048463959404383e-02
1.024999999999999911e+00 8.266693501161459512e-02 8.810981044697237252e-02 5.791621464622512261e-02 6.144280673248200125e-02
1.050000000000000044e+00 8.248822299472015340e-02 8.795670202606289956e-02 5.818282441452382603e-02 6.168095991345592249e-02
1.074999999999999956e+00 8.231557611949411046e-02 8.780880518564009030e-02 5.844427328227629059e-02 6.191447496855394944e-02
1.100000000000000089e+00 8.214935917049451253e-02 8.766642964847870534e-02 5.870005417181369672e-02 6.214289770599115692e-02
1.125000000000000000e+00 8.198990825959961981e-02 8.752985998964427083e-02 5.894967637742781763e-02 6.236578872967910719e-02
1.149999999999999911e+00 8.183753150762912432e-02 8.739935651660557525e-02 5.919266822288460350e-02 6.258272607913424601e-02
1.175000000000000044e+00 8.169250927432541998e-02 8.727515566748175746e-02 5.942857869762790263e-02 6.279330694706451721e-02
1.199999999999999956e+00 8.155509338767134853e-02 8.715746967227357145e-02 5.965697954689938576e-02 6.299714869535923134e-02
1.225000000000000089e+00 8.142550186689161140e-02 8.704648110296091257e-02 5.987746186918972008e-02 6.319388590104564607e-02
1.250000000000000000e+00 8.130392377623832378e-02 8.694234772708324399e-02 6.008964084855633603e-02 6.338317609368221417e-02
1.274999999999999911e+00 8.119051907127942946e-02 8.684520287960560692e-02 6.029315783452223604e-02 6.356470006808458140e-02
1.300000000000000044e+00 8.108541393099633066e-02 8.675515060361625730e-02 6.048767752367412848e-02 6.373815949872922715e-02
1.324999999999999956e+00 8.098870190983285811e-02 8.667226679412425028e-02 6.067288933149624086e-02 6.390327866978265381e-02
1.350000000000000089e+00 8.090044491485326450e-02 8.659660027236940061e-02 6.084850900880542368e-02 6.405980601612049075e-02
1.375000000000000000e+00 8.082067501778457397e-02 8.652817468270064538e-02 6.101428058474361177e-02 6.420751584168739312e-02
1.399999999999999911e+00 8.074939204816319882e-02 8.646698605002764437e-02 6.116997557032226307e-02 6.434620687736537781e-02
1.425000000000000044e+00 8.068656234420262807e-02 8.641300137712193408e-02 6.131539160604734806e-02 6.447570169129630824e-02
1.449999999999999956e+00 8.063212257131294192e-02 8.636616253176744584e-02 6.145035560179080980e-02 6.459584964841737220e-02
1.475000000000000089e+00 8.058597986389906542e-02 8.632638632016491342e-02 6.157472383374665986e-02 6.470652680435834414e-02
1.500000000000000000e+00 8.054801267625226469e-02 8.629356520559938737e-02 6.168838232893259638e-02 6.480763601306049893e-02
1.524999999999999911e+00 8.051806986727787219e-02 8.626756633486575010e-02 6.179124571904784369e-02 6.489910639132256964e-02
1.550000000000000044e+00 8.049597744797465371e-02 8.624823826652573688e-02 6.188326231761191037e-02 6.498089790105751606e-02
1.574999999999999956e+00 8.048153398883330090e-02 8.623540597828413534e-02 6.196440992352560129e-02 6.505299681971749015e-02
1.600000000000000089e+00 8.047451240662067962e-02 8.622887256383170163e-02 6.203469616844089346e-02 6.511541645517013310e-02
1.625000000000000000e+00 8.047466043411476144e-02 8.622841959129608214e-02 6.209415791639456145e-02 6.516819662442727146e-02
1.649999999999999911e+00 8.048170421279826625e-02 8.623381030783940082e-02 6.214286296227831269e-02 6.521140488929352830e-02
1.675000000000000044e+00 8.049534386451835666e-02 8.624478509075637900e-02 6.218090523881505266e-02 6.524513216474794874e-02
1.699999999999999956e+00 8.051526315411047796e-02 8.626107118637979521e-02 6.220841132727434469e-02 6.526949937251325107e-02
1.725000000000000311e+00 8.054112699353696558e-02 8.628237950527568867e-02 6.222553695540234547e-02 6.528465336049366075e-02
1.750000000000000000e+00 8.057258410339611376e-02 8.630840738933444334e-02 6.223246743106519707e-02 6.529076777678059773e-02
1.774999999999999911e+00 8.060926905428224265e-02 8.633884030916764984e-02 6.222941726643936577e-02 6.528804254232643822e-02
1.800000000000000044e+00 8.065080387540991824e-02 8.637335291217898559e-02 6.221662976593928668e-02 6.527670333579753403e-02
1.824999999999999956e+00 8.069679539682778069e-02 8.641160636228911729e-02 6.219437325746899475e-02 6.525699801307545400e-02
1.850000000000000311e+00 8.074684345747107361e-02 8.645325653641541819e-02 6.216294541385403855e-02 6.522920104017677911e-02
1.875000000000000000e+00 8.080054203315113759e-02 8.649795462992754258e-02 6.212267203850346114e-02 6.519361215023637690e-02
1.899999999999999911e+00 8.085748257582293930e-02 8.654535014707361029e-02 6.207390721875550438e-02 6.515055654625130643e-02
1.925000000000000044e+00 8.091725142058242559e-02 8.659508784221350841e-02 6.201702914017721141e-02 6.510038072637863715e-02
1.949999999999999956e+00 8.097943362827421387e-02 8.664681170155369427e-02 6.195244119656307530e-02 6.504345374125831969e-02
1.975000000000000089e+00 8.104361459146881830e-02 8.670016585460764424e-02 6.188057019246271523e-02 6.498016538697984346e-02
2.000000000000000000e+00 8.110938076201995584e-02 8.675479521421236573e-02 6.180186483547178006e-02 6.491092478847104719e-02
2.024999999999999911e+00 8.117632140079437952e-02 8.681034690071223747e-02 6.171679486077528975e-02 6.483615959959518338e-02
2.049999999999999822e+00 8.124403146796024822e-02 8.686647306762709797e-02 6.162585018155248423e-02 6.475631522959396369e-02
2.075000000000000178e+00 8.131211501393516283e-02 8.692283387279649276e-02 6.152954088963370760e-02 6.467185494015759151e-02
2.100000000000000089e+00 8.138018485839637606e-02 8.697909676534586187e-02 6.142839519194964737e-02 6.458325789121030502e-02
2.125000000000000000e+00 8.144786341831365684e-02 8.703493695747108183e-02 6.132295654183599065e-02 6.449101638745413645e-02
2.149999999999999911e+00 8.151478363663022808e-02 8.709003866274453443e-02 6.121378236568116027e-02 6.439563461791936172e-02
2.174999999999999822e+00 8.158059480876780900e-02 8.714410025221050460e-02 6.110144554001312872e-02 6.429763039560416893e-02
2.200000000000000178e+00 8.164495808573542235e-02 8.719682933302887184e-02 6.098652812711021637e-02 6.419752895997787867e-02
2.225000000000000089e+00 8.170755229856174751e-02 8.724794929346796346e-02 6.086962376582932127e-02 6.409586539311992737e-02
2.250000000000000000e+00 8.176807585243039966e-02 8.729719982291106462e-02 6.075133592173847380e-02 6.399318327110233018e-02
2.274999999999999911e+00 8.182624203129360008e-02 8.734433260263149701e-02 6.063227194610674997e-02 6.389002866460981311e-02
2.299999999999999822e+00 8.188178465012616036e-02 8.738911690456850623e-02 6.051304440607221946e-02 6.378695165567967174e-02
2.325000000000000178e+00 8.193445750471919919e-02 8.743133870930010210e-02 6.039426842689973179e-02 6.368450385171073314e-02
2.350000000000000089e+00 8.198403644556792602e-02 8.747080253669148320e-02 6.027656088177239802e-02 6.358323780996023855e-02
2.375000000000000000e+00 8.203031657548917610e-02 8.750732858279962334e-02 6.016053538383433347e-02 6.348370211093190552e-02
2.399999999999999911e+00 8.207311668981985553e-02 8.754075728835673809e-02 6.004680353266116793e-02 6.338644278731150883e-02
2.424999999999999822e+00 8.211227792297695616e-02 8.757094750231160518e-02 5.993597138289654541e-02 6.329200004341938024e-02
2.450000000000000178e+00 8.214766448604937654e-02 8.759777735667602372e-02 5.982863748107552365e-02 6.320090641386663655e-02
2.475000000000000089e+00 8.217916267713973322e-02 8.762114310872555489e-02 5.972539044763462701e-02 6.311368454234887737e-02
2.500000000000000000e+00 8.220668307312811729e-02 8.764096154462655552e-02 5.962680804274472779e-02 6.303084643866233017e-02
2.524999999999999911e+00 8.223016082683599903e-02 8.765716989840863227e-02 5.953345519858020685e-02 6.295289173737624033e-02
2.549999999999999822e+00 8.224955288134569442e-02 8.766972302272399431e-02 5.944588036139000775e-02 6.288030418831547230e-02
2.575000000000000178e+00 8.226483790289274012e-02 8.767859361562840848e-02 5.936461332452346029e-02 6.281354965467583762e-02
2.600000000000000089e+00 8.227601797665481942e-02 8.768377377628745750e-02 5.929016485735279923e-02 6.275307597855080133e-02
2.625000000000000000e+00 8.228311666848767136e-02 8.768527309444897055e-02 5.922302362876550458e-02 6.269931007011325663e-02
2.649999999999999911e+00 8.228617975559042452e-02 8.768311946506991694e-02 5.916365529739057993e-02 6.265265721199340943e-02
2.674999999999999822e+00 8.228527298369830989e-02 8.767735674570410753e-02 5.911249940821181048e-02 6.261349808361660330e-02
2.700000000000000178e+00 8.228048039190369312e-02 8.766804324574557772e-02 5.906996695699629624e-02 6.258218649571510583e-02
2.725000000000000089e+00 8.227190489780593363e-02 8.765525269040375100e-02 5.903643973357365626e-02 6.255904901931752526e-02
2.750000000000000000e+00 8.225966977795400037e-02 8.763907546527996417e-02 5.901227066378185449e-02 6.254438543854536070e-02
2.774999999999999911e+00 8.224391308746904772e-02 8.761961311886708181e-02 5.899777881005672381e-02 6.253846382513698898e-02
2.799999999999999822e+00 8.222478869638319421e-02 8.759697980897646064e-02 5.899324929976088733e-02 6.254152075414845524e-02
2.825000000000000178e+00 8.220246435866160328e-02 8.757130034479532199e-02 5.899893166925634924e-02 6.255375972796980988e-02
2.850000000000000089e+00 8.217712128352105960e-02 8.754271001148268561e-02 5.901503919018159100e-02 6.257535069762118485e-02
2.875000000000000000e+00 8.214895101745997574e-02 8.751135145231232759e-02 5.904174667499872964e-02 6.260642785477234240e-02
2.899999999999999911e+00 8.211815356009699585e-02 8.747737320243018089e-02 5.907918880199726497e-02 6.264708822652220732e-02
2.924999999999999822e+00 8.208493817770963485e-02 8.744093074010599043e-02 5.912746102533947973e-02 6.269739280610152343e-02
2.950000000000000178e+00 8.204952144191866859e-02 8.740218454101443546e-02 5.918661880014751409e-02 6.275736565110028031e-02
2.975000000000000089e+00 8.201212340061661554e-02 8.736129653231225478e-02 5.925667506034767301e-02 6.282699147880208002e-02
3.000000000000000000e+00 8.197296817820469428e-02 8.731843121366419935e-02 5.933760131819445366e-02 6.290621723889452954e-02
3.024999999999999911e+00 8.193228296926900744e-02 8.727375447680492393e-02 5.942932806935530277e-02 6.299495198563763443e-02
3.049999999999999822e+00 8.189029174776758790e-02 8.722742778542305619e-02 5.953174107834321299e-02 6.309306356016922135e-02
3.075000000000000178e+00 8.184721570120430389e-02 8.717960876504010637e-02 5.964468304639166524e-02 6.320038009944403679e-02
3.100000000000000089e+00 8.180327100088559400e-02 8.713044976349500204e-02 5.976795344223413686e-02 6.331669077925072830e-02
3.125000000000000000e+00 8.175867357889167464e-02 8.708010215373457319e-02 5.990131308202863852e-02 6.344174898167455334e-02
3.149999999999999911e+00 8.171361963941750628e-02 8.702869719951815408e-02 6.004447184979064267e-02 6.357526035892470395e-02
3.174999999999999822e+00 8.166829988056645284e-02 8.697636157255703160e-02 6.019710065034866026e-02 6.371689647201164708e-02
3.200000000000000178e+00 8.162289525089119757e-02 8.692321234769426197e-02 6.035883024986201523e-02 6.386629165705956512e-02
3.225000000000000089e+00 8.157757362295953163e-02 8.686935449629394623e-02 6.052925101018098025e-02 6.402304377681973524e-02
3.250000000000000000e+00 8.153248840566609812e-02 8.681487953056765683e-02 6.070791397805060108e-02 6.418671462187700016e-02
3.274999999999999911e+00 8.148777507896409755e-02 8.675986251999784349e-02 6.089433022079921570e-02 6.435682973330572598e-02
3.299999999999999822e+00 8.144355206627999777e-02 8.670436318245346163e-02 6.108797404782962542e-02 6.453288129347133084e-02
3.325000000000000178e+00 8.139991684976419228e-02 8.664842233175026887e-02 6.128828248625280833e-02 6.471432775211899413e-02
3.350000000000000089e+00 8.135694789032467400e-02 8.659206409627422107e-02 6.149465921806382407e-02 6.490059750111953907e-02
3.375000000000000444e+00 8.131469936382583474e-02 8.653529082193912869e-02 6.170647286991308433e-02 6.509108695454483839e-02
3.399999999999999911e+00 8.127320427390166691e-02 8.647808673646315003e-02 6.192306163821004877e-02 6.528516584307117454e-02
3.424999999999999822e+00 8.123247359493694641e-02 8.642041705519890038e-02 6.214373575980776387e-02 6.548217850686308128e-02
3.450000000000000622e+00 8.119249014205311143e-02 8.636222210992983150e-02 6.236777516240826769e-02 6.568144167743474038e-02
3.475000000000000533e+00 8.115320873501939702e-02 8.630341786994379094e-02 6.259443213118322247e-02 6.588224749511450984e-02
3.500000000000000000e+00 8.111455804365781674e-02 8.624389801462807592e-02 6.282293506313262055e-02 6.608386700775426004e-02
3.524999999999999911e+00 8.107644221524716588e-02 8.618353576878357014e-02 6.305249242794777609e-02 6.628555393104546001e-02
3.549999999999999822e+00 8.103873870203821828e-02 8.612218179255802519e-02 6.328229380434323426e-02 6.648654504518911046e-02
3.575000000000000622e+00 8.100129405291932316e-02 8.605966015940827440e-02 6.351150881702015416e-02 6.668605938513257059e-02
3.600000000000000089e+00 8.096392818736972141e-02 8.599577283027023955e-02 6.373929272558236103e-02 6.688330374627297903e-02
3.625000000000000000e+00 8.092643344230644742e-02 8.593029876651357701e-02 6.396478790185403107e-02 6.707747367777808223e-02
3.649999999999999911e+00 8.088857511657546184e-02 8.586299456938463470e-02 6.418712677375705555e-02 6.726775641816085116e-02
3.674999999999999822e+00 8.085009134145818011e-02 8.579359440642186918e-02 6.440543400297947529e-02 6.745333269503323015e-02
3.700000000000000622e+00 8.081069258936422750e-02 8.572180956496884552e-02 6.461882783137358477e-02 6.763337791680140709e-02
3.725000000000000089e+00 8.077006106361675486e-02 8.564732785962321515e-02 6.482642202027430467e-02 6.780706388453684730e-02
3.750000000000000000e+00 8.072785141429802969e-02 8.556981424487695997e-02 6.502732764887654560e-02 6.797356042107188800e-02
3.774999999999999911e+00 8.068369547984666212e-02 8.548891549351261832e-02 6.522065869002631466e-02 6.813204069241540761e-02
3.799999999999999822e+00 8.063720168285831713e-02 8.540425980694738017e-02 6.540553364500206746e-02 6.828168256530385560e-02
3.825000000000000178e+00 8.058795204301612281e-02 8.531545344774665862e-02 6.558107449495087504e-02 6.842166733809947055e-02
3.850000000000000089e+00 8.053550791954842969e-02 8.522208631982314264e-02 6.574641219687475668e-02 6.855118496005246920e-02
3.875000000000000000e+00 8.047941019377895244e-02 8.512373217067704945e-02 6.590068827019396336e-02 6.866943541499785642e-02
3.899999999999999911e+00 8.041918037152213927e-02 8.501994952234805114e-02 6.604305681786272475e-02 6.877563055469812503e-02
3.924999999999999822e+00 8.035432108149301311e-02 8.491028184026655490e-02 6.617268586884267334e-02 6.886899510653432532e-02
3.950000000000000178e+00 8.028431975332052384e-02 8.479426101408256422e-02 6.628876130458646876e-02 6.894877035228488826e-02
3.975000000000000089e+00 8.020864871589830636e-02 8.467140731333701320e-02 6.639048775768831290e-02 6.901421489940283427e-02
4.000000000000000000e+00 8.012676715892759483e-02 8.454123118411367710e-02 6.647709052911165983e-02 6.906460654123429410e-02
4.025000000000000355e+00 8.003812236871873931e-02 8.440323371553139220e-02 6.654781701175842279e-02 6.909924289405683373e-02
4.049999999999999822e+00 7.994215502917682847e-02 8.425691211678730530e-02 6.660194162552711405e-02 6.911744659650372047e-02
4.075000000000000178e+00 7.983829640972575636e-02 8.410175681802994907e-02 6.663876350636764589e-02 6.911856312317403439e-02
4.099999999999999645e+00 7.972597188574034877e-02 8.393725420672942805e-02 6.665760955389753162e-02 6.910196311145259951e-02
4.125000000000000000e+00 7.960460258607190975e-02 8.376288800354085573e-02 6.665783573006282825e-02 6.906704355956638786e-02
4.150000000000000355e+00 7.947360955973879759e-02 8.357814301862040440e-02 6.663883035588859249e-02 6.901323079234042424e-02
4.174999999999999822e+00 7.933241504706636804e-02 8.338250641048942924e-02 6.660001503608131701e-02 6.893998171376736206e-02
4.200000000000000178e+00 7.918044520032985201e-02 8.317546995003528842e-02 6.654084636948440212e-02 6.884678520364632959e-02
4.224999999999999645e+00 7.901712936589870562e-02 8.295652959100735524e-02 6.646081503515527400e-02 6.873316179654627434e-02
4.250000000000000000e+00 7.884190310480584940e-02 8.272518687739909005e-02 6.635944788571791764e-02 6.859866425765474840e-02
4.275000000000000355e+00 7.865421345372584916e-02 8.248095447404642233e-02 6.623631150514004695e-02 6.844288170074665223e-02
4.299999999999999822e+00 7.845351501925533488e-02 8.222335424669760529e-02 6.609100821208516163e-02 6.826543827020296884e-02
4.325000000000000178e+00 7.823927036854060046e-02 8.195191339384516604e-02 6.592317593797036857e-02 6.806598832893796802e-02
4.349999999999999645e+00 7.801096273678838344e-02 8.166617748575406843e-02 6.573249779294779160e-02 6.784422663538215714e-02
4.375000000000000000e+00 7.776809426945190118e-02 8.136571073243842322e-02 6.551869978518019833e-02 6.759988882523558507e-02
4.400000000000000355e+00 7.751018751048135980e-02 8.105009642523854085e-02 6.528155119790279848e-02 6.733275091937049317e-02
4.424999999999999822e+00 7.723678432243530345e-02 8.071893597170971824e-02 6.502086285439998004e-02 6.704262801607700772e-02
4.450000000000000178e+00 7.694744754838189760e-02 8.037184970022909214e-02 6.473648696822066617e-02 6.672937353535549065e-02
4.474999999999999645e+00 7.664176214654103148e-02 8.000847806372253512e-02 6.442831732648933440e-02 6.639287962976789248e-02
4.500000000000000000e+00 7.631934013274133122e-02 7.962848544929404526e-02 6.409629288090736010e-02 6.603307979667116800e-02
4.525000000000000355e+00 7.597982084409857229e-02 7.923156190174950042e-02 6.374039619288532355e-02 6.564994935725022851e-02
4.549999999999999822e+00 7.562287119890026554e-02 7.881742214665575508e-02 6.336065264912156547e-02 6.524350345747796653e-02
4.575000000000000178e+00 7.524818833417203090e-02 7.838580918673619669e-02 6.295713150502903199e-02 6.481379955338846532e-02
4.599999999999999645e+00 7.485549962981653815e-02 7.793649335068657258e-02 6.252994536811999626e-02 6.436093583592243650e-02
4.625000000000000000e+00 7.444456462497631155e-02 7.746927415772739134e-02 6.207924964401530937e-02 6.388505107273978467e-02
4.650000000000000355e+00 7.401517568203659636e-02 7.698398183349990098e-02 6.160524250105178096e-02 6.338632567944210705e-02
4.674999999999999822e+00 7.356715994336977815e-02 7.648047819488348886e-02 6.110816533908394049e-02 6.286498111809633860e-02
4.700000000000000178e+00 7.310037799022384153e-02 7.595865635251181081e-02 6.058830000761961099e-02 6.232127847284434780e-02
4.724999999999999645e+00 7.261472758230549940e-02 7.541844375404063716e-02 6.004597213797036731e-02 6.175552105955688792e-02
4.750000000000000000e+00 7.211014278853900006e-02 7.485979991598436245e-02 5.948154753778959331e-02 6.116804970048058537e-02
4.775000000000000355e+00 7.158659594662102055e-02 7.428272250194598025e-02 5.889543322105748185e-02 6.055924829480006932e-02
4.799999999999999822e+00 7.104409444226662818e-02 7.368724182946691237e-02 5.828807430847852272e-02 5.992953836503384091e-02
4.825000000000000178e+00 7.048268205189017754e-02 7.307342183734406860e-02 5.765995286662504299e-02 5.927937753490113149e-02
4.849999999999999645e+00 6.990243904230936112e-02 7.244136040691544209e-02 5.701158797223703639e-02 5.860925977149381016e-02
4.875000000000000000e+00 6.930348631332680642e-02 7.179119291358777855e-02 5.634353748974160053e-02 5.791971685700723904e-02
4.900000000000000355e+00 6.868597892657589410e-02 7.112308961573694799e-02 5.565639112307404351e-02 5.721131560787948156e-02
4.924999999999999822e+00 6.805010880772503767e-02 7.043725373334049078e-02 5.495077252322626976e-02 5.648465488245192623e-02
4.950000000000000178e+00 6.739610708894079594e-02 6.973392557307252215e-02 5.422733986974837689e-02 5.574036822975843991e-02
4.974999999999999645e+00 6.672424054462590404e-02 6.901337974391047458e-02 5.348678117749339905e-02 5.497912007924504740e-02
5.000000000000000000e+00 6.603481296846112902e-02 6.827592655095633678e-02 5.272981490208442784e-02 5.420160635711753633e-02
5.025000000000000355e+00 6.532816456040030362e-02 6.752191170605045811e-02 5.195718868194888068e-02 5.340855360025705684e-02
5.049999999999999822e+00 6.460466874604897658e-02 6.675171219656285404e-02 5.116967497334616588e-02 5.260071336733639080e-02
5.075000000000000178e+00 6.386473499366042417e-02 6.596573927527904502e-02 5.036807308741689942e-02 5.177886458876778536e-02
5.099999999999999645e+00 6.310880669629015394e-02 6.516443728102541688e-02 4.955320561609176389e-02 5.094381110631665543e-02
5.125000000000000000e+00 6.233735818608583668e-02 6.434828202491695015e-02 4.872591524698775128e-02 5.009637970053049810e-02
5.150000000000000355e+00 6.155089469092737270e-02 6.351777873939452868e-02 4.788706446909973130e-02 4.923741755007920995e-02
5.174999999999999822e+00 6.074995208228283622e-02 6.267346078724427005e-02 4.703753385290478095e-02 4.836778947971163284e-02
5.200000000000000178e+00 5.993509617369111725e-02 6.181589156267944252e-02 4.617822018777541920e-02 4.748837896005541487e-02
5.224999999999999645e+00 5.910692140732452110e-02 6.094566253007077661e-02 4.531003487364152621e-02 4.660008561171591346e-02
5.250000000000000000e+00 5.826604701571528461e-02 6.006339125325662470e-02 4.443389963437144319e-02 4.570382271166157501e-02
5.275000000000000355e+00 5.741311482402832594e-02 5.916971590526022562e-02 4.355074416260395348e-02 4.480051141173924112e-02
5.299999999999999822e+00 5.654879368387725341e-02 5.826529856602147978e-02 4.266150864193720554e-02 4.389108206456120848e-02
5.325000000000000178e+00 5.567377637215183139e-02 5.735082679818408191e-02 4.176714035778192335e-02 4.297647546717183603e-02
5.349999999999999645e+00 5.478877384483454849e-02 5.642700772510890472e-02 4.086858765849803177e-02 4.205763686981694310e-02
5.375000000000000000e+00 5.389451511294802988e-02 5.549456461620812242e-02 3.996679981226787526e-02 4.113551202578376309e-02
5.400000000000000355e+00 5.299174844396073447e-02 5.455423929911581982e-02 3.906272697851929238e-02 4.021104852510409139e-02
5.424999999999999822e+00 5.208123411574147599e-02 5.360678778452842436e-02 3.815731300044277602e-02 3.928519140751367267e-02
5.450000000000000178e+00 5.116374654549628309e-02 5.265297724149337055e-02 3.725149725622415448e-02 3.835887970400413821e-02
5.474999999999999645e+00 5.024007561706214653e-02 5.169358999697495904e-02 3.634621454267168011e-02 3.743304899318190132e-02
5.500000000000000000e+00 4.931101819933754460e-02 5.072941776912245904e-02 3.544238733137788921e-02 3.650862613744415563e-02
5.525000000000000355e+00 4.837737953132922875e-02 4.976125737386920961e-02 3.454092657860410864e-02 3.558652453531929022e-02
5.549999999999999822e+00 4.743997263754576310e-02 4.878991596636779449e-02 3.364273049410775734e-02 3.466764849314727531e-02
5.575000000000000178e+00 4.649961225562526668e-02 4.781620202302361289e-02 3.274867923138291559e-02 3.375288509760824424e-02
5.599999999999999645e+00 4.555711722675426928e-02 4.684092656204567190e-02 3.185963621793656830e-02 3.284310410089052307e-02
5.625000000000000000e+00 4.461330422868812345e-02 4.586490109970644408e-02 3.097644283215992070e-02 3.193915660265438800e-02
5.650000000000000355e+00 4.366898905967726841e-02 4.488893367957352137e-02 3.009991932339007789e-02 3.104187095397524521e-02
5.674999999999999822e+00 4.272498573545908257e-02 4.391383061420457007e-02 2.923086324219753909e-02 3.015205374890701784e-02
5.700000000000000178e+00 4.178210022765006804e-02 4.294039256966803580e-02 2.837004409011582504e-02 2.927048648194581840e-02
5.724999999999999645e+00 4.084113171313044632e-02 4.196941099845465095e-02 2.751820495107695774e-02 2.839792246463575601e-02
5.750000000000000000e+00 3.990287247264167475e-02 4.100167075628509405e-02 2.667606189585257359e-02 2.753508867478004357e-02
5.775000000000000355e+00 3.896810113981241663e-02 4.003794509199675583e-02 2.584429812096445192e-02 2.668268196109681301e-02
5.799999999999999822e+00 3.803758423455990550e-02 3.907899361097849633e-02 2.502356547857094785e-02 2.584136682252465358e-02
5.825000000000000178e+00 3.711207241087553094e-02 3.812556175662511204e-02 2.421448220887489206e-02 2.501177558087947644e-02
5.849999999999999645e+00 3.619229990925203894e-02 3.717837748003213760e-02 2.341763270023367385e-02 2.419450601605705603e-02
5.875000000000000000e+00 3.527898415683346917e-02 3.623815099871197098e-02 2.263356676964244432e-02 2.339012088478649096e-02
5.900000000000000355e+00 3.437282240008672496e-02 3.530557447319571801e-02 2.186279766668226821e-02 2.259914822426702108e-02
5.924999999999999822e+00 3.347448995778955910e-02 3.438131805202879893e-02 2.110580149875452075e-02 2.182207886161062482e-02
5.950000000000000178e+00 3.258464045193576464e-02 3.346602922459059742e-02 2.036301751918108763e-02 2.105936598425813336e-02
5.974999999999999645e+00 3.170390242409609760e-02 3.256033173701141509e-02 1.963484631612412434e-02 2.031142496689558249e-02
6.000000000000000000e+00 3.083287997442218237e-02 3.166482384004323802e-02 1.892165112415232150e-02 1.957863275510341242e-02
6.025000000000000355e+00 2.997215214824868607e-02 3.078007956030434644e-02 1.822375770440226583e-02 1.886132934119760449e-02
6.049999999999999822e+00 2.912226836600928515e-02 2.990664514560001722e-02 1.754145198860850713e-02 1.815981610480771336e-02
6.075000000000000178e+00 2.828375075614899398e-02 2.904503761909884782e-02 1.687498292454571447e-02 1.747435536920140253e-02
6.099999999999999645e+00 2.745709185114727710e-02 2.819574478130401629e-02 1.622456118754132814e-02 1.680517107425969978e-02
6.125000000000000000e+00 2.664275479042314473e-02 2.735922546267208905e-02 1.559036053010594627e-02 1.615245009889436714e-02
6.150000000000000355e+00 2.584117273942509313e-02 2.653590952411817236e-02 1.497251830559770749e-02 1.551634326941910870e-02
6.174999999999999822e+00 2.505274615868283150e-02 2.572619421640523138e-02 1.437113475937725621e-02 1.489696369863356337e-02
6.200000000000000178e+00 2.427784525649481079e-02 2.493044482665278047e-02 1.378627581579668082e-02 1.429438815644375020e-02
6.224999999999999645e+00 2.351680911497628854e-02 2.414899783013736353e-02 1.321797338133342409e-02 1.370866061081916533e-02
6.250000000000000000e+00 2.276994383120620885e-02 2.338215629639880597e-02 1.266622541963942361e-02 1.313979012299136030e-02
6.275000000000000355e+00 2.203752451177963534e-02 2.263019155469628979e-02 1.213099841635322494e-02 1.258775286931532178e-02
6.299999999999999822e+00 2.131979449124571380e-02 2.189334415694701649e-02 1.161222813646779761e-02 1.205249431806002490e-02
6.325000000000000178e+00 2.061696593906469505e-02 2.117182279439036238e-02 1.110982094176031845e-02 1.153392937395325037e-02
6.349999999999999645e+00 1.992922019072806625e-02 2.046580579253137050e-02 1.062365544141562895e-02 1.103194465152507360e-02
6.375000000000000000e+00 1.925670795560202944e-02 1.977544093358759789e-02 1.015358378067696306e-02 1.054639959353640202e-02
6.400000000000000355e+00 1.859954979690851481e-02 1.910084586216246119e-02 9.699433046970296068e-03 1.007712784901387999e-02
6.424999999999999822e+00 1.795783677360540675e-02 1.844210864199293670e-02 9.261006877771055940e-03 9.623938770760828709e-03
6.450000000000000178e+00 1.733163130789184062e-02 1.779928866749875757e-02 8.838087199496162324e-03 9.186619155466634393e-03
6.474999999999999645e+00 1.672096786491479928e-02 1.717241732227990647e-02 8.430435739235178291e-03 8.764934799024275830e-03
6.500000000000000000e+00 1.612585396427166848e-02 1.656149890469322747e-02 8.037795716598156170e-03 8.358632133634266367e-03
6.525000000000000355e+00 1.554627116527077836e-02 1.596651171006375353e-02 7.659893517910658887e-03 7.967439980439789890e-03
6.549999999999999822e+00 1.498217596769153143e-02 1.538740889490460527e-02 7.296440173823129025e-03 7.591071067130494322e-03
6.575000000000000178e+00 1.443350085675945173e-02 1.482411946295783371e-02 6.947133026279824104e-03 7.229223601451222926e-03
6.599999999999999645e+00 1.390015551736713262e-02 1.427654944339058242e-02 6.611657359459122141e-03 6.881582939092168415e-03
6.625000000000000000e+00 1.338202807896169376e-02 1.374458310360633824e-02 6.289687945800366380e-03 6.547823167184784604e-03
6.650000000000000355e+00 1.287898611381524221e-02 1.322808412490213657e-02 5.980890483826992350e-03 6.227608637548443654e-03
6.674999999999999822e+00 1.239087783639099966e-02 1.272689664537403342e-02 5.684923117476477911e-03 5.920595406406501185e-03
6.700000000000000178e+00 1.191753377316129466e-02 1.224084667601256851e-02 5.401437985113618535e-03 5.626432752609742544e-03
6.724999999999999645e+00 1.145876758354483910e-02 1.176974346115133158e-02 5.130082367053190144e-03 5.344764608800977625e-03
6.750000000000000888e+00 1.101437711183810356e-02 1.131338030320655844e-02 4.870499935767517649e-03 5.075230730764716987e-03
6.775000000000001243e+00 1.058414601606805401e-02 1.087153598868356025e-02 4.622332130804480792e-03 4.817468017770953209e-03
6.799999999999999822e+00 1.016784485392230146e-02 1.044397604092997187e-02 4.385219344123850171e-03 4.571111756447812473e-03
6.825000000000001066e+00 9.765232364658286632e-03 1.003045393507564706e-02 4.158801980850471321e-03 4.335796757523513803e-03
6.849999999999999645e+00 9.376056672573622464e-03 9.630712395893076608e-03 3.942721479821641346e-03 4.111158460894657682e-03
6.875000000000000000e+00 9.000056396223844735e-03 9.244484469462110540e-03 3.736621281081439674e-03 3.896833878187357190e-03
6.900000000000001243e+00 8.636961774483144574e-03 8.871494641410114859e-03 3.540147694619970482e-03 3.692462516179010647e-03
6.924999999999999822e+00 8.286495879821208568e-03 8.511460065801281297e-03 3.352950770270487959e-03 3.497687288316966413e-03
6.950000000000001066e+00 7.948375634473500359e-03 8.164091592131127173e-03 3.174685011786372666e-03 3.312155274006598447e-03
6.974999999999999645e+00 7.621714246947515307e-03 7.829693388264065412e-03 3.004713698766469602e-03 3.135814771846443319e-03
7.000000000000000000e+00 7.304805785294372217e-03 7.504012504708248293e-03 2.842337093929727613e-03 2.966678918501587658e-03
7.025000000000001243e+00 6.999648608656055052e-03 7.190395533041320751e-03 2.688019556586471615e-03 2.805899714862658805e-03
7.049999999999999822e+00 6.705924341061949775e-03 6.888516968864564875e-03 2.541427117839699552e-03 2.653134334243649819e-03
7.075000000000001066e+00 6.423314237145473678e-03 6.598050813596077931e-03 2.402233874201351645e-03 2.508047926894320205e-03
7.099999999999999645e+00 6.151500018391360333e-03 6.318671467746283209e-03 2.270122349799085816e-03 2.370314011674470086e-03
7.125000000000000000e+00 5.890164569002253984e-03 6.050054465903773049e-03 2.144783734052692261e-03 2.239614773781797331e-03
7.150000000000001243e+00 5.638992605777193821e-03 5.791877122973240928e-03 2.025918080416040830e-03 2.115641268042499357e-03
7.174999999999999822e+00 5.397671331165753393e-03 5.543819209430895546e-03 1.913234484019072420e-03 1.998093626045493922e-03
7.200000000000000178e+00 5.165891021419073692e-03 5.305563589707100111e-03 1.806451175613814873e-03 1.886681206373362705e-03
7.224999999999999645e+00 4.943345477560370620e-03 5.076796677050913337e-03 1.705295569019595449e-03 1.781122645706914804e-03
7.250000000000000000e+00 4.729732580343643314e-03 4.857208946174101753e-03 1.609504335672461281e-03 1.681145919298893295e-03
7.275000000000001243e+00 4.524754696690748250e-03 4.646495420553574222e-03 1.518823374474728878e-03 1.586488376032020890e-03
7.299999999999999822e+00 4.328119087542142869e-03 4.444356051473415808e-03 1.433007782082891101e-03 1.496896701417159111e-03
7.325000000000000178e+00 4.139538250340414963e-03 4.250496083154739480e-03 1.351821773530142295e-03 1.412126864655482940e-03
7.349999999999999645e+00 3.958730191043507117e-03 4.064626351708230251e-03 1.275038570614946392e-03 1.331944021944183720e-03
7.375000000000000000e+00 3.785418717202146659e-03 3.886463572005502149e-03 1.202440307017264409e-03 1.256122418674496689e-03
7.400000000000001243e+00 3.619333665354529904e-03 3.715730583743962877e-03 1.133817870655120120e-03 1.184445258114731961e-03
7.424999999999999822e+00 3.460211076659705422e-03 3.552156523925386038e-03 1.068970739713516385e-03 1.116704533544142725e-03
7.450000000000000178e+00 3.307793375422283817e-03 3.395477014658036113e-03 1.007706817845272114e-03 1.052700866891675361e-03
7.474999999999999645e+00 3.161829484841035924e-03 3.245434312640621023e-03 9.498422368008358884e-04 9.922433321426712971e-04
7.500000000000000000e+00 3.022074895741104581e-03 3.101777373306931814e-03 8.952011351967289034e-04 9.351492376308033006e-04
7.525000000000000355e+00 2.888291764609381748e-03 2.964261926745440524e-03 8.436154600889834380e-04 8.812439129886208812e-04
7.549999999999999822e+00 2.760248967727442753e-03 2.832650559882246826e-03 7.949247467782847394e-04 8.303605017460568508e-04
7.575000000000000178e+00 2.637722109861103618e-03 2.706712730157169542e-03 7.489758870290059425e-04 7.823397295351646515e-04
7.599999999999999645e+00 2.520493515787411432e-03 2.586224763596292782e-03 7.056228942780363219e-04 7.370296699427161509e-04
7.625000000000000000e+00 2.408352210682080611e-03 2.470969837387383770e-03 6.647266727236104652e-04 6.942855095525442537e-04
7.650000000000000355e+00 2.301093880334434839e-03 2.360737938212786012e-03 6.261547766932418083e-04 6.539693076872335606e-04
7.674999999999999822e+00 2.198520810276565710e-03 2.255325813603286170e-03 5.897811685526757738e-04 6.159497556346836978e-04
7.700000000000000178e+00 2.100441818195661597e-03 2.154536881800807151e-03 5.554859860894908628e-04 5.801019285665301667e-04
7.724999999999999645e+00 2.006672180484962188e-03 2.058181184577013469e-03 5.231553080378225458e-04 5.463070582175835310e-04
7.750000000000000000e+00 1.917033516904753871e-03 1.966075268610951911e-03 4.926809149377102360e-04 5.144522882632893103e-04
7.775000000000000355e+00 1.831353701128060748e-03 1.878042074584830622e-03 4.639600630478918548e-04 4.844304355536778093e-04
7.799999999999999822e+00 1.749466742502563208e-03 1.793910849895281228e-03 4.368952571854013635e-04 4.561397689522084849e-04
7.825000000000000178e+00 1.671212655237142800e-03 1.713516995226915850e-03 4.113940255723902190e-04 4.294837716318852675e-04
7.849999999999999645e+00 1.596437339409013945e-03 1.636701948975884590e-03 3.873687053447911685e-04 4.043709223221014304e-04
7.875000000000000000e+00 1.524992438220687790e-03 1.563313050877070771e-03 3.647362276867317722e-04 3.807144778463632685e-04
7.900000000000000355e+00 1.456735201379132138e-03 1.493203392415856125e-03 3.434179120730269084e-04 3.584322574662549671e-04
7.924999999999999822e+00 1.391528341529932322e-03 1.426231677890032329e-03 3.233392647836133994e-04 3.374464380048896087e-04
7.950000000000000178e+00 1.329239888918093285e-03 1.362262074138753448e-03 3.044297846161933010e-04 3.176833523562078783e-04
7.974999999999999645e+00 1.269743042767592896e-03 1.301164060568513366e-03 2.866227736248606189e-04 2.990732950554199441e-04
8.000000000000000000e+00 1.212916020709516214e-03 1.242812275529183710e-03 2.698551542176880961e-04 2.815503332347676739e-04
8.025000000000000355e+00 1.158641911611155238e-03 1.187086363319450220e-03 2.540672943187816048e-04 2.650521246748242256e-04
8.050000000000000711e+00 1.106808523553721784e-03 1.133870823841889820e-03 2.392028367600901632e-04 2.495197430954801897e-04
8.074999999999999289e+00 1.057308232592523659e-03 1.083054855726328083e-03 2.252085360259161611e-04 2.348975081493546232e-04
8.099999999999999645e+00 1.010037836292656957e-03 1.034532204965675842e-03 2.120341019394938434e-04 2.211328229652305996e-04
8.125000000000000000e+00 9.648984041886093975e-04 9.882010144994649633e-04 1.996320484914236202e-04 2.081760182163981644e-04
8.150000000000000355e+00 9.217951330695958083e-04 9.439636742617522544e-04 1.879575498025971023e-04 1.959802020718920466e-04
8.175000000000000711e+00 8.806372030329894874e-04 9.017266746268254784e-04 1.769683021663651210e-04 1.845011169429027365e-04
8.199999999999999289e+00 8.413376350829860359e-04 8.614004598616544113e-04 1.666243914912101732e-04 1.736970017696370364e-04
8.224999999999999645e+00 8.038131526279084773e-04 8.228992861655322257e-04 1.568881671654017123e-04 1.635284607442168375e-04
8.250000000000000000e+00 7.679840446943726447e-04 7.861410821760450151e-04 1.477241214545154280e-04 1.539583380501150737e-04
8.275000000000000355e+00 7.337740323732020722e-04 7.510473104233256290e-04 1.390987742943139297e-04 1.449515976090714564e-04
8.300000000000000711e+00 7.011101393657275232e-04 7.175428350296701339e-04 1.309805640447791412e-04 1.364752092847137694e-04
8.324999999999999289e+00 6.699225644078808791e-04 6.855557905741335202e-04 1.233397428501942868e-04 1.284980399767759606e-04
8.349999999999999645e+00 6.401445570330374689e-04 6.550174548176826818e-04 1.161482771606402230e-04 1.209907499620685402e-04
8.375000000000000000e+00 6.117122971488034343e-04 6.258621243568839813e-04 1.093797533797111253e-04 1.139256942847121778e-04
8.400000000000000355e+00 5.845647790139760300e-04 5.980269947794853314e-04 1.030092883405315753e-04 1.072768291676200295e-04
8.425000000000000711e+00 5.586436964552077928e-04 5.714520441757434295e-04 9.701344372590199724e-05 1.010196231664618630e-04
8.449999999999999289e+00 5.338933331134707461e-04 5.460799188199281151e-04 9.137014515271489482e-05 9.513097237166280844e-05
8.474999999999999645e+00 5.102604563822151244e-04 5.218558240918601786e-04 8.605860574393841579e-05 8.958912038513871915e-05
8.500000000000000000e+00 4.876942141781846242e-04 4.987274185950103496e-04 8.105925324906138117e-05 8.437358243077731337e-05
8.525000000000000355e+00 4.661460348850011569e-04 4.766447111625324805e-04 7.635366097149553252e-05 7.946507314946556905e-05
8.550000000000000711e+00 4.455695311899321442e-04 4.555599615638095535e-04 7.192448271680668300e-05 7.484543838667477285e-05
8.574999999999999289e+00 4.259204077534774007e-04 4.354275852955316627e-04 6.775539094610280621e-05 7.049759067025496216e-05
8.599999999999999645e+00 4.071563711813066004e-04 4.162040610689388478e-04 6.383101820924081608e-05 6.640544794402465862e-05
8.625000000000000000e+00 3.892370440614564288e-04 3.978478421113424107e-04 6.013690201339974507e-05 6.255387579425856202e-05
8.650000000000000355e+00 3.721238818731661545e-04 3.803192704614561303e-04 5.665943252033919965e-05 5.892863274439480502e-05
8.675000000000000711e+00 3.557800929814284772e-04 3.635804945781200611e-04 5.338580310798708652e-05 5.551631854269070075e-05
8.699999999999999289e+00 3.401705621239971343e-04 3.475953904142540618e-04 5.030396376595474038e-05 5.230432536141429648e-05
8.724999999999999645e+00 3.252617765799237139e-04 3.323294851736597884e-04 4.740257708289679321e-05 4.928079163891491881e-05
8.750000000000000000e+00 3.110217549830538602e-04 3.177498843268695820e-04 4.467097659441028427e-05 4.643455857899847435e-05
8.775000000000000355e+00 2.974199793291742262e-04 3.038252010558043013e-04 4.209912751702176749e-05 4.375512896057675888e-05
8.800000000000000711e+00 2.844273299356504347e-04 2.905254892030864340e-04 3.967758981635495649e-05 4.123262839975232614e-05
8.824999999999999289e+00 2.720160226656859843e-04 2.778221787363275479e-04 3.739748318757351068e-05 3.885776878478435875e-05
8.849999999999999645e+00 2.601595489288926707e-04 2.656880138348331625e-04 3.525045414095746821e-05 3.662181373768664297e-05
8.875000000000000000e+00 2.488326179749101143e-04 2.540969933232514397e-04 3.322864497925542322e-05 3.451654608336576172e-05
8.900000000000000355e+00 2.380111019789873700e-04 2.430243138653602117e-04 3.132466450745575477e-05 3.253423717284197096e-05
8.925000000000000711e+00 2.276719832594240858e-04 2.324463157875513580e-04 2.953156048778423880e-05 3.066761803968562149e-05
8.949999999999999289e+00 2.177933036435224690e-04 2.223404307359232363e-04 2.784279361180708122e-05 2.890985212957685851e-05
8.974999999999999645e+00 2.083541162300595170e-04 2.126851318243177386e-04 2.625221307260459938e-05 2.725450965294688328e-05
9.000000000000000000e+00 1.993344391498994006e-04 2.034598861001364807e-04 2.475403351807962566e-05 2.569554347299577026e-05
9.025000000000000355e+00 1.907152112887166857e-04 1.946451087785824863e-04 2.334281331113356020e-05 2.422726632882184043e-05
9.050000000000000711e+00 1.824782500907158470e-04 1.862221196585640566e-04 2.201343411909928137e-05 2.284432941329614711e-05
9.074999999999999289e+00 1.746062111194615683e-04 1.781731016113204623e-04 2.076108171541221452e-05 2.154170226273840509e-05
9.099999999999999645e+00 1.670825493470143677e-04 1.704810605116875081e-04 1.958122782550562389e-05 2.031465375492936480e-05
9.125000000000000000e+00 1.598914823839401970e-04 1.631297872177960256e-04 1.846961311877864996e-05 1.915873423928891813e-05
9.150000000000000355e+00 1.530179552540362749e-04 1.561038214292571804e-04 1.742223119177552218e-05 1.806975878731340376e-05
9.175000000000000711e+00 1.464476066649934578e-04 1.493884168375772862e-04 1.643531345265357750e-05 1.704379135293972985e-05
9.199999999999999289e+00 1.401667369180792919e-04 1.429695079823997217e-04 1.550531498214672383e-05 1.607712991533305418e-05
9.224999999999999645e+00 1.341622772396404862e-04 1.368336786771231497e-04 1.462890115254440393e-05 1.516629250362256199e-05
9.250000000000000000e+00 1.284217604984047654e-04 1.309681317990311585e-04 1.380293507407630113e-05 1.430800402749818280e-05
9.275000000000000355e+00 1.229332932703589086e-04 1.253606604860568849e-04 1.302446581687585840e-05 1.349918391602365505e-05
9.300000000000000711e+00 1.176855291885475649e-04 1.199996206508221732e-04 1.229071729322382323e-05 1.273693449015038344e-05
9.324999999999999289e+00 1.126676435061386045e-04 1.148739047689399678e-04 1.159907781019782308e-05 1.201853001635365048e-05
9.349999999999999645e+00 1.078693088356563555e-04 1.099729168651430766e-04 1.094709026900278159e-05 1.134140642616981208e-05
9.375000000000000000e+00 1.032806720141033277e-04 1.052865486642674153e-04 1.033244292417800886e-05 1.070315164811463428e-05
9.400000000000000355e+00 9.889233202395299671e-05 1.008051568386044219e-04 9.752960700935171598e-06 1.010149651167701683e-05
9.425000000000000711e+00 9.469531895346672019e-05 9.651954131510328530e-05 9.206597045624563398e-06 9.534306201959335405e-06
9.449999999999999289e+00 9.068107393232961331e-05 9.242092460477287143e-05 8.691426260691808534e-06 8.999572232619805614e-06
9.474999999999999645e+00 8.684142998474095939e-05 8.850093207863931049e-05 8.205636278009818317e-06 8.495404891719311461e-06
9.500000000000000000e+00 8.316859378694459539e-05 8.475157316498769611e-05 7.747521883409768932e-06 8.020026136540383537e-06
9.525000000000000355e+00 7.965512827891752662e-05 8.116522343348255789e-05 7.315478353738249590e-06 7.571762927041724800e-06
9.550000000000000711e+00 7.629393608678365841e-05 7.773460751943764085e-05 6.907995451779664486e-06 7.149040951624518741e-06
9.574999999999999289e+00 7.307824372105511804e-05 7.445278284632137573e-05 6.523651805158269254e-06 6.750378729999111798e-06
9.599999999999999645e+00 7.000158650448309178e-05 7.131312411084146327e-05 6.161109611847711000e-06 6.374382077051593205e-06
9.625000000000000000e+00 6.705779421229185792e-05 6.830930848815044271e-05 5.819109657834881088e-06 6.019738890235182490e-06
9.650000000000000355e+00 6.424097739487143969e-05 6.543530154480823354e-05 5.496466648771932412e-06 5.685214256868309831e-06
9.675000000000000711e+00 6.154551433061333126e-05 6.268534381121184122e-05 5.192064807278970030e-06 5.369645853981926764e-06
9.699999999999999289e+00 5.896603859429533931e-05 6.005393798202973021e-05 4.904853738225539401e-06 5.071939621337821444e-06
9.724999999999999645e+00 5.649742721576912015e-05 5.753583672398257103e-05 4.633844549651229560e-06 4.791065698052711329e-06
9.750000000000000000e+00 5.413478938872551559e-05 5.512603105767940501e-05 4.378106199417099983e-06 4.526054604610179485e-06
9.775000000000000355e+00 5.187345570550797957e-05 5.281973927933610946e-05 4.136762061780935000e-06 4.275993650896311479e-06
9.800000000000000711e+00 4.970896790845580332e-05 5.061239641255168550e-05 3.908986699279869323e-06 4.040023562152749679e-06
9.824999999999999289e+00 4.763706911930971368e-05 4.849964415373757699e-05 3.694002829518587143e-06 3.817335304721391723e-06
9.849999999999999645e+00 4.565369452704520764e-05 4.647732129371775513e-05 3.491078474891983683e-06 3.607167106424950776e-06
9.875000000000000000e+00 4.375496250764259306e-05 4.454145458867450966e-05 3.299524279716612325e-06 3.408801652496177013e-06
9.900000000000000355e+00 4.193716617301254684e-05 4.268825005572221738e-05 3.118690992568390270e-06 3.221563452121771765e-06
9.925000000000000711e+00 4.019676531250109517e-05 4.091408469408600170e-05 2.947967093006238758e-06 3.044816360949624838e-06
9.949999999999999289e+00 3.853037870527255038e-05 3.921549857908042245e-05 2.786776567606454796e-06 2.877961253297782231e-06
9.974999999999999645e+00 3.693477680901564050e-05 3.758918734067627222e-05 2.634576813214388490e-06 2.720433834122591025e-06
1.000000000000000000e+01 3.540687477690218046e-05 3.603199498937814205e-05 2.490856667518552496e-06 2.571702580382461549e-06
1.002500000000000036e+01 3.394372581189317558e-05 3.454090708218296419e-05 2.355134560059591856e-06 2.431266807921392590e-06
1.005000000000000071e+01 3.254251482829096146e-05 3.311304420907892248e-05 2.226956767322284181e-06 2.298654852552948009e-06
1.007499999999999929e+01 3.120055241250647792e-05 3.174565578492061777e-05 2.105895776125424358e-06 2.173422358445943173e-06
1.009999999999999964e+01 2.991526906637268171e-05 3.043611413729965632e-05 1.991548747781833245e-06 2.055150672608191711e-06
1.012500000000000000e+01 2.868420971814347769e-05 2.918190886437144177e-05 1.883536065961749488e-06 1.943445332735430437e-06
1.015000000000000036e+01 2.750502849428972032e-05 2.798064146354823994e-05 1.781499976272409531e-06 1.837934644476350477e-06
1.017500000000000071e+01 2.637548373299940401e-05 2.683002021175276192e-05 1.685103306226662943e-06 1.738268345897394130e-06
1.019999999999999929e+01 2.529343322999384757e-05 2.572785528222352265e-05 1.594028259744989007e-06 1.644116349508826216e-06
1.022499999999999964e+01 2.425682970822495943e-05 2.467205408945647905e-05 1.507975286316191609e-06 1.555167560885961323e-06
1.025000000000000000e+01 2.326371650007891029e-05 2.366061685826662908e-05 1.426662012650311329e-06 1.471128766583159674e-06
1.027500000000000036e+01 2.231222342698333799e-05 2.269163239378528405e-05 1.349822241035190277e-06 1.391723587553809477e-06
1.030000000000000071e+01 2.140056287455050231e-05 2.176327405018137025e-05 1.277205007357995384e-06 1.316691496074467425e-06
1.032499999999999929e+01 2.052702604807397793e-05 2.087379588967680025e-05 1.208573693500343134e-06 1.245786890804972979e-06
1.034999999999999964e+01 1.968997940223772740e-05 2.002152901662039306e-05 1.143705191981986724e-06 1.178778226020426883e-06
1.037500000000000000e+01 1.888786123894540506e-05 1.920487808647014399e-05 1.082389121011540858e-06 1.115447192593150946e-06
1.040000000000000036e+01 1.811917846060809797e-05 1.842231797535156894e-05 1.024427085717225131e-06 1.055587947987344493e-06
1.042500000000000071e+01 1.738250347462226060e-05 1.767239060313687406e-05 9.696319826164652562e-07 9.990063911994382298e-07
1.044999999999999929e+01 1.667647124163530741e-05 1.695370190648304163e-05 9.178273456897491044e-07 9.455194811977868872e-07
1.047499999999999964e+01 1.599977645935492877e-05 1.626491894997622234e-05 8.688467297866001582e-07 8.949545948886112986e-07
1.050000000000000000e+01 1.535117087741826297e-05 1.560476717186818897e-05 8.225331319959428974e-07 8.471489233341819432e-07
1.052500000000000036e+01 1.472946073597726568e-05 1.497202775804680712e-05 7.787384462093216122e-07 8.019489039574614222e-07
1.055000000000000071e+01 1.413350432203637549e-05 1.436553513636447014e-05 7.373229486607582666e-07 7.592096853581544904e-07
1.057499999999999929e+01 1.356220963856292450e-05 1.378417458684892863e-05 6.981548155004722072e-07 7.187946238044809576e-07
1.059999999999999964e+01 1.301453218081624830e-05 1.322687996232920475e-05 6.611096683248902158e-07 6.805748101019678281e-07
1.062500000000000000e+01 1.248947281465473982e-05 1.269263151385172350e-05 6.260701451737406887e-07 6.444286235130914670e-07
1.065000000000000036e+01 1.198607575245627254e-05 1.218045381610514460e-05 5.929254976164683821e-07 6.102413119221202290e-07
1.067500000000000071e+01 1.150342662162962135e-05 1.168941378835113908e-05 5.615712111575122526e-07 5.779045967464703925e-07
1.069999999999999929e+01 1.104065062146375598e-05 1.121861880586545757e-05 5.319086474991639987e-07 5.473163008559196780e-07
1.072499999999999964e+01 1.059691076453183569e-05 1.076721489806992728e-05 5.038447080365868693e-07 5.183799981509934230e-07
1.075000000000000000e+01 1.017140619819580476e-05 1.033438502935482412e-05 4.772915172771644317e-07 4.910046840028190185e-07
1.077500000000000036e+01 9.763370602592237246e-06 9.919347458077994837e-06 4.521661241775574025e-07 4.651044647663274323e-07
1.080000000000000071e+01 9.372070661904263365e-06 9.521354170799293742e-06 4.283902208361091245e-07 4.405982652871985058e-07
1.082499999999999929e+01 8.996804604872333993e-06 9.139689387896296878e-06 4.058898774980967923e-07 4.174095533146164618e-07
1.084999999999999964e+01 8.636900811719835629e-06 8.773668137024128044e-06 3.845952934663656085e-07 3.954660801470565677e-07
1.087500000000000000e+01 8.291716484397785976e-06 8.422634891706446742e-06 3.644405623635415383e-07 3.746996365610753555e-07
1.090000000000000036e+01 7.960636376963622256e-06 8.085962271630767011e-06 3.453634502653375555e-07 3.550458226346741951e-07
1.092500000000000071e+01 7.643071583481676800e-06 7.763049801942739796e-06 3.273051872254944064e-07 3.364438307289116455e-07
1.094999999999999929e+01 7.338458380693573793e-06 7.453322728716870806e-06 3.102102713524595680e-07 3.188362415652992915e-07
1.097499999999999964e+01 7.046257123024822498e-06 7.156230888104238848e-06 2.940262830912282636e-07 3.021688318301006063e-07
1.100000000000000000e+01 6.765951187330008441e-06 6.871247626556609206e-06 2.787037108778595324e-07 2.863903926914727572e-07
1.102500000000000036e+01 6.497045965190066135e-06 6.597868769751610100e-06 2.641957870205732263e-07 2.714525592055280222e-07
1.105000000000000071e+01 6.239067900504894457e-06 6.335611638025167921e-06 2.504583324624401440e-07 2.573096493158396500e-07
1.107499999999999929e+01 5.991563570318959717e-06 6.084014106072394881e-06 2.374496108757398601e-07 2.439185121577756941e-07
1.109999999999999964e+01 5.754098806949822729e-06 5.842633704962369238e-06 2.251301910198316978e-07 2.312383851456554574e-07
1.112500000000000000e+01 5.526257859374351773e-06 5.611046764534913967e-06 2.134628170054216808e-07 2.192307592679240242e-07
1.115000000000000036e+01 5.307642592062998219e-06 5.388847594085704101e-06 2.024122860229287631e-07 2.078592521243139662e-07
1.117500000000000071e+01 5.097871719788783699e-06 5.175647699832715937e-06 1.919453329204790442e-07 1.970894882149716636e-07
1.119999999999999929e+01 4.896580076474992347e-06 4.971075037426681529e-06 1.820305216442185910e-07 1.868889860862326415e-07
1.122499999999999964e+01 4.703417916609962742e-06 4.774773297764643345e-06 1.726381427674548101e-07 1.772270520832497658e-07
1.125000000000000000e+01 4.518050247830350247e-06 4.586401224675714638e-06 1.637401166906234230e-07 1.680746799663285396e-07
1.127500000000000036e+01 4.340156193113558513e-06 4.405631963040832723e-06 1.553099026181065116e-07 1.594044563887697815e-07
1.130000000000000071e+01 4.169428381279822188e-06 4.232152435823152806e-06 1.473224125593333491e-07 1.511904717153019934e-07
1.132499999999999929e+01 4.005572364575425420e-06 4.065662748869439365e-06 1.397539304154352560e-07 1.434082360133553457e-07
1.134999999999999964e+01 3.848306061988377261e-06 3.905875622074588060e-06 1.325820354011582815e-07 1.360345997708834823e-07
1.137500000000000000e+01 3.697359227217877591e-06 3.752515845752224394e-06 1.257855299666515994e-07 1.290476790760316415e-07
1.140000000000000036e+01 3.552472940108715796e-06 3.605319761069307227e-06 1.193443718175153402e-07 1.224267851353139924e-07
1.142500000000000071e+01 3.413399120537386914e-06 3.464034763444709869e-06 1.132396096512487175e-07 1.161523577127752123e-07
1.144999999999999929e+01 3.279900063705900793e-06 3.328418827836874880e-06 1.074533227336930496e-07 1.102059023890157789e-07
1.147499999999999964e+01 3.151747995911215143e-06 3.198240055028170481e-06 1.019685637679833272e-07 1.045699314132399693e-07
1.150000000000000000e+01 3.028724649776824353e-06 3.073276237830113421e-06 9.676930498481921655e-08 9.922790783176327290e-08
1.152500000000000036e+01 2.910620858166797505e-06 2.953314446338592369e-06 9.184038733451000812e-08 9.416419282613858037e-08
1.155000000000000071e+01 2.797236165900368797e-06 2.838150631484363032e-06 8.716747238008495903e-08 8.936399595821879367e-08
1.157499999999999929e+01 2.688378458427442426e-06 2.727589245894591090e-06 8.273699709033288482e-08 8.481332823163511414e-08
1.159999999999999964e+01 2.583863606777512568e-06 2.621442881386987353e-06 7.853613120607384637e-08 8.049895790492566520e-08
1.162500000000000000e+01 2.483515127995431795e-06 2.519531922338012462e-06 7.455273677120951035e-08 7.640836871091427935e-08
1.165000000000000036e+01 2.387163860383597051e-06 2.421684214183747867e-06 7.077533004111929659e-08 7.252972036425988006e-08
1.167500000000000071e+01 2.294647652886644525e-06 2.327734746371688443e-06 6.719304560604740450e-08 6.885181137093185037e-08
1.169999999999999929e+01 2.205811067999895854e-06 2.237525349144981668e-06 6.379560247792633296e-08 6.536404392273848825e-08
1.172499999999999964e+01 2.120505097573045347e-06 2.150904403533029794e-06 6.057327202148560267e-08 6.205639075079864414e-08
1.175000000000000000e+01 2.038586890951353036e-06 2.067726563913987117e-06 5.751684767576537910e-08 5.891936377903576238e-08
1.177500000000000036e+01 1.959919494918335182e-06 1.987852492674800328e-06 5.461761642657246573e-08 5.594398458198051846e-08
1.180000000000000071e+01 1.884371604864039913e-06 1.911148606346864369e-06 5.186733184925015538e-08 5.312175647921862330e-08
1.182499999999999929e+01 1.811817326731534203e-06 1.837486832726665616e-06 4.925818868706675553e-08 5.044463822681597773e-08
1.184999999999999964e+01 1.742135949245799092e-06 1.766744378534567578e-06 4.678279872139321646e-08 4.790501911877292583e-08
1.187500000000000000e+01 1.675211725962292678e-06 1.698803507095034828e-06 4.443416808448331762e-08 4.549569547130220588e-08
1.190000000000000036e+01 1.610933666710794947e-06 1.633551325616477410e-06 4.220567581428383432e-08 4.320984845077647441e-08
1.192500000000000071e+01 1.549195338005928971e-06 1.570879581639880039e-06 4.009105357852145006e-08 4.104102310914085113e-08
1.194999999999999929e+01 1.489894672044001313e-06 1.510684468249118723e-06 3.808436656773370245e-08 3.898310860755726496e-08
1.197499999999999964e+01 1.432933783897252385e-06 1.452866437661277992e-06 3.617999537760194639e-08 3.703031952021676631e-08
1.200000000000000000e+01 1.378218796544564882e-06 1.397330022820732581e-06 3.437261893174146659e-08 3.517717816048019404e-08
1.202500000000000036e+01 1.325659673403836092e-06 1.343983666650073652e-06 3.265719834612177237e-08 3.341849790643024410e-08
1.205000000000000071e+01 1.275170058025355403e-06 1.292739558619299727e-06 3.102896167112326591e-08 3.174936743152945474e-08
1.207499999999999929e+01 1.226667120636181876e-06 1.243513478308436684e-06 2.948338948697191871e-08 3.016513581920489653e-08
1.209999999999999964e+01 1.180071411237219718e-06 1.196224645660647810e-06 2.801620127764036888e-08 2.866139848464134779e-08
1.212500000000000000e+01 1.135306718962836723e-06 1.150795577630070968e-06 2.662334256907369180e-08 2.723398388467403140e-08
1.215000000000000036e+01 1.092299937432078485e-06 1.107151950945757751e-06 2.530097274588404171e-08 2.587894094331735989e-08
1.217500000000000071e+01 1.050980935827963650e-06 1.065222470723053759e-06 2.404545356160487025e-08 2.459252717384904766e-08
1.219999999999999929e+01 1.011282435456466775e-06 1.024938744667358480e-06 2.285333828292265760e-08 2.337119746004419498e-08
1.222499999999999964e+01 9.731398915460088917e-07 9.862351626278606793e-07 2.172136141632097077e-08 2.221159345617953970e-08
1.225000000000000000e+01 9.364913800595644355e-07 9.490487812660114018e-07 2.064642898205157979e-08 2.111053355158497296e-08
1.227500000000000036e+01 9.012774893015153848e-07 9.133192136169237738e-07 1.962560933774100488e-08 2.006500338940575106e-08
1.230000000000000071e+01 8.674412161121712574e-07 8.789885233312209583e-07 1.865612450947360037e-08 1.907214690999111012e-08
1.232499999999999929e+01 8.349278664509964598e-07 8.460011233960559591e-07 1.773534197318661237e-08 1.812925788334234029e-08
1.234999999999999964e+01 8.036849601764938203e-07 8.143036791373578115e-07 1.686076689033846895e-08 1.723377188860541410e-08
1.237500000000000000e+01 7.736621398448167757e-07 7.838450153205101107e-07 1.603003478824235530e-08 1.638325875226224380e-08
1.240000000000000036e+01 7.448110833511251417e-07 7.545760271720400267e-07 1.524090459259466886e-08 1.557541538068892488e-08
1.242500000000000071e+01 7.170854202494116374e-07 7.264495951530317055e-07 1.449125207995581712e-08 1.480805898336518109e-08
1.244999999999999929e+01 6.904406515908721444e-07 6.994205033212798851e-07 1.377906366999669437e-08 1.407912067833128285e-08
1.247499999999999964e+01 6.648340731311004867e-07 6.734453611286267098e-07 1.310243054813546498e-08 1.338663942874239570e-08
1.250000000000000000e+01 6.402247017609357055e-07 6.484825285057729607e-07 1.245954311890714222e-08 1.272875632085023821e-08
1.252500000000000036e+01 6.165732050222072458e-07 6.244920440929429718e-07 1.184868573679911130e-08 1.210370913782212740e-08
1.255000000000000071e+01 5.938418335759369367e-07 6.014355564813358861e-07 1.126823175691704374e-08 1.150982723938016612e-08
1.257499999999999929e+01 5.719943564975384190e-07 5.792762583355466639e-07 1.071663881512521913e-08 1.094552671579220027e-08
1.259999999999999964e+01 5.509959992783496269e-07 5.579788232757864528e-07 1.019244437876795013e-08 1.040930579041791229e-08
1.262500000000000000e+01 5.308133844163285718e-07 5.375093453999063367e-07 9.694261548950791351e-09 9.899740489590602972e-09
1.265000000000000036e+01 5.114144744868266558e-07 5.178352813324011574e-07 9.220775063461496501e-09 9.415480531912865839e-09
1.267500000000000071e+01 4.927685175877116979e-07 4.989253946941469966e-07 8.770737538114001373e-09 8.955245445348238429e-09
1.269999999999999929e+01 4.748459950580200339e-07 4.807497028890548783e-07 8.342965891370434665e-09 8.517820891267348121e-09
1.272499999999999964e+01 4.576185713719210981e-07 4.632794261079954159e-07 7.936337968419059089e-09 8.102055182172952259e-09
1.275000000000000000e+01 4.410590461171892719e-07 4.464869384563696323e-07 7.549789351587655356e-09 7.706855992749194036e-09
1.277500000000000036e+01 4.251413079702306968e-07 4.303457211161878019e-07 7.182310329148132397e-09 7.331187243661997953e-09
1.280000000000000071e+01 4.098402905817489141e-07 4.148303174552349472e-07 6.832943033176778287e-09 6.974066149728528941e-09
1.282499999999999929e+01 3.951319302927017954e-07 3.999162900010864643e-07 6.500778730238232040e-09 6.634560430248514362e-09
1.284999999999999964e+01 3.809931256031911464e-07 3.855801792006108629e-07 6.184955254140517332e-09 6.311785665171295664e-09
1.287500000000000000e+01 3.674016983212600486e-07 3.717994638906547122e-07 5.884654578005092315e-09 6.004902795080815915e-09
1.290000000000000036e+01 3.543363563194858970e-07 3.585525234072438968e-07 5.599100512909710197e-09 5.713115751848996105e-09
1.292500000000000071e+01 3.417766578322201710e-07 3.458186012633386950e-07 5.327556531344953702e-09 5.435669217875089584e-09
1.294999999999999929e+01 3.297029772291028183e-07 3.335777703304089284e-07 5.069323703722746578e-09 5.171846502167841659e-09
1.297499999999999964e+01 3.180964722022096707e-07 3.218108994600873062e-07 4.823738747152881706e-09 4.920967531649634482e-09
1.300000000000000000e+01 3.069390523077938495e-07 3.104996214848012489e-07 4.590172172741965622e-09 4.682386946332647872e-09
1.302500000000000036e+01 2.962133488061275544e-07 2.996263025405963548e-07 4.368026535457730559e-09 4.455492296576822839e-09
1.305000000000000071e+01 2.859026857447222576e-07 2.891740126560591351e-07 4.156734777397237915e-09 4.239702337183521805e-09
1.307499999999999929e+01 2.759910522332792028e-07 2.791264975545264611e-07 3.955758656810744582e-09 4.034465412521710609e-09
1.309999999999999964e+01 2.664630758605515427e-07 2.694681516189608623e-07 3.764587256846907363e-09 3.839257924015986353e-09
1.312500000000000000e+01 2.573039972056499130e-07 2.601839919710974026e-07 3.582735578954630787e-09 3.653582880232470963e-09
1.315000000000000036e+01 2.484996453978977150e-07 2.512596336181750543e-07 3.409743207244319220e-09 3.476968524807770861e-09
1.317500000000000071e+01 2.400364146819708286e-07 2.426812656227002246e-07 3.245173041234683045e-09 3.308967034111803367e-09
1.319999999999999929e+01 2.319012419465313471e-07 2.344356282533206839e-07 3.088610097890057243e-09 3.149153284369474630e-09
1.322499999999999964e+01 2.240815851761032430e-07 2.265099910751489502e-07 2.939660378224179500e-09 2.997123684826471841e-09
1.325000000000000000e+01 2.165654027886478494e-07 2.188921319415004384e-07 2.797949787984667429e-09 2.852495071803034102e-09
1.327500000000000036e+01 2.093411338215911755e-07 2.115703168494654036e-07 2.663123119378742324e-09 2.714903658478914913e-09
1.330000000000000071e+01 2.023976789313961121e-07 2.045332806231218315e-07 2.534843088345111674e-09 2.584004045356788948e-09
1.332499999999999929e+01 1.957243821734087098e-07 1.977702083907960576e-07 2.412789413688053786e-09 2.459468277127325992e-09
1.334999999999999964e+01 1.893110135296216583e-07 1.912707178234852444e-07 2.296657954499256184e-09 2.340984951784959232e-09
1.337500000000000000e+01 1.831477521536391971e-07 1.850248421029676148e-07 2.186159885631926729e-09 2.228258376728252665e-09
1.340000000000000036e+01 1.772251703035571878e-07 1.790230135898072741e-07 2.081020918475743407e-09 2.121007766757651858e-09
1.342500000000000071e+01 1.715342179344239559e-07 1.732560481624611196e-07 1.980980563568904596e-09 2.018966486496318096e-09
1.344999999999999929e+01 1.660662079233746597e-07 1.677151302000098221e-07 1.885791428438913232e-09 1.921881330142266706e-09
1.347499999999999964e+01 1.608128019015798754e-07 1.623917981821822527e-07 1.795218557324650496e-09 1.829511840775036336e-09
1.350000000000000178e+01 1.557659966683019333e-07 1.572779308815267739e-07 1.709038800691268380e-09 1.741629665144279706e-09
1.352500000000000213e+01 1.509181111633327089e-07 1.523657341235552308e-07 1.627040218311579350e-09 1.658017940211162826e-09
1.355000000000000249e+01 1.462617739751896014e-07 1.476477280917929264e-07 1.549021514907818289e-09 1.578470713177074265e-09
1.357499999999999929e+01 1.417899113633284259e-07 1.431167351556351459e-07 1.474791504948744183e-09 1.502792391449221296e-09
1.359999999999999964e+01 1.374957357735620711e-07 1.387658681998020864e-07 1.404168605258555165e-09 1.430797222190311277e-09
1.362500000000000000e+01 1.333727348268005864e-07 1.345885194351283330e-07 1.336980352260936673e-09 1.362308797286539728e-09
1.365000000000000213e+01 1.294146607620800775e-07 1.305783496713087776e-07 1.273062947054730636e-09 1.297159585250692189e-09
1.367500000000000249e+01 1.256155203155777786e-07 1.267292780329866116e-07 1.212260822445564281e-09 1.235190487409823357e-09
1.369999999999999929e+01 1.219695650181475319e-07 1.230354721013968396e-07 1.154426232314084159e-09 1.176250416787128712e-09
1.372499999999999964e+01 1.184712818946494895e-07 1.194913384645076037e-07 1.099418862809235437e-09 1.120195898711501230e-09
1.375000000000000000e+01 1.151153845490832835e-07 1.160915136594035806e-07 1.047105464647740047e-09 1.066890693058664300e-09
1.377500000000000213e+01 1.118968046201069607e-07 1.128308554912394078e-07 9.973595028462337786e-10 1.016205435713870912e-09
1.380000000000000249e+01 1.088106835923155905e-07 1.097044347138042469e-07 9.500608255296017455e-10 9.680172983352635525e-10
1.382499999999999929e+01 1.058523649492351592e-07 1.067075270574649748e-07 9.050953506272116367e-10 9.222096666061928641e-10
1.384999999999999964e+01 1.030173866544870448e-07 1.038356055906981729e-07 8.623547675741899478e-10 8.786718348979252219e-10
1.387500000000000000e+01 1.003014739482941623e-07 1.010843334021122925e-07 8.217362546970098038e-10 8.372987163986013818e-10
1.390000000000000213e+01 9.770053244698597538e-08 9.844955659042715034e-08 7.831422128237337059e-10 7.979905689762786969e-10
1.392500000000000249e+01 9.521064153368486042e-08 9.592729755038472569e-08 7.464800117568676531e-10 7.606527357984302317e-10
1.394999999999999929e+01 9.282804802886982551e-08 9.351374854306736409e-08 7.116617489214764645e-10 7.251953983706779661e-10
1.397499999999999964e+01 9.054916013001087244e-08 9.120526553964922716e-08 6.786040225461098326e-10 6.915333430454416964e-10
1.400000000000000000e+01 8.837054160990371150e-08 8.899836232801332702e-08 6.472277158094068824e-10 6.595857401225337184e-10
1.402500000000000213e+01 8.628890626382024583e-08 8.688970487217664792e-08 6.174577923605970042e-10 6.292759341367063457e-10
1.405000000000000249e+01 8.430111259597276972e-08 8.487610591486601468e-08 5.892231028237811096e-10 6.005312455057887437e-10
1.407499999999999929e+01 8.240415873624649580e-08 8.295451981401686645e-08 5.624562012523380760e-10 5.732827823965039344e-10
1.409999999999999964e+01 8.059517757852283616e-08 8.112203760439182826e-08 5.370931716346284289e-10 5.474652628338568285e-10
1.412500000000000000e+01 7.887143213229557203e-08 7.937588227585675791e-08 5.130734629984052031e-10 5.230168459505358100e-10
1.415000000000000213e+01 7.723031107965602448e-08 7.771340426026500678e-08 4.903397341642087916e-10 4.998789724475137955e-10
1.417500000000000249e+01 7.566932453004893058e-08 7.613207711921497499e-08 4.688377063913732307e-10 4.779962138006841647e-10
1.419999999999999929e+01 7.418609996557158368e-08 7.462949342531866965e-08 4.485160236207263653e-10 4.573161292168811331e-10
1.422499999999999964e+01 7.277837836988461024e-08 7.320336082994054307e-08 4.293261209839145768e-10 4.377891305350437846e-10
1.425000000000000000e+01 7.144401053412158349e-08 7.185149831067510759e-08 4.112221001193167192e-10 4.193683546528780330e-10
1.427500000000000036e+01 7.018095353347061442e-08 7.057183259212649902e-08 3.941606110279932229e-10 4.020095426265811427e-10
1.430000000000000249e+01 6.898726736839854091e-08 6.936239473385498153e-08 3.781007410689944625e-10 3.856709256260793656e-10
1.432499999999999929e+01 6.786111176476192778e-08 6.822131687963522624e-08 3.630039098218110097e-10 3.703131173870804035e-10
1.434999999999999964e+01 6.680074312730537057e-08 6.714682916243120771e-08 3.488337696573701232e-10 3.558990124424672898e-10
1.437500000000000000e+01 6.580451164131298226e-08 6.613725675976141631e-08 3.355561122451087701e-10 3.423936902279773783e-10
1.440000000000000036e+01 6.487085851741306699e-08 6.519101709437171262e-08 3.231387805567415903e-10 3.297643248126592457e-10
1.442500000000000249e+01 6.399831337477183078e-08 6.430661717536409813e-08 3.115515856572041506e-10 3.179800998935015848e-10
1.444999999999999929e+01 6.318549175815151761e-08 6.348265107517846681e-08 3.007662285033457675e-10 3.070121285630550660e-10
1.447499999999999964e+01 6.243109278451308927e-08 6.271779753803525960e-08 2.907562267908528226e-10 2.968333782583954253e-10
1.450000000000000000e+01 6.173389691505770867e-08 6.201081771566017177e-08 2.814968456929846380e-10 2.874186000371370434e-10
1.452500000000000036e+01 6.109276384880307778e-08 6.136055302631713744e-08 2.729650334201296447e-10 2.787442623241502683e-10
1.455000000000000249e+01 6.050663053399387743e-08 6.076592313338475470e-08 2.651393605598140415e-10 2.707884889471633243e-10
1.457499999999999929e+01 5.997450929382867358e-08 6.022592403989653728e-08 2.579999632745065026e-10 2.635310009339811349e-10
1.459999999999999964e+01 5.949548606317055298e-08 5.973962629565397577e-08 2.515284908207533193e-10 2.569530624936471712e-10
1.462500000000000000e+01 5.906871873308016276e-08 5.930617331369458298e-08 2.457080561989785415e-10 2.510374306931516810e-10
1.465000000000000036e+01 5.869343560018556781e-08 5.892477979307666952e-08 2.405231904246813054e-10 2.457683084766975701e-10
1.467500000000000249e+01 5.836893391806569260e-08 5.859473024510431215e-08 2.359598002954462896e-10 2.411313013867597402e-10
1.469999999999999929e+01 5.809457854799539949e-08 5.831537762029591295e-08 2.320051292128040076e-10 2.371133773907299812e-10
1.472499999999999964e+01 5.786980070652915070e-08 5.808614203352710631e-08 2.286477213290877866e-10 2.337028301049140798e-10
1.475000000000000000e+01 5.769409680757705192e-08 5.790650958495603261e-08 2.258773885252112124e-10 2.308892449191932824e-10
1.477500000000000036e+01 5.756702739675934530e-08 5.777603127447898239e-08 2.236851805085082103e-10 2.286634683010583557e-10
1.480000000000000249e+01 5.748821617596768784e-08 5.769432200760455301e-08 2.220633575526763053e-10 2.270175798109300936e-10
1.482499999999999929e+01 5.745734911620169553e-08 5.766105969077846163e-08 2.210053662015450070e-10 2.259448671239535275e-10
1.484999999999999964e+01 5.747417365688117881e-08 5.767598441432482409e-08 2.205058173713511089e-10 2.254398035580006043e-10
1.487500000000000000e+01 5.753849798996450126e-08 5.773889772130170788e-08 2.205604673897847238e-10 2.254980284693278255e-10
1.490000000000000036e+01 5.765019042733197763e-08 5.784966196069897818e-08 2.211662014183021288e-10 2.261163302508984892e-10
1.492500000000000071e+01 5.780917885001365838e-08 5.800819972352921687e-08 2.223210192346594958e-10 2.272926316348480642e-10
1.494999999999999929e+01 5.801545023796466680e-08 5.821449336048748413e-08 2.240240236177099387e-10 2.290259776547455927e-10
1.497499999999999964e+01 5.826905027920776810e-08 5.846858457997398607e-08 2.262754110716737137e-10 2.313165260096367900e-10
