# raxis[fm], SN, VN, SP, VP
2.101448349307773875e-07 9.070257082468158316e-02 9.569088266122263708e-02 4.983675827263429198e-02 5.446497937701404862e-02
2.500000000000000139e-02 9.070813571291669319e-02 9.569793657755500116e-02 4.984911051623102524e-02 5.447718067627284333e-02
5.000000000000000278e-02 9.069106700461675163e-02 9.568342908763376176e-02 4.986986736455190083e-02 5.449570056603636470e-02
7.499999999999999722e-02 9.066181507304067744e-02 9.565842078962248640e-02 4.990417311933714045e-02 5.452623814899022064e-02
1.000000000000000056e-01 9.062075949655602758e-02 9.562328669246993040e-02 4.995202017634826214e-02 5.456881430086068380e-02
1.250000000000000000e-01 9.056808288908223259e-02 9.557819448019867770e-02 5.001331030351480883e-02 5.462334570749663443e-02
1.499999999999999944e-01 9.050395526526557044e-02 9.552329229173017744e-02 5.008789587157551348e-02 5.468970290509574117e-02
1.749999999999999889e-01 9.042857534077997084e-02 9.545875313637636195e-02 5.017560018859344717e-02 5.476772957294048783e-02
2.000000000000000111e-01 9.034217167510766311e-02 9.538477471146310227e-02 5.027621421316859351e-02 5.485724131996511793e-02
2.250000000000000056e-01 9.024501169002847878e-02 9.530158975403381361e-02 5.038950301284256250e-02 5.495803064008552424e-02
2.500000000000000000e-01 9.013738141973323681e-02 9.520944533126829423e-02 5.051519477749515097e-02 5.506985584654332938e-02
2.750000000000000222e-01 9.001959829545198855e-02 9.510861522081369424e-02 5.065298892476931963e-02 5.519245052162519843e-02
2.999999999999999889e-01 8.989200894960606980e-02 9.499939848888384886e-02 5.080255698603721587e-02 5.532552319109228234e-02
3.250000000000000111e-01 8.975498977534336620e-02 9.488211990470410417e-02 5.096354400261236123e-02 5.546875907643867426e-02
3.499999999999999778e-01 8.960894116709176849e-02 9.475712482067631670e-02 5.113556766406170823e-02 5.562181824754442588e-02
3.750000000000000000e-01 8.945428560333189283e-02 9.462477656741924426e-02 5.131821827643873873e-02 5.578433668343835139e-02
4.000000000000000222e-01 8.929147578266452556e-02 9.448546492905790517e-02 5.151106472477012810e-02 5.595593220539139823e-02
4.249999999999999889e-01 8.912099065998070613e-02 9.433960313817357779e-02 5.171365556557576404e-02 5.613620427046375067e-02
4.500000000000000111e-01 8.894332683410420548e-02 9.418761937763514558e-02 5.192551679099568357e-02 5.632473134970643336e-02
4.749999999999999778e-01 8.875899702451220397e-02 9.402995454824929211e-02 5.214615209928648992e-02 5.652107238066010619e-02
5.000000000000000000e-01 8.856853698736137648e-02 9.386706970326136323e-02 5.237504912800734075e-02 5.672477288331217310e-02
5.250000000000000222e-01 8.837249865755013312e-02 9.369944040442253208e-02 5.261167936413280177e-02 5.693536295300719724e-02
5.500000000000000444e-01 8.817144332134241314e-02 9.352754923016716460e-02 5.285549659877380319e-02 5.715235663794495519e-02
5.749999999999999556e-01 8.796594513493358192e-02 9.335188935462575277e-02 5.310594000334043635e-02 5.737525534442024233e-02
5.999999999999999778e-01 8.775658920524354034e-02 9.317296350899444135e-02 5.336243649029339536e-02 5.760354918806867563e-02
6.250000000000000000e-01 8.754396703537356550e-02 9.299127943952385789e-02 5.362440140153186541e-02 5.783671779125915124e-02
6.500000000000000222e-01 8.732867773821817448e-02 9.280735101211788629e-02 5.389124117982944245e-02 5.807423358933349461e-02
6.750000000000000444e-01 8.711132655527209501e-02 9.262169784169894948e-02 5.416235638515391054e-02 5.831556318025987035e-02
6.999999999999999556e-01 8.689251760684191250e-02 9.243483791502637992e-02 5.443713956801467246e-02 5.856016537424181545e-02
7.249999999999999778e-01 8.667285485996165106e-02 9.224728866402942540e-02 5.471497766621578190e-02 5.880749425585345136e-02
7.500000000000000000e-01 8.645293842584780841e-02 9.205956374788595853e-02 5.499525466616180663e-02 5.905700114735853296e-02
7.750000000000000222e-01 8.623336498034345210e-02 9.187217351434025236e-02 5.527735331705751348e-02 5.930813647910199854e-02
8.000000000000000444e-01 8.601472643576929533e-02 9.168562429137774861e-02 5.556065698642657230e-02 5.956035118374233828e-02
8.249999999999999556e-01 8.579760072659597947e-02 9.150041025429926644e-02 5.584455019884759092e-02 5.981309506181453628e-02
8.499999999999999778e-01 8.558254825135273858e-02 9.131700796543583409e-02 5.612841360420223191e-02 6.006581574158150610e-02
8.750000000000000000e-01 8.537012821560206743e-02 9.113589392639621922e-02 5.641163771839535074e-02 6.031797172403759871e-02
9.000000000000000222e-01 8.516088520476433610e-02 9.095753303197262607e-02 5.669362295625075127e-02 6.056902829787873949e-02
9.250000000000001554e-01 8.495534535914629759e-02 9.078237338553728220e-02 5.697377544095594271e-02 6.081845635080993656e-02
9.499999999999999556e-01 8.475401722521508363e-02 9.061084793264487236e-02 5.725151030712678779e-02 6.106573470733490244e-02
9.749999999999999778e-01 8.455738789969499680e-02 9.044337080806374995e-02 5.752625291658398227e-02 6.131035126095042698e-02
1.000000000000000000e+00 8.436592404714393645e-02 9.028033842377784779e-02 5.779744072473162048e-02 6.155180523827979283e-02
1.024999999999999911e+00 8.418006309222964001e-02 9.012212194973118207e-02 5.806452379127705760e-02 6.178960454542722913e-02
1.050000000000000044e+00 8.400021483791544896e-02 8.996906638088580932e-02 5.832695939632425580e-02 6.202326739198205791e-02
1.074999999999999956e+00 8.382678325270885578e-02 8.982151543936478522e-02 5.858423531929635858e-02 6.225234017847172674e-02
1.100000000000000089e+00 8.366013424156691636e-02 8.967977966334177153e-02 5.883585374454590455e-02 6.247637834295969445e-02
1.125000000000000000e+00 8.350060401505852992e-02 8.954414282967014527e-02 5.908133140606118550e-02 6.269495287818545315e-02
1.149999999999999911e+00 8.334849830768430168e-02 8.941486280932010866e-02 5.932020480900558612e-02 6.290765125632641341e-02
1.175000000000000044e+00 8.320409066103111317e-02 8.929216929523278723e-02 5.955202919407045353e-02 6.311407862101434119e-02
1.199999999999999956e+00 8.306762540047932242e-02 8.917626732949293644e-02 5.977638296936176737e-02 6.331386111939185657e-02
1.225000000000000089e+00 8.293931368665830028e-02 8.906733344735422164e-02 5.999286644141659658e-02 6.350664419960416751e-02
1.250000000000000000e+00 8.281933408148947628e-02 8.896551618818782092e-02 6.020110333647066270e-02 6.369209480871326767e-02
1.274999999999999911e+00 8.270783291465071130e-02 8.887093667232102978e-02 6.040074182698659810e-02 6.386990193801579674e-02
1.300000000000000044e+00 8.260492373444321135e-02 8.878368808869531448e-02 6.059145542981433930e-02 6.403977751970019172e-02
1.324999999999999956e+00 8.251068702535463428e-02 8.870383545509218093e-02 6.077294389077703141e-02 6.420145714200842235e-02
1.350000000000000089e+00 8.242517079140945779e-02 8.863141619809873639e-02 6.094493397542492114e-02 6.435470109825446039e-02
1.375000000000000000e+00 8.234839214799567764e-02 8.856644182449600888e-02 6.110718135248737609e-02 6.449929580276253516e-02
1.399999999999999911e+00 8.228033247866765876e-02 8.850889288578799030e-02 6.125946774643765969e-02 6.463505012105093261e-02
1.425000000000000044e+00 8.222093760123570794e-02 8.845871905801931667e-02 6.140160016939557458e-02 6.476179646379778831e-02
1.449999999999999956e+00 8.217012695373371312e-02 8.841584853019930634e-02 6.153341832573670095e-02 6.487939729267712397e-02
1.475000000000000089e+00 8.212778893566582972e-02 8.838018308024213343e-02 6.165479132571611426e-02 6.498774111332245029e-02
1.500000000000000000e+00 8.209378238393527649e-02 8.835159943940053273e-02 6.176561832035293298e-02 6.508674354228906334e-02
1.524999999999999911e+00 8.206793676088695866e-02 8.832994944202783583e-02 6.186582750946115206e-02 6.517634663206328671e-02
1.550000000000000044e+00 8.205005870990815520e-02 8.831506650100018341e-02 6.195538133507895451e-02 6.525652369822960985e-02
1.574999999999999956e+00 8.203992768264446733e-02 8.830676077980641192e-02 6.203427248388543314e-02 6.532727491157673538e-02
1.600000000000000089e+00 8.203729752838179179e-02 8.830482063355624134e-02 6.210252381710867908e-02 6.538862743960839607e-02
1.625000000000000000e+00 8.204189442463122317e-02 8.830901024145190736e-02 6.216018579616607725e-02 6.544063289400707528e-02
1.649999999999999911e+00 8.205342252861259900e-02 8.831907537707364697e-02 6.220733927098742733e-02 6.548337052483375886e-02
1.675000000000000044e+00 8.207156533600201698e-02 8.833474419565771896e-02 6.224409546688078332e-02 6.551694660014152627e-02
1.699999999999999956e+00 8.209598699042193470e-02 8.835572858067303192e-02 6.227059561415251854e-02 6.554149446893088593e-02
1.725000000000000311e+00 8.212633494669274725e-02 8.838172615864980930e-02 6.228701137461455789e-02 6.555717450934639423e-02
1.750000000000000000e+00 8.216223706784715752e-02 8.841241729166075813e-02 6.229354067727835981e-02 6.556417027463676273e-02
1.774999999999999911e+00 8.220331118519508262e-02 8.844747512269553191e-02 6.229041336537675250e-02 6.556269457099761500e-02
1.800000000000000044e+00 8.224916728863536364e-02 8.848656613564696849e-02 6.227789076944889590e-02 6.555298809911482005e-02
1.824999999999999956e+00 8.229939935342137081e-02 8.852934215756186331e-02 6.225625760789055274e-02 6.553531185461372588e-02
1.850000000000000311e+00 8.235359589681201520e-02 8.857545147228100546e-02 6.222582809811338933e-02 6.550995360460333539e-02
1.875000000000000000e+00 8.241134189534110588e-02 8.862453921699345316e-02 6.218694489112151086e-02 6.547722630243833775e-02
1.899999999999999911e+00 8.247221658054187943e-02 8.867624558325910844e-02 6.213997536944835393e-02 6.543746473223091553e-02
1.925000000000000044e+00 8.253579985053501045e-02 8.873021175056457210e-02 6.208531399643422294e-02 6.539102785862596634e-02
1.949999999999999956e+00 8.260167007505898884e-02 8.878607710691431565e-02 6.202337830887042630e-02 6.533829479893182857e-02
1.975000000000000089e+00 8.266940847722391295e-02 8.884348383285306516e-02 6.195460955511300494e-02 6.527966565510080754e-02
2.000000000000000000e+00 8.273859939777677974e-02 8.890207614165553107e-02 6.187947072654211011e-02 6.521555950997696971e-02
2.024999999999999911e+00 8.280883030891865448e-02 8.896150063540271546e-02 6.179844392536258668e-02 6.514641194137588132e-02
2.049999999999999822e+00 8.287969678369232207e-02 8.902141072596389537e-02 6.171203124954362240e-02 6.507267600249758144e-02
2.075000000000000178e+00 8.295080224033939131e-02 8.908146626840283966e-02 6.162075229176937341e-02 6.499481980263165093e-02
2.100000000000000089e+00 8.302176435902575147e-02 8.914133990973364952e-02 6.152514609907145521e-02 6.491332862108241397e-02
2.125000000000000000e+00 8.309221373874292604e-02 8.920071458670529585e-02 6.142576725393923687e-02 6.482870108620784888e-02
2.149999999999999911e+00 8.316179199409162726e-02 8.925928193356232054e-02 6.132318233203880309e-02 6.474144572781072304e-02
2.174999999999999822e+00 8.323015549967435756e-02 8.931674595153589469e-02 6.121796964698375532e-02 6.465208086685296507e-02
2.200000000000000178e+00 8.329697732011438760e-02 8.937282445673749853e-02 6.111071807482693075e-02 6.456113359796132600e-02
2.225000000000000089e+00 8.336194886164081941e-02 8.942725087090684644e-02 6.100202572198321765e-02 6.446913858984823498e-02
2.250000000000000000e+00 8.342478205605864672e-02 8.947977555544738004e-02 6.089249877776507086e-02 6.437663716239105938e-02
2.274999999999999911e+00 8.348520561616123992e-02 8.953016221490445181e-02 6.078274618543447194e-02 6.428417203022114557e-02
2.299999999999999822e+00 8.354297029671567398e-02 8.957819326332924770e-02 6.067338079622764530e-02 6.419228865960359409e-02
2.325000000000000178e+00 8.359784768449443626e-02 8.962366792906699409e-02 6.056501596720058334e-02 6.410153205388549602e-02
2.350000000000000089e+00 8.364963166575026254e-02 8.966640413616629168e-02 6.045826446623162737e-02 6.401244581790327404e-02
2.375000000000000000e+00 8.369813936190509396e-02 8.970623879332531581e-02 6.035373638192748774e-02 6.392557029341984498e-02
2.399999999999999911e+00 8.374321054757440097e-02 8.974302760076117991e-02 6.025203639559158914e-02 6.384143997999315590e-02
2.424999999999999822e+00 8.378471043888889580e-02 8.977664735525621442e-02 6.015376346033628890e-02 6.376058346102585206e-02
2.450000000000000178e+00 8.382252542251555916e-02 8.980699153894090847e-02 6.005950567401494716e-02 6.368351841020394866e-02
2.475000000000000089e+00 8.385656543409278352e-02 8.983397308547295956e-02 5.996983952136085427e-02 6.361075104497165844e-02
2.500000000000000000e+00 8.388676338074810279e-02 8.985752344825877203e-02 5.988532776791097995e-02 6.354277423205501041e-02
2.524999999999999911e+00 8.391307665354061363e-02 8.987759446732931923e-02 5.980651854118431560e-02 6.348006681734517931e-02
2.549999999999999822e+00 8.393548670987985294e-02 8.989415735604194824e-02 5.973394284576546281e-02 6.342309128888022618e-02
2.575000000000000178e+00 8.395399516547401297e-02 8.990719912680220083e-02 5.966811029812559009e-02 6.337228969120146937e-02
2.600000000000000089e+00 8.396862579349735622e-02 8.991672480190336658e-02 5.960950902046888850e-02 6.332808377225390695e-02
2.625000000000000000e+00 8.397942378058283197e-02 8.992275658101403502e-02 5.955860341161453575e-02 6.329087295845491068e-02
2.649999999999999911e+00 8.398645532061513319e-02 8.992533336593760973e-02 5.951583286380837667e-02 6.326103321607554064e-02
2.674999999999999822e+00 8.398980374036021934e-02 8.992450708981283847e-02 5.948160753496147674e-02 6.323891299766838670e-02
2.700000000000000178e+00 8.398957149762288632e-02 8.992034502846647792e-02 5.945630869678555919e-02 6.322483389862020020e-02
2.725000000000000089e+00 8.398587858389514049e-02 8.991292813791264271e-02 5.944028667290390117e-02 6.321908870385044288e-02
2.750000000000000000e+00 8.397886217299659062e-02 8.990235094205904776e-02 5.943385986805036630e-02 6.322194064265380942e-02
2.774999999999999911e+00 8.396867390355423899e-02 8.988871875997703209e-02 5.943731217215736384e-02 6.323362083200194383e-02
2.799999999999999822e+00 8.395547723804441809e-02 8.987214536095088080e-02 5.945089080510345542e-02 6.325432634472705207e-02
2.825000000000000178e+00 8.393944684897604314e-02 8.985275277566656671e-02 5.947480567803854062e-02 6.328421986868611182e-02
2.850000000000000089e+00 8.392076821512205187e-02 8.983067075646444799e-02 5.950922875391033429e-02 6.332342897225012868e-02
2.875000000000000000e+00 8.389963312453005417e-02 8.980603276482122810e-02 5.955429113051895901e-02 6.337204354206568691e-02
2.899999999999999911e+00 8.387624278693005253e-02 8.977897946594316780e-02 5.961008525733965668e-02 6.343011821179664333e-02
2.924999999999999822e+00 8.385080307719972037e-02 8.974965367639468894e-02 5.967666193623449161e-02 6.349766904966210046e-02
2.950000000000000178e+00 8.382352145174289115e-02 8.971819800908931164e-02 5.975402913347246242e-02 6.357467287959379931e-02
2.975000000000000089e+00 8.379460753984947774e-02 8.968475573525035160e-02 5.984215266674244166e-02 6.366106804790322427e-02
3.000000000000000000e+00 8.376427123323827717e-02 8.964946902890497116e-02 5.994095579678030555e-02 6.375675398723396059e-02
3.024999999999999911e+00 8.373272126479691657e-02 8.961247797897908818e-02 6.005031944275700945e-02 6.386159164311229486e-02
3.049999999999999822e+00 8.370016089059230391e-02 8.957391604985057154e-02 6.017008042239171267e-02 6.397540107484653293e-02
3.075000000000000178e+00 8.366678585110011446e-02 8.953390952131802527e-02 6.030003095950901837e-02 6.409796267716488805e-02
3.100000000000000089e+00 8.363278954767448814e-02 8.949258156727729618e-02 6.043992417992174321e-02 6.422902052368696657e-02
3.125000000000000000e+00 8.359834187492017066e-02 8.945003184147147512e-02 6.058946061299619323e-02 6.436826968833071760e-02
3.149999999999999911e+00 8.356360697537588977e-02 8.940635592833874601e-02 6.074830217772118901e-02 6.451537228457597528e-02
3.174999999999999822e+00 8.352873732242814542e-02 8.936163794562515528e-02 6.091607045967275397e-02 6.466995280327093865e-02
3.200000000000000178e+00 8.349386786244994418e-02 8.931594593963204654e-02 6.109234419987843306e-02 6.483159716128550354e-02
3.225000000000000089e+00 8.345911708376989313e-02 8.926933312639058482e-02 6.127666227391607295e-02 6.499985534659438735e-02
3.250000000000000000e+00 8.342458569033039950e-02 8.922183696856199331e-02 6.146852474473060712e-02 6.517424262959600756e-02
3.274999999999999911e+00 8.339035533609201467e-02 8.917347802697578318e-02 6.166739440789868743e-02 6.535424054270572158e-02
3.299999999999999822e+00 8.335648472993044400e-02 8.912425655828641602e-02 6.187269614511155952e-02 6.553929656898205280e-02
3.325000000000000178e+00 8.332301186280823002e-02 8.907415507502866592e-02 6.208382061750644665e-02 6.572882782818252612e-02
3.350000000000000089e+00 8.328995042333191268e-02 8.902313492950973683e-02 6.230012452163000841e-02 6.592222096541541787e-02
3.375000000000000444e+00 8.325729077016276458e-02 8.897113772604449411e-02 6.252093386448910606e-02 6.611883558254778859e-02
3.399999999999999911e+00 8.322499698409721591e-02 8.891808241976156824e-02 6.274554382435147681e-02 6.631800352808826793e-02
3.424999999999999822e+00 8.319300506370802539e-02 8.886386393340400813e-02 6.297322044261814689e-02 6.651903088054682278e-02
3.450000000000000622e+00 8.316122381638382799e-02 8.880835428804308151e-02 6.320320325677938889e-02 6.672120039023013427e-02
3.475000000000000533e+00 8.312953362000193025e-02 8.875140149339504070e-02 6.343470715050401887e-02 6.692377295433814266e-02
3.500000000000000000e+00 8.309778666884122533e-02 8.869283015051603047e-02 6.366692485416040881e-02 6.712599047838481436e-02
3.524999999999999911e+00 8.306581107720721613e-02 8.863244565074394898e-02 6.389903235049267105e-02 6.732708066289901094e-02
3.549999999999999822e+00 8.303340482976662162e-02 8.857002812328509944e-02 6.413018726079273979e-02 6.752625479610711856e-02
3.575000000000000622e+00 8.300033640976772764e-02 8.850533335258074785e-02 6.435953104016720050e-02 6.772271056146747514e-02
3.600000000000000089e+00 8.296634817024420294e-02 8.843809619348830253e-02 6.458619407923092692e-02 6.791563641594954015e-02
3.625000000000000000e+00 8.293115289104473209e-02 8.836802714621162791e-02 6.480929507654793753e-02 6.810421077254112665e-02
3.649999999999999911e+00 8.289443650551567289e-02 8.829481515730350227e-02 6.502794533317540759e-02 6.828760627333382849e-02
3.674999999999999822e+00 8.285585946977612470e-02 8.821812896568304030e-02 6.524125178587754370e-02 6.846499239271032489e-02
3.700000000000000622e+00 8.281505784142075000e-02 8.813761819215785998e-02 6.544831935971505421e-02 6.863553752470026581e-02
3.725000000000000089e+00 8.277164182028554085e-02 8.805291178961344167e-02 6.564825235224419631e-02 6.879841012063425687e-02
3.750000000000000000e+00 8.272519652197000972e-02 8.796361880063857663e-02 6.584015649251435953e-02 6.895278049884048799e-02
3.774999999999999911e+00 8.267528292941921098e-02 8.786932891437820858e-02 6.602314081305278581e-02 6.909782243217711672e-02
3.799999999999999822e+00 8.262144400283748247e-02 8.776961871948307792e-02 6.619632419903098697e-02 6.923271943238884507e-02
3.825000000000000178e+00 8.256319977544523958e-02 8.766404667085092584e-02 6.635883287614501025e-02 6.935666201348898718e-02
3.850000000000000089e+00 8.250005137700276714e-02 8.755215662141502264e-02 6.650980457030804260e-02 6.946885145987245769e-02
3.875000000000000000e+00 8.243148250004533883e-02 8.743347915729095254e-02 6.664839103918182572e-02 6.956850209568188337e-02
3.899999999999999911e+00 8.235696314915676164e-02 8.730753509434957538e-02 6.677376157857178862e-02 6.965484454218263954e-02
3.924999999999999822e+00 8.227595042895750888e-02 8.717383589307362013e-02 6.688510455408185063e-02 6.972712684921565651e-02
3.950000000000000178e+00 8.218789145002382279e-02 8.703188670832581741e-02 6.698163041211914470e-02 6.978461766196232541e-02
3.975000000000000089e+00 8.209221996963392276e-02 8.688118250904403039e-02 6.706256946083603843e-02 6.982660361260913107e-02
4.000000000000000000e+00 8.198836256085376140e-02 8.672121350508719961e-02 6.712717727671567436e-02 6.985239410626073453e-02
4.025000000000000355e+00 8.187574036783626386e-02 8.655146676015848528e-02 6.717473639674552410e-02 6.986132292778104991e-02
4.049999999999999822e+00 8.175377252222358615e-02 8.637142948899831363e-02 6.720455918881326762e-02 6.985275115848718630e-02
4.075000000000000178e+00 8.162187548425368921e-02 8.618058798089184291e-02 6.721598742089758549e-02 6.982606646187525246e-02
4.099999999999999645e+00 8.147946624494133150e-02 8.597843053040302164e-02 6.720839476108696198e-02 6.978068558974301339e-02
4.125000000000000000e+00 8.132596298103675347e-02 8.576444742908154173e-02 6.718118696256404621e-02 6.971605411790487983e-02
4.150000000000000355e+00 8.116079117194618942e-02 8.553813621084277452e-02 6.713380673535307430e-02 6.963165046599648078e-02
4.174999999999999822e+00 8.098338461690696155e-02 8.529900339788615282e-02 6.706573419682854142e-02 6.952698751061532623e-02
4.200000000000000178e+00 8.079318496963522334e-02 8.504656409677806284e-02 6.697648571973315035e-02 6.940161187252853747e-02
4.224999999999999645e+00 8.058964106429003516e-02 8.478034035550280345e-02 6.686561303844686110e-02 6.925510223456669834e-02
4.250000000000000000e+00 8.037221447745962477e-02 8.449986507608327202e-02 6.673270712152884476e-02 6.908707167846997454e-02
4.275000000000000355e+00 8.014038505029630333e-02 8.420468736892315620e-02 6.657740176119092412e-02 6.889717139112819244e-02
4.299999999999999822e+00 7.989365346710892990e-02 8.389437690641710077e-02 6.639937500388298774e-02 6.868509436303567306e-02
4.325000000000000178e+00 7.963153801023144240e-02 8.356851962911207576e-02 6.619834560379581068e-02 6.845057109122841543e-02
4.349999999999999645e+00 7.935357860256940510e-02 8.322672131173625143e-02 6.597407533184547479e-02 6.819337174612620511e-02
4.375000000000000000e+00 7.905933709675154464e-02 8.286860696684940353e-02 6.572636831552176873e-02 6.791330470714583567e-02
4.400000000000000355e+00 7.874840334233183803e-02 8.249382693334421368e-02 6.545507503799395665e-02 6.761022099247157580e-02
4.424999999999999822e+00 7.842039095907746282e-02 8.210205501482482904e-02 6.516008728479064094e-02 6.728401228245119159e-02
4.450000000000000178e+00 7.807493985609458009e-02 8.169298685115002068e-02 6.484133940705018306e-02 6.693460775581434874e-02
4.474999999999999645e+00 7.771172275058244039e-02 8.126634819049434466e-02 6.449881312186099558e-02 6.656198096564409916e-02
4.500000000000000000e+00 7.733044135470298897e-02 8.082189147530906281e-02 6.413253231962846856e-02 6.616614566493789207e-02
4.525000000000000355e+00 7.693083073094864055e-02 8.035939895212500239e-02 6.374256557336425988e-02 6.574715719951600146e-02
4.549999999999999822e+00 7.651265848666782832e-02 7.987868402368289433e-02 6.332902469944241830e-02 6.530511343753075959e-02
4.575000000000000178e+00 7.607572469808668303e-02 7.937958821194471271e-02 6.289206308102504583e-02 6.484015037287947647e-02
4.599999999999999645e+00 7.561986744818252615e-02 7.886198776040692637e-02 6.243187941675137909e-02 6.435244699460535012e-02
4.625000000000000000e+00 7.514496031608705606e-02 7.832579246716235566e-02 6.194871403727227055e-02 6.384222358874561132e-02
4.650000000000000355e+00 7.465091128436013301e-02 7.777094498627741548e-02 6.144284648325130244e-02 6.330973981610452106e-02
4.674999999999999822e+00 7.413766351218155359e-02 7.719741875530002073e-02 6.091459582018047408e-02 6.275529190421699766e-02
4.700000000000000178e+00 7.360520084438521016e-02 7.660522438101381726e-02 6.036432370441789652e-02 6.217921696630258205e-02
4.724999999999999645e+00 7.305354623916825163e-02 7.599440635944403055e-02 5.979243128039185562e-02 6.158188813182101373e-02
4.750000000000000000e+00 7.248276616004849238e-02 7.536505643802411669e-02 5.919936245448491341e-02 6.096372783914920379e-02
4.775000000000000355e+00 7.189295379101175165e-02 7.471729102944281442e-02 5.858558844400461874e-02 6.032518603460051976e-02
4.799999999999999822e+00 7.128424398736554757e-02 7.405125928597240670e-02 5.795161899535702932e-02 5.966674393644796903e-02
4.825000000000000178e+00 7.065680947813353374e-02 7.336715200553231564e-02 5.729799838143583707e-02 5.898892390612470171e-02
4.849999999999999645e+00 7.001085913365273639e-02 7.266519012392873289e-02 5.662530274992379903e-02 5.829227639301462482e-02
4.875000000000000000e+00 6.934664485613969975e-02 7.194563608447589187e-02 5.593414515193590592e-02 5.757738970780209437e-02
4.900000000000000355e+00 6.866445073169234747e-02 7.120878638517026682e-02 5.522516472109711277e-02 5.684488280558055995e-02
4.924999999999999822e+00 6.796459610707458743e-02 7.045496881775963061e-02 5.449902954738068683e-02 5.609540178049705894e-02
4.950000000000000178e+00 6.724743602659602471e-02 6.968454467730807178e-02 5.375643515178864240e-02 5.532962056316272081e-02
4.974999999999999645e+00 6.651336023879939052e-02 6.889791023723294827e-02 5.299810311195605333e-02 5.454824194520875580e-02
5.000000000000000000e+00 6.576279286794421697e-02 6.809549361782660237e-02 5.222478017991181998e-02 5.375199379719506482e-02
5.025000000000000355e+00 6.499618983105638625e-02 6.727775439197820895e-02 5.143723472522795936e-02 5.294162749893539105e-02
5.049999999999999822e+00 6.421403922441547285e-02 6.644518214013579727e-02 5.063625723457788885e-02 5.211791654966292653e-02
5.075000000000000178e+00 6.341686046668071342e-02 6.559829841293336739e-02 4.982265785105176314e-02 5.128165729710576493e-02
5.099999999999999645e+00 6.260519821288271225e-02 6.473764974365664449e-02 4.899726108940830743e-02 5.043366232225104939e-02
5.125000000000000000e+00 6.177962774865206758e-02 6.386380996900267726e-02 4.816091005868128327e-02 4.957476137065284366e-02
5.150000000000000355e+00 6.094074939030597049e-02 6.297738112013800960e-02 4.731446069659218934e-02 4.870580247843347282e-02
5.174999999999999822e+00 6.008918794925310197e-02 6.207898543234103422e-02 4.645878092539681981e-02 4.782764326973221874e-02
5.200000000000000178e+00 5.922559426846332742e-02 6.116927133023169344e-02 4.559475137218258617e-02 4.694115583837080857e-02
5.224999999999999645e+00 5.835063784888836619e-02 6.024890876155748060e-02 4.472325834242964898e-02 4.604722299275395420e-02
5.250000000000000000e+00 5.746500927216340038e-02 5.931858480377763532e-02 4.384519595518701629e-02 4.514673293294106660e-02
5.275000000000000355e+00 5.656941783242334931e-02 5.837900592070827815e-02 4.296146342889195502e-02 4.424058103066076664e-02
5.299999999999999822e+00 5.566458791842996551e-02 5.743089523870066604e-02 4.207296123253491393e-02 4.332966743842332769e-02
5.325000000000000178e+00 5.475126031168941337e-02 5.647499008063541076e-02 4.118059256242048022e-02 4.241489409834369589e-02
5.349999999999999645e+00 5.383018807104266584e-02 5.551203967589378452e-02 4.028525875978125614e-02 4.149716205841530448e-02
5.375000000000000000e+00 5.290213515138107031e-02 5.454280473248439981e-02 3.938785792940467656e-02 4.057737102390890360e-02
5.400000000000000355e+00 5.196787655918069793e-02 5.356805659945609865e-02 3.848928514120055627e-02 3.965641849420221271e-02
5.424999999999999822e+00 5.102819600491392826e-02 5.258857369275192484e-02 3.759042968621311570e-02 3.873519573959340739e-02
5.450000000000000178e+00 5.008388435460945504e-02 5.160514225099954028e-02 3.669217333751688404e-02 3.781458824828588805e-02
5.474999999999999645e+00 4.913573468686677909e-02 5.061855259799843271e-02 3.579538594695141213e-02 3.689547247591266205e-02
5.500000000000000000e+00 4.818454229195200805e-02 4.962959590332514936e-02 3.490092598288280223e-02 3.597871285032605559e-02
5.525000000000000355e+00 4.723110568664783127e-02 4.863906393251416632e-02 3.400964048918950905e-02 3.506516087887323607e-02
5.549999999999999822e+00 4.627622182795226163e-02 4.764774913167689474e-02 3.312236013645994404e-02 3.415565478531030347e-02
5.575000000000000178e+00 4.532068320753909751e-02 4.665644016166253100e-02 3.223989753976784500e-02 3.325101602577560517e-02
5.599999999999999645e+00 4.436527907870775611e-02 4.566592090145445842e-02 3.136304813418341886e-02 3.235204799033164491e-02
5.625000000000000000e+00 4.341079046357945032e-02 4.467696752843409308e-02 3.049258528443104382e-02 3.145953329648911584e-02
5.650000000000000355e+00 4.245799321226915307e-02 4.369034827075678196e-02 2.962926296422283695e-02 3.057423308068864601e-02
5.674999999999999822e+00 4.150765409466500300e-02 4.270682479368846651e-02 2.877381201575409872e-02 2.969688823183420229e-02
5.700000000000000178e+00 4.056052758767245831e-02 4.172714611785906247e-02 2.792693771435123332e-02 2.882821433570302225e-02
5.724999999999999645e+00 3.961735702930758996e-02 4.075204885467931942e-02 2.708932051841556748e-02 2.796890134426750774e-02
5.750000000000000000e+00 3.867887027003196615e-02 3.978225553571703571e-02 2.626161260356398713e-02 2.711961250406964494e-02
5.775000000000000355e+00 3.774578068009602771e-02 3.881847265300768235e-02 2.544443857986750795e-02 2.628098253597560552e-02
5.799999999999999822e+00 3.681878287434299513e-02 3.786138934627899383e-02 2.463839177206999034e-02 2.545361642774295052e-02
5.825000000000000178e+00 3.589855444650805888e-02 3.691167644760601219e-02 2.384403634464866625e-02 2.463808899525786814e-02
5.849999999999999645e+00 3.498575404563664809e-02 3.596998599524599272e-02 2.306190524090634061e-02 2.383494420642737893e-02
5.875000000000000000e+00 3.408101786537726108e-02 3.503694776994465548e-02 2.229249777248168418e-02 2.304469267448382500e-02
5.900000000000000355e+00 3.318496253784364303e-02 3.411317072739775830e-02 2.153628194544318641e-02 2.226781277179060159e-02
5.924999999999999822e+00 3.229818093355866365e-02 3.319924220436835938e-02 2.079369145544377948e-02 2.150475039731015656e-02
5.950000000000000178e+00 3.142124040909070881e-02 3.229572297104367495e-02 2.006512488452935269e-02 2.075591534214140180e-02
5.974999999999999645e+00 3.055468528825186839e-02 3.140314961777654346e-02 1.935094759382176288e-02 2.002168324547309863e-02
6.000000000000000000e+00 2.969903281335866535e-02 3.052203459337507127e-02 1.865148906466808712e-02 1.930239623845128941e-02
6.025000000000000355e+00 2.885477175749629267e-02 2.965286003099307580e-02 1.796704270435799111e-02 1.859835857736395065e-02
6.049999999999999822e+00 2.802236801078300879e-02 2.879608328276644230e-02 1.729787018806772103e-02 1.790984102669180081e-02
6.075000000000000178e+00 2.720225726208317513e-02 2.795213534433314481e-02 1.664419625623710097e-02 1.723708042655826278e-02
6.099999999999999645e+00 2.639484648659999946e-02 2.712141614383516489e-02 1.600621093508720547e-02 1.658027665991363905e-02
6.125000000000000000e+00 2.560051560680513469e-02 2.630429923564664083e-02 1.538407119801742454e-02 1.593959664763159451e-02
6.150000000000000355e+00 2.481961282921188450e-02 2.550112770534595716e-02 1.477789834769889857e-02 1.531517233993209652e-02
6.174999999999999822e+00 2.405245920532101192e-02 2.471221479973796653e-02 1.418778190058305085e-02 1.470710139251285749e-02
6.200000000000000178e+00 2.329934685497818750e-02 2.393784662410106817e-02 1.361377911691481930e-02 1.411545005251271800e-02
6.224999999999999645e+00 2.256053785068133297e-02 2.317828024996375358e-02 1.305591515152224394e-02 1.354025284099288212e-02
6.250000000000000000e+00 2.183626454564753516e-02 2.243374148278656083e-02 1.251418408598116774e-02 1.298151145848149175e-02
6.275000000000000355e+00 2.112673126887138972e-02 2.170442820497801503e-02 1.198855094931578456e-02 1.243919802934229275e-02
6.299999999999999822e+00 2.043211324701212084e-02 2.099051069196579064e-02 1.147895189603826034e-02 1.191325643170272619e-02
6.325000000000000178e+00 1.975255662269732523e-02 2.029212903649384864e-02 1.098529521594458942e-02 1.140360121835021397e-02
6.349999999999999645e+00 1.908818023713857934e-02 1.960939591771915236e-02 1.050746334156571135e-02 1.091012039724118324e-02
6.375000000000000000e+00 1.843907557070875378e-02 1.894239714336908714e-02 1.004531388971825062e-02 1.043267684535535700e-02
6.400000000000000355e+00 1.780530731474925035e-02 1.829119158467472361e-02 9.598680955251893271e-03 9.971109174509567089e-03
6.424999999999999822e+00 1.718691407414204425e-02 1.765581216794235089e-02 9.167376541994636321e-03 9.525233349052638493e-03
6.450000000000000178e+00 1.658390897314436507e-02 1.703626627539516630e-02 8.751191869094827533e-03 9.094843874880935083e-03
6.474999999999999645e+00 1.599628064278980216e-02 1.643253682896329837e-02 8.349898945153874999e-03 8.679715418824741555e-03
6.500000000000000000e+00 1.542399410822108650e-02 1.584458301628289059e-02 7.963252193271402879e-03 8.279604237371153419e-03
6.525000000000000355e+00 1.486699163436855722e-02 1.527234131278180224e-02 7.590989774751762988e-03 7.894249749000247993e-03
6.549999999999999822e+00 1.432519369656163125e-02 1.471572637227068318e-02 7.232835072851519914e-03 7.523375961511974755e-03
6.575000000000000178e+00 1.379850007913953000e-02 1.417463199894251555e-02 6.888498244660555547e-03 7.166692914111610739e-03
6.599999999999999645e+00 1.328679079475324036e-02 1.364893233366531837e-02 6.557677650969723042e-03 6.823898281680272973e-03
6.625000000000000000e+00 1.278992718104677261e-02 1.313848271705954883e-02 6.240061353783822422e-03 6.494678741051185082e-03
6.650000000000000355e+00 1.230775309610517357e-02 1.264312086269718007e-02 5.935328523802369666e-03 6.178711430902240030e-03
6.674999999999999822e+00 1.184009593018848193e-02 1.216266802319684870e-02 5.643150731579694816e-03 5.875665372088624203e-03
6.700000000000000178e+00 1.138676791297786074e-02 1.169693008396104940e-02 5.363193456548402856e-03 5.585202804634344445e-03
6.724999999999999645e+00 1.094756708474188892e-02 1.124569875509158837e-02 5.095117261136854897e-03 5.306980560679571551e-03
6.750000000000000888e+00 1.052227822272648779e-02 1.080875251203252015e-02 4.838578881357681778e-03 5.040651222334715034e-03
6.775000000000001243e+00 1.011067412124269822e-02 1.038585765627858711e-02 4.593232565052647078e-03 4.785864293807748880e-03
6.799999999999999822e+00 9.712516784997413458e-03 9.976769590829017570e-03 4.358731253187938734e-03 4.542267474703148324e-03
6.825000000000001066e+00 9.327558456586825322e-03 9.581233863540657147e-03 4.134727554670822661e-03 4.309507718257495762e-03
6.849999999999999645e+00 8.955542657640489304e-03 9.198987260396709886e-03 3.920874715935039959e-03 4.087232256843821923e-03
6.875000000000000000e+00 8.596205269852368741e-03 8.829758815071921466e-03 3.716827621446320423e-03 3.875089553532492809e-03
6.900000000000001243e+00 8.249275532752679135e-03 8.473270862594245792e-03 3.522243628334898857e-03 3.672730228937124818e-03
6.924999999999999822e+00 7.914477000730427494e-03 8.129239977465398462e-03 3.336783358392310470e-03 3.479807865734995970e-03
6.950000000000001066e+00 7.591528563706743775e-03 7.797377976726724974e-03 3.160111472136206603e-03 3.295979805476244393e-03
6.974999999999999645e+00 7.279598567471010258e-03 7.477939557584677502e-03 2.991595294231226294e-03 3.121209845282565520e-03
7.000000000000000000e+00 6.977043426727556549e-03 7.166952686291755935e-03 2.830541553351377526e-03 2.953495055169625370e-03
7.025000000000001243e+00 6.685738822384310921e-03 6.867524037102484998e-03 2.677432726198484148e-03 2.794017031721020543e-03
7.049999999999999822e+00 6.405374298820954229e-03 6.579335373662545741e-03 2.531943209641008153e-03 2.642441508214233865e-03
7.075000000000001066e+00 6.135639831296764955e-03 6.302068908076167292e-03 2.393754998806983409e-03 2.498441772253584547e-03
7.099999999999999645e+00 5.876226524763407226e-03 6.035407976215960077e-03 2.262558051418652339e-03 2.361699014029331172e-03
7.125000000000000000e+00 5.626827247445259639e-03 5.779037667185829910e-03 2.138050546692570834e-03 2.231902623381433297e-03
7.150000000000001243e+00 5.387137240697685049e-03 5.532645488744591770e-03 2.019939109525110878e-03 2.108750463381879256e-03
7.174999999999999822e+00 5.156854603590874976e-03 5.295921863199860857e-03 1.907938964374605645e-03 1.991949045638710496e-03
7.200000000000000178e+00 4.935680830943949514e-03 5.068560642610147118e-03 1.801774065999003265e-03 1.881213677421891437e-03
7.224999999999999645e+00 4.723321301372166749e-03 4.850259611955098568e-03 1.701177205182953208e-03 1.776268582703346846e-03
7.250000000000000000e+00 4.519485623243985235e-03 4.640720870121474960e-03 1.605890032312020255e-03 1.676846950091607016e-03
7.275000000000001243e+00 4.323888058944264957e-03 4.439651226615777546e-03 1.515663086962876129e-03 1.582690973849687401e-03
7.299999999999999822e+00 4.136247867280188652e-03 4.246762579752107712e-03 1.430255777860275392e-03 1.493551857582304078e-03
7.325000000000000178e+00 3.956289548339577723e-03 4.061772173366210228e-03 1.349436303591529602e-03 1.409189759473680921e-03
7.349999999999999645e+00 3.783743158717451944e-03 3.884402885315980155e-03 1.272981593451854567e-03 1.329373724385955746e-03
7.375000000000000000e+00 3.618344489786828617e-03 3.714383464502773839e-03 1.200677199960388779e-03 1.253881602151839551e-03
7.400000000000001243e+00 3.459835241225720035e-03 3.551448697396254479e-03 1.132317151294774974e-03 1.182499918246371134e-03
7.424999999999999822e+00 3.307963230436727128e-03 3.395339571944639041e-03 1.067703831996738790e-03 1.115023731755205184e-03
7.450000000000000178e+00 3.162482509127588926e-03 3.245803459368956298e-03 1.006647819807094876e-03 1.051256500522427520e-03
7.474999999999999645e+00 3.023153418767362145e-03 3.102594172498945001e-03 9.489676911121497100e-04 9.910098969475307322e-04
7.500000000000000000e+00 2.889742722417568740e-03 2.965472051311921538e-03 8.944898461593870720e-04 9.341036189815919320e-04
7.525000000000000355e+00 2.762023609186447116e-03 2.834204038752446454e-03 8.430482944842678048e-04 8.803652020722918742e-04
7.549999999999999822e+00 2.639775723000850616e-03 2.708563668477575580e-03 7.944844492396562494e-04 8.296297974649533610e-04
7.575000000000000178e+00 2.522785212794780539e-03 2.588331106852467985e-03 7.486469282511836560e-04 7.817399683514122304e-04
7.599999999999999645e+00 2.410844680412376709e-03 2.473293149558359293e-03 7.053913171243961699e-04 7.365454737577354239e-04
7.625000000000000000e+00 2.303753156730096747e-03 2.363243166665230776e-03 6.645799509465811312e-04 6.939030338154328218e-04
7.650000000000000355e+00 2.201316059223698465e-03 2.257981072765191492e-03 6.260816884109822022e-04 6.536761081037286130e-04
7.674999999999999822e+00 2.103345119651472712e-03 2.157313261301555592e-03 5.897716776326409737e-04 6.157346632840055706e-04
7.700000000000000178e+00 2.009658317963361907e-03 2.061052514949731577e-03 5.555311326083880877e-04 5.799549350166712230e-04
7.724999999999999645e+00 1.920079801130838201e-03 1.969017950454054859e-03 5.232471067138897997e-04 5.462192088994283776e-04
7.750000000000000000e+00 1.834439774523561164e-03 1.881034896652593932e-03 4.928122639532443771e-04 5.144155824672930937e-04
7.775000000000000355e+00 1.752574409193404003e-03 1.796934798125605784e-03 4.641246603193193007e-04 4.844377408514470812e-04
7.799999999999999822e+00 1.674325718540387725e-03 1.716555109272053029e-03 4.370875211713977707e-04 4.561847367548399652e-04
7.825000000000000178e+00 1.599541435192260814e-03 1.639739151042486328e-03 4.116090237902367169e-04 4.295607617979689454e-04
7.849999999999999645e+00 1.528074892118105876e-03 1.566335990771317282e-03 3.876020885979268669e-04 4.044749316814460127e-04
7.875000000000000000e+00 1.459784892887068313e-03 1.496200317463685595e-03 3.649841731699500600e-04 3.808410774670362934e-04
7.900000000000000355e+00 1.394535574681509543e-03 1.429192301397769075e-03 3.436770689241894043e-04 3.585775371525884740e-04
7.924999999999999822e+00 1.332196270605455696e-03 1.365177452571695151e-03 3.236067057750939037e-04 3.376069533453686920e-04
7.950000000000000178e+00 1.272641368033535858e-03 1.304026477099337914e-03 3.047029609389712555e-04 3.178560769913403735e-04
7.974999999999999645e+00 1.215750167948581725e-03 1.245615132332596100e-03 2.868994746408672645e-04 2.992555767688869980e-04
8.000000000000000000e+00 1.161406742894788248e-03 1.189824082594692070e-03 2.701334718231780587e-04 2.817398552469993944e-04
8.025000000000000355e+00 1.109499792985648185e-03 1.136538751810639439e-03 2.543455890895216886e-04 2.652468701702315667e-04
8.050000000000000711e+00 1.059922502213101652e-03 1.085649176873195506e-03 2.394797082303218435e-04 2.497179622197320012e-04
8.074999999999999289e+00 1.012572396353109182e-03 1.037049862433266252e-03 2.254827961400775768e-04 2.350976893754123075e-04
8.099999999999999645e+00 9.673512007611600582e-04 9.906396348782872847e-04 2.123047503801904305e-04 2.213336668772615187e-04
8.125000000000000000e+00 9.241646997825716213e-04 9.463214978369003608e-04 1.998982510015318449e-04 2.083764133822322521e-04
8.150000000000000355e+00 8.829225988623649315e-04 9.040024913573252658e-04 1.882186188646918935e-04 1.961792039900862362e-04
8.175000000000000711e+00 8.435383867374520806e-04 8.635935508788819635e-04 1.772236788645391618e-04 1.846979286391278318e-04
8.199999999999999289e+00 8.059292017226215047e-04 8.250093687976228947e-04 1.668736298461858671e-04 1.738909563906472098e-04
8.224999999999999645e+00 7.700156998202427501e-04 7.881682600562139830e-04 1.571309201650792047e-04 1.637190062406219742e-04
8.250000000000000000e+00 7.357219248610360075e-04 7.529920288021298060e-04 1.479601281925775245e-04 1.541450230963849752e-04
8.275000000000000355e+00 7.029751822109055409e-04 7.194058382218256097e-04 1.393278488194047544e-04 1.451340593459551486e-04
8.300000000000000711e+00 6.717059149552477224e-04 6.873380833190058945e-04 1.312025851198416252e-04 1.366531619987320636e-04
8.324999999999999289e+00 6.418475839368041527e-04 6.567202673983825846e-04 1.235546450640925039e-04 1.286712651651892463e-04
8.349999999999999645e+00 6.133365499271060473e-04 6.274868814861621824e-04 1.163560430202189742e-04 1.211590875397727633e-04
8.375000000000000000e+00 5.861119593012981740e-04 5.995752865607194672e-04 1.095804062497619303e-04 1.140890347718717137e-04
8.400000000000000355e+00 5.601156332722150759e-04 5.729255991595359580e-04 1.032028859826873268e-04 1.074351066158822101e-04
8.425000000000000711e+00 5.352919607354796917e-04 5.474805809457064000e-04 9.720007308302508269e-05 1.011728088143678162e-04
8.449999999999999289e+00 5.115877935131298579e-04 5.231855317641970335e-04 9.154991754291249867e-05 9.527906945090686532e-05
8.474999999999999645e+00 4.889523449696966517e-04 4.999881848796988281e-04 8.623165232357511559e-05 8.973215919799715223e-05
8.500000000000000000e+00 4.673370927854965319e-04 4.778386062817498083e-04 8.122572131661794906e-05 8.451161591734660244e-05
8.525000000000000355e+00 4.466956845390102657e-04 4.566890979133835416e-04 7.651371077457909029e-05 7.959817319306708514e-05
8.550000000000000711e+00 4.269838460766255095e-04 4.364941034352141686e-04 7.207828455917049447e-05 7.497369255135379116e-05
8.574999999999999289e+00 4.081592935562934838e-04 4.172101172266408820e-04 6.790312260382507230e-05 7.062109919933029609e-05
8.599999999999999645e+00 3.901816490528148816e-04 3.987955973929402029e-04 6.397286289256839638e-05 6.652432128493251202e-05
8.625000000000000000e+00 3.730123585656937779e-04 3.812108814324340306e-04 6.027304649946508950e-05 6.266823239532987174e-05
8.650000000000000355e+00 3.566146130075246220e-04 3.644181050104177127e-04 5.679006552560789909e-05 5.903859716586001437e-05
8.675000000000000711e+00 3.409532724494172612e-04 3.483811235191555536e-04 5.351111393258693976e-05 5.562201978325375398e-05
8.699999999999999289e+00 3.259947936728949526e-04 3.330654373261856377e-04 5.042414114816096626e-05 5.240589541283067744e-05
8.724999999999999645e+00 3.117071596226481502e-04 3.184381195109406296e-04 4.751780816241138092e-05 4.937836428801009727e-05
8.750000000000000000e+00 2.980598122417595151e-04 3.044677461675207803e-04 4.478144611228063805e-05 4.652826829722909129e-05
8.775000000000000355e+00 2.850235880115134209e-04 2.911243300399996427e-04 4.220501716499726097e-05 4.384511006340810588e-05
8.800000000000000711e+00 2.725706559123220970e-04 2.783792565148919410e-04 3.977907762825079859e-05 4.131901428293081744e-05
8.824999999999999289e+00 2.606744580167722597e-04 2.662052224206602757e-04 3.749474313354126591e-05 3.894069128473461120e-05
8.849999999999999645e+00 2.493096523225664276e-04 2.545761772133505038e-04 3.534365578572873644e-05 3.670140264439154912e-05
8.875000000000000000e+00 2.384520580755715869e-04 2.434672663442916248e-04 3.331795316976316314e-05 3.459292869369170852e-05
8.900000000000000355e+00 2.280786034901723255e-04 2.328547774411922106e-04 3.141023918006292080e-05 3.260753796319193227e-05
8.925000000000000711e+00 2.181672755528127588e-04 2.227160885181729078e-04 2.961355651066660953e-05 3.073795835893573531e-05
8.949999999999999289e+00 2.086970721066729658e-04 2.130296185044738431e-04 2.792136071380553440e-05 2.897734999540232682e-05
8.974999999999999645e+00 1.996479558310316278e-04 2.037747799574909447e-04 2.632749580049129344e-05 2.731927962956539366e-05
9.000000000000000000e+00 1.910008102029579270e-04 1.949319334761203976e-04 2.482617119736016436e-05 2.575769652163667345e-05
9.025000000000000355e+00 1.827373975635720787e-04 1.864823444571691083e-04 2.341194010013228244e-05 2.428690973697324095e-05
9.050000000000000711e+00 1.748403188575729675e-04 1.784081416928972328e-04 2.207967907661222994e-05 2.290156679781276875e-05
9.074999999999999289e+00 1.672929751555930040e-04 1.706922776038779935e-04 2.082456882716614822e-05 2.159663352364028723e-05
9.099999999999999645e+00 1.600795308739848917e-04 1.633184903669210027e-04 1.964207612893275370e-05 2.036737509697667250e-05
9.125000000000000000e+00 1.531848787000290011e-04 1.562712676024442273e-04 1.852793681400781813e-05 1.920933821887077568e-05
9.150000000000000355e+00 1.465946061402067114e-04 1.495358120086142761e-04 1.747813974557137800e-05 1.811833435603917139e-05
9.175000000000000711e+00 1.402949633491732827e-04 1.430980082176885513e-04 1.648891173572128213e-05 1.709042392818132039e-05
9.199999999999999289e+00 1.342728325752452691e-04 1.369443911811788210e-04 1.555670340099178168e-05 1.612190145320672500e-05
9.224999999999999645e+00 1.285156989569624837e-04 1.310621161314298169e-04 1.467817579516776747e-05 1.520928158722353583e-05
9.250000000000000000e+00 1.230116226330025750e-04 1.254389298049766522e-04 1.385018785392523511e-05 1.434928596047893518e-05
9.275000000000000355e+00 1.177492121011766154e-04 1.200631430027957001e-04 1.306978461986276404e-05 1.353883082171555286e-05
9.300000000000000711e+00 1.127175988206906775e-04 1.149236043809599353e-04 1.233418612561759117e-05 1.277501541314729944e-05
9.324999999999999289e+00 1.079064129767249403e-04 1.100096754872688858e-04 1.164077694634891364e-05 1.205511102792954526e-05
9.349999999999999645e+00 1.033057603338180292e-04 1.053112069047036788e-04 1.098709639732017313e-05 1.137655072970385298e-05
9.375000000000000000e+00 9.890620017688791490e-05 1.008185155149263023e-04 1.037082929089901370e-05 1.073691968521130317e-05
9.400000000000000355e+00 9.469872426395179799e-05 9.652236280968100204e-05 9.789797253189792074e-06 1.013394606898388161e-05
9.425000000000000711e+00 9.067473674261131459e-05 9.241393419848424726e-05 9.241950569460523696e-06 9.565492516461121032e-06
9.449999999999999289e+00 8.682603500130985942e-05 8.848481928419146196e-05 8.725360515732059609e-06 9.029548095007203365e-06
9.474999999999999645e+00 8.314479141634889363e-05 8.472699304762731204e-05 8.238212130554878492e-06 8.524220747909633377e-06
9.500000000000000000e+00 7.962353593342622515e-05 8.113279791519483570e-05 7.778797434205286663e-06 8.047730187871968290e-06
9.525000000000000355e+00 7.625513946507119964e-05 7.769492665682553752e-05 7.345509061648374033e-06 7.598401227792119235e-06
9.550000000000000711e+00 7.303279805932481644e-05 7.440640607942431036e-05 6.936834252737647500e-06 7.174657502834863938e-06
9.574999999999999289e+00 6.995001780950658836e-05 7.126058148583417978e-05 6.551349226706686273e-06 6.775015570261423886e-06
9.599999999999999645e+00 6.700060047202464463e-05 6.825110186581518853e-05 6.187713885049187556e-06 6.398079370834122589e-06
9.625000000000000000e+00 6.417862974326193979e-05 6.537190577247802578e-05 5.844666823733168592e-06 6.042535013648949228e-06
9.650000000000000355e+00 6.147845818805498482e-05 6.261720785972076889e-05 5.521020660182537440e-06 5.707145879472719818e-06
9.675000000000000711e+00 5.889469478202442285e-05 5.998148605752826528e-05 5.215657627486258342e-06 5.390748017626701804e-06
9.699999999999999289e+00 5.642219302412935725e-05 5.745946934669766943e-05 4.927525434497966837e-06 5.092245816278285366e-06
9.724999999999999645e+00 5.405603961625442857e-05 5.504612609895965798e-05 4.655633382603877018e-06 4.810607934941819671e-06
9.750000000000000000e+00 5.179154367588221331e-05 5.273665297856336897e-05 4.399048709001174963e-06 4.544863483907548458e-06
9.775000000000000355e+00 4.962422644192417614e-05 5.052646435570851108e-05 4.156893149183057786e-06 4.294098429530073446e-06
9.800000000000000711e+00 4.754981147602178285e-05 4.841118221920761954e-05 3.928339705273154227e-06 4.057452216823254189e-06
9.824999999999999289e+00 4.556421531597780857e-05 4.638662656716243825e-05 3.712609608783510509e-06 3.834114592753486470e-06
9.849999999999999645e+00 4.366353856419295597e-05 4.444880624041389348e-05 3.508969466546259359e-06 3.623322623168675714e-06
9.875000000000000000e+00 4.184405740340615347e-05 4.259391019407979143e-05 3.316728575457769156e-06 3.424357886145190024e-06
9.900000000000000355e+00 4.010221550604709976e-05 4.081829917974552012e-05 3.135236400910064877e-06 3.236543836711771567e-06
9.925000000000000711e+00 3.843461632221991531e-05 3.911849781575015711e-05 2.963880200519558442e-06 3.059243325942838098e-06
9.949999999999999289e+00 3.683801572696333311e-05 3.749118702955922273e-05 2.802082797396745987e-06 2.891856271268841992e-06
9.974999999999999645e+00 3.530931501560801041e-05 3.593319685599418909e-05 2.649300479860962328e-06 2.733817465746580895e-06
1.000000000000000000e+01 3.384555422692842155e-05 3.444149957582607854e-05 2.505021030390873516e-06 2.584594517627341094e-06
1.002500000000000036e+01 3.244390577415170139e-05 3.301320317150973754e-05 2.368761871428480458e-06 2.443685914447725457e-06
1.005000000000000071e+01 3.110166838062443265e-05 3.164554509212398462e-05 2.240068321669874012e-06 2.310619201868956741e-06
1.007499999999999929e+01 2.981626129572696198e-05 3.033588631205575749e-05 2.118511956782532537e-06 2.184949272452268630e-06
1.009999999999999964e+01 2.858521878292116705e-05 2.908170567020499403e-05 2.003689067421783253e-06 2.066256755997820862e-06
1.012500000000000000e+01 2.740618486129742408e-05 2.788059446856795611e-05 1.895219208260785442e-06 1.954146506049775881e-06
1.015000000000000036e+01 2.627690829627880720e-05 2.673025132472682091e-05 1.792743834399549024e-06 1.848246175580801854e-06
1.017500000000000071e+01 2.519523782444438797e-05 2.562847726983825001e-05 1.695925019697214369e-06 1.748204879894121693e-06
1.019999999999999929e+01 2.415911759898010792e-05 2.457317107142536664e-05 1.604444249390223361e-06 1.653691937162591381e-06
1.022499999999999964e+01 2.316658284913249139e-05 2.356232477733186508e-05 1.518001287521871422e-06 1.564395685898346756e-06
1.025000000000000000e+01 2.221575573952810686e-05 2.259401946559062231e-05 1.436313106770360603e-06 1.480022371128671887e-06
1.027500000000000036e+01 2.130484142352266565e-05 2.166642119248161742e-05 1.359112885346197700e-06 1.400295096572727426e-06
1.030000000000000071e+01 2.043212427987167577e-05 2.077777713021882014e-05 1.286149063398360708e-06 1.324952840424687332e-06
1.032499999999999929e+01 1.959596432494851157e-05 1.992641188491538410e-05 1.217184454135901468e-06 1.253749529148940949e-06
1.034999999999999964e+01 1.879479379040510087e-05 1.911072398581971859e-05 1.151995407136635421e-06 1.186453165848469759e-06
1.037500000000000000e+01 1.802711385978431454e-05 1.832918253640274803e-05 1.090371021995039872e-06 1.122845009991005652e-06
1.040000000000000036e+01 1.729149155645020461e-05 1.758032402263850800e-05 1.032112408425894673e-06 1.062718806487985884e-06
1.042500000000000071e+01 1.658655677501483594e-05 1.686274926778916580e-05 9.770319895624667460e-07 1.005880059746568865e-06
1.044999999999999929e+01 1.591099945019994056e-05 1.617512052883428878e-05 9.249528469249806063e-07 9.521453511224059320e-07
1.047499999999999964e+01 1.526356685605344938e-05 1.551615872702054614e-05 8.757081028002328896e-07 9.013416960905585235e-07
1.050000000000000000e+01 1.464306103101180279e-05 1.488464080708509386e-05 8.291403406690975178e-07 8.533059397033363438e-07
1.052500000000000036e+01 1.404833632050451343e-05 1.427939721845857675e-05 7.851010588224209580e-07 8.078841880192428451e-07
1.055000000000000071e+01 1.347829703294114298e-05 1.369930951210598844e-05 7.434501550336610726e-07 7.649312722066810316e-07
1.057499999999999929e+01 1.293189520362422715e-05 1.314330804863767222e-05 7.040554433088851814e-07 7.243102443824968819e-07
1.059999999999999964e+01 1.240812846095578282e-05 1.261036981151636173e-05 6.667921986240404956e-07 6.858919038417245163e-07
1.062500000000000000e+01 1.190603799089299123e-05 1.209951632093965246e-05 6.315427271800200131e-07 6.495543503636703070e-07
1.065000000000000036e+01 1.142470659463586092e-05 1.160981164373371708e-05 5.981959627920944032e-07 6.151825638228104652e-07
1.067500000000000071e+01 1.096325683515974442e-05 1.114036049443887418e-05 5.666470866263714670e-07 5.826680085581929546e-07
1.069999999999999929e+01 1.052084926842158664e-05 1.069030642332288733e-05 5.367971688308821330e-07 5.519082607825705219e-07
1.072499999999999964e+01 1.009668075535938930e-05 1.025883008737504958e-05 5.085528314224547014e-07 5.228066576797589790e-07
1.075000000000000000e+01 9.689982851003840577e-06 9.845147600418413801e-06 4.818259311467084661e-07 4.952719673824551773e-07
1.077500000000000036e+01 9.300020266846908788e-06 9.448508958473648045e-06 4.565332602817618498e-07 4.692180780626745403e-07
1.080000000000000071e+01 8.926089403144772929e-06 9.068196536922905909e-06 4.325962648076437937e-07 4.445637050227026518e-07
1.082499999999999929e+01 8.567516948093245401e-06 8.703523656215247191e-06 4.099407789397812484e-07 4.212321147162988244e-07
1.084999999999999964e+01 8.223658540394127486e-06 8.353833212779590648e-06 3.884967755734146426e-07 3.991508650353898689e-07
1.087500000000000000e+01 7.893897492529934026e-06 8.018496372028292109e-06 3.681981311080257891e-07 3.782515608806681854e-07
1.090000000000000036e+01 7.577643571903799256e-06 7.696911320861105906e-06 3.489824031765646801e-07 3.584696236587862427e-07
1.092500000000000071e+01 7.274331836980623423e-06 7.388502076606537403e-06 3.307906217699626259e-07 3.397440739479378662e-07
1.094999999999999929e+01 6.983421526065140510e-06 7.092717349826639801e-06 3.135670929416499760e-07 3.220173272768598252e-07
1.097499999999999964e+01 6.704394996216331984e-06 6.809029458632174012e-06 2.972592127402434304e-07 3.052350014463203709e-07
1.100000000000000000e+01 6.436756710007694260e-06 6.536933292061171133e-06 2.818172925258594300e-07 2.893457347782020080e-07
1.102500000000000036e+01 6.180032267736794537e-06 6.275945320046414431e-06 2.671943945282540068e-07 2.743010152645742785e-07
1.105000000000000071e+01 5.933767483223018418e-06 6.025602648048326440e-06 2.533461763089114608e-07 2.600550193223508796e-07
1.107499999999999929e+01 5.697527501089465102e-06 5.785462114225746481e-06 2.402307445655583138e-07 2.465644598684084400e-07
1.109999999999999964e+01 5.470895953650155846e-06 5.555099427171057575e-06 2.278085172156620464e-07 2.337884431876036309e-07
1.112500000000000000e+01 5.253474155470537948e-06 5.334108342333358576e-06 2.160420933983149304e-07 2.216883340161188916e-07
1.115000000000000036e+01 5.044880333948137650e-06 5.122099875294901426e-06 2.048961309558696985e-07 2.102276283815566803e-07
1.117500000000000071e+01 4.844748894301505698e-06 4.918701550287569303e-06 1.943372307726095246e-07 1.993718337019823103e-07
1.119999999999999929e+01 4.652729717318823684e-06 4.723556682330142275e-06 1.843338279882873603e-07 1.890883557496491155e-07
1.122499999999999964e+01 4.468487488359716264e-06 4.536323691312249961e-06 1.748560893145843501e-07 1.793463922303597579e-07
1.125000000000000000e+01 4.291701056293313476e-06 4.356675446778075376e-06 1.658758160296182177e-07 1.701168322370567154e-07
1.127500000000000036e+01 4.122062820859725007e-06 4.184298641831746068e-06 1.573663527595520602e-07 1.613721615697865689e-07
1.130000000000000071e+01 3.959278147235184596e-06 4.018893194879583844e-06 1.493025012938447424e-07 1.530863734060694758e-07
1.132499999999999929e+01 3.803064806516026956e-06 3.860171677935408524e-06 1.416604394916901754e-07 1.452348841478612668e-07
1.134999999999999964e+01 3.653152441011071759e-06 3.707858770283905799e-06 1.344176445372319557e-07 1.377944540025039902e-07
1.137500000000000000e+01 3.509282053180066100e-06 3.561690736376199508e-06 1.275528206979107980e-07 1.307431120323165345e-07
1.140000000000000036e+01 3.371205517101679543e-06 3.421414926809152481e-06 1.210458311903873373e-07 1.240600855484676285e-07
1.142500000000000071e+01 3.238685111489492609e-06 3.286789301319968884e-06 1.148776337683460847e-07 1.177257334286689907e-07
1.144999999999999929e+01 3.111493073333484019e-06 3.157581972891103531e-06 1.090302201586714344e-07 1.117214832642320636e-07
1.147499999999999964e+01 2.989411171134162917e-06 3.033570771935552142e-06 1.034865587954483267e-07 1.060297721022319507e-07
1.150000000000000000e+01 2.872230296881580456e-06 2.914542829639982139e-06 9.823054078109509860e-08 1.006339904683350943e-07
1.152500000000000036e+01 2.759750075965131873e-06 2.800294179655625798e-06 9.324692895554777213e-08 9.551842960703168375e-08
1.155000000000000071e+01 2.651778494171732418e-06 2.690629377261627582e-06 8.852130967099271167e-08 9.066823162771124141e-08
1.157499999999999929e+01 2.548131541018623044e-06 2.585361135261667111e-06 8.404004747140276849e-08 8.606934247539244843e-08
1.159999999999999964e+01 2.448632868661577999e-06 2.484309975787562292e-06 7.979024235069098247e-08 8.170846765609617604e-08
1.162500000000000000e+01 2.353113465733631754e-06 2.387303897359947125e-06 7.575968918191617575e-08 7.757303037080262769e-08
1.165000000000000036e+01 2.261411345392893725e-06 2.294178056531623721e-06 7.193683952503006613e-08 7.365113194190223971e-08
1.167500000000000071e+01 2.173371246944986278e-06 2.204774463351568495e-06 6.831076565495799911e-08 6.993151454390018858e-08
1.169999999999999929e+01 2.088844350485297746e-06 2.118941690169623413e-06 6.487112655818057024e-08 6.640352602420442110e-08
1.172499999999999964e+01 2.007688003913940142e-06 2.036534593090673524e-06 6.160813577701018093e-08 6.305708668420589903e-08
1.175000000000000000e+01 1.929765461821154503e-06 1.957414045550920934e-06 5.851253104699106714e-08 5.988265786391682269e-08
1.177500000000000036e+01 1.854945635682296545e-06 1.881446683456824073e-06 5.557554568844041887e-08 5.687121233239482141e-08
1.180000000000000071e+01 1.783102854889477453e-06 1.808504661405513418e-06 5.278888157297785472e-08 5.401420631893367557e-08
1.182499999999999929e+01 1.714116638094394867e-06 1.738465419444045781e-06 5.014468362820099757e-08 5.130355314412120060e-08
1.184999999999999964e+01 1.647871474454161277e-06 1.671211459925822198e-06 4.763551563725208713e-08 4.873159826112571261e-08
1.187500000000000000e+01 1.584256614312301232e-06 1.606630134033699249e-06 4.525433748283112804e-08 4.629109568330476203e-08
1.190000000000000036e+01 1.523165868900812915e-06 1.544613437504349396e-06 4.299448363691629950e-08 4.397518575762240369e-08
1.192500000000000071e+01 1.464497418670818617e-06 1.485057815170754378e-06 4.084964282207750726e-08 4.177737414728999431e-08
1.194999999999999929e+01 1.408153629863403714e-06 1.427863973922016951e-06 3.881383884431278100e-08 3.969151200508200473e-08
1.197499999999999964e+01 1.354040878965651576e-06 1.372936703713942752e-06 3.688141241789350842e-08 3.771177722841040711e-08
1.200000000000000000e+01 1.302069384702410649e-06 1.320184706276936236e-06 3.504700403228019803e-08 3.583265673843001922e-08
1.202500000000000036e+01 1.252153047225936603e-06 1.269520431176415129e-06 3.330553776315712620e-08 3.404892976054456026e-08
1.205000000000000071e+01 1.204209294191302061e-06 1.220859918902261516e-06 3.165220596298324138e-08 3.235565201131976511e-08
1.207499999999999929e+01 1.158158933416583069e-06 1.174122650681010584e-06 3.008245480717729764e-08 3.074814077123934402e-08
1.209999999999999964e+01 1.113926011841850011e-06 1.129231404718300792e-06 2.859197062048296008e-08 2.922196076600759436e-08
1.212500000000000000e+01 1.071437680504753834e-06 1.086112118584104798e-06 2.717666696961919018e-08 2.777291083758078521e-08
1.215000000000000036e+01 1.030624065273760283e-06 1.044693757474419173e-06 2.583267243595528657e-08 2.639701133194215510e-08
1.217500000000000071e+01 9.914181430880107532e-07 1.004908188093797843e-06 2.455631908339645931e-08 2.509049218494846250e-08
1.219999999999999929e+01 9.537556234614308757e-07 9.666900579101314268e-07 2.334413156201089265e-08 2.384978166874196305e-08
1.222499999999999964e+01 9.175748350238889690e-07 9.299766795498220995e-07 2.219281679581474414e-08 2.267149575824846311e-08
1.225000000000000000e+01 8.828166168780986945e-07 8.947079201073887640e-07 2.109925421896194839e-08 2.155242806308322953e-08
1.227500000000000036e+01 8.494242145650319939e-07 8.608260951566971601e-07 2.006048656302441970e-08 2.048954031494236020e-08
1.230000000000000071e+01 8.173431804376032998e-07 8.282758672598055376e-07 1.907371115324627594e-08 1.947995338088111123e-08
1.232499999999999929e+01 7.865212782503387959e-07 7.970041487772682054e-07 1.813627165653843176e-08 1.852093876666341154e-08
1.234999999999999964e+01 7.569083917837877030e-07 7.669600087936230823e-07 1.724565028456438335e-08 1.760991056790621427e-08
1.237500000000000000e+01 7.284564373291745183e-07 7.380945839811685708e-07 1.639946044315367307e-08 1.674441788141174960e-08
1.240000000000000036e+01 7.011192798645454586e-07 7.103609932287379305e-07 1.559543973483778805e-08 1.592213761138199804e-08
1.242500000000000071e+01 6.748526527665611871e-07 6.837142558753098210e-07 1.483144338223190202e-08 1.514086766723426312e-08
1.244999999999999929e+01 6.496140809025992964e-07 6.581112133925649511e-07 1.410543799276237998e-08 1.439852054490291203e-08
1.247499999999999964e+01 6.253628069587659605e-07 6.335104543661416038e-07 1.341549565435537528e-08 1.369311723969485232e-08
1.250000000000000000e+01 6.020597208656850587e-07 6.098722426350737264e-07 1.275978836315882158e-08 1.302278150168872401e-08
1.252500000000000036e+01 5.796672921876704981e-07 5.871584484537007108e-07 1.213658272938295991e-08 1.238573438744972018e-08
1.255000000000000071e+01 5.581495053491898713e-07 5.653324825454128768e-07 1.154423500407622808e-08 1.178028911861173892e-08
1.257499999999999929e+01 5.374717975760760161e-07 5.443592329244288412e-07 1.098118633636020351e-08 1.120484621550818795e-08
1.259999999999999964e+01 5.176009994360850133e-07 5.242050043669462558e-07 1.044595830159323884e-08 1.065788887972065932e-08
1.262500000000000000e+01 4.985052778674731774e-07 5.048374604184035285e-07 9.937148682488526210e-09 1.013797864514007915e-08
1.265000000000000036e+01 4.801540815892558889e-07 4.862255678280752845e-07 9.453427451216665336e-09 9.643751248739228994e-09
1.267500000000000071e+01 4.625180887925385410e-07 4.683395433083568455e-07 8.993532991241359400e-09 9.173912730057606281e-09
1.269999999999999929e+01 4.455691570140190816e-07 4.511508025184499253e-07 8.556268501503586261e-09 8.727235737755324011e-09
1.272499999999999964e+01 4.292802751001229289e-07 4.346319111779262241e-07 8.140498607674782450e-09 8.302556032131983805e-09
1.275000000000000000e+01 4.136255171730877639e-07 4.187565382196224221e-07 7.745146146136644978e-09 7.898769180860580179e-09
1.277500000000000036e+01 3.985799985133531113e-07 4.034994108963851206e-07 7.369189114349527658e-09 7.514827419953212055e-09
1.280000000000000071e+01 3.841198332766289475e-07 3.888362717561782401e-07 7.011657804535219005e-09 7.149736694677103456e-09
1.282499999999999929e+01 3.702220939697766616e-07 3.747438374085528175e-07 6.671632069021773690e-09 6.802553854558558269e-09
1.284999999999999964e+01 3.568647726088672735e-07 3.611997590060362787e-07 6.348238740193653902e-09 6.472383994318618293e-09
1.287500000000000000e+01 3.440267434897627433e-07 3.481825843668895565e-07 6.040649187291656127e-09 6.158377940747477119e-09
1.290000000000000036e+01 3.316877275029422114e-07 3.356717216711891557e-07 5.748077000851773666e-09 5.859729870288904026e-09
1.292500000000000071e+01 3.198282579271919659e-07 3.236474046633453519e-07 5.469775802383120591e-09 5.575675055826770660e-09
1.294999999999999929e+01 3.084296476401476443e-07 3.120906592970668349e-07 5.205037167561153147e-09 5.305487730638348170e-09
1.297499999999999964e+01 2.974739576862954061e-07 3.009832717632235300e-07 4.953188662226193004e-09 5.048479068064250249e-09
1.300000000000000000e+01 2.869439671447161526e-07 2.903077578412000930e-07 4.713591977286956970e-09 4.803995265378311318e-09
1.302500000000000036e+01 2.768231442426756636e-07 2.800473335184913497e-07 4.485641166653337951e-09 4.571415730141914127e-09
1.305000000000000071e+01 2.670956186628869677e-07 2.701858868258380834e-07 4.268760979044533883e-09 4.350151363812064516e-09
1.307499999999999929e+01 2.577461549942943501e-07 2.607079508368082917e-07 4.062405275980689596e-09 4.139642936764916325e-09
1.309999999999999964e+01 2.487601272782784303e-07 2.515986777825541207e-07 3.866055529804536733e-09 3.939359545941568391e-09
1.312500000000000000e+01 2.401234946050968630e-07 2.428438142353906025e-07 3.679219406773266551e-09 3.748797155463920072e-09
1.315000000000000036e+01 2.318227777166273636e-07 2.344296773171159883e-07 3.501429421565402372e-09 3.567477215473991728e-09
1.317500000000000071e+01 2.238450365733054113e-07 2.263431318885629488e-07 3.332241660279304580e-09 3.394945350901792214e-09
1.319999999999999929e+01 2.161778488454358101e-07 2.185715686801833133e-07 3.171234573695350294e-09 3.230770120179756809e-09
1.322499999999999964e+01 2.088092892901328356e-07 2.111028833238799684e-07 3.018007832879271839e-09 3.074541839670684034e-09
1.325000000000000000e+01 2.017279099776663180e-07 2.039254562492369378e-07 2.872181244473314216e-09 2.925871469561867330e-09
1.327500000000000036e+01 1.949227213316070179e-07 1.970281334081769603e-07 2.733393724579698939e-09 2.784389558660258412e-09
1.330000000000000071e+01 1.883831739492047272e-07 1.904002077933818216e-07 2.601302323518158065e-09 2.649745244671412934e-09
1.332499999999999929e+01 1.820991411698841343e-07 1.840314017180146232e-07 2.475581300671193629e-09 2.521605304212315208e-09
1.334999999999999964e+01 1.760609023609632684e-07 1.779118498252311067e-07 2.355921253537181312e-09 2.399653255518911703e-09
1.337500000000000000e+01 1.702591268909760073e-07 1.720320827973136431e-07 2.242028286224507382e-09 2.283588507790756250e-09
1.340000000000000036e+01 1.646848587624692638e-07 1.663830117356783980e-07 2.133623223232002889e-09 2.173125552734323424e-09
1.342500000000000071e+01 1.593295018771044179e-07 1.609559131842068003e-07 2.030440865430077564e-09 2.067993200780914123e-09
1.344999999999999929e+01 1.541848059071326691e-07 1.557424147694297065e-07 1.932229281428163883e-09 1.967933854799953974e-09
1.347499999999999964e+01 1.492428527484828352e-07 1.507344814323137871e-07 1.838749141117946157e-09 1.872702823618809823e-09
1.350000000000000178e+01 1.444960435317014236e-07 1.459244022274904504e-07 1.749773079206961388e-09 1.782067671220734734e-09
1.352500000000000213e+01 1.399370861679698481e-07 1.413047776667330828e-07 1.665085092492537273e-09 1.695807597841787988e-09
1.355000000000000249e+01 1.355589834084258878e-07 1.368685075844984382e-07 1.584479969937695684e-09 1.613712854777190841e-09
1.357499999999999929e+01 1.313550213959487779e-07 1.326087795042946827e-07 1.507762752092604016e-09 1.535584189295371817e-09
1.359999999999999964e+01 1.273187586894456164e-07 1.285190574855704871e-07 1.434748218532707495e-09 1.461232319328874790e-09
1.362500000000000000e+01 1.234440157415058554e-07 1.245930714316466686e-07 1.365260400073089081e-09 1.390477433711755520e-09
1.365000000000000213e+01 1.197248648111172727e-07 1.208248068400328115e-07 1.299132119026373857e-09 1.323148719538262831e-09
1.367500000000000249e+01 1.161556202939229698e-07 1.172084949773037079e-07 1.236204551572912404e-09 1.259083913957966385e-09
1.369999999999999929e+01 1.127308294532920844e-07 1.137386034614788883e-07 1.176326812622963322e-09 1.198128878805925549e-09
1.372499999999999964e+01 1.094452635360626937e-07 1.104098272355253478e-07 1.119355562662004751e-09 1.140137197101935802e-09
1.375000000000000000e+01 1.062939092575639782e-07 1.072170799162903002e-07 1.065154635870172556e-09 1.084969791335369282e-09
1.377500000000000213e+01 1.032719606412734379e-07 1.041554855039159222e-07 1.013594685801122041e-09 1.032494561096228618e-09
1.380000000000000249e+01 1.003748111989713346e-07 1.012203704373946134e-07 9.645528502802502621e-10 9.825860391305396578e-10
1.382499999999999929e+01 9.759804643788435564e-08 9.840725598250850946e-08 9.179124343380457970e-10 9.351250660209459075e-10
1.384999999999999964e+01 9.493743668188793116e-08 9.571185093898733587e-08 8.735626082626196976e-10 8.899984813906385499e-10
1.387500000000000000e+01 9.238893019442657141e-08 9.313004465431087754e-08 8.313981214602491741e-10 8.470988306833920757e-10
1.390000000000000213e+01 8.994864659129965160e-08 9.065790033211575369e-08 7.913190326790254539e-10 8.063240877975512626e-10
1.392500000000000249e+01 8.761287053196539406e-08 8.829164862364707993e-08 7.532304531993093392e-10 7.675773925860145482e-10
1.394999999999999929e+01 8.537804567855043407e-08 8.602768149124017437e-08 7.170423022964587759e-10 7.307668008656268961e-10
1.397499999999999964e+01 8.324076891216953230e-08 8.386254633328314775e-08 6.826690773654482752e-10 6.958050480026691924e-10
1.400000000000000000e+01 8.119778479660262475e-08 8.179294036051193028e-08 6.500296351023948326e-10 6.626093251873819913e-10
1.402500000000000213e+01 7.924598027985653646e-08 7.981570521399528400e-08 6.190469841594249118e-10 6.311010669833993115e-10
1.405000000000000249e+01 7.738237962450301500e-08 7.792782181556034679e-08 5.896480888787444755e-10 6.012057503273367974e-10
1.407499999999999929e+01 7.560413955810112291e-08 7.612640544179965624e-08 5.617636830661344541e-10 5.728527038296204926e-10
1.409999999999999964e+01 7.390854463538046101e-08 7.440870101319378431e-08 5.353280939040467382e-10 5.459749274000307838e-10
1.412500000000000000e+01 7.229300280423968292e-08 7.277207859026870316e-08 5.102790745429528655e-10 5.205089210916562503e-10
1.415000000000000213e+01 7.075504116794507756e-08 7.121402906904352589e-08 4.865576464307487425e-10 4.963945232309336127e-10
1.417500000000000249e+01 6.929230193625648891e-08 6.973216006835982383e-08 4.641079496017331432e-10 4.735747573634541903e-10
1.419999999999999929e+01 6.790253855853938939e-08 6.832419200203865466e-08 4.428771006377949031e-10 4.519956870202181437e-10
1.422499999999999964e+01 6.658361203221743210e-08 6.698795432909766725e-08 4.228150589729902437e-10 4.316062784936593796e-10
1.425000000000000000e+01 6.533348738023003260e-08 6.572138197559122959e-08 4.038745000619009336e-10 4.123582711992487862e-10
1.427500000000000036e+01 6.415023029141161630e-08 6.452251192188313231e-08 3.860106951563577513e-10 3.942060547746239200e-10
1.430000000000000249e+01 6.303200391803976142e-08 6.338947994948846754e-08 3.691813982877520993e-10 3.771065530895433072e-10
1.432499999999999929e+01 6.197706582500917468e-08 6.232051754186428848e-08 3.533467391644702708e-10 3.610191148038020618e-10
1.434999999999999964e+01 6.098376508536929411e-08 6.131394893377694183e-08 3.384691218399641963e-10 3.459054097624668387e-10
1.437500000000000000e+01 6.005053951721220908e-08 6.036818830416056673e-08 3.245131293719771656e-10 3.317293313139632866e-10
1.440000000000000036e+01 5.917591305710020690e-08 5.948173710756622447e-08 3.114454340258440517e-10 3.184569042966726962e-10
1.442500000000000249e+01 5.835849326549269062e-08 5.865318153958029367e-08 2.992347123060049628e-10 3.060561983334427767e-10
1.444999999999999929e+01 5.759696895980940788e-08 5.788119013178163240e-08 2.878515650549558493e-10 2.944972459507622719e-10
1.447499999999999964e+01 5.689010797100172437e-08 5.716451147202790570e-08 2.772684426295631138e-10 2.837519659051125997e-10
1.450000000000000000e+01 5.623675501969771205e-08 5.650197204607592184e-08 2.674595740133446974e-10 2.737940908840593749e-10
1.452500000000000036e+01 5.563582970817653114e-08 5.589247419672166230e-08 2.584009007924738558e-10 2.645990997106495012e-10
1.455000000000000249e+01 5.508632462462817312e-08 5.533499419685546991e-08 2.500700149367830944e-10 2.561441538658369018e-10
1.457499999999999929e+01 5.458730355632188766e-08 5.482858043299768988e-08 2.424461004894101185e-10 2.484080378185230778e-10
1.459999999999999964e+01 5.413789980849032998e-08 5.437235169606442027e-08 2.355098795973763813e-10 2.413711035522994859e-10
1.462500000000000000e+01 5.373731462589976388e-08 5.396549557627968899e-08 2.292435616929990010e-10 2.350152188145335367e-10
1.465000000000000036e+01 5.338481571425205766e-08 5.360726695932892616e-08 2.236307963438944217e-10 2.293237187473723177e-10
1.467500000000000249e+01 5.307973585870680272e-08 5.329698662099666605e-08 2.186566296052267899e-10 2.242813612269860410e-10
1.469999999999999929e+01 5.282147163697186161e-08 5.303403991768677067e-08 2.143074634633120782e-10 2.198742853431901252e-10
1.472499999999999964e+01 5.260948222456469296e-08 5.281787557038642148e-08 2.105710186110477883e-10 2.160899732812271694e-10
1.475000000000000000e+01 5.244328828998143268e-08 5.264800453976938052e-08 2.074363000861414190e-10 2.129172151350245443e-10
1.477500000000000036e+01 5.232247097765528891e-08 5.252399899028057225e-08 2.048935660317027631e-10 2.103460769001303033e-10
1.480000000000000249e+01 5.224667097671937449e-08 5.244549134118046902e-08 2.029342991274518571e-10 2.083678712055908999e-10
1.482499999999999929e+01 5.221558767372084097e-08 5.241217340266102557e-08 2.015511809817423351e-10 2.069751310472160439e-10
1.484999999999999964e+01 5.222897838756188738e-08 5.242379559527589987e-08 2.007380689501986216e-10 2.061615860553330192e-10
1.487500000000000000e+01 5.228665768506745966e-08 5.248016625105329042e-08 2.004899758844952486e-10 2.059221416195375086e-10
1.490000000000000036e+01 5.238849677570001296e-08 5.258115099478313529e-08 2.008030522663355860e-10 2.062528606200619107e-10
1.492500000000000071e+01 5.253442298406068450e-08 5.272667220408984331e-08 2.016745707286331075e-10 2.071509474875821943e-10
1.494999999999999929e+01 5.272441929893108990e-08 5.291670854701928663e-08 2.031029131657849826e-10 2.086147349083745385e-10
1.497499999999999964e+01 5.295852399772478852e-08 5.315129459598474145e-08 2.050875601864669567e-10 2.106436729336318903e-10
