# raxis[fm], SN, VN, SP, VP
2.101448349307773875e-07 8.344351556754420196e-02 9.142076739213877978e-02 6.986002277360184309e-02 7.241645777148521257e-02
2.500000000000000139e-02 8.346007190832480105e-02 9.143748114646071956e-02 6.986190593830053641e-02 7.241917262703316538e-02
5.000000000000000278e-02 8.347810849770152808e-02 9.145249488844615915e-02 6.984382461167168432e-02 7.240272316960599808e-02
7.499999999999999722e-02 8.350747646717819606e-02 9.147674777138287139e-02 6.981311641327560269e-02 7.237472820648377381e-02
1.000000000000000056e-01 8.354828181613001281e-02 9.151039725517569334e-02 6.977003946427796921e-02 7.233544043092515752e-02
1.250000000000000000e-01 8.360041884795252343e-02 9.155336527169798122e-02 6.971471886322740119e-02 7.228497836760397477e-02
1.499999999999999944e-01 8.366370049325487501e-02 9.160549526039178658e-02 6.964726973305340740e-02 7.222344627063896627e-02
1.749999999999999889e-01 8.373790062455828409e-02 9.166659653188244383e-02 6.956782610460716942e-02 7.215096578238235081e-02
2.000000000000000111e-01 8.382274988066676369e-02 9.173644081005859208e-02 6.947654152598022048e-02 7.206767574416948763e-02
2.250000000000000056e-01 8.391794030456670161e-02 9.181476712642343274e-02 6.937359140840990146e-02 7.197373439901454117e-02
2.500000000000000000e-01 8.402313048805212792e-02 9.190128655064508378e-02 6.925917622187570399e-02 7.186932320511361938e-02
2.750000000000000222e-01 8.413793646368664114e-02 9.199567244947015610e-02 6.913351236907849806e-02 7.175463788021207989e-02
2.999999999999999889e-01 8.426193738853267334e-02 9.209756668289402481e-02 6.899683526080814533e-02 7.162989060730041990e-02
3.250000000000000111e-01 8.439468012647408091e-02 9.220658378747276229e-02 6.884940182606787140e-02 7.149531291903650498e-02
3.499999999999999778e-01 8.453568108090188382e-02 9.232231223655158747e-02 6.869148925073330358e-02 7.135115501551825279e-02
3.750000000000000000e-01 8.468442452913012286e-02 9.244431271616775081e-02 6.852339163929466181e-02 7.119768191962702608e-02
4.000000000000000222e-01 8.484037115457362943e-02 9.257212682517222679e-02 6.834542565304635442e-02 7.103517876236051243e-02
4.249999999999999889e-01 8.500295998881927939e-02 9.270527804200663635e-02 6.815792810623778897e-02 7.086394942443975664e-02
4.500000000000000111e-01 8.517160652188260350e-02 9.284326934376567475e-02 6.796125238158187698e-02 7.068431300410570051e-02
4.749999999999999778e-01 8.534570416012221550e-02 9.298558490031884338e-02 6.775576777056613320e-02 7.049660238016142166e-02
5.000000000000000000e-01 8.552463190219103395e-02 9.313169726305657592e-02 6.754186216872125337e-02 7.030116740561599686e-02
5.250000000000000222e-01 8.570775140521810775e-02 9.328106333338427592e-02 6.731993667827841643e-02 7.009837040981081735e-02
5.500000000000000444e-01 8.589440910561979559e-02 9.343312716404274243e-02 6.709040557714368580e-02 6.988858466124381330e-02
5.749999999999999556e-01 8.608394512951485222e-02 9.358732831520012729e-02 6.685370039997773350e-02 6.967219907361793529e-02
5.999999999999999778e-01 8.627569221019579238e-02 9.374309960967089350e-02 6.661026514836070056e-02 6.944961469512148100e-02
6.250000000000000000e-01 8.646897591793853421e-02 9.389986774983744011e-02 6.636055401062512793e-02 6.922124120846129269e-02
6.500000000000000222e-01 8.666312050561313096e-02 9.405705848733375563e-02 6.610503282457648455e-02 6.898749897352293714e-02
6.750000000000000444e-01 8.685744955045249238e-02 9.421409713268508179e-02 6.584417718615483139e-02 6.874881679425946801e-02
6.999999999999999556e-01 8.705129186111551509e-02 9.437041384292856050e-02 6.557847359516107144e-02 6.850563394048118926e-02
7.249999999999999778e-01 8.724397866465119500e-02 9.452544034292328923e-02 6.530841390710746819e-02 6.825839456090945778e-02
7.500000000000000000e-01 8.743484955142839798e-02 9.467861591467788274e-02 6.503449706125069563e-02 6.800754896802106708e-02
7.750000000000000222e-01 8.762325368574662432e-02 9.482938809821753190e-02 6.475722782912712860e-02 6.775355257053415625e-02
8.000000000000000444e-01 8.780855625559966238e-02 9.497721901945407885e-02 6.447711873181447007e-02 6.749686797849929754e-02
8.249999999999999556e-01 8.799013495569710241e-02 9.512158044134971790e-02 6.419468247263028504e-02 6.723795953614561394e-02
8.499999999999999778e-01 8.816737828391676968e-02 9.526195314574435746e-02 6.391043086342756974e-02 6.697728914854683691e-02
8.750000000000000000e-01 8.833970048788142293e-02 9.539784163111249271e-02 6.362488199711173464e-02 6.671532407332610159e-02
9.000000000000000222e-01 8.850653862348274725e-02 9.552876967517832940e-02 6.333855399603016689e-02 6.645253330734710029e-02
9.250000000000001554e-01 8.866735161029132284e-02 9.565428015828049413e-02 6.305196378867974905e-02 6.618938401277683903e-02
9.499999999999999556e-01 8.882162737211730941e-02 9.577394151922587195e-02 6.276562844715610767e-02 6.592634433925174953e-02
9.749999999999999778e-01 8.896887833094867248e-02 9.588734286503540483e-02 6.248005899734526691e-02 6.566387735083854815e-02
1.000000000000000000e+00 8.910864744310303953e-02 9.599410036191163842e-02 6.219576408204546825e-02 6.540244345446373508e-02
1.024999999999999911e+00 8.924050316889366175e-02 9.609385066189385372e-02 6.191324039879445018e-02 6.514249491336358833e-02
1.050000000000000044e+00 8.936403754144964240e-02 9.618625088759591435e-02 6.163297721853810973e-02 6.488447272916521291e-02
1.074999999999999956e+00 8.947889860026103648e-02 9.627101019569794804e-02 6.135547104762489878e-02 6.462882706880568318e-02
1.100000000000000089e+00 8.958476012711032166e-02 9.634785781220428502e-02 6.108119869635782878e-02 6.437599345890954172e-02
1.125000000000000000e+00 8.968132650032453745e-02 9.641654948280102555e-02 6.081062683585396894e-02 6.412639558619893931e-02
1.149999999999999911e+00 8.976834054290058762e-02 9.647687462724552354e-02 6.054421213682931874e-02 6.388044906419869384e-02
1.175000000000000044e+00 8.984558186397600954e-02 9.652865458364488782e-02 6.028239864573135820e-02 6.363855889409819611e-02
1.199999999999999956e+00 8.991286419044838829e-02 9.657173987701823947e-02 6.002561444619833320e-02 6.340111569977656403e-02
1.225000000000000089e+00 8.997003985783877389e-02 9.660601478467106817e-02 5.977427403051275429e-02 6.316849762298136495e-02
1.250000000000000000e+00 9.001700067741191802e-02 9.663139809949951309e-02 5.952877733604762522e-02 6.294107051081239412e-02
1.274999999999999911e+00 9.005367623572022029e-02 9.664784140468904439e-02 5.928950739194027014e-02 6.271918514657157107e-02
1.300000000000000044e+00 9.008003511835842303e-02 9.665533033586834466e-02 5.905683021364964425e-02 6.250317754561363071e-02
1.324999999999999956e+00 9.009608129371476926e-02 9.665388094432637855e-02 5.883109180921622383e-02 6.229336602196117179e-02
1.350000000000000089e+00 9.010185587309474387e-02 9.664354147174483711e-02 5.861261850144097729e-02 6.209005085014232539e-02
1.375000000000000000e+00 9.009743932216988938e-02 9.662439469242378731e-02 5.840171852177730022e-02 6.189351644352864695e-02
1.399999999999999911e+00 9.008294839745083216e-02 9.659655496264793473e-02 5.819867926620279214e-02 6.170402915302950625e-02
1.425000000000000044e+00 9.005853345175197922e-02 9.656016549931663306e-02 5.800376493494480840e-02 6.152183445474162377e-02
1.449999999999999956e+00 9.002438064604940948e-02 9.651540063459498886e-02 5.781721836142933446e-02 6.134715835097672570e-02
1.475000000000000089e+00 8.998071257243576981e-02 9.646246676456052271e-02 5.763926133193251339e-02 6.118020849042746234e-02
1.500000000000000000e+00 8.992778362923012359e-02 9.640159777325969792e-02 5.747009220508803723e-02 6.102117173892868118e-02
1.524999999999999911e+00 8.986588084545410471e-02 9.633305588776851225e-02 5.730988628523359801e-02 6.087021414978936035e-02
1.550000000000000044e+00 8.979532261331224507e-02 9.625713076460318263e-02 5.715879566702149195e-02 6.072748122659528403e-02
1.574999999999999956e+00 8.971645470300951275e-02 9.617413560332893629e-02 5.701694707408632573e-02 6.059309570690846886e-02
1.600000000000000089e+00 8.962964954304414311e-02 9.608440641091960110e-02 5.688444277935510163e-02 6.046715809613777831e-02
1.625000000000000000e+00 8.953530598412186292e-02 9.598830221821399999e-02 5.676136142722761069e-02 6.034974787693432596e-02
1.649999999999999911e+00 8.943384384640649942e-02 9.588619975913709181e-02 5.664775507322131892e-02 6.024092045287995911e-02
1.675000000000000044e+00 8.932570437039283329e-02 9.577849381607290991e-02 5.654365089617476026e-02 6.014070847071584930e-02
1.699999999999999956e+00 8.921135216746517438e-02 9.566559956891761141e-02 5.644905376881399067e-02 6.004912460917134764e-02
1.725000000000000311e+00 8.909127217657634989e-02 9.554795014390737862e-02 5.636394563716895512e-02 5.996616117289375880e-02
1.750000000000000000e+00 8.896596378204676969e-02 9.542599068515507377e-02 5.628828317495936095e-02 5.989178747303591788e-02
1.774999999999999911e+00 8.883593990227978132e-02 9.530017763790461782e-02 5.622199874022210109e-02 5.982595062715434509e-02
1.800000000000000044e+00 8.870172365017325866e-02 9.517097565086572730e-02 5.616500069465061445e-02 5.976857585600881678e-02
1.824999999999999956e+00 8.856384824633303787e-02 9.503885759702412894e-02 5.611717475521683235e-02 5.971956776256980015e-02
1.850000000000000311e+00 8.842285570735283762e-02 9.490430368612130796e-02 5.607838510942168148e-02 5.967881143104230429e-02
1.875000000000000000e+00 8.827929427048374078e-02 9.476779923470174394e-02 5.604847469107274160e-02 5.964617261034873413e-02
1.899999999999999911e+00 8.813371383163988437e-02 9.462983032114823112e-02 5.602726457286069661e-02 5.962149695871081512e-02
1.925000000000000044e+00 8.798666444529075481e-02 9.449088226125276768e-02 5.601455460137878123e-02 5.960461058592942535e-02
1.949999999999999956e+00 8.783869556587106664e-02 9.435143937175868856e-02 5.601012554421035128e-02 5.959532213562650921e-02
1.975000000000000089e+00 8.769035375371854457e-02 9.421198275614697804e-02 5.601373972166679566e-02 5.959342335395471923e-02
2.000000000000000000e+00 8.754217808020468838e-02 9.407298656975233986e-02 5.602514102794728390e-02 5.959868872550964231e-02
2.024999999999999911e+00 8.739469231377980374e-02 9.393490934121766223e-02 5.604405150944494901e-02 5.961087215696054403e-02
2.049999999999999822e+00 8.724841784279628587e-02 9.379820743752426138e-02 5.607018145801317272e-02 5.962971737875991801e-02
2.075000000000000178e+00 8.710386464112082616e-02 9.366332730228789372e-02 5.610322734265044825e-02 5.965495499063247498e-02
2.100000000000000089e+00 8.696152719618162330e-02 9.353070049503067751e-02 5.614287026147959242e-02 5.968630137539370634e-02
2.125000000000000000e+00 8.682188685174292708e-02 9.340074691111244221e-02 5.618878040771387028e-02 5.972346275902638141e-02
2.149999999999999911e+00 8.668540462981674799e-02 9.327386751291939782e-02 5.624061477093512257e-02 5.976613284963921968e-02
2.174999999999999822e+00 8.655252486248046773e-02 9.315044821717605172e-02 5.629802186193975239e-02 5.981399766639352439e-02
2.200000000000000178e+00 8.642366954706683091e-02 9.303085464699278884e-02 5.636064053038965932e-02 5.986673376740697661e-02
2.225000000000000089e+00 8.629923735225164538e-02 9.291543106016314502e-02 5.642810110929246531e-02 5.992400965496687271e-02
2.250000000000000000e+00 8.617960385541750812e-02 9.280450089033136229e-02 5.650002757477793486e-02 5.998548782233181081e-02
2.274999999999999911e+00 8.606512191395332412e-02 9.269836740288731058e-02 5.657603988579298221e-02 6.005082696670852732e-02
2.299999999999999822e+00 8.595611776199382770e-02 9.259730996692520921e-02 5.665575430833068304e-02 6.011968181021422331e-02
2.325000000000000178e+00 8.585288764815213192e-02 9.250158065994583401e-02 5.673878249404731844e-02 6.019170230562681523e-02
2.350000000000000089e+00 8.575569963141176089e-02 9.241140625310265144e-02 5.682473457714826148e-02 6.026653699255032220e-02
2.375000000000000000e+00 8.566479455455283665e-02 9.232698945209821817e-02 5.691322172854457878e-02 6.034383495655953195e-02
2.399999999999999911e+00 8.558038129021922069e-02 9.224850411054601185e-02 5.700385494149187715e-02 6.042324443108135212e-02
2.424999999999999822e+00 8.550263885055565949e-02 9.217609751112094962e-02 5.709624758907025366e-02 6.050441604601784068e-02
2.450000000000000178e+00 8.543171900223335558e-02 9.210989313642277410e-02 5.719001883200543895e-02 6.058700519619095864e-02
2.475000000000000089e+00 8.536773915903078658e-02 9.204998341908739168e-02 5.728479039463278688e-02 6.067066891432175424e-02
2.500000000000000000e+00 8.531078649557703730e-02 9.199643410814670186e-02 5.738019036028051828e-02 6.075507005554338369e-02
2.524999999999999911e+00 8.526091813609947001e-02 9.194928444403349665e-02 5.747585440582717725e-02 6.083987809006561470e-02
2.549999999999999822e+00 8.521816143153461420e-02 9.190854740449401483e-02 5.757142717814480587e-02 6.092477025979007449e-02
2.575000000000000178e+00 8.518251155432170207e-02 9.187420725036815616e-02 5.766656158017542666e-02 6.100943084906133851e-02
2.600000000000000089e+00 8.515393437266420562e-02 9.184622252508684026e-02 5.776092113142580753e-02 6.109355375471039323e-02
2.625000000000000000e+00 8.513236649872281403e-02 9.182452599395854453e-02 5.785418105874265415e-02 6.117684313734574053e-02
2.649999999999999911e+00 8.511771781232700673e-02 9.180902728028077220e-02 5.794603007236681647e-02 6.125901547256457080e-02
2.674999999999999822e+00 8.510987184479236467e-02 9.179961292719807098e-02 5.803617128742079995e-02 6.133979995399926194e-02
2.700000000000000178e+00 8.510868497745173455e-02 9.179614560955086378e-02 5.812432175499488568e-02 6.141893814450848088e-02
2.725000000000000089e+00 8.511398840756989603e-02 9.179846597105000006e-02 5.821021395638167895e-02 6.149618538868575901e-02
2.750000000000000000e+00 8.512558823160337740e-02 9.180639259966613674e-02 5.829359581988062533e-02 6.157131077066747143e-02
2.774999999999999911e+00 8.514326751205632260e-02 9.181972392477183442e-02 5.837423201385277816e-02 6.164409828953686110e-02
2.799999999999999822e+00 8.516678703402963402e-02 9.183823901732819650e-02 5.845190403463254580e-02 6.171434709855848355e-02
2.825000000000000178e+00 8.519588957222698489e-02 9.186170156572133483e-02 5.852641281870574891e-02 6.178187387557010357e-02
2.850000000000000089e+00 8.523029860936297275e-02 9.188985839215672857e-02 5.859757716487721396e-02 6.184651119682749165e-02
2.875000000000000000e+00 8.526972217650449770e-02 9.192244316552841688e-02 5.866523590091501927e-02 6.190810971242582950e-02
2.899999999999999911e+00 8.531385219616177684e-02 9.195917542234315067e-02 5.872924687522402404e-02 6.196653699667970666e-02
2.924999999999999822e+00 8.536236854533917062e-02 9.199976479069289781e-02 5.878948870103706953e-02 6.202167950678465214e-02
2.950000000000000178e+00 8.541493988868634202e-02 9.204391101574360690e-02 5.884586026025489386e-02 6.207344160581714648e-02
2.975000000000000089e+00 8.547122514243513103e-02 9.209130593938492926e-02 5.889828076086364023e-02 6.212174618406884896e-02
3.000000000000000000e+00 8.553087893885394366e-02 9.214163838623208591e-02 5.894669245269841540e-02 6.216653703533136371e-02
3.024999999999999911e+00 8.559355019176043133e-02 9.219459200930923970e-02 5.899105858162332489e-02 6.220777649551412908e-02
3.049999999999999822e+00 8.565888236685723078e-02 9.224984569057813333e-02 5.903136208436030735e-02 6.224544440455936911e-02
3.075000000000000178e+00 8.572651527876275213e-02 9.230707525634514188e-02 5.906760544588009892e-02 6.227953806224030553e-02
3.100000000000000089e+00 8.579608906965219273e-02 9.236595712093979837e-02 5.909981198266200941e-02 6.231007344936149994e-02
3.125000000000000000e+00 8.586724394604507149e-02 9.242616735651773552e-02 5.912802433319453571e-02 6.233708352603449521e-02
3.149999999999999911e+00 8.593962194358581441e-02 9.248738412594974256e-02 5.915230426066998143e-02 6.236061848734539281e-02
3.174999999999999822e+00 8.601287178578083392e-02 9.254929144813536790e-02 5.917273413522700087e-02 6.238074685574825085e-02
3.200000000000000178e+00 8.608665132909711082e-02 9.261158303008198978e-02 5.918941725930253889e-02 6.239755655625198877e-02
3.225000000000000089e+00 8.616063275468535676e-02 9.267396387974093097e-02 5.920247950896813383e-02 6.241115511912350561e-02
3.250000000000000000e+00 8.623448033371851340e-02 9.273612940656461578e-02 5.921205273598503099e-02 6.242165391133935870e-02
3.274999999999999911e+00 8.630787620568443341e-02 9.279779425338272048e-02 5.921829084709089031e-02 6.242918548326027717e-02
3.299999999999999822e+00 8.638052127024430094e-02 9.285868855220845430e-02 5.922136822680700713e-02 6.243390031120434058e-02
3.325000000000000178e+00 8.645212712494024232e-02 9.291855096349312115e-02 5.922147284367976217e-02 6.243596051979066752e-02
3.350000000000000089e+00 8.652241839535712575e-02 9.297713165726828599e-02 5.921880613271526816e-02 6.243554009655466475e-02
3.375000000000000444e+00 8.659113993716627267e-02 9.303419913260058127e-02 5.921358628674018576e-02 6.243282819846038972e-02
3.399999999999999911e+00 8.665805385234519320e-02 9.308953575179898521e-02 5.920604429279781311e-02 6.242802488288239082e-02
3.424999999999999822e+00 8.672293592460970924e-02 9.314293536819408248e-02 5.919641993951766518e-02 6.242133758303066576e-02
3.450000000000000622e+00 8.678558393339122490e-02 9.319421160966993856e-02 5.918496580584706179e-02 6.241298522826915079e-02
3.475000000000000533e+00 8.684581532306331897e-02 9.324319415807912070e-02 5.917194397576026194e-02 6.240319476374643626e-02
3.500000000000000000e+00 8.690346506650414860e-02 9.328972768844751018e-02 5.915762337339102589e-02 6.239219884897140994e-02
3.524999999999999911e+00 8.695839187498043132e-02 9.333367776837352137e-02 5.914228223100092413e-02 6.238023840386140023e-02
3.549999999999999822e+00 8.701047566145707346e-02 9.337492763509085136e-02 5.912620455892760724e-02 6.236755908258784925e-02
3.575000000000000622e+00 8.705961575390645801e-02 9.341337669089926077e-02 5.910967754872929053e-02 6.235440886587954173e-02
3.600000000000000089e+00 8.710573231922738580e-02 9.344894233413282569e-02 5.909299148040927929e-02 6.234103816303905587e-02
3.625000000000000000e+00 8.714876874813597130e-02 9.348156151662775915e-02 5.907643966612782793e-02 6.232769980967827611e-02
3.649999999999999911e+00 8.718868548247597772e-02 9.351118507997029095e-02 5.906031325521677450e-02 6.231464402642925698e-02
3.674999999999999822e+00 8.722546703700430337e-02 9.353778490150907454e-02 5.904490437213928689e-02 6.230212175527654467e-02
3.700000000000000622e+00 8.725911613198814032e-02 9.356134741481733630e-02 5.903050102247552056e-02 6.229037963075857026e-02
3.725000000000000089e+00 8.728965396929665166e-02 9.358187451406682622e-02 5.901738656509203373e-02 6.227965965197727188e-02
3.750000000000000000e+00 8.731712029899256489e-02 9.359938360561975701e-02 5.900583856482627398e-02 6.227019817012199171e-02
3.774999999999999911e+00 8.734157444064047371e-02 9.361390852610607105e-02 5.899612853480647873e-02 6.226222580736944651e-02
3.799999999999999822e+00 8.736308939204867618e-02 9.362549364761559023e-02 5.898851702772965611e-02 6.225596266583169336e-02
3.825000000000000178e+00 8.738175336806165705e-02 9.363419595548772012e-02 5.898325407051057540e-02 6.225161890820126581e-02
3.850000000000000089e+00 8.739767005747781092e-02 9.364008519673562569e-02 5.898057858329941450e-02 6.224939435484007355e-02
3.875000000000000000e+00 8.741095601930615189e-02 9.364324131186939348e-02 5.898071604075850322e-02 6.224947631858530200e-02
3.899999999999999911e+00 8.742173887563937928e-02 9.364375310394033869e-02 5.898387682117420261e-02 6.225203801423639938e-02
3.924999999999999822e+00 8.743015916303303880e-02 9.364171996532617837e-02 5.899025709679331375e-02 6.225723973859433741e-02
3.950000000000000178e+00 8.743636115779147844e-02 9.363724293338103466e-02 5.900003246627346515e-02 6.226522253803599971e-02
3.975000000000000089e+00 8.744049898195388471e-02 9.363043133701764997e-02 5.901336189049162517e-02 6.227611223392449241e-02
4.000000000000000000e+00 8.744273238595703934e-02 9.362139837492174099e-02 5.903038454663130791e-02 6.229001662239577741e-02
4.025000000000000355e+00 8.744322189259753908e-02 9.361025671138988036e-02 5.905121666613016157e-02 6.230702224063442568e-02
4.049999999999999822e+00 8.744213073554643612e-02 9.359712065692055161e-02 5.907595320819458706e-02 6.232719621593016401e-02
4.075000000000000178e+00 8.743962137320678008e-02 9.358210287757623425e-02 5.910466553718101562e-02 6.235058414849836000e-02
4.099999999999999645e+00 8.743585298266062789e-02 9.356531217959458691e-02 5.913739996697155860e-02 6.237720866440748385e-02
4.125000000000000000e+00 8.743098258826137448e-02 9.354685490105220380e-02 5.917417913024487081e-02 6.240707083229192487e-02
4.150000000000000355e+00 8.742516384235402005e-02 9.352683401930682316e-02 5.921500161006670176e-02 6.244015013567112693e-02
4.174999999999999822e+00 8.741853919674066886e-02 9.350534153630953027e-02 5.925983723541405901e-02 6.247639976081510033e-02
4.200000000000000178e+00 8.741124083542670120e-02 9.348245964117918305e-02 5.930862852153997306e-02 6.251574794072027597e-02
4.224999999999999645e+00 8.740338955010666655e-02 9.345825994791555347e-02 5.936129066281101846e-02 6.255809820183731718e-02
4.250000000000000000e+00 8.739509278737295217e-02 9.343280173890056162e-02 5.941771098725899536e-02 6.260332876483382103e-02
4.275000000000000355e+00 8.738644492893415938e-02 9.340613252760725238e-02 5.947775015592316611e-02 6.265129380109360491e-02
4.299999999999999822e+00 8.737752515657622177e-02 9.337828632986484856e-02 5.954124166429307363e-02 6.270182311340061210e-02
4.325000000000000178e+00 8.736839236434436329e-02 9.334927885823675331e-02 5.960798954487062790e-02 6.275471989193227851e-02
4.349999999999999645e+00 8.735908892676420845e-02 9.331911070025508681e-02 5.967777200650692393e-02 6.280976360528141289e-02
4.375000000000000000e+00 8.734964013528699611e-02 9.328776908801786338e-02 5.975034239717787882e-02 6.286671273025395967e-02
4.400000000000000355e+00 8.734003243540171268e-02 9.325520457676625408e-02 5.982541567381116643e-02 6.292528980146182283e-02
4.424999999999999822e+00 8.733023472725956471e-02 9.322135222238728258e-02 5.990268398576911735e-02 6.298519659581726382e-02
4.450000000000000178e+00 8.732019190695039512e-02 9.318612624893715668e-02 5.998181374803102095e-02 6.304611197154229296e-02
4.474999999999999645e+00 8.730983139236769830e-02 9.314942653264278449e-02 6.006245130500290075e-02 6.310769725162691801e-02
4.500000000000000000e+00 8.729904919305252198e-02 9.311112601574295100e-02 6.014421496569263142e-02 6.316958911830673762e-02
4.525000000000000355e+00 8.728771095655754597e-02 9.307107017606484900e-02 6.022669716023458519e-02 6.323140041034970571e-02
4.549999999999999822e+00 8.727565432009955215e-02 9.302907997708091681e-02 6.030946719130647615e-02 6.329272313027603514e-02
4.575000000000000178e+00 8.726269039176465236e-02 9.298495358073785577e-02 6.039207367438582941e-02 6.335313083271530699e-02
4.599999999999999645e+00 8.724860362013031612e-02 9.293846615568351899e-02 6.047404606039082781e-02 6.341217992844720708e-02
4.625000000000000000e+00 8.723315186165855883e-02 9.288937065282820704e-02 6.055489599457609950e-02 6.346941141259478114e-02
4.650000000000000355e+00 8.721606207716788017e-02 9.283739317146234848e-02 6.063411557380563727e-02 6.352434875390589042e-02
4.674999999999999822e+00 8.719703421569165169e-02 9.278223664460889808e-02 6.071118134606472844e-02 6.357650151894873869e-02
4.700000000000000178e+00 8.717573776942909303e-02 9.272357781810874888e-02 6.078555343468319133e-02 6.362536466075215114e-02
4.724999999999999645e+00 8.715181538061803068e-02 9.266107002041468199e-02 6.085667921976264244e-02 6.367042150236151832e-02
4.750000000000000000e+00 8.712488443425417395e-02 9.259434512550276941e-02 6.092399553613790653e-02 6.371114602595816245e-02
4.775000000000000355e+00 8.709453835744539185e-02 9.252301495328330017e-02 6.098693082516635361e-02 6.374700496944908645e-02
4.799999999999999822e+00 8.706034409898526227e-02 9.244666925851922901e-02 6.104490432941807321e-02 6.377745733862430488e-02
4.825000000000000178e+00 8.702184379882579868e-02 9.236487587189524950e-02 6.109732834926403372e-02 6.380195539229605028e-02
4.849999999999999645e+00 8.697855901617181085e-02 9.227718527366871037e-02 6.114361230839227002e-02 6.381994882979820372e-02
4.875000000000000000e+00 8.692998907829699307e-02 9.218312973703016167e-02 6.118316246455603874e-02 6.383088510941267724e-02
4.900000000000000355e+00 8.687561283466826989e-02 9.208222373949409567e-02 6.121538373941882299e-02 6.383421024490930351e-02
4.924999999999999822e+00 8.681489088339815197e-02 9.197396636184286545e-02 6.123968212657108362e-02 6.382937117153986151e-02
4.950000000000000178e+00 8.674726850977818038e-02 9.185784302334568108e-02 6.125546763483615681e-02 6.381581778055436804e-02
4.974999999999999645e+00 8.667217888682558768e-02 9.173333017642856801e-02 6.126215692677586255e-02 6.379300673051360726e-02
5.000000000000000000e+00 8.658903967756884090e-02 9.159989189847865532e-02 6.125917137985871508e-02 6.376039950637778231e-02
5.025000000000000355e+00 8.649725809491311257e-02 9.145698176204578034e-02 6.124594107783434827e-02 6.371746395875629854e-02
5.049999999999999822e+00 8.639623382345582026e-02 9.130404860554164337e-02 6.122190740624813138e-02 6.366367899268612907e-02
5.075000000000000178e+00 8.628535796098092681e-02 9.114053403734755088e-02 6.118652259929274750e-02 6.359853323019026838e-02
5.099999999999999645e+00 8.616401731871316250e-02 9.096587598060726365e-02 6.113925247150283487e-02 6.352152727914632535e-02
5.125000000000000000e+00 8.603159707487276209e-02 9.077951115284103867e-02 6.107957880106431453e-02 6.343217575283706389e-02
5.150000000000000355e+00 8.588748421712896763e-02 9.058087782899117146e-02 6.100700180050187826e-02 6.333000947087068233e-02
5.174999999999999822e+00 8.573106801878140060e-02 9.036941791758748566e-02 6.092104003530457446e-02 6.321457676570865769e-02
5.200000000000000178e+00 8.556174275501397808e-02 9.014457715541288052e-02 6.082123250032422934e-02 6.308544354962285217e-02
5.224999999999999645e+00 8.537891049577073233e-02 8.990580982744876548e-02 6.070714047341187886e-02 6.294219677914228428e-02
5.250000000000000000e+00 8.518198101638937980e-02 8.965257751067709502e-02 6.057834700926067323e-02 6.278444337842402356e-02
5.275000000000000355e+00 8.497037687426271801e-02 8.938435164436926705e-02 6.043445977180154222e-02 6.261181119128401973e-02
5.299999999999999822e+00 8.474353408449061820e-02 8.910061836974957072e-02 6.027511176868569770e-02 6.242395264152886952e-02
5.325000000000000178e+00 8.450090127944995255e-02 8.880087502775486918e-02 6.009996027325760493e-02 6.222054218075655230e-02
5.349999999999999645e+00 8.424194673623526530e-02 8.848463488743733840e-02 5.990869081979281752e-02 6.200127866343738137e-02
5.375000000000000000e+00 8.396616094825830323e-02 8.815143314528747776e-02 5.970101868426955227e-02 6.176588939944959583e-02
5.400000000000000355e+00 8.367305546881442790e-02 8.780082391417624865e-02 5.947668730969384032e-02 6.151412735611909433e-02
5.424999999999999822e+00 8.336216798413129125e-02 8.743238517362100781e-02 5.923547132040455493e-02 6.124577424811902815e-02
5.450000000000000178e+00 8.303306121360581882e-02 8.704571883729407544e-02 5.897717484029192658e-02 6.096063987330915118e-02
5.474999999999999645e+00 8.268532524493124591e-02 8.664045170744653912e-02 5.870163256627367737e-02 6.065856224850026818e-02
5.500000000000000000e+00 8.231858111654656585e-02 8.621623920533773300e-02 5.840871155655483205e-02 6.033940962692610488e-02
5.525000000000000355e+00 8.193248014500156828e-02 8.577276430970182108e-02 5.809831007351555499e-02 6.000307907184359441e-02
5.549999999999999822e+00 8.152670705688441766e-02 8.530974169308540300e-02 5.777035878445382217e-02 5.964949880621463890e-02
5.575000000000000178e+00 8.110097968890671305e-02 8.482691820468306332e-02 5.742481964638009029e-02 5.927862774608523566e-02
5.599999999999999645e+00 8.065505424454647021e-02 8.432407288487689390e-02 5.706168877470919887e-02 5.889045449408799454e-02
5.625000000000000000e+00 8.018872423563999652e-02 8.380102363313947367e-02 5.668099460642586629e-02 5.848500137317060033e-02
5.650000000000000355e+00 7.970181645912048640e-02 8.325762020141647124e-02 5.628279461573686138e-02 5.806231897448324575e-02
5.674999999999999822e+00 7.919420145546282597e-02 8.269374991964696664e-02 5.586718158873598544e-02 5.762248912069969226e-02
5.700000000000000178e+00 7.866578755892776609e-02 8.210934014184109730e-02 5.543427873375549736e-02 5.716562607035808458e-02
5.724999999999999645e+00 7.811652109808249478e-02 8.150435290551967527e-02 5.498423905168435544e-02 5.669187205475323399e-02
5.750000000000000000e+00 7.754639080476302682e-02 8.087879005221194906e-02 5.451724708885504617e-02 5.620139983199011480e-02
5.775000000000000355e+00 7.695542639783739536e-02 8.023269376572711442e-02 5.403351730519059815e-02 5.569441229725104886e-02
5.799999999999999822e+00 7.634370309221207018e-02 7.956614826462105050e-02 5.353329669996008400e-02 5.517114299819156353e-02
5.825000000000000178e+00 7.571133783503189441e-02 7.887928329506931069e-02 5.301686126222618367e-02 5.463185819260865661e-02
5.849999999999999645e+00 7.505847967748062455e-02 7.817225859336474070e-02 5.248450810473452577e-02 5.407684466054351463e-02
5.875000000000000000e+00 7.438532430753123925e-02 7.744527343652571338e-02 5.193656529115718568e-02 5.350641569782085827e-02
5.900000000000000355e+00 7.369211063063493827e-02 7.669857377147554223e-02 5.137338883964304853e-02 5.292091591294428854e-02
5.924999999999999822e+00 7.297911899946543657e-02 7.593244575812611863e-02 5.079536100882340449e-02 5.232071615669196818e-02
5.950000000000000178e+00 7.224667062318898547e-02 7.514721590810090335e-02 5.020288884018512393e-02 5.170621276999765731e-02
5.974999999999999645e+00 7.149512354005294057e-02 7.434324840554215608e-02 4.959640069694034453e-02 5.107782509714255126e-02
6.000000000000000000e+00 7.072488099200374689e-02 7.352094571814989099e-02 4.897635204750944160e-02 5.043599517426770179e-02
6.025000000000000355e+00 6.993638834942840499e-02 7.268075645626148606e-02 4.834322278415090907e-02 4.978119322694891935e-02
6.049999999999999822e+00 6.913012013221886409e-02 7.182316846192506044e-02 4.769750719565157143e-02 4.911391267066975846e-02
6.075000000000000178e+00 6.830658300420823503e-02 7.094869159906033729e-02 4.703971645834428145e-02 4.843465682875251060e-02
6.099999999999999645e+00 6.746632365916033214e-02 7.005787306081719124e-02 4.637038361746378956e-02 4.774394968966328562e-02
6.125000000000000000e+00 6.660992437622914597e-02 6.915129771495232003e-02 4.569005994452336045e-02 4.704233590638931539e-02
6.150000000000000355e+00 6.573800212151245659e-02 6.822958678858603854e-02 4.499931454248433382e-02 4.633037976087037157e-02
6.174999999999999822e+00 6.485120162243347697e-02 6.729339036119155737e-02 4.429872892623997610e-02 4.560865966519083575e-02
6.200000000000000178e+00 6.395020216221189435e-02 6.634338982445509014e-02 4.358890207479132473e-02 4.487776959878832933e-02
6.224999999999999645e+00 6.303570713789469204e-02 6.538029586818858152e-02 4.287044292831667519e-02 4.413831789349734885e-02
6.250000000000000000e+00 6.210844661434907626e-02 6.440484265770395067e-02 4.214397216929268580e-02 4.339092297029260858e-02
6.275000000000000355e+00 6.116917806435659410e-02 6.341779324169245780e-02 4.141012285880507626e-02 4.263621714971319032e-02
6.299999999999999822e+00 6.021867720589592354e-02 6.241993019675860788e-02 4.066953432140034408e-02 4.187484026965050676e-02
6.325000000000000178e+00 5.925774228677837402e-02 6.141205642040259427e-02 3.992285532215809896e-02 4.110744038701800301e-02
6.349999999999999645e+00 5.828719119525035963e-02 6.039499586744865450e-02 3.917074176804012653e-02 4.033467440217167188e-02
6.375000000000000000e+00 5.730785868055630894e-02 5.936959049736739713e-02 3.841385533184985684e-02 3.955720597088520363e-02
6.400000000000000355e+00 5.632059260062902140e-02 5.833669543316136880e-02 3.765286144035087657e-02 3.877570264992487997e-02
6.424999999999999822e+00 5.532625577230240038e-02 5.729717905657846777e-02 3.688843078524842167e-02 3.799083620060649674e-02
6.450000000000000178e+00 5.432572022328992917e-02 5.625192033941754655e-02 3.612123537493719394e-02 3.720328105676595082e-02
6.474999999999999645e+00 5.331986690725286360e-02 5.520180856701142197e-02 3.535194839644719561e-02 3.641371427911772873e-02
6.500000000000000000e+00 5.230958342780200193e-02 5.414773785293094249e-02 3.458124385414837465e-02 3.562281210245490243e-02
6.525000000000000355e+00 5.129575906029210791e-02 5.309060603716298649e-02 3.380979290418213712e-02 3.483124973757514842e-02
6.549999999999999822e+00 5.027928628778114556e-02 5.203131227419995758e-02 3.303826512618731476e-02 3.403969978096587495e-02
6.575000000000000178e+00 4.926105921496500700e-02 5.097075758513668758e-02 3.226732846443710473e-02 3.324883301447132539e-02
6.599999999999999645e+00 4.824196690799161663e-02 4.990983975786843913e-02 3.149764463771682205e-02 3.245931556368435861e-02
6.625000000000000000e+00 4.722289517943423220e-02 4.884945096542856607e-02 3.072987024706591228e-02 3.167180711025535667e-02
6.650000000000000355e+00 4.620472058271044014e-02 4.779047782530727179e-02 2.996465370924195765e-02 3.088696151063383827e-02
6.674999999999999822e+00 4.518831065834447852e-02 4.673379479428290545e-02 2.920263538527682889e-02 3.010542266420692878e-02
6.700000000000000178e+00 4.417452433902928355e-02 4.568026643653278623e-02 2.844444788936231761e-02 2.932782588391810025e-02
6.724999999999999645e+00 4.316420425798727506e-02 4.463074439655076442e-02 2.769071137147860809e-02 2.855479647959559622e-02
6.750000000000000888e+00 4.215817963782996641e-02 4.358606336107624657e-02 2.694203539770903891e-02 2.778694693645011177e-02
6.775000000000001243e+00 4.115726404023536955e-02 4.254704433069591424e-02 2.619901782785014413e-02 2.702487944601144818e-02
6.799999999999999822e+00 4.016224977091810422e-02 4.151448692539989882e-02 2.546224114734186444e-02 2.626918087472387628e-02
6.825000000000001066e+00 3.917390895312811844e-02 4.048916883081350032e-02 2.473227289472743756e-02 2.552042231054279728e-02
6.849999999999999645e+00 3.819299139324761755e-02 3.947184718374308066e-02 2.400966425031225704e-02 2.477916003505148054e-02
6.875000000000000000e+00 3.722022422281241749e-02 3.846325337432801583e-02 2.329494974125452533e-02 2.404593185165198807e-02
6.900000000000001243e+00 3.625630899170394911e-02 3.746409452311579708e-02 2.258864511730179075e-02 2.332125791134985124e-02
6.924999999999999822e+00 3.530191933158480927e-02 3.647505085921551315e-02 2.189124600928141554e-02 2.260563925627664950e-02
6.950000000000001066e+00 3.435770192674733603e-02 3.549677291330329693e-02 2.120322795717367523e-02 2.189955543605036706e-02
6.974999999999999645e+00 3.342166879293943793e-02 3.453249068878156552e-02 2.052163368026639276e-02 2.120687801857291249e-02
7.000000000000000000e+00 3.247742040783786754e-02 3.355469108615907747e-02 1.983967585018499985e-02 2.050660947055323383e-02
7.025000000000001243e+00 3.154650724127958800e-02 3.259086200991268001e-02 1.916935241044743360e-02 1.981815911943202863e-02
7.049999999999999822e+00 3.062942301178792764e-02 3.164150097159078301e-02 1.851102777423415877e-02 1.914189752646801301e-02
7.075000000000001066e+00 2.972662583922474136e-02 3.070706805154220509e-02 1.786503873118550079e-02 1.847816694421143199e-02
7.099999999999999645e+00 2.883854127958503100e-02 2.978799022554961054e-02 1.723169637133090820e-02 1.782728390946588387e-02
7.125000000000000000e+00 2.796555891817679301e-02 2.888465993258403086e-02 1.661128324657462282e-02 1.718953807681702917e-02
7.150000000000001243e+00 2.710803282049009319e-02 2.799743229745722470e-02 1.600405349874891442e-02 1.656518987248420047e-02
7.174999999999999822e+00 2.626628395745136957e-02 2.712662763889704329e-02 1.541023425073612119e-02 1.595447191025691630e-02
7.200000000000000178e+00 2.544059928758773265e-02 2.627253315304304421e-02 1.483002439117484493e-02 1.535758976623003563e-02
7.224999999999999645e+00 2.463123033783530536e-02 2.543539967243288458e-02 1.426359344364511693e-02 1.477471950645285921e-02
7.250000000000000000e+00 2.383839596542024902e-02 2.461544477902694386e-02 1.371108325319331245e-02 1.420600944113113023e-02
7.275000000000001243e+00 2.306228091139400291e-02 2.381285206112244979e-02 1.317260698926434569e-02 1.365157960602547509e-02
7.299999999999999822e+00 2.230303753161821251e-02 2.302777100378725766e-02 1.264824991747031876e-02 1.311152137343462969e-02
7.325000000000000178e+00 2.156078702272233930e-02 2.226031993345959151e-02 1.213807016122382156e-02 1.258589926007955620e-02
7.349999999999999645e+00 2.083561928756898912e-02 2.151058489720274539e-02 1.164209871254278522e-02 1.207475011781547480e-02
7.375000000000000000e+00 2.012759351420581946e-02 2.077862215052554001e-02 1.116033958620150056e-02 1.157808480104927443e-02
7.400000000000001243e+00 1.943673921902679125e-02 2.006445686822411201e-02 1.069277084116609933e-02 1.109588730162558608e-02
7.424999999999999822e+00 1.876305816941190377e-02 1.936808515660122174e-02 1.023934587784132953e-02 1.062811612210892709e-02
7.450000000000000178e+00 1.810652514295165230e-02 1.868947673091483908e-02 9.799993945157242300e-03 1.017470613786215262e-02
7.474999999999999645e+00 1.746708854441681585e-02 1.802857413526176567e-02 9.374620968889130559e-03 9.735568301258179860e-03
7.500000000000000000e+00 1.684467199040894439e-02 1.738529457347803495e-02 8.963110678608915416e-03 9.310591002774993782e-03
7.525000000000000355e+00 1.623917530231733589e-02 1.675953114236567593e-02 8.565325710972680404e-03 8.899641153374661731e-03
7.549999999999999822e+00 1.565047586510278504e-02 1.615115397794265883e-02 8.181108725254314373e-03 8.502565254668617914e-03
7.575000000000000178e+00 1.507843002601428305e-02 1.556001171348340636e-02 7.810283680556323431e-03 8.119190608277817092e-03
7.599999999999999645e+00 1.452287377627221529e-02 1.498593253642773425e-02 7.452656790045968961e-03 7.749326440499268963e-03
7.625000000000000000e+00 1.398362456608312487e-02 1.442872550896175804e-02 7.108018094795560959e-03 7.392765163998670473e-03
7.650000000000000355e+00 1.346048294679931881e-02 1.388818219697762410e-02 6.776142922297511556e-03 7.049283811974146711e-03
7.674999999999999822e+00 1.295323310638380604e-02 1.336407781049646880e-02 6.456792747641729169e-03 6.718645210999802352e-03
7.700000000000000178e+00 1.246164431184188480e-02 1.285617241422188327e-02 6.149716697314652585e-03 6.400599307477006401e-03
7.724999999999999645e+00 1.198547235083937540e-02 1.236421209266367477e-02 5.854652820235387543e-03 6.094884342760584738e-03
7.750000000000000000e+00 1.152446077813540533e-02 1.188793050178417465e-02 5.571329414284150253e-03 5.801228282489204191e-03
7.775000000000000355e+00 1.107834187417040296e-02 1.142704995270254174e-02 5.299466190203514469e-03 5.519350029543107668e-03
7.799999999999999822e+00 1.064683801351022467e-02 1.098128252023126278e-02 5.038775642880194937e-03 5.248960632978759248e-03
7.825000000000000178e+00 1.022966275675765875e-02 1.055033133396623968e-02 4.788964179991698350e-03 4.989764570175078857e-03
7.849999999999999645e+00 9.826521939318575566e-03 1.013389171508799480e-02 4.549733259122543116e-03 4.741460922279397243e-03
7.875000000000000000e+00 9.437114821277098331e-03 9.731652177264009385e-03 4.320780583692288707e-03 4.503744446974730295e-03
7.900000000000000355e+00 9.061135073247380059e-03 9.343295599263586396e-03 4.101801154179142948e-03 4.276306754928483993e-03
7.924999999999999822e+00 8.698271769840427992e-03 8.968500183940344636e-03 3.892488269287280780e-03 4.058837325632610321e-03
7.950000000000000178e+00 8.348210416782020360e-03 8.606940484277965375e-03 3.692534575451277262e-03 3.851024530075664986e-03
7.974999999999999645e+00 8.010633777045392950e-03 8.258288297738280992e-03 3.501632967501991465e-03 3.652556583790740087e-03
8.000000000000000000e+00 7.685222743404854402e-03 7.922213521626033164e-03 3.319477384745331446e-03 3.463122411097870924e-03
8.025000000000000355e+00 7.371657205028489188e-03 7.598385061059867267e-03 3.145763693968895141e-03 3.282412504296180946e-03
8.050000000000000711e+00 7.069616835458543413e-03 7.286471596671013906e-03 2.980190433021097027e-03 3.110119707448603769e-03
8.074999999999999289e+00 6.778781715759817084e-03 6.986142301515190292e-03 2.822459428440760119e-03 2.945939898381268098e-03
8.099999999999999645e+00 6.498833092971187039e-03 6.697067558124298638e-03 2.672276491640732370e-03 2.789572682118244846e-03
8.125000000000000000e+00 6.229454001802753847e-03 6.418919586702517659e-03 2.529351935147279920e-03 2.640721951700374277e-03
8.150000000000000355e+00 5.970329867172329517e-03 6.151373090568384300e-03 2.393401136485746178e-03 2.499096464633668475e-03
8.175000000000000711e+00 5.721149008388736780e-03 5.894105801636128315e-03 2.264144952597784994e-03 2.364410321614126339e-03
8.199999999999999289e+00 5.481603117369639872e-03 5.646798926188099053e-03 2.141310120167215589e-03 2.236383368084061702e-03
8.224999999999999645e+00 5.251387765781047670e-03 5.409137678003331923e-03 2.024629620696876287e-03 2.114741596250827201e-03
8.250000000000000000e+00 5.030202765668388178e-03 5.180811654007172647e-03 1.913842963573636913e-03 1.999217452675172702e-03
8.275000000000000355e+00 4.817752609966101732e-03 4.961515282819700494e-03 1.808696442326953105e-03 1.889550137563610717e-03
8.300000000000000711e+00 4.613746742998840571e-03 4.750948110801372047e-03 1.708943334036954224e-03 1.785485805027531032e-03
8.324999999999999289e+00 4.417899892865694012e-03 4.548815114095468640e-03 1.614344082074070392e-03 1.686777760178389185e-03
8.349999999999999645e+00 4.229932332669971047e-03 4.354827018063572690e-03 1.524666411393328517e-03 1.593186628334380961e-03
8.375000000000000000e+00 4.049570076838632411e-03 4.168700484858983701e-03 1.439685392137858436e-03 1.504480438181491405e-03
8.400000000000000355e+00 3.876545093433981810e-03 3.990158294113951669e-03 1.359183504749983265e-03 1.420434674726934413e-03
8.425000000000000711e+00 3.710595452581337984e-03 3.818929564351722025e-03 1.282950659927171002e-03 1.340832348404055090e-03
8.449999999999999289e+00 3.551465447803794657e-03 3.654749832198734942e-03 1.210784179164738940e-03 1.265463974153096822e-03
8.474999999999999645e+00 3.398905744486358221e-03 3.497361189229233457e-03 1.142488778750938181e-03 1.194127559461286882e-03
8.500000000000000000e+00 3.252673456874141146e-03 3.346512389723711040e-03 1.077876496151959759e-03 1.126628563685043048e-03
8.525000000000000355e+00 3.112532172378622113e-03 3.201958899052466997e-03 1.016766599074695777e-03 1.062779820729379448e-03
8.550000000000000711e+00 2.978251976775473774e-03 3.063462897723250207e-03 9.589854827020865072e-04 1.002401436769560393e-03
8.574999999999999289e+00 2.849609497176399785e-03 2.930793309068219915e-03 9.043665691740594269e-04 9.453206849364627264e-04
8.599999999999999645e+00 2.726387889527526545e-03 2.803725799623571751e-03 8.527501676455661499e-04 8.913718847495213276e-04
8.625000000000000000e+00 2.608376822283453057e-03 2.682042780671637077e-03 8.039833234697735124e-04 8.403962675486072740e-04
8.650000000000000355e+00 2.495372405468137406e-03 2.565533326774279126e-03 7.579196535332724397e-04 7.922418079129100272e-04
8.675000000000000711e+00 2.387177174997186756e-03 2.453993134791116870e-03 7.144191992509710742e-04 7.467630654457072361e-04
8.699999999999999289e+00 2.283600007806996148e-03 2.347224468823502341e-03 6.733482383247491954e-04 7.038210209592035390e-04
8.724999999999999645e+00 2.184456047377453507e-03 2.245036077699676287e-03 6.345791064654952981e-04 6.632828932165717346e-04
8.750000000000000000e+00 2.089566603144357108e-03 2.147243087271686040e-03 5.979900163727039321e-04 6.250219530139973804e-04
8.775000000000000355e+00 1.998759066700188033e-03 2.053666899490525898e-03 5.634648650539939973e-04 5.889173322444485326e-04
8.800000000000000711e+00 1.911866804879924558e-03 1.964135112764620224e-03 5.308930475676515871e-04 5.548538438611276850e-04
8.824999999999999289e+00 1.828729027459339131e-03 1.878481374706161486e-03 5.001692592766900309e-04 5.227217793581486263e-04
8.849999999999999645e+00 1.749190680329287123e-03 1.796545253418730965e-03 4.711933081213179699e-04 4.924167118822704407e-04
8.875000000000000000e+00 1.673102322086559126e-03 1.718172132685376590e-03 4.438699239706241887e-04 4.638393116929451785e-04
8.900000000000000355e+00 1.600319984759960212e-03 1.643213063669071890e-03 4.181085692998501974e-04 4.368951497734844375e-04
8.925000000000000711e+00 1.530705046513823435e-03 1.571524623967802915e-03 3.938232494655880120e-04 4.114945058543397947e-04
8.949999999999999289e+00 1.464124096503306672e-03 1.502968788810346611e-03 3.709323249986900477e-04 3.875521808648992213e-04
8.974999999999999645e+00 1.400448791065343757e-03 1.437412780873879989e-03 3.493583367495467300e-04 3.649873106729398958e-04
9.000000000000000000e+00 1.339555714761367800e-03 1.374728923660160917e-03 3.290278223770743359e-04 3.437231843353155008e-04
9.025000000000000355e+00 1.281326240157150409e-03 1.314794497987848212e-03 3.098711408564341300e-04 3.236870634785103370e-04
9.050000000000000711e+00 1.225646386457378409e-03 1.257491596000177934e-03 2.918223065038038494e-04 3.048100089668866718e-04
9.074999999999999289e+00 1.172406676634669921e-03 1.202706974316164424e-03 2.748188235133249393e-04 2.870267114563013829e-04
9.099999999999999645e+00 1.121501998795249424e-03 1.150331908527389918e-03 2.588015238770987290e-04 2.702753266435695026e-04
9.125000000000000000e+00 1.072831465906777136e-03 1.100262050226377816e-03 2.437144096649581434e-04 2.544973132069405937e-04
9.150000000000000355e+00 1.026298276802929243e-03 1.052397282545670726e-03 2.295045042771485524e-04 2.396372775078923535e-04
9.175000000000000711e+00 9.818095808992019415e-04 1.006641579603571261e-03 2.161217078510997019e-04 2.256428234551619873e-04
9.199999999999999289e+00 9.392763403959260293e-04 9.629028655058750495e-04 2.035186582448084310e-04 2.124644087444112195e-04
9.224999999999999645e+00 8.986131996980347304e-04 9.210928773016807203e-04 1.916505917945730321e-04 2.000552042534799147e-04
9.250000000000000000e+00 8.597383546858659376e-04 8.811270306502074108e-04 1.804752161451247299e-04 1.883709587384743125e-04
9.275000000000000355e+00 8.225734238525703916e-04 8.429242867465738549e-04 1.699525852569957953e-04 1.773698705216831422e-04
9.300000000000000711e+00 7.870433238420277040e-04 8.064070223192754214e-04 1.600449777571049911e-04 1.670124620933171353e-04
9.324999999999999289e+00 7.530761475745125985e-04 7.715009040066290449e-04 1.507167845619751317e-04 1.572614615860588286e-04
9.349999999999999645e+00 7.206030438271525179e-04 7.381347638944474711e-04 1.419343971403327182e-04 1.480816885066159718e-04
9.375000000000000000e+00 6.895581008271025811e-04 7.062404783813781449e-04 1.336661026698273964e-04 1.394399438656999989e-04
9.400000000000000355e+00 6.598782339163146221e-04 6.757528518565605012e-04 1.258819862452455695e-04 1.313049068379865407e-04
9.425000000000000711e+00 6.315030746607245985e-04 6.466095019462978150e-04 1.185538320700994412e-04 1.236470351111611341e-04
9.449999999999999289e+00 6.043748640138719205e-04 6.187507486766656356e-04 1.116550327329806470e-04 1.164384685631560476e-04
9.474999999999999645e+00 5.784383484509906300e-04 5.921195069676209871e-04 1.051605037231208756e-04 1.096529397080880361e-04
9.500000000000000000e+00 5.536406793658995738e-04 5.666611819392728799e-04 9.904659856009536865e-05 1.032656866363122831e-04
9.525000000000000355e+00 5.299313162635998142e-04 5.423235685428663688e-04 9.329103185141226671e-05 9.725337115677107401e-05
9.550000000000000711e+00 5.072619319448146754e-04 5.190567539162296287e-04 8.787280295829278027e-05 9.159400066454664196e-05
9.574999999999999289e+00 4.855863211112734041e-04 4.968130223059608183e-04 8.277212504446435244e-05 8.626685332936642758e-05
9.599999999999999645e+00 4.648603129695101080e-04 4.755467639793126231e-04 7.797035837648723237e-05 8.125240788911060384e-05
9.625000000000000000e+00 4.450416861914084058e-04 4.552143875592849667e-04 7.344994521030877982e-05 7.653227669221306486e-05
9.650000000000000355e+00 4.260900866172864852e-04 4.357742345488966815e-04 6.919434908733670313e-05 7.208914171822407724e-05
9.675000000000000711e+00 4.079669487941872631e-04 4.171864978752340956e-04 6.518799792941812126e-05 6.790669468202785452e-05
9.699999999999999289e+00 3.906354195081614611e-04 3.994131427106616941e-04 6.141622851710708860e-05 6.396957981295507787e-05
9.724999999999999645e+00 3.740602848287639341e-04 3.824178307017510607e-04 5.786523506994312757e-05 6.026333953915705334e-05
9.750000000000000000e+00 3.582078995800402140e-04 3.661658469795936129e-04 5.452202037105987107e-05 5.677436344663995321e-05
9.775000000000000355e+00 3.430461198871035625e-04 3.506240298371601500e-04 5.137434931819021813e-05 5.348983963401186299e-05
9.800000000000000711e+00 3.285442378067505867e-04 3.357607034006318460e-04 4.841070556784443771e-05 5.039770908492396197e-05
9.824999999999999289e+00 3.146729187347584080e-04 3.215456126388388145e-04 4.562024952145640787e-05 4.748662226616154401e-05
9.849999999999999645e+00 3.014041416773009297e-04 3.079498611546450590e-04 4.299277943831150526e-05 4.474589797238838864e-05
9.875000000000000000e+00 2.887111412756255104e-04 2.949458514038174727e-04 4.051869450097174717e-05 4.216548473084897946e-05
9.900000000000000355e+00 2.765683525635341793e-04 2.825072272020252438e-04 3.818895954067209181e-05 3.973592405209735008e-05
9.925000000000000711e+00 2.649513581512571102e-04 2.706088190362982370e-04 3.599507254032056918e-05 3.744831596147060813e-05
9.949999999999999289e+00 2.538368371420857009e-04 2.592265911191390308e-04 3.392903363304208424e-05 3.529428655749095007e-05
9.974999999999999645e+00 2.432025165704748519e-04 2.483375909710361634e-04 3.198331539167595990e-05 3.326595723592490540e-05
1.000000000000000000e+01 2.330271247149658565e-04 2.379199010939134988e-04 3.015083524127740462e-05 3.135591555648685339e-05
1.002500000000000036e+01 2.232903463967922570e-04 2.279525926250136126e-04 2.842492944098710977e-05 2.955718795907765910e-05
1.005000000000000071e+01 2.139727801258352595e-04 2.184156809899811364e-04 2.679932819766302511e-05 2.786321386608157986e-05
1.007499999999999929e+01 2.050558971090786953e-04 2.092900833359671929e-04 2.526813274939356587e-05 2.626782134358797842e-05
1.009999999999999964e+01 1.965220021002704511e-04 2.005575779518034107e-04 2.382579360522602249e-05 2.476520431686404694e-05
1.012500000000000000e+01 1.883541958888624017e-04 1.922007654777496645e-04 2.246708969512577423e-05 2.334990096358138906e-05
1.015000000000000036e+01 1.805363393585577691e-04 1.842030316203176362e-04 2.118710890051318219e-05 2.201677323327839818e-05
1.017500000000000071e+01 1.730530192691560117e-04 1.765485116743921782e-04 1.998122982885798890e-05 2.076098766725818431e-05
1.019999999999999929e+01 1.658895154087456681e-04 1.692220565998030376e-04 1.884510487436026079e-05 1.957799742625946756e-05
1.022499999999999964e+01 1.590317692286288896e-04 1.622092004043628550e-04 1.777464379376887804e-05 1.846352537372246484e-05
1.025000000000000000e+01 1.524663539274336661e-04 1.554961293030128532e-04 1.676599830238389063e-05 1.741354791701521640e-05
1.027500000000000036e+01 1.461804457157909489e-04 1.490696518723032531e-04 1.581554798718503110e-05 1.642428001103078800e-05
1.030000000000000071e+01 1.401617965814976790e-04 1.429171708268138225e-04 1.491988654753824082e-05 1.549216095580618522e-05
1.032499999999999929e+01 1.343987080732754241e-04 1.370266560070033566e-04 1.407580925958606019e-05 1.461384106381374894e-05
1.034999999999999964e+01 1.288800063512219294e-04 1.313866184388077520e-04 1.328030094140899288e-05 1.378616914097794496e-05
1.037500000000000000e+01 1.235950183498307406e-04 1.259860857142938132e-04 1.253052468512981987e-05 1.300618064605151525e-05
1.040000000000000036e+01 1.185335490046168447e-04 1.208145784116990021e-04 1.182381120696353426e-05 1.227108658767822338e-05
1.042500000000000071e+01 1.136858595288379087e-04 1.158620876237832255e-04 1.115764885145613061e-05 1.157826299987361527e-05
1.044999999999999929e+01 1.090426466490186376e-04 1.111190534785353931e-04 1.052967442848432258e-05 1.092524119670191668e-05
1.047499999999999964e+01 1.045950227919839414e-04 1.065763446418671731e-04 9.937664143403067196e-06 1.030969851561597714e-05
1.050000000000000000e+01 1.003344971824084755e-04 1.022252387695784544e-04 9.379525363136011827e-06 9.729449543132395707e-06
1.052500000000000036e+01 9.625295778985205409e-05 9.805740383811844955e-05 8.853288897712626888e-06 9.182437996977245348e-06
1.055000000000000071e+01 9.234265410136147177e-05 9.406488033451325327e-05 8.357101595322725441e-06 8.666729020031006689e-06
1.057499999999999929e+01 8.859618068511669305e-05 9.024006426245298766e-05 7.889219473684796081e-06 8.180501961563994013e-06
1.059999999999999964e+01 8.500646150122715902e-05 8.657569092847319781e-05 7.448001155388164438e-06 7.722043545705322451e-06
1.062500000000000000e+01 8.156673492945881352e-05 8.306481946971840406e-05 7.031901806880316632e-06 7.289741467722500920e-06
1.065000000000000036e+01 7.827053948385091049e-05 7.970081809002034100e-05 6.639467385377043460e-06 6.882078382286150886e-06
1.067500000000000071e+01 7.511170018458821287e-05 7.647734998015673249e-05 6.269329295606506421e-06 6.497626260685426918e-06
1.069999999999999929e+01 7.208431556176424259e-05 7.338835988996762240e-05 5.920199261110931934e-06 6.135041088947300148e-06
1.072499999999999964e+01 6.918274524431221404e-05 7.042806131625918261e-05 5.590864544265538307e-06 5.793057831508832690e-06
1.075000000000000000e+01 6.640159811534147849e-05 6.759092427129140127e-05 5.280183563705229101e-06 5.470485776069828167e-06
1.077500000000000036e+01 6.373572102803665954e-05 6.487166362605972694e-05 4.987081563443483798e-06 5.166204114236384951e-06
1.080000000000000071e+01 6.118018803177024208e-05 6.226522798859378456e-05 4.710546638916504079e-06 4.879157741829156881e-06
1.082499999999999929e+01 5.873029009342175920e-05 5.976678909682113272e-05 4.449626096221648552e-06 4.608353378208512268e-06
1.084999999999999964e+01 5.638152529202334034e-05 5.737173170079027258e-05 4.203422914909674598e-06 4.352855918303053821e-06
1.087500000000000000e+01 5.412958946386688114e-05 5.507564390749726524e-05 3.971092420305925440e-06 4.111784961909989664e-06
1.090000000000000036e+01 5.197036727812213259e-05 5.287430797468307102e-05 3.751839205361246038e-06 3.884311566195718022e-06
1.092500000000000071e+01 4.989992372492942367e-05 5.076369152952587779e-05 3.544914208968739738e-06 3.669655196753409856e-06
1.094999999999999929e+01 4.791449598962484164e-05 4.873993918939566308e-05 3.349612004002795638e-06 3.467080865532543757e-06
1.097499999999999964e+01 4.601048570662473572e-05 4.679936457325251797e-05 3.165268190230458625e-06 3.275896441940239135e-06
1.100000000000000000e+01 4.418445156791338144e-05 4.493844268014245710e-05 2.991256975864320834e-06 3.095450099388543948e-06
1.102500000000000036e+01 4.243310226775699187e-05 4.315380261792544167e-05 2.826988911906105771e-06 2.925127947651512338e-06
1.105000000000000071e+01 4.075328977505739814e-05 4.144222066757750021e-05 2.671908734630296607e-06 2.764351779212715221e-06
1.107499999999999929e+01 3.914200291220667539e-05 3.980061366705151259e-05 2.525493383941258621e-06 2.612576978984006548e-06
1.109999999999999964e+01 3.759636122879691920e-05 3.822603270062978429e-05 2.387250074463485784e-06 2.469290537304723167e-06
1.112500000000000000e+01 3.611360915742326596e-05 3.671565707379050226e-05 2.256714528034860597e-06 2.334009183318449211e-06
1.115000000000000036e+01 3.469111044001537910e-05 3.526678857341981747e-05 2.133449297774277238e-06 2.206277635470747697e-06
1.117500000000000071e+01 3.332634280163865721e-05 3.387684598728617756e-05 2.017042190214327994e-06 2.085666954201976253e-06
1.119999999999999929e+01 3.201689287327866274e-05 3.254335987100237911e-05 1.907104798384823967e-06 1.971772996075034198e-06
1.122499999999999964e+01 3.076045134795259389e-05 3.126396756310152047e-05 1.803271093552211081e-06 1.864214961847414150e-06
1.125000000000000000e+01 2.955480835322042555e-05 3.003640842119510647e-05 1.705196103508196205e-06 1.762634013186399024e-06
1.127500000000000036e+01 2.839784904009726082e-05 2.885851928139891766e-05 1.612554699680377014e-06 1.666691989617857932e-06
1.130000000000000071e+01 2.728754936927591917e-05 2.772823012395767326e-05 1.525040440275973880e-06 1.576070202021343267e-06
1.132499999999999929e+01 2.622197209168948093e-05 2.664355993642366608e-05 1.442364469743044530e-06 1.490468295884130701e-06
1.134999999999999964e+01 2.519926291045252036e-05 2.560261276580924080e-05 1.364254480625093853e-06 1.409603168206705130e-06
1.137500000000000000e+01 2.421764681843199466e-05 2.460357395139044096e-05 1.290453775930542879e-06 1.333207965531277899e-06
1.140000000000000036e+01 2.327542460173150077e-05 2.364470652886579380e-05 1.220720342300557053e-06 1.261031139954118094e-06
1.142500000000000071e+01 2.237096950255235728e-05 2.272434779886589067e-05 1.154825997276704603e-06 1.192835548876881147e-06
1.144999999999999929e+01 2.150272403247938582e-05 2.184090605152452558e-05 1.092555590661861567e-06 1.128397621736799251e-06
1.147499999999999964e+01 2.066919693005520104e-05 2.099285743843968906e-05 1.033706235622128982e-06 1.067506563754288273e-06
1.150000000000000000e+01 1.986896025654730238e-05 2.017874298840960576e-05 9.780866093464784298e-07 1.009963615467383579e-06
1.152500000000000036e+01 1.910064662188503101e-05 1.939716575684427273e-05 9.255162845313240331e-07 9.555813565495297040e-07
1.155000000000000071e+01 1.836294653632677707e-05 1.864678810446178454e-05 8.758250926173893041e-07 9.041830494064232262e-07
1.157499999999999929e+01 1.765460588208586656e-05 1.792632909937282875e-05 8.288525243740471664e-07 8.556020134670592692e-07
1.159999999999999964e+01 1.697442349897167381e-05 1.723456203790575304e-05 7.844471818792775903e-07 8.096810451501573559e-07
1.162500000000000000e+01 1.632124887714847541e-05 1.657031207553888178e-05 7.424662486726990073e-07 7.662718707801840474e-07
1.165000000000000036e+01 1.569397995420728243e-05 1.593245396423989646e-05 7.027749954413370938e-07 7.252346301295751860e-07
1.167500000000000071e+01 1.509156101134865208e-05 1.531990989277033448e-05 6.652463139898194854e-07 6.864373907289173853e-07
1.169999999999999929e+01 1.451298066354457236e-05 1.473164742350520633e-05 6.297602783563895345e-07 6.497556904963178954e-07
1.172499999999999964e+01 1.395726993951354388e-05 1.416667752195221021e-05 5.962037327289051933e-07 6.150721074727240929e-07
1.175000000000000000e+01 1.342350044756797363e-05 1.362405267446271778e-05 5.644698983293610575e-07 5.822758537173278393e-07
1.177500000000000036e+01 1.291078262320810359e-05 1.310286509015878537e-05 5.344580120444877298e-07 5.512623927216243948e-07
1.180000000000000071e+01 1.241826405494805985e-05 1.260224498330969603e-05 5.060729825072535641e-07 5.219330837260968413e-07
1.182499999999999929e+01 1.194512788454848446e-05 1.212135893244882772e-05 4.792250604390936849e-07 4.941948407567869744e-07
1.184999999999999964e+01 1.149059127820780562e-05 1.165940831241562149e-05 4.538295377312857322e-07 4.679598152278176970e-07
1.187500000000000000e+01 1.105390396584350679e-05 1.121562779636766170e-05 4.298064566726690087e-07 4.431450959173119483e-07
1.190000000000000036e+01 1.063434684484518480e-05 1.078928392425308402e-05 4.070803399538571710e-07 4.196724264292438037e-07
1.192500000000000071e+01 1.023123064574061900e-05 1.037967373478344759e-05 3.855799349110836873e-07 3.974679393392604782e-07
1.194999999999999929e+01 9.843894656886130281e-06 9.986123458262055217e-06 3.652379727173369123e-07 3.764619055997667708e-07
1.197499999999999964e+01 9.471705505296161096e-06 9.607987267035826776e-06 3.459909417662879057e-07 3.565884984594013915e-07
1.200000000000000000e+01 9.114055991333856166e-06 9.244646081304727883e-06 3.277788741673847542e-07 3.377855712819234652e-07
1.202500000000000036e+01 8.770363974586797211e-06 8.895506427626410849e-06 3.105451444681771844e-07 3.199944480863688101e-07
1.205000000000000071e+01 8.440071308687760668e-06 8.559999347658488132e-06 2.942362801354729392e-07 3.031597263495044633e-07
1.207499999999999929e+01 8.122642822943476615e-06 8.237579354954223255e-06 2.788017828348713415e-07 2.872290910801411718e-07
1.209999999999999964e+01 7.817565348603087877e-06 7.927723437666272437e-06 2.641939601755227533e-07 2.721531397677317274e-07
1.212500000000000000e+01 7.524346787642302224e-06 7.629930104952860752e-06 2.503677668421684177e-07 2.578852172783824098e-07
1.215000000000000036e+01 7.242515222334401894e-06 7.343718475178527319e-06 2.372806551668002805e-07 2.443812603275311631e-07
1.217500000000000071e+01 6.971618063599291343e-06 7.068627404073668421e-06 2.248924343261975619e-07 2.315996509859401933e-07
1.219999999999999929e+01 6.711221236467924468e-06 6.804214650858627557e-06 2.131651374816279207e-07 2.195010786471514024e-07
1.222499999999999964e+01 6.460908401100980441e-06 6.550056080882852387e-06 2.020628963867540203e-07 2.080484097678643900e-07
1.225000000000000000e+01 6.220280207489935147e-06 6.305744902965286447e-06 1.915518234606574788e-07 1.972065651582098038e-07
1.227500000000000036e+01 5.988953582585781021e-06 6.070890939870288269e-06 1.815999003625830073e-07 1.869424043056908724e-07
1.230000000000000071e+01 5.766561048321736285e-06 5.845119930564806052e-06 1.721768731983791493e-07 1.772246163069110168e-07
1.232499999999999929e+01 5.552750069073877837e-06 5.628072862645281111e-06 1.632541537280117551e-07 1.680236172128528780e-07
1.234999999999999964e+01 5.347182427393955994e-06 5.419405333736971092e-06 1.548047257684015260e-07 1.593114530425061962e-07
1.237500000000000000e+01 5.149533626683147530e-06 5.218786940577294000e-06 1.468030574272628633e-07 1.510617083535362320e-07
1.240000000000000036e+01 4.959492319507625466e-06 5.025900694432953905e-06 1.392250181382231411e-07 1.432494201760571507e-07
1.242500000000000071e+01 4.776759760535193833e-06 4.840442461647619407e-06 1.320478002903813782e-07 1.358509966709398288e-07
1.244999999999999929e+01 4.601049283090926257e-06 4.662120428464387293e-06 1.252498455224954566e-07 1.288441405247846528e-07
1.247499999999999964e+01 4.432085798014633164e-06 4.490654588744512381e-06 1.188107750882034685e-07 1.222077766631494658e-07
1.250000000000000000e+01 4.269605314117008459e-06 4.325776253756206756e-06 1.127113242159532138e-07 1.159219841157036208e-07
1.252500000000000036e+01 4.113354479079980257e-06 4.167227582973001984e-06 1.069332802210326176e-07 1.099679317179763309e-07
1.255000000000000071e+01 3.963090140015263989e-06 4.014761134962137018e-06 1.014594240229733053e-07 1.043278175117486440e-07
1.257499999999999929e+01 3.818578922767697875e-06 3.868139437523455439e-06 9.627347492630676420e-08 9.898481143662596145e-08
1.259999999999999964e+01 3.679596829119145486e-06 3.727134576158264638e-06 9.136003874142970784e-08 9.392300140699033508e-08
1.262500000000000000e+01 3.545928851157243994e-06 3.591527800098604681e-06 8.670455863511485206e-08 8.912734238237457240e-08
1.265000000000000036e+01 3.417368602040195861e-06 3.461109145118614070e-06 8.229326885272561797e-08 8.458360833720698508e-08
1.267500000000000071e+01 3.293717962457566829e-06 3.335677072460558007e-06 7.811315092859268523e-08 8.027834689401547962e-08
1.269999999999999929e+01 3.174786742024735958e-06 3.215038123026056893e-06 7.415189252349893893e-08 7.619883654325098005e-08
1.272499999999999964e+01 3.060392355060637676e-06 3.099006586281961450e-06 7.039784843050481042e-08 7.233304628788349458e-08
1.275000000000000000e+01 2.950359510057626225e-06 2.987404183210485579e-06 6.684000381965025731e-08 6.866959749578300798e-08
1.277500000000000036e+01 2.844519912262277249e-06 2.880059762653134512e-06 6.346793963003874983e-08 6.519772798126195554e-08
1.280000000000000071e+01 2.742711978815378110e-06 2.776809010507549874e-06 6.027179970460974123e-08 6.190725803467759099e-08
1.282499999999999929e+01 2.644780565894897701e-06 2.677494171224520818e-06 5.724225994789183753e-08 5.878855835875592371e-08
1.284999999999999964e+01 2.550576707329209181e-06 2.581963781020660216e-06 5.437049917169519974e-08 5.583251986553205743e-08
1.287500000000000000e+01 2.459957364213850494e-06 2.490072412364445214e-06 5.164817148429575147e-08 5.303052510594755369e-08
1.290000000000000036e+01 2.372785185017644448e-06 2.401680429177284701e-06 4.906738025921010176e-08 5.037442129374046152e-08
1.292500000000000071e+01 2.288928275778596059e-06 2.316653752353389491e-06 4.662065360144148444e-08 4.785649484354382713e-08
1.294999999999999929e+01 2.208259979906599142e-06 2.234863635118204182e-06 4.430092115066565999e-08 4.546944736475892496e-08
1.297499999999999964e+01 2.130658667210055149e-06 2.156186447802446260e-06 4.210149212960098972e-08 4.320637293903084608e-08
1.300000000000000000e+01 2.056007531734683545e-06 2.080503471635758598e-06 4.001603467386227247e-08 4.106073669265292223e-08
1.302500000000000036e+01 1.984194398053337454e-06 2.007700701169340693e-06 3.803855629785362168e-08 3.902635455420338897e-08
1.305000000000000071e+01 1.915111535633078894e-06 1.937668654963686854e-06 3.616338544464871938e-08 3.709737416138243924e-08
1.307499999999999929e+01 1.848655480939415707e-06 1.870302194181287103e-06 3.438515398926960396e-08 3.526825677877895041e-08
1.309999999999999964e+01 1.784726866942454896e-06 1.805500348742944357e-06 3.269878080998975781e-08 3.353376024068601733e-08
1.312500000000000000e+01 1.723230259725855824e-06 1.743166150734194945e-06 3.109945623960658158e-08 3.188892286111906893e-08
1.315000000000000036e+01 1.664074001891961169e-06 1.683206474762192662e-06 2.958262733572625119e-08 3.032904821437782704e-08
1.317500000000000071e+01 1.607170062457905241e-06 1.625531884947394893e-06 2.814398399534342838e-08 2.884969074790919523e-08
1.319999999999999929e+01 1.552433892988067184e-06 1.570056488277220474e-06 2.677944583873230629e-08 2.744664220883431141e-08
1.322499999999999964e+01 1.499784289693511290e-06 1.516697794057278552e-06 2.548514978475287525e-08 2.611591880201713053e-08
1.325000000000000000e+01 1.449143261246108112e-06 1.465376579197550994e-06 2.425743835781249261e-08 2.485374906681132660e-08
1.327500000000000036e+01 1.400435902071327132e-06 1.416016759092365547e-06 2.309284860762095901e-08 2.365656242983415557e-08
1.330000000000000071e+01 1.353590270880833492e-06 1.368545263852768715e-06 2.198810164250821682e-08 2.252097837370060640e-08
1.332499999999999929e+01 1.308537274231608190e-06 1.322891919669016356e-06 2.094009273127721998e-08 2.144379620910062575e-08
1.334999999999999964e+01 1.265210554904773843e-06 1.278989335089355110e-06 1.994588195196289958e-08 2.042198539504459038e-08
1.337500000000000000e+01 1.223546384901012802e-06 1.236772792013698369e-06 1.900268537781811670e-08 1.945267641500337048e-08
1.340000000000000036e+01 1.183483562854190439e-06 1.196180141197808388e-06 1.810786670364940964e-08 1.853315213692973828e-08
1.342500000000000071e+01 1.144963315688825680e-06 1.157151702083464974e-06 1.725892936052447937e-08 1.766083964894239446e-08
1.344999999999999929e+01 1.107929204338539660e-06 1.119630166778106059e-06 1.645350905027105663e-08 1.683330254526844972e-08
1.347499999999999964e+01 1.072327033359443095e-06 1.083560508003580183e-06 1.568936670192854363e-08 1.604823363643168531e-08
1.350000000000000178e+01 1.038104764282470435e-06 1.048889890859162660e-06 1.496438179319444113e-08 1.530344805967075003e-08
1.352500000000000213e+01 1.005212432544707745e-06 1.015567588237751368e-06 1.427654603653220040e-08 1.459687675198312535e-08
1.355000000000000249e+01 9.736020678548280492e-07 9.835448997435040421e-07 1.362395743211748238e-08 1.392656029402455316e-08
1.357499999999999929e+01 9.432276178520995221e-07 9.527750739672865392e-07 1.300481463687006548e-08 1.329064309123967267e-08
1.359999999999999964e+01 9.140448749274793683e-07 9.232132339865978724e-07 1.241741162160021710e-08 1.268736786905762293e-08
1.362500000000000000e+01 8.860114060720072724e-07 8.948163059537549213e-07 1.186013263166695133e-08 1.211507045618597566e-08
1.365000000000000213e+01 8.590864856345682384e-07 8.675429506481971564e-07 1.133144744554266303e-08 1.157217487635947140e-08
1.367500000000000249e+01 8.332310308695445764e-07 8.413534978735645400e-07 1.082990684849747368e-08 1.105718869309170676e-08
1.369999999999999929e+01 8.084075401612615147e-07 8.162098835836796839e-07 1.035413837973169839e-08 1.056869860538448761e-08
1.372499999999999964e+01 7.845800338182154726e-07 7.920755896264806783e-07 9.902842312080898822e-09 1.010536629364409584e-08
1.375000000000000000e+01 7.617139973341371365e-07 7.689155860025045258e-07 9.474787842480885064e-09 9.665924489028363459e-09
1.377500000000000213e+01 7.397763270159965230e-07 7.466962755357603264e-07 9.068809487295115094e-09 9.249173254426551606e-09
1.380000000000000249e+01 7.187352778865080268e-07 7.253854408609562512e-07 8.683803679634719515e-09 8.853976466945809974e-09
1.382499999999999929e+01 6.985604137703176421e-07 7.049521936355146693e-07 8.318725552648352015e-09 8.479258497405512313e-09
1.384999999999999964e+01 6.792225594774132678e-07 6.853669258885661668e-07 7.972585895069123436e-09 8.124001067219599128e-09
1.387500000000000000e+01 6.606937550014526463e-07 6.666012634217707676e-07 7.644448276167362644e-09 7.787240280418285064e-09
1.390000000000000213e+01 6.429472116535471875e-07 6.486280211817277687e-07 7.333426324280181686e-09 7.468063814572293539e-09
1.392500000000000249e+01 6.259572700561351215e-07 6.314211605264701500e-07 7.038681157567506803e-09 7.165608268632418135e-09
1.394999999999999929e+01 6.096993599267912282e-07 6.149557483136952938e-07 6.759418950991269969e-09 6.879056652666654716e-09
1.397499999999999964e+01 5.941499615803718619e-07 5.992079177398817355e-07 6.494888645041864188e-09 6.607636019568199930e-09
1.400000000000000000e+01 5.792865690840594332e-07 5.841548308616026526e-07 6.244379766058808955e-09 6.350615223436078013e-09
1.402500000000000213e+01 5.650876550044499968e-07 5.697746427364760398e-07 6.007220375349619445e-09 6.107302797817689360e-09
1.405000000000000249e+01 5.515326366838312407e-07 5.560464671220424674e-07 5.782775135496194321e-09 5.877044959141209066e-09
1.407499999999999929e+01 5.386018439882688428e-07 5.429503436716955405e-07 5.570443475743719660e-09 5.659223716129019987e-09
1.409999999999999964e+01 5.262764884755161344e-07 5.304672065751597109e-07 5.369657863640954813e-09 5.453255085794321452e-09
1.412500000000000000e+01 5.145386339253969065e-07 5.185788545864720080e-07 5.179882167400649500e-09 5.258587405823405417e-09
1.415000000000000213e+01 5.033711681861674015e-07 5.072679223891931052e-07 5.000610114020811671e-09 5.074699742141687592e-09
1.417500000000000249e+01 4.927577762887424200e-07 4.965178532523384163e-07 4.831363835449789358e-09 4.901100387444959279e-09
1.419999999999999929e+01 4.826829147802622011e-07 4.863128729267586602e-07 4.671692491928893529e-09 4.737325444340549378e-09
1.422499999999999964e+01 4.731317872358844080e-07 4.766379647391259638e-07 4.521170974270037834e-09 4.582937484965734623e-09
1.425000000000000000e+01 4.640903209062391388e-07 4.674788458410563294e-07 4.379398685181762836e-09 4.437524292395315371e-09
1.427500000000000036e+01 4.555451444609710398e-07 4.588219445729402714e-07 4.245998382692984340e-09 4.300697670520655610e-09
1.430000000000000249e+01 4.474835667897517611e-07 4.506543789027490023e-07 4.120615095158036115e-09 4.172092322993251697e-09
1.432499999999999929e+01 4.398935568255377779e-07 4.429639359037461153e-07 4.002915098225383006e-09 4.051364798211730473e-09
1.434999999999999964e+01 4.327637243552963619e-07 4.357390522361619029e-07 3.892584952182126175e-09 3.938192496133950959e-09
1.437500000000000000e+01 4.260833017853413385e-07 4.289687955989408935e-07 3.789330596300714678e-09 3.832272734045544752e-09
1.440000000000000036e+01 4.198421268299072270e-07 4.226428471197679001e-07 3.692876498034529417e-09 3.733321868547679236e-09
1.442500000000000249e+01 4.140306260934153496e-07 4.167514846528736259e-07 3.602964852128231109e-09 3.641074470325918238e-09
1.444999999999999929e+01 4.086397995185518734e-07 4.112855669565295134e-07 3.519354831543880563e-09 3.555282549465431775e-09
1.447499999999999964e+01 4.036612056728444661e-07 4.062365187223110898e-07 3.441821887102726238e-09 3.475714832686090776e-09
1.450000000000000000e+01 3.990869478486739132e-07 4.015963164303153686e-07 3.370157085883629500e-09 3.402156082900429075e-09
1.452500000000000036e+01 3.949096609523015316e-07 3.973574750058741256e-07 3.304166496232593799e-09 3.334406462593394250e-09
1.455000000000000249e+01 3.911224991589540806e-07 3.935130352538235664e-07 3.243670615307593912e-09 3.272280942378440645e-09
1.457499999999999929e+01 3.877191243129600714e-07 3.900565520491688592e-07 3.188503833660168540e-09 3.215608748856945828e-09
1.459999999999999964e+01 3.846936950518563056e-07 3.869820832626614500e-07 3.138513937991379989e-09 3.164232850756661418e-09
1.462500000000000000e+01 3.820408566356379618e-07 3.842841794019091025e-07 3.093561648677128433e-09 3.118009481697289241e-09
1.465000000000000036e+01 3.797557314625722955e-07 3.819578739492575162e-07 3.053520192482303502e-09 3.076807697858304012e-09
1.467500000000000249e+01 3.778339102546421234e-07 3.799986743789530335e-07 3.018274909203614406e-09 3.040508971388189022e-09
1.469999999999999929e+01 3.762714438966450571e-07 3.784025538373650688e-07 2.987722889816695069e-09 3.009006815618011980e-09
1.472499999999999964e+01 3.750648359138477937e-07 3.771659434708624743e-07 2.961772646613832989e-09 2.982206443888007420e-09
1.475000000000000000e+01 3.742110355740157619e-07 3.762857253868362349e-07 2.940343808857169351e-09 2.960024454999687712e-09
1.477500000000000036e+01 3.737074316008296666e-07 3.757592262345684329e-07 2.923366850510615942e-09 2.942388549748183229e-09
1.480000000000000249e+01 3.735518464864677829e-07 3.755842113934931868e-07 2.910782846290952565e-09 2.929237277840276492e-09
1.482499999999999929e+01 3.737425313920574910e-07 3.757588797572616239e-07 2.902543252639353826e-09 2.920519810727558230e-09
1.484999999999999964e+01 3.742781616256864958e-07 3.762818591030823203e-07 2.898609714753668358e-09 2.916195740323720821e-09
1.487500000000000000e+01 3.751578326883134282e-07 3.771522020364450809e-07 2.898953900409507969e-09 2.916234905529326731e-09
1.490000000000000036e+01 3.763810568789516420e-07 3.783693825023703185e-07 2.903557356644027005e-09 2.920617242365952344e-09
1.492500000000000071e+01 3.779477604513016889e-07 3.799332928551732700e-07 2.912411391979266670e-09 2.929332659820296372e-09
1.494999999999999929e+01 3.798582813146934651e-07 3.818442414794152105e-07 2.925516983388707749e-09 2.942380941438182098e-09
1.497499999999999964e+01 3.821133672730815260e-07 3.841029509555986017e-07 2.942884705079105604e-09 2.959771669288209223e-09
