# col1: r[fm],  col2: chargedensity, col3: weak density [fm^-3](normailized to Q=1)
2.101448349307773875e-07 6.782170682505507531e-02 -7.944834538418446557e-02
2.500000000000000139e-02 6.781852941356980580e-02 -7.945005894954298986e-02
5.000000000000000278e-02 6.780900411822660123e-02 -7.945519409468600192e-02
7.499999999999999722e-02 6.779315167199441439e-02 -7.946373414174279226e-02
1.000000000000000056e-01 6.777100635505425852e-02 -7.947565121470713534e-02
1.250000000000000000e-01 6.774261560464944765e-02 -7.949090613377222947e-02
1.499999999999999944e-01 6.770803951064210957e-02 -7.950944829337137920e-02
1.749999999999999889e-01 6.766735023356558465e-02 -7.953121554684815242e-02
2.000000000000000111e-01 6.762063138595775236e-02 -7.955613412323245259e-02
2.250000000000000056e-01 6.756797741783485134e-02 -7.958411860172104335e-02
2.500000000000000000e-01 6.750949304338520196e-02 -7.961507196718371759e-02
2.750000000000000222e-01 6.744529273879495967e-02 -7.964888576558694366e-02
2.999999999999999889e-01 6.737550033136024963e-02 -7.968544037212563214e-02
3.250000000000000111e-01 6.730024868874835697e-02 -7.972460537769010536e-02
3.499999999999999778e-01 6.721967950562508787e-02 -7.976624009178844010e-02
3.750000000000000000e-01 6.713394317405250999e-02 -7.981019415291412678e-02
4.000000000000000222e-01 6.704319871514480278e-02 -7.985630823125278166e-02
4.249999999999999889e-01 6.694761374327853898e-02 -7.990441480410002961e-02
4.500000000000000111e-01 6.684736443120037341e-02 -7.995433898175619003e-02
4.749999999999999778e-01 6.674263544481283394e-02 -8.000589936112814660e-02
5.000000000000000000e-01 6.663361982003443429e-02 -8.005890888571755293e-02
5.250000000000000222e-01 6.652051876038113376e-02 -8.011317569384381054e-02
5.500000000000000444e-01 6.640354134200261715e-02 -8.016850394139714286e-02
5.749999999999999556e-01 6.628290412186792213e-02 -8.022469459059741737e-02
5.999999999999999778e-01 6.615883065362415660e-02 -8.028154616156153722e-02
6.250000000000000000e-01 6.603155092340413923e-02 -8.033885544837951476e-02
6.500000000000000222e-01 6.590130072376484960e-02 -8.039641820538688533e-02
6.750000000000000444e-01 6.576832098746626665e-02 -8.045402981203270132e-02
6.999999999999999556e-01 6.563285710372140924e-02 -8.051148592599104148e-02
7.249999999999999778e-01 6.549515823793813918e-02 -8.056858313392158133e-02
7.500000000000000000e-01 6.535547667219082646e-02 -8.062511960770897546e-02
7.750000000000000222e-01 6.521406717829615618e-02 -8.068089577138172486e-02
8.000000000000000444e-01 6.507118642915707407e-02 -8.073571498062527552e-02
8.249999999999999556e-01 6.492709244778112343e-02 -8.078938421329884267e-02
8.499999999999999778e-01 6.478204408782296808e-02 -8.084171476607587836e-02
8.750000000000000000e-01 6.463630053527630315e-02 -8.089252294963672485e-02
9.000000000000000222e-01 6.449012081847899092e-02 -8.094163077303587195e-02
9.250000000000001554e-01 6.434376331308852559e-02 -8.098886660710596930e-02
9.499999999999999556e-01 6.419748523008234065e-02 -8.103406581707320311e-02
9.749999999999999778e-01 6.405154207785369869e-02 -8.107707135584067693e-02
1.000000000000000000e+00 6.390618709363803107e-02 -8.111773431143312618e-02
1.024999999999999911e+00 6.376167064423665654e-02 -8.115591440459268835e-02
1.050000000000000044e+00 6.361823960067133910e-02 -8.119148043514319568e-02
1.074999999999999956e+00 6.347613669542498394e-02 -8.122431067817229011e-02
1.100000000000000089e+00 6.333559987381795486e-02 -8.125429323303674789e-02
1.125000000000000000e+00 6.319686165252764998e-02 -8.128132632946968861e-02
1.149999999999999911e+00 6.306014849816582446e-02 -8.130531859555854834e-02
1.175000000000000044e+00 6.292568023726527460e-02 -8.132618929206618386e-02
1.199999999999999956e+00 6.279366950627207622e-02 -8.134386851658982620e-02
1.225000000000000089e+00 6.266432124659016001e-02 -8.135829737957364638e-02
1.250000000000000000e+00 6.253783224588373157e-02 -8.136942815245548632e-02
1.274999999999999911e+00 6.241439072321097042e-02 -8.137722438649128143e-02
1.300000000000000044e+00 6.229417595260056811e-02 -8.138166099931411213e-02
1.324999999999999956e+00 6.217735791774697818e-02 -8.138272432525030242e-02
1.350000000000000089e+00 6.206409698978997830e-02 -8.138041212496649468e-02
1.375000000000000000e+00 6.195454362070269838e-02 -8.137473355021326848e-02
1.399999999999999911e+00 6.184883804650529587e-02 -8.136570906022633221e-02
1.425000000000000044e+00 6.174710999707577752e-02 -8.135337028763327261e-02
1.449999999999999956e+00 6.164947841236972231e-02 -8.133775985332047931e-02
1.475000000000000089e+00 6.155605116795459519e-02 -8.131893113143368046e-02
1.500000000000000000e+00 6.146692481549287379e-02 -8.129694796729812489e-02
1.524999999999999911e+00 6.138218434581049765e-02 -8.127188435236365471e-02
1.550000000000000044e+00 6.130190298320861014e-02 -8.124382406115315813e-02
1.574999999999999956e+00 6.122614201960058927e-02 -8.121286025554114163e-02
1.600000000000000089e+00 6.115495069591317390e-02 -8.117909506149800780e-02
1.625000000000000000e+00 6.108836613615042238e-02 -8.114263912276886703e-02
1.649999999999999911e+00 6.102641333686372599e-02 -8.110361113493051721e-02
1.675000000000000044e+00 6.096910521185726350e-02 -8.106213736205389320e-02
1.699999999999999956e+00 6.091644268916292237e-02 -8.101835113696932711e-02
1.725000000000000311e+00 6.086841485499817905e-02 -8.097239234507326577e-02
1.750000000000000000e+00 6.082499913784957662e-02 -8.092440689086777272e-02
1.774999999999999911e+00 6.078616152518154930e-02 -8.087454614609421166e-02
1.800000000000000044e+00 6.075185680559731100e-02 -8.082296637845130804e-02
1.824999999999999956e+00 6.072202883049119398e-02 -8.076982816044592228e-02
1.850000000000000311e+00 6.069661079113154029e-02 -8.071529575884127394e-02
1.875000000000000000e+00 6.067552550941281847e-02 -8.065953650630408589e-02
1.899999999999999911e+00 6.065868574288132281e-02 -8.060272015806288493e-02
1.925000000000000044e+00 6.064599450674063724e-02 -8.054501823750481737e-02
1.949999999999999956e+00 6.063734541708918485e-02 -8.048660337551935551e-02
1.975000000000000089e+00 6.063262306042303817e-02 -8.042764864892518184e-02
2.000000000000000000e+00 6.063170339435667439e-02 -8.036832692343487405e-02
2.024999999999999911e+00 6.063445418358321543e-02 -8.030881020630920020e-02
2.049999999999999822e+00 6.064073547344980136e-02 -8.024926901317992745e-02
2.075000000000000178e+00 6.065040010138562226e-02 -8.018987175257372146e-02
2.100000000000000089e+00 6.066329424407822246e-02 -8.013078413057680982e-02
2.125000000000000000e+00 6.067925799605602966e-02 -8.007216857699007984e-02
2.149999999999999911e+00 6.069812597349488748e-02 -8.001418369337538750e-02
2.174999999999999822e+00 6.071972793585455469e-02 -7.995698372270394760e-02
2.200000000000000178e+00 6.074388941751384524e-02 -7.990071803996624811e-02
2.225000000000000089e+00 6.077043236195099618e-02 -7.984553066311952940e-02
2.250000000000000000e+00 6.079917575213813347e-02 -7.979155978411370254e-02
2.274999999999999911e+00 6.082993623251890108e-02 -7.973893732037663773e-02
2.299999999999999822e+00 6.086252871997593905e-02 -7.968778848795565750e-02
2.325000000000000178e+00 6.089676700328535558e-02 -7.963823139836523346e-02
2.350000000000000089e+00 6.093246433241879950e-02 -7.959037668195752258e-02
2.375000000000000000e+00 6.096943400043740996e-02 -7.954432714118601921e-02
2.399999999999999911e+00 6.100748992145055977e-02 -7.950017743738524434e-02
2.424999999999999822e+00 6.104644720809539876e-02 -7.945801381459313695e-02
2.450000000000000178e+00 6.108612275124629398e-02 -7.941791386349557336e-02
2.475000000000000089e+00 6.112633580329902144e-02 -7.937994632781793236e-02
2.500000000000000000e+00 6.116690856458832648e-02 -7.934417095451652691e-02
2.524999999999999911e+00 6.120766677053904314e-02 -7.931063838804240651e-02
2.549999999999999822e+00 6.124844027529136731e-02 -7.927939010789059049e-02
2.575000000000000178e+00 6.128906362603413899e-02 -7.925045840772838857e-02
2.600000000000000089e+00 6.132937662132992296e-02 -7.922386641371929883e-02
2.625000000000000000e+00 6.136922484645143672e-02 -7.919962813928783929e-02
2.649999999999999911e+00 6.140846017920184585e-02 -7.917774857353077067e-02
2.674999999999999822e+00 6.144694126080074009e-02 -7.915822380075070164e-02
2.700000000000000178e+00 6.148453392803442802e-02 -7.914104114910318344e-02
2.725000000000000089e+00 6.152111160477331114e-02 -7.912617936701679677e-02
2.750000000000000000e+00 6.155655565290537451e-02 -7.911360882675111394e-02
2.774999999999999911e+00 6.159075568446123472e-02 -7.910329175508455657e-02
2.799999999999999822e+00 6.162360983799847203e-02 -7.909518249156682890e-02
2.825000000000000178e+00 6.165502502300596044e-02 -7.908922777495581979e-02
2.850000000000000089e+00 6.168491713610844279e-02 -7.908536705834236236e-02
2.875000000000000000e+00 6.171321125221349013e-02 -7.908353285305504132e-02
2.899999999999999911e+00 6.173984179254929372e-02 -7.908365110077282545e-02
2.924999999999999822e+00 6.176475266997586561e-02 -7.908564157243519466e-02
2.950000000000000178e+00 6.178789741024097448e-02 -7.908941829163343429e-02
2.975000000000000089e+00 6.180923924624221605e-02 -7.909488997930318177e-02
3.000000000000000000e+00 6.182875118108199786e-02 -7.910196051582621402e-02
3.024999999999999911e+00 6.184641601494691998e-02 -7.911052941617763290e-02
3.049999999999999822e+00 6.186222633071971483e-02 -7.912049231357398682e-02
3.075000000000000178e+00 6.187618443377145699e-02 -7.913174144721145387e-02
3.100000000000000089e+00 6.188830224251779671e-02 -7.914416615009918499e-02
3.125000000000000000e+00 6.189860112791685520e-02 -7.915765333363350420e-02
3.149999999999999911e+00 6.190711170193249208e-02 -7.917208796633266876e-02
3.174999999999999822e+00 6.191387355684899174e-02 -7.918735354494889356e-02
3.200000000000000178e+00 6.191893495896625549e-02 -7.920333255689149254e-02
3.225000000000000089e+00 6.192235250141894798e-02 -7.921990693343156087e-02
3.250000000000000000e+00 6.192419072150703863e-02 -7.923695849345069320e-02
3.274999999999999911e+00 6.192452168792498407e-02 -7.925436937750796051e-02
3.299999999999999822e+00 6.192342456265510775e-02 -7.927202247173724403e-02
3.325000000000000178e+00 6.192098514115049190e-02 -7.928980182059813808e-02
3.350000000000000089e+00 6.191729537294492214e-02 -7.930759302686338219e-02
3.375000000000000444e+00 6.191245286321566538e-02 -7.932528363653394698e-02
3.399999999999999911e+00 6.190656035432187676e-02 -7.934276350573779557e-02
3.424999999999999822e+00 6.189972518516774491e-02 -7.935992514618717131e-02
3.450000000000000622e+00 6.189205872557286547e-02 -7.937666404552588817e-02
3.475000000000000533e+00 6.188367578277195746e-02 -7.939287895893773483e-02
3.500000000000000000e+00 6.187469397774070234e-02 -7.940847216872125303e-02
3.524999999999999911e+00 6.186523309018383820e-02 -7.942334970914002867e-02
3.549999999999999822e+00 6.185541437259003961e-02 -7.943742155466000654e-02
3.575000000000000622e+00 6.184535983554916017e-02 -7.945060177060415951e-02
3.600000000000000089e+00 6.183519150831841282e-02 -7.946280862617934038e-02
3.625000000000000000e+00 6.182503068017819459e-02 -7.947396467065777348e-02
3.649999999999999911e+00 6.181499712923952533e-02 -7.948399677413675590e-02
3.674999999999999822e+00 6.180520834591428370e-02 -7.949283613468764720e-02
3.700000000000000622e+00 6.179577875816897464e-02 -7.950041825381143346e-02
3.725000000000000089e+00 6.178681896497915937e-02 -7.950668288195263111e-02
3.750000000000000000e+00 6.177843498318530413e-02 -7.951157393543049900e-02
3.774999999999999911e+00 6.177072751139914275e-02 -7.951503938560589013e-02
3.799999999999999822e+00 6.176379121293139318e-02 -7.951703112050977074e-02
3.825000000000000178e+00 6.175771401815084022e-02 -7.951750477861982414e-02
3.850000000000000089e+00 6.175257644544333846e-02 -7.951641955408007834e-02
3.875000000000000000e+00 6.174845093919791722e-02 -7.951373797249373931e-02
3.899999999999999911e+00 6.174540122309961354e-02 -7.950942563651890171e-02
3.924999999999999822e+00 6.174348166747448130e-02 -7.950345094087588049e-02
3.950000000000000178e+00 6.174273667044535147e-02 -7.949578475699325963e-02
3.975000000000000089e+00 6.174320005407181455e-02 -7.948640008831800441e-02
4.000000000000000000e+00 6.174489447826508881e-02 -7.947527169819773585e-02
4.025000000000000355e+00 6.174783087685788152e-02 -7.946237571310862946e-02
4.049999999999999822e+00 6.175200792154463686e-02 -7.944768920474717944e-02
4.075000000000000178e+00 6.175741152028996206e-02 -7.943118975504016854e-02
4.099999999999999645e+00 6.176401435710120874e-02 -7.941285500839549705e-02
4.125000000000000000e+00 6.177177547971367255e-02 -7.939266221549154401e-02
4.150000000000000355e+00 6.178063994077551829e-02 -7.937058777259840825e-02
4.174999999999999822e+00 6.179053849665400860e-02 -7.934660675989249623e-02
4.200000000000000178e+00 6.180138736619347067e-02 -7.932069248154667573e-02
4.224999999999999645e+00 6.181308804986532235e-02 -7.929281600965158716e-02
4.250000000000000000e+00 6.182552720799208007e-02 -7.926294573335460059e-02
4.275000000000000355e+00 6.183857659532443485e-02 -7.923104691408845712e-02
4.299999999999999822e+00 6.185209304836820909e-02 -7.919708124747151801e-02
4.325000000000000178e+00 6.186591852159761817e-02 -7.916100643244131096e-02
4.349999999999999645e+00 6.187988016906367794e-02 -7.912277574843058769e-02
4.375000000000000000e+00 6.189379046883954072e-02 -7.908233764187583281e-02
4.400000000000000355e+00 6.190744738908349198e-02 -7.903963532399124747e-02
4.424999999999999822e+00 6.192063459604036507e-02 -7.899460638245112132e-02
4.450000000000000178e+00 6.193312170580254211e-02 -7.894718241029342887e-02
4.474999999999999645e+00 6.194466458287887362e-02 -7.889728865588381546e-02
4.500000000000000000e+00 6.195500568937912372e-02 -7.884484369807732984e-02
4.525000000000000355e+00 6.196387448877200416e-02 -7.878975915072605751e-02
4.549999999999999822e+00 6.197098790766863985e-02 -7.873193940038741845e-02
4.575000000000000178e+00 6.197605085795675900e-02 -7.867128138051215913e-02
4.599999999999999645e+00 6.197875681998372271e-02 -7.860767438458929335e-02
4.625000000000000000e+00 6.197878848555799652e-02 -7.854099991979272832e-02
4.650000000000000355e+00 6.197581845754147889e-02 -7.847113160171295676e-02
4.674999999999999822e+00 6.196951000099002599e-02 -7.839793508988390780e-02
4.700000000000000178e+00 6.195951783939828567e-02 -7.832126806312671163e-02
4.724999999999999645e+00 6.194548898878694809e-02 -7.824098023330486318e-02
4.750000000000000000e+00 6.192706362224011107e-02 -7.815691339595763620e-02
4.775000000000000355e+00 6.190387595806104426e-02 -7.806890151644936549e-02
4.799999999999999822e+00 6.187555516588016252e-02 -7.797677085069586178e-02
4.825000000000000178e+00 6.184172628665363797e-02 -7.788034010012818975e-02
4.849999999999999645e+00 6.180201116430272118e-02 -7.777942060122310097e-02
4.875000000000000000e+00 6.175602938850726503e-02 -7.767381655055360934e-02
4.900000000000000355e+00 6.170339924962772726e-02 -7.756332526678248740e-02
4.924999999999999822e+00 6.164373870767585889e-02 -7.744773749124476969e-02
4.950000000000000178e+00 6.157666637754163202e-02 -7.732683772868838290e-02
4.974999999999999645e+00 6.150180253225956406e-02 -7.720040462934521508e-02
5.000000000000000000e+00 6.141877012500602390e-02 -7.706821141282174659e-02
5.025000000000000355e+00 6.132719582889810395e-02 -7.693002633339317275e-02
5.049999999999999822e+00 6.122671109172898168e-02 -7.678561318526358481e-02
5.075000000000000178e+00 6.111695320078450178e-02 -7.663473184533356464e-02
5.099999999999999645e+00 6.099756635111631964e-02 -7.647713885012002999e-02
5.125000000000000000e+00 6.086820270934529403e-02 -7.631258800280815713e-02
5.150000000000000355e+00 6.072852346442699639e-02 -7.614083100606018617e-02
5.174999999999999822e+00 6.057819985692967923e-02 -7.596161811619833726e-02
5.200000000000000178e+00 6.041691417925960234e-02 -7.577469881471214641e-02
5.224999999999999645e+00 6.024436074081378906e-02 -7.557982249365668981e-02
5.250000000000000000e+00 6.006024679405540939e-02 -7.537673915231736521e-02
5.275000000000000355e+00 5.986429341973210222e-02 -7.516520010339595992e-02
5.299999999999999822e+00 5.965623637159975234e-02 -7.494495868779173231e-02
5.325000000000000178e+00 5.943582688278935267e-02 -7.471577099768679509e-02
5.349999999999999645e+00 5.920283243712307769e-02 -7.447739660799608530e-02
5.375000000000000000e+00 5.895703750908779656e-02 -7.422959931625001950e-02
5.400000000000000355e+00 5.869824427575234815e-02 -7.397214789062737939e-02
5.424999999999999822e+00 5.842627330272513048e-02 -7.370481682518756350e-02
5.450000000000000178e+00 5.814096420445145214e-02 -7.342738710044419137e-02
5.474999999999999645e+00 5.784217627699633074e-02 -7.313964694640306963e-02
5.500000000000000000e+00 5.752978909924996026e-02 -7.284139260418810713e-02
5.525000000000000355e+00 5.720370309654984609e-02 -7.253242908154740320e-02
5.549999999999999822e+00 5.686384005932354491e-02 -7.221257089698480958e-02
5.575000000000000178e+00 5.651014360873991837e-02 -7.188164280709095910e-02
5.599999999999999645e+00 5.614257960163600986e-02 -7.153948051188772916e-02
5.625000000000000000e+00 5.576113646815848701e-02 -7.118593133363418368e-02
5.650000000000000355e+00 5.536582547750663885e-02 -7.082085486550157571e-02
5.674999999999999822e+00 5.495668092965177998e-02 -7.044412358768999127e-02
5.700000000000000178e+00 5.453376027363088935e-02 -7.005562344978208400e-02
5.724999999999999645e+00 5.409714415561738682e-02 -6.965525441925435324e-02
5.750000000000000000e+00 5.364693640211514597e-02 -6.924293099693758224e-02
5.775000000000000355e+00 5.318326394501743382e-02 -6.881858270072523098e-02
5.799999999999999822e+00 5.270627669572088697e-02 -6.838215451889620433e-02
5.825000000000000178e+00 5.221614737491842712e-02 -6.793360733403958074e-02
5.849999999999999645e+00 5.171307130317853717e-02 -6.747291831779640703e-02
5.875000000000000000e+00 5.119726615514989115e-02 -6.700008129557508130e-02
5.900000000000000355e+00 5.066897167751896469e-02 -6.651510707921069743e-02
5.924999999999999822e+00 5.012844936806959417e-02 -6.601802376439869224e-02
5.950000000000000178e+00 4.957598211075243261e-02 -6.550887698882330856e-02
5.974999999999999645e+00 4.901187375993271145e-02 -6.498773014637199141e-02
6.000000000000000000e+00 4.843644866623582346e-02 -6.445466455278738016e-02
6.025000000000000355e+00 4.785005113681285033e-02 -6.390977955860517590e-02
6.049999999999999822e+00 4.725304482441044368e-02 -6.335319260622568338e-02
6.075000000000000178e+00 4.664581204220658722e-02 -6.278503922937514470e-02
6.099999999999999645e+00 4.602875300467249020e-02 -6.220547299486493820e-02
6.125000000000000000e+00 4.540228499833729586e-02 -6.161466538825133288e-02
6.150000000000000355e+00 4.476684148980712707e-02 -6.101280564652143690e-02
6.174999999999999822e+00 4.412287118125375607e-02 -6.040010054207134438e-02
6.200000000000000178e+00 4.347083702544216749e-02 -5.977677412284863878e-02
6.224999999999999645e+00 4.281121521292330367e-02 -5.914306741350438407e-02
6.250000000000000000e+00 4.214449414315462467e-02 -5.849923808173153328e-02
6.275000000000000355e+00 4.147117338909236256e-02 -5.784556007274636175e-02
6.299999999999999822e+00 4.079176266147097052e-02 -5.718232321325444900e-02
6.325000000000000178e+00 4.010678077496498267e-02 -5.650983278447932467e-02
6.349999999999999645e+00 3.941675461424475752e-02 -5.582840906219025540e-02
6.375000000000000000e+00 3.872221809417351890e-02 -5.513838682042845191e-02
6.400000000000000355e+00 3.802371110562149936e-02 -5.444011479505407591e-02
6.424999999999999822e+00 3.732177843705642567e-02 -5.373395510349414372e-02
6.450000000000000178e+00 3.661696866252975302e-02 -5.302028261825664918e-02
6.474999999999999645e+00 3.590983298901048726e-02 -5.229948429385192221e-02
6.500000000000000000e+00 3.520092406009268232e-02 -5.157195844957336572e-02
6.525000000000000355e+00 3.449079471855463069e-02 -5.083811401387049872e-02
6.549999999999999822e+00 3.377999673650357304e-02 -5.009836973943166544e-02
6.575000000000000178e+00 3.306907952819299057e-02 -4.935315340117428506e-02
6.599999999999999645e+00 3.235858886626701708e-02 -4.860290099169214256e-02
6.625000000000000000e+00 3.164906562641028182e-02 -4.784805592994732792e-02
6.650000000000000355e+00 3.094104458752558809e-02 -4.708906829883650891e-02
6.674999999999999822e+00 3.023505331417103079e-02 -4.632639412553220259e-02
6.700000000000000178e+00 2.953161114488285152e-02 -4.556049471520514510e-02
6.724999999999999645e+00 2.883122830429189071e-02 -4.479183604403470104e-02
6.750000000000000888e+00 2.813440514901380599e-02 -4.402088821163833293e-02
6.775000000000001243e+00 2.744163154782806174e-02 -4.324812494667173990e-02
6.799999999999999822e+00 2.675338638652524983e-02 -4.247402315292930775e-02
6.825000000000001066e+00 2.607013717799289837e-02 -4.169906247742626720e-02
6.849999999999999645e+00 2.539233974962386287e-02 -4.092372487726046032e-02
6.875000000000000000e+00 2.472043797387952005e-02 -4.014849415904970381e-02
6.900000000000001243e+00 2.405486350454319119e-02 -3.937385546381090562e-02
6.924999999999999822e+00 2.339603548128734584e-02 -3.860029467148407695e-02
6.950000000000001066e+00 2.274436016877438502e-02 -3.782829770292400751e-02
6.974999999999999645e+00 2.210023050337420539e-02 -3.705834970287247288e-02
7.000000000000000000e+00 2.146402553014500544e-02 -3.629093409477796711e-02
7.025000000000001243e+00 2.083610972415734022e-02 -3.552653150679941502e-02
7.049999999999999822e+00 2.021683220249817156e-02 -3.476561857722618859e-02
7.075000000000001066e+00 1.960652584526056952e-02 -3.400866665616324863e-02
7.099999999999999645e+00 1.900550635440422659e-02 -3.325614042796542352e-02
7.125000000000000000e+00 1.841407128759461539e-02 -3.250849648493781691e-02
7.150000000000001243e+00 1.783249910927514961e-02 -3.176618188679767446e-02
7.174999999999999822e+00 1.726104830285400335e-02 -3.102963274201192556e-02
7.200000000000000178e+00 1.669995658592122317e-02 -3.029927284632381868e-02
7.224999999999999645e+00 1.614944026510335348e-02 -2.957551241069019191e-02
7.250000000000000000e+00 1.560969375907921529e-02 -2.885874690579359053e-02
7.275000000000001243e+00 1.508088930824436069e-02 -2.814935604376662959e-02
7.299999999999999822e+00 1.456317687848641268e-02 -2.744770291035081300e-02
7.325000000000000178e+00 1.405668425555136464e-02 -2.675413325305405973e-02
7.349999999999999645e+00 1.356151731651638985e-02 -2.606897492359301974e-02
7.375000000000000000e+00 1.307776045676037335e-02 -2.539253746655092958e-02
7.400000000000001243e+00 1.260547714514756792e-02 -2.472511184118817915e-02
7.424999999999999822e+00 1.214471057723042619e-02 -2.406697025997105166e-02
7.450000000000000178e+00 1.169548439616849463e-02 -2.341836612574492091e-02
7.474999999999999645e+00 1.125780345349782635e-02 -2.277953404949864882e-02
7.500000000000000000e+00 1.083165458637380500e-02 -2.215068993212540582e-02
7.525000000000000355e+00 1.041700739379142898e-02 -2.153203109615351926e-02
7.549999999999999822e+00 1.001381500079845388e-02 -2.092373645668070201e-02
7.575000000000000178e+00 9.622014806105281398e-03 -2.032596672426878817e-02
7.599999999999999645e+00 9.241529214079738375e-03 -1.973886463592776710e-02
7.625000000000000000e+00 8.872266356365511933e-03 -1.916255521318938407e-02
7.650000000000000355e+00 8.514120810949779572e-03 -1.859714604839074123e-02
7.674999999999999822e+00 8.166974327313778967e-03 -1.804272762151554188e-02
7.700000000000000178e+00 7.830696565438425086e-03 -1.749937365025680883e-02
7.724999999999999645e+00 7.505145854197213355e-03 -1.696714147545947543e-02
7.750000000000000000e+00 7.190169971485406604e-03 -1.644607248294961688e-02
7.775000000000000355e+00 6.885606944821456160e-03 -1.593619256120194436e-02
7.799999999999999822e+00 6.591285867635217691e-03 -1.543751259259561366e-02
7.825000000000000178e+00 6.307027723500280292e-03 -1.495002897441920046e-02
7.849999999999999645e+00 6.032646208537069572e-03 -1.447372416452182356e-02
7.875000000000000000e+00 5.767948541328171697e-03 -1.400856724572045395e-02
7.900000000000000355e+00 5.512736250006896113e-03 -1.355451450284340074e-02
7.924999999999999822e+00 5.266805927600716995e-03 -1.311151000660870126e-02
7.950000000000000178e+00 5.029949948999714454e-03 -1.267948619933286468e-02
7.974999999999999645e+00 4.801957145741412789e-03 -1.225836447860309888e-02
8.000000000000000000e+00 4.582613437776199110e-03 -1.184805577635779025e-02
8.025000000000000355e+00 4.371702424124236479e-03 -1.144846113212664475e-02
8.050000000000000711e+00 4.169005936526358133e-03 -1.105947226031354404e-02
8.074999999999999289e+00 3.974304561593061669e-03 -1.068097211223420148e-02
8.099999999999999645e+00 3.787378137445378094e-03 -1.031283543405958972e-02
8.125000000000000000e+00 3.608006230424893115e-03 -9.954929321843920820e-03
8.150000000000000355e+00 3.435968596248979191e-03 -9.607113774459883834e-03
8.175000000000000711e+00 3.271045628221638541e-03 -9.269242244610381015e-03
8.199999999999999289e+00 3.113018793059624430e-03 -8.941162187248453616e-03
8.224999999999999645e+00 2.961671052862326851e-03 -8.622715603853650657e-03
8.250000000000000000e+00 2.816787270027578706e-03 -8.313739580218759001e-03
8.275000000000000355e+00 2.678154590723585363e-03 -8.014066814810193520e-03
8.300000000000000711e+00 2.545562802018971980e-03 -7.723526134464121784e-03
8.324999999999999289e+00 2.418804657996510236e-03 -7.441942994205975360e-03
8.349999999999999645e+00 2.297676171081601808e-03 -7.169139958329248143e-03
8.375000000000000000e+00 2.181976866263944225e-03 -6.904937160490709144e-03
8.400000000000000355e+00 2.071509997672302868e-03 -6.649152741388730976e-03
8.425000000000000711e+00 1.966082728835692392e-03 -6.401603263485845623e-03
8.449999999999999289e+00 1.865506279681824857e-03 -6.162104103100982458e-03
8.474999999999999645e+00 1.769596044669582719e-03 -5.930469820929236760e-03
8.500000000000000000e+00 1.678171687267513302e-03 -5.706514512565093872e-03
8.525000000000000355e+00 1.591057216191178779e-03 -5.490052140857862306e-03
8.550000000000000711e+00 1.508081048401211516e-03 -5.280896851905575798e-03
8.574999999999999289e+00 1.429076062922271387e-03 -5.078863276217996693e-03
8.599999999999999645e+00 1.353879648220352935e-03 -4.883766816109766026e-03
8.625000000000000000e+00 1.282333744365545848e-03 -4.695423919801320831e-03
8.650000000000000355e+00 1.214284879719500308e-03 -4.513652342099596856e-03
8.675000000000000711e+00 1.149584200621208818e-03 -4.338271390995259921e-03
8.699999999999999289e+00 1.088087491661910789e-03 -4.169102159123949311e-03
8.724999999999999645e+00 1.029655183743729630e-03 -4.005967738851007320e-03
8.750000000000000000e+00 9.741523472412872038e-04 -3.848693419776284732e-03
8.775000000000000355e+00 9.214486681926817996e-04 -3.697106867709141001e-03
8.800000000000000711e+00 8.714184064350102106e-04 -3.551038284597688149e-03
8.824999999999999289e+00 8.239403358197914650e-04 -3.410320549447785551e-03
8.849999999999999645e+00 7.788976679190970582e-04 -3.274789340861642035e-03
8.875000000000000000e+00 7.361779617859506549e-04 -3.144283242383705008e-03
8.900000000000000355e+00 6.956730232066621290e-04 -3.018643832289747645e-03
8.925000000000000711e+00 6.572787973648109693e-04 -2.897715759739835639e-03
8.949999999999999289e+00 6.208952588692290015e-04 -2.781346809303710064e-03
8.974999999999999645e+00 5.864263026869429192e-04 -2.669387955754864636e-03
9.000000000000000000e+00 5.537796387310377991e-04 -2.561693410739006478e-03
9.025000000000000355e+00 5.228666917969895713e-04 -2.458120662499371605e-03
9.050000000000000711e+00 4.936025073651171451e-04 -2.358530509347466723e-03
9.074999999999999289e+00 4.659056626496370585e-04 -2.262787087072169398e-03
9.099999999999999645e+00 4.396981813239854257e-04 -2.170757890049468744e-03
9.125000000000000000e+00 4.149054497065487188e-04 -2.082313785505725701e-03
9.150000000000000355e+00 3.914561319241641798e-04 -1.997329020235577481e-03
9.175000000000000711e+00 3.692820817037746790e-04 -1.915681219097020282e-03
9.199999999999999289e+00 3.483182489412604225e-04 -1.837251374790052540e-03
9.224999999999999645e+00 3.285025799787596730e-04 -1.761923828740575605e-03
9.250000000000000000e+00 3.097759114696604162e-04 -1.689586243308911946e-03
9.275000000000000355e+00 2.920818586866320236e-04 -1.620129565963333374e-03
9.300000000000000711e+00 2.753666999960953550e-04 -1.553447986443617663e-03
9.324999999999999289e+00 2.595792598636955197e-04 -1.489438888233362776e-03
9.349999999999999645e+00 2.446707930856417560e-04 -1.428002795823126629e-03
9.375000000000000000e+00 2.305948729205819906e-04 -1.369043319258142185e-03
9.400000000000000355e+00 2.173072854348063771e-04 -1.312467097324136484e-03
9.425000000000000711e+00 2.047659317257226796e-04 -1.258183740454010997e-03
9.449999999999999289e+00 1.929307388470435621e-04 -1.206105774074137105e-03
9.474999999999999645e+00 1.817635793412805299e-04 -1.156148582701898306e-03
9.500000000000000000e+00 1.712281984148674298e-04 -1.108230354710141230e-03
9.525000000000000355e+00 1.612901470837534569e-04 -1.062272027340367556e-03
9.550000000000000711e+00 1.519167191625406222e-04 -1.018197231316977274e-03
9.574999999999999289e+00 1.430768898218974636e-04 -9.759322343156689658e-04
9.599999999999999645e+00 1.347412536079839137e-04 -9.354058825781361641e-04
9.625000000000000000e+00 1.268819602717051638e-04 -8.965495401318759232e-04
9.650000000000000355e+00 1.194726474246763401e-04 -8.592970253395619063e-04
9.675000000000000711e+00 1.124883698253171914e-04 -8.235845448267234848e-04
9.699999999999999289e+00 1.059055258916921964e-04 -7.893506251712422176e-04
9.724999999999999645e+00 9.970178272829212027e-05 -7.565360430357109898e-04
9.750000000000000000e+00 9.385600144961411438e-05 -7.250837546422299546e-04
9.775000000000000355e+00 8.834816482024552056e-05 -6.949388255988723411e-04
9.800000000000000711e+00 8.315930918236140250e-05 -6.660483620739440997e-04
9.824999999999999289e+00 7.827146231968014833e-05 -6.383614441810536418e-04
9.849999999999999645e+00 7.366758836129849491e-05 -6.118290622044612404e-04
9.875000000000000000e+00 6.933154013874265635e-05 -5.864040559930667421e-04
9.900000000000000355e+00 6.524801867134997102e-05 -5.620410575238195781e-04
9.925000000000000711e+00 6.140253877059167727e-05 -5.386964363257870994e-04
9.949999999999999289e+00 5.778139921447309195e-05 -5.163282472047993083e-04
9.974999999999999645e+00 5.437165561912016254e-05 -4.948961795480944772e-04
1.000000000000000000e+01 5.116109406538343955e-05 -4.743615074368701589e-04
1.002500000000000036e+01 4.813820372729567276e-05 -4.546870398563744456e-04
1.005000000000000071e+01 4.529214716556034988e-05 -4.358370704558796370e-04
1.007499999999999929e+01 4.261272753091004627e-05 -4.177773265494773812e-04
1.009999999999999964e+01 4.009035258654854411e-05 -4.004749173277581350e-04
1.012500000000000000e+01 3.771599611377638448e-05 -3.838982815306982523e-04
1.015000000000000036e+01 3.548115782089215941e-05 -3.680171350736548405e-04
1.017500000000000071e+01 3.337782325937256128e-05 -3.528024192892806376e-04
1.019999999999999929e+01 3.139842541400550234e-05 -3.382262505249820634e-04
1.022499999999999964e+01 2.953580955777964303e-05 -3.242618718097725443e-04
1.025000000000000000e+01 2.778320266329666508e-05 -3.108836071809889436e-04
1.027500000000000036e+01 2.613418818544991027e-05 -2.980668190584508256e-04
1.030000000000000071e+01 2.458268644438566054e-05 -2.857878688009435342e-04
1.032499999999999929e+01 2.312294022515040155e-05 -2.740240803119023015e-04
1.034999999999999964e+01 2.174950465552381569e-05 -2.627537063150539804e-04
1.037500000000000000e+01 2.045724000122088346e-05 -2.519558967294219958e-04
1.040000000000000036e+01 1.924130578279240178e-05 -2.416106684611922008e-04
1.042500000000000071e+01 1.809715460027565902e-05 -2.316988759113991470e-04
1.044999999999999929e+01 1.702052424811348018e-05 -2.222021815733985807e-04
1.047499999999999964e+01 1.600742708342740132e-05 -2.131030262505034486e-04
1.050000000000000000e+01 1.505413612024229732e-05 -2.043845986391652574e-04
1.052500000000000036e+01 1.415716788868882174e-05 -1.960308042650672018e-04
1.055000000000000071e+01 1.331326264349974032e-05 -1.880262339960251034e-04
1.057499999999999929e+01 1.251936295630980296e-05 -1.803561325528383404e-04
1.059999999999999964e+01 1.177259202170776497e-05 -1.730063675718870343e-04
1.062500000000000000e+01 1.107023311075497862e-05 -1.659633998238467837e-04
1.065000000000000036e+01 1.040971150665046843e-05 -1.592142551557979360e-04
1.067500000000000071e+01 9.788579973656492736e-06 -1.527464986064001635e-04
1.069999999999999929e+01 9.204508383731851021e-06 -1.465482109627750068e-04
1.072499999999999964e+01 8.655277617306924475e-06 -1.406079678095094852e-04
1.075000000000000000e+01 8.138777335959888605e-06 -1.349148208955441700e-04
1.077500000000000036e+01 7.653006766718622347e-06 -1.294582814440073881e-04
1.080000000000000071e+01 7.196077302187362471e-06 -1.242283048812983391e-04
1.082499999999999929e+01 6.766215551370493789e-06 -1.192152763835537552e-04
1.084999999999999964e+01 6.361765493281795889e-06 -1.144099966412268716e-04
1.087500000000000000e+01 5.981188584047229390e-06 -1.098036673238776944e-04
1.090000000000000036e+01 5.623061017517290582e-06 -1.053878758748461611e-04
1.092500000000000071e+01 5.286067789831845678e-06 -1.011545794583016821e-04
1.094999999999999929e+01 4.968993706027130490e-06 -9.709608809152485843e-05
1.097499999999999964e+01 4.670711925086032264e-06 -9.320504719464326674e-05
1.100000000000000000e+01 4.390171006301564885e-06 -8.947441995089358991e-05
1.102500000000000036e+01 4.126381646081543561e-06 -8.589746997158144838e-05
1.105000000000000071e+01 3.878404352174807812e-06 -8.246774478869684313e-05
1.107499999999999929e+01 3.645339186299597369e-06 -7.917906065148246173e-05
1.109999999999999964e+01 3.426318435535817140e-06 -7.602548898930036353e-05
1.112500000000000000e+01 3.220502687164320605e-06 -7.300134473860916116e-05
1.115000000000000036e+01 3.027080335552217752e-06 -7.010117653998636342e-05
1.117500000000000071e+01 2.845270105529143570e-06 -6.731975861925503098e-05
1.119999999999999929e+01 2.674325795068905745e-06 -6.465208400086988941e-05
1.122499999999999964e+01 2.513542172459314029e-06 -6.209335858444507228e-05
1.125000000000000000e+01 2.362260844255369497e-06 -5.963899556210554032e-05
1.127500000000000036e+01 2.219874954140430554e-06 -5.728460967136524102e-05
1.130000000000000071e+01 2.085831770883356948e-06 -5.502601086231449095e-05
1.132499999999999929e+01 1.959632546303804834e-06 -5.285919709637958510e-05
1.134999999999999964e+01 1.840829425502561303e-06 -5.078034616700293169e-05
1.137500000000000000e+01 1.729019615429093325e-06 -4.878580661618224165e-05
1.140000000000000036e+01 1.623837405910317820e-06 -4.687208798924184322e-05
1.142500000000000071e+01 1.524944936872158228e-06 -4.503585080121112462e-05
1.144999999999999929e+01 1.432022777310530480e-06 -4.327389666379508385e-05
1.147499999999999964e+01 1.344761403855263447e-06 -4.158315903308016677e-05
1.150000000000000000e+01 1.262854539021447043e-06 -3.996069498424280678e-05
1.152500000000000036e+01 1.185995051178689329e-06 -3.840367830890573244e-05
1.155000000000000071e+01 1.113873767305562756e-06 -3.690939407980623773e-05
1.157499999999999929e+01 1.046181155264785222e-06 -3.547523465722139690e-05
1.159999999999999964e+01 9.826114492161658232e-07 -3.409869694608403995e-05
1.162500000000000000e+01 9.228684723952120940e-07 -3.277738057460602395e-05
1.165000000000000036e+01 8.666721984324027461e-07 -3.150898657295933108e-05
1.167500000000000071e+01 8.137650134559301768e-07 -3.029131609650590222e-05
1.169999999999999929e+01 7.639167051415567145e-07 -2.912226876583849647e-05
1.172499999999999964e+01 7.169274008444283671e-07 -2.799984028089356935e-05
1.175000000000000000e+01 6.726279761958482831e-07 -2.692211909630950578e-05
1.177500000000000036e+01 6.308778156326661238e-07 -2.588728210130374397e-05
1.180000000000000071e+01 5.915601769291605614e-07 -2.489358940810906448e-05
1.182499999999999929e+01 5.545757421889021573e-07 -2.393937849606951748e-05
1.184999999999999964e+01 5.198351832023876416e-07 -2.302305806476000728e-05
1.187500000000000000e+01 4.872516971309219524e-07 -2.214310200455890101e-05
1.190000000000000036e+01 4.567344635226212648e-07 -2.129804389053252349e-05
1.192500000000000071e+01 4.281838380346164490e-07 -2.048647234615418765e-05
1.194999999999999929e+01 4.014888526621435966e-07 -1.970702751648068424e-05
1.197499999999999964e+01 3.765272717992337110e-07 -1.895839875125383868e-05
1.200000000000000000e+01 3.531681030993360861e-07 -1.823932344651719550e-05
1.202500000000000036e+01 3.312761304280165774e-07 -1.754858685008003482e-05
1.205000000000000071e+01 3.107177681710825721e-07 -1.688502252074881066e-05
1.207499999999999929e+01 2.913673678160347961e-07 -1.624751305965718991e-05
1.209999999999999964e+01 2.731130606742814490e-07 -1.563499071305913973e-05
1.212500000000000000e+01 2.558612995098664169e-07 -1.504643748201651615e-05
1.215000000000000036e+01 2.395394543959898261e-07 -1.448088445940804815e-05
1.217500000000000071e+01 2.240960960924782908e-07 -1.393741023661597255e-05
1.219999999999999929e+01 2.094989245084151197e-07 -1.341513836363847822e-05
1.222499999999999964e+01 1.957306254711325734e-07 -1.291323398777622187e-05
1.225000000000000000e+01 1.827832210372210734e-07 -1.243089991771679515e-05
1.227500000000000036e+01 1.706516793889499709e-07 -1.196737244568179277e-05
1.230000000000000071e+01 1.593276431961871352e-07 -1.152191729869934219e-05
1.232499999999999929e+01 1.487941091196976144e-07 -1.109382607645371375e-05
1.234999999999999964e+01 1.390217510964279073e-07 -1.068241347028605694e-05
1.237500000000000000e+01 1.299673467844510821e-07 -1.028701545465912831e-05
1.240000000000000036e+01 1.215744734789716371e-07 -9.906988514061980600e-06
1.242500000000000071e+01 1.137763276863542589e-07 -9.541709832306564663e-06
1.244999999999999929e+01 1.065002345584629264e-07 -9.190578246791414021e-06
1.247499999999999964e+01 9.967318861006061973e-08 -8.853015674329858860e-06
1.250000000000000000e+01 9.322763547072194291e-08 -8.528468660293267355e-06
1.252500000000000036e+01 8.710668285775397391e-08 -8.216409696573257745e-06
1.255000000000000071e+01 8.126801873591541576e-08 -7.916337996032692185e-06
1.257499999999999929e+01 7.568600220845326071e-08 -7.627779495565974600e-06
1.259999999999999964e+01 7.035165098065628030e-08 -7.350285974507903722e-06
1.262500000000000000e+01 6.527054191247801342e-08 -7.083433303545429944e-06
1.265000000000000036e+01 6.045892774027791621e-08 -6.826818964037892213e-06
1.267500000000000071e+01 5.593861434505968776e-08 -6.580059081182416184e-06
1.269999999999999929e+01 5.173130638945096585e-08 -6.342785283189884189e-06
1.272499999999999964e+01 4.785319352892440719e-08 -6.114641723270736846e-06
1.275000000000000000e+01 4.431050706855023469e-08 -5.895282578925859766e-06
1.277500000000000036e+01 4.109663513121343061e-08 -5.684370277647337112e-06
1.280000000000000071e+01 3.819116382278518323e-08 -5.481574598867391099e-06
1.282499999999999929e+01 3.556094375506945682e-08 -5.286572683157389344e-06
1.284999999999999964e+01 3.316300298645844609e-08 -5.099049857789491167e-06
1.287500000000000000e+01 3.094887713962224938e-08 -4.918701079626879147e-06
1.290000000000000036e+01 2.886973917460987574e-08 -4.745232716728459763e-06
1.292500000000000071e+01 2.688160995250734260e-08 -4.578364349585417745e-06
1.294999999999999929e+01 2.494992909328249666e-08 -4.417830276757026806e-06
1.297499999999999964e+01 2.305286267260807509e-08 -4.263380456760962499e-06
1.300000000000000000e+01 2.118290551401254527e-08 -4.114780701490646540e-06
1.302500000000000036e+01 1.934657520759738729e-08 -3.971812044209960718e-06
1.305000000000000071e+01 1.756225912164249937e-08 -3.834269322249027863e-06
1.307499999999999929e+01 1.585652810383154139e-08 -3.701959124700097549e-06
1.309999999999999964e+01 1.425943675020048369e-08 -3.574697343520684332e-06
1.312500000000000000e+01 1.279946262427706894e-08 -3.452306620621015172e-06
1.315000000000000036e+01 1.149877825914095512e-08 -3.334613996743703573e-06
1.317500000000000071e+01 1.036949576871318634e-08 -3.221449038711633025e-06
1.319999999999999929e+01 9.411383013050577776e-09 -3.112642654529450223e-06
1.322499999999999964e+01 8.611342865632217456e-09 -3.008026710519104089e-06
1.325000000000000000e+01 7.944702451348988923e-09 -2.907434454443443499e-06
1.327500000000000036e+01 7.378111229252319893e-09 -2.810701639027385586e-06
1.330000000000000071e+01 6.873629426259533645e-09 -2.717668146242973631e-06
1.332499999999999929e+01 6.393430917602782898e-09 -2.628179847136126182e-06
1.334999999999999964e+01 5.904467964848966244e-09 -2.542090403583264559e-06
1.337500000000000000e+01 5.382458754957180559e-09 -2.459262730614976006e-06
1.340000000000000036e+01 4.814659287734407247e-09 -2.379569888814703483e-06
1.342500000000000071e+01 4.201054231042093001e-09 -2.302895258394227727e-06
1.344999999999999929e+01 3.553821959976172319e-09 -2.229131948153247135e-06
1.347499999999999964e+01 2.895166718798606508e-09 -2.158181499602880205e-06
1.350000000000000178e+01 2.253832766526111911e-09 -2.089952044129213606e-06
1.352500000000000213e+01 1.660791398374517141e-09 -2.024356145904062083e-06
1.355000000000000249e+01 1.144698654809467106e-09 -1.961308605270507118e-06
1.357499999999999929e+01 7.277452469022437923e-10 -1.900724500977124934e-06
1.359999999999999964e+01 4.224590237698426940e-10 -1.842517714793259090e-06
1.362500000000000000e+01 2.298833751261055474e-10 -1.786600113983152687e-06
1.365000000000000213e+01 1.393620336442725499e-10 -1.732881475313986213e-06
1.367500000000000249e+01 1.299389879782771287e-10 -1.681270131840929722e-06
1.369999999999999929e+01 1.731621649409778738e-10 -1.631674224605823238e-06
1.372499999999999964e+01 2.368911444656525211e-10 -1.584003359469526249e-06
1.375000000000000000e+01 2.895777821638680683e-10 -1.538170415480704206e-06
1.377500000000000213e+01 3.044312567664170657e-10 -1.494093232791757514e-06
1.380000000000000249e+01 2.629025223624854724e-10 -1.451695927333080835e-06
1.382499999999999929e+01 1.570232238269982164e-10 -1.410909633289265369e-06
1.384999999999999964e+01 -9.704098013857976397e-12 -1.371672555176626279e-06
1.387500000000000000e+01 -2.229668243735093816e-10 -1.333929307749307112e-06
1.390000000000000213e+01 -4.597446486485774823e-10 -1.297629620567296245e-06
1.392500000000000249e+01 -6.915500537344759002e-10 -1.262726571335184841e-06
1.394999999999999929e+01 -8.883534836297065068e-10 -1.229174576165922654e-06
1.397499999999999964e+01 -1.022653492852445504e-09 -1.196927397016296165e-06
1.400000000000000000e+01 -1.073140291536146080e-09 -1.165936422733978945e-06
1.402500000000000213e+01 -1.027464203565989043e-09 -1.136149440881344346e-06
1.405000000000000249e+01 -8.837486644378490089e-10 -1.107510048867767901e-06
1.407499999999999929e+01 -6.506624505989917360e-10 -1.079957764095610252e-06
1.409999999999999964e+01 -3.460630433289291175e-10 -1.053428796526037534e-06
1.412500000000000000e+01 5.584413479873487270e-12 -1.027857356304755504e-06
1.415000000000000213e+01 3.766462102234532354e-10 -1.003177296373683830e-06
1.417500000000000249e+01 7.401410691084382660e-10 -9.793238452777584968e-07
1.419999999999999929e+01 1.073422766806054790e-09 -9.562351744813041931e-07
1.422499999999999964e+01 1.361230696577028686e-09 -9.338535689440008425e-07
1.425000000000000000e+01 1.597706709997515028e-09 -9.121260259384105266e-07
1.427500000000000036e+01 1.787120515223571665e-09 -8.910041873953670996e-07
1.430000000000000249e+01 1.943221232565724976e-09 -8.704436045443936355e-07
1.432499999999999929e+01 2.087315174605177902e-09 -8.504024275488199179e-07
1.434999999999999964e+01 2.245334921510834777e-09 -8.308396947317145421e-07
1.437500000000000000e+01 2.444290591348189405e-09 -8.117134549323226962e-07
1.440000000000000036e+01 2.708565100204262713e-09 -7.929789847514242799e-07
1.442500000000000249e+01 3.056523179528074237e-09 -7.745873566023332225e-07
1.444999999999999929e+01 3.497849845534483068e-09 -7.564845743968972230e-07
1.447499999999999964e+01 4.031927075109390140e-09 -7.386114269615034735e-07
1.450000000000000000e+01 4.647413956391741018e-09 -7.209041238683797432e-07
1.452500000000000036e+01 5.323036015257805299e-09 -7.032956855257342082e-07
1.455000000000000249e+01 6.029436217903058611e-09 -6.857179713022580166e-07
1.457499999999999929e+01 6.731813621292349907e-09 -6.681041572159460193e-07
1.459999999999999964e+01 7.392992253279855935e-09 -6.503914272317354865e-07
1.462500000000000000e+01 7.976531752638416329e-09 -6.325236247369539409e-07
1.465000000000000036e+01 8.449514896206101818e-09 -6.144536245620212003e-07
1.467500000000000249e+01 8.784719053367981198e-09 -5.961452278688133921e-07
1.469999999999999929e+01 8.961986654151321041e-09 -5.775744458011704877e-07
1.472499999999999964e+01 8.968736381553110795e-09 -5.587301135266006089e-07
1.475000000000000000e+01 8.799682882428974058e-09 -5.396138536602161778e-07
1.477500000000000036e+01 8.455939620673291956e-09 -5.202394763711491482e-07
1.480000000000000249e+01 7.943752150304813841e-09 -5.006319543277068806e-07
1.482499999999999929e+01 7.273137886141570828e-09 -4.808261375750030895e-07
1.484999999999999964e+01 6.456691004825919212e-09 -4.608653744877152956e-07
1.487500000000000000e+01 5.508751664982828455e-09 -4.408001812877830417e-07
1.490000000000000036e+01 4.445048311860735952e-09 -4.206870594229018612e-07
1.492500000000000071e+01 3.282815658467642274e-09 -4.005875049551632286e-07
1.494999999999999929e+01 2.041286723573652227e-09 -3.805671963446849886e-07
1.497499999999999964e+01 7.423721866586680498e-10 -3.606952960939831527e-07
