# raxis[fm], SN, VN, SP, VP
2.101448349307773875e-07 7.711345499530863901e-02 8.358873921969589560e-02 6.952626861617487719e-02 7.187233857985929342e-02
2.500000000000000139e-02 7.712804940593599723e-02 8.360346707452567805e-02 6.952840415900735094e-02 7.187526148208664423e-02
5.000000000000000278e-02 7.714312464861962371e-02 8.361617542126854874e-02 6.951140528425697740e-02 7.185984468562094107e-02
7.499999999999999722e-02 7.716763265179256426e-02 8.363667859151983908e-02 6.948252242954974789e-02 7.183359354112971162e-02
1.000000000000000056e-01 7.720168378978393975e-02 8.366512658770611233e-02 6.944200364233732437e-02 7.179675089182528669e-02
1.250000000000000000e-01 7.724520259930815758e-02 8.370146483541003601e-02 6.938996797389079818e-02 7.174942934047630339e-02
1.499999999999999944e-01 7.729804633684854431e-02 8.374557358081746727e-02 6.932652378741013810e-02 7.169172716157626302e-02
1.749999999999999889e-01 7.736003982392125611e-02 8.379730424149180179e-02 6.925179573091594376e-02 7.162375738554763172e-02
2.000000000000000111e-01 7.743097704639184675e-02 8.385648191208459890e-02 6.916592923094552758e-02 7.154565147227155697e-02
2.250000000000000056e-01 7.751062485269238911e-02 8.392290897313607612e-02 6.906909236350937398e-02 7.145756139627032488e-02
2.500000000000000000e-01 7.759872290630685787e-02 8.399636455735255691e-02 6.896147544870907808e-02 7.135965980276062770e-02
2.750000000000000222e-01 7.769497548118933783e-02 8.407659615147397569e-02 6.884328236042756843e-02 7.125213100845276259e-02
2.999999999999999889e-01 7.779905992119939828e-02 8.416332843350164683e-02 6.871473673064741605e-02 7.113517673526147111e-02
3.250000000000000111e-01 7.791062717484602274e-02 8.425626324923275734e-02 6.857608125416084222e-02 7.100901600823622539e-02
3.499999999999999778e-01 7.802930304215487112e-02 8.435508063217533881e-02 6.842757607281693688e-02 7.087388357639524961e-02
3.750000000000000000e-01 7.815468848619935849e-02 8.445943929743826573e-02 6.826949894051316525e-02 7.073002946755288511e-02
4.000000000000000222e-01 7.828636907538402689e-02 8.456898600650497588e-02 6.810215115410048203e-02 7.057772521447656933e-02
4.249999999999999889e-01 7.842391349521313226e-02 8.468335330295471974e-02 6.792585292403371944e-02 7.041725981932578371e-02
4.500000000000000111e-01 7.856687360776917761e-02 8.480215932426141134e-02 6.774094220832714563e-02 7.024893859464537149e-02
4.749999999999999778e-01 7.871478162348388707e-02 8.492500459388206691e-02 6.754777008414591943e-02 7.007307857652901595e-02
5.000000000000000000e-01 7.886715551347489583e-02 8.505147794535782013e-02 6.734670415361324047e-02 6.989001101674954808e-02
5.250000000000000222e-01 7.902350290420066814e-02 8.518115932440580018e-02 6.713812780349499854e-02 6.970008208580033560e-02
5.500000000000000444e-01 7.918331866661834639e-02 8.531361758560278286e-02 6.692243679845424897e-02 6.950364852043769415e-02
5.749999999999999556e-01 7.934609199670272783e-02 8.544841725683578748e-02 6.670004322342858172e-02 6.930108203196182204e-02
5.999999999999999778e-01 7.951130293141876748e-02 8.558511426092120511e-02 6.647136920725593701e-02 6.909276366663669178e-02
6.250000000000000000e-01 7.967842684927725627e-02 8.572326109854384868e-02 6.623684919210970357e-02 6.887908475280346554e-02
6.500000000000000222e-01 7.984693915776711060e-02 8.586241061963158228e-02 6.599693081583991872e-02 6.866044904662070569e-02
6.750000000000000444e-01 8.001631292056565758e-02 8.600211315160655179e-02 6.575207007385328040e-02 6.843726819019231578e-02
6.999999999999999556e-01 8.018602095875218549e-02 8.614191903735109179e-02 6.550273131275118066e-02 6.820996062730248777e-02
7.249999999999999778e-01 8.035554089306279346e-02 8.628138292477445515e-02 6.524938845665993747e-02 6.797895392221788013e-02
7.500000000000000000e-01 8.052435243656548558e-02 8.642006073989839943e-02 6.499251984807628835e-02 6.774467963559085981e-02
7.750000000000000222e-01 8.069194193175693863e-02 8.655751450043949746e-02 6.473261015689095454e-02 6.750757449307304148e-02
8.000000000000000444e-01 8.085780558551441954e-02 8.669331504558237811e-02 6.447015084499541082e-02 6.726808153707561355e-02
8.249999999999999556e-01 8.102144976704028778e-02 8.682704161081647443e-02 6.420563579629526285e-02 6.702664676965321144e-02
8.499999999999999778e-01 8.118238746501607594e-02 8.695827854540896795e-02 6.393955839648216011e-02 6.678371507915031868e-02
8.750000000000000000e-01 8.134014721579295448e-02 8.708662451634435753e-02 6.367241664674606894e-02 6.653973501582273464e-02
9.000000000000000222e-01 8.149427455523096386e-02 8.721169290198436952e-02 6.340470948243003002e-02 6.629515687487212705e-02
9.250000000000001554e-01 8.164433045476313100e-02 8.733311043446934097e-02 6.313693483122878591e-02 6.605042993520714167e-02
9.499999999999999556e-01 8.178989452649740310e-02 8.745052016015988916e-02 6.286958918708164534e-02 6.580600232723730902e-02
9.749999999999999778e-01 8.193056499038114948e-02 8.756358121165526420e-02 6.260316581228003718e-02 6.556231935845520387e-02
1.000000000000000000e+00 8.206596136233058891e-02 8.767197143232817458e-02 6.233815440968767246e-02 6.531982327121481358e-02
1.024999999999999911e+00 8.219572333003874465e-02 8.777538574691000350e-02 6.207503813254201808e-02 6.507895098428144454e-02
1.050000000000000044e+00 8.231951003507749498e-02 8.787353570338246600e-02 6.181429163631605578e-02 6.484013134032176606e-02
1.074999999999999956e+00 8.243700510756464539e-02 8.796615441301217087e-02 6.155638271266024308e-02 6.460378697264268499e-02
1.100000000000000089e+00 8.254791613876470702e-02 8.805299564182120231e-02 6.130176991741368570e-02 6.437033268792734242e-02
1.125000000000000000e+00 8.265197545670385781e-02 8.813383474770726533e-02 6.105090152209765447e-02 6.414017388031495459e-02
1.149999999999999911e+00 8.274894297481669159e-02 8.820847135797352245e-02 6.080421586313635579e-02 6.391370726540476777e-02
1.175000000000000044e+00 8.283860435234116637e-02 8.827672725597415782e-02 6.056213851703801110e-02 6.369131871363736819e-02
1.199999999999999956e+00 8.292076930150418801e-02 8.833844478432288649e-02 6.032507976878370703e-02 6.347338025988347177e-02
1.225000000000000089e+00 8.299527409236569231e-02 8.839348938700904157e-02 6.009343507759198899e-02 6.326025046109573502e-02
1.250000000000000000e+00 8.306198253234628459e-02 8.844175047324212557e-02 5.986758443390859802e-02 6.305227419496864383e-02
1.274999999999999911e+00 8.312078620688559405e-02 8.848314165610711435e-02 5.964789149769522680e-02 6.284978181877283465e-02
1.300000000000000044e+00 8.317160410014179384e-02 8.851760029732788637e-02 5.943470233299701783e-02 6.265308826116591789e-02
1.324999999999999956e+00 8.321438159599245377e-02 8.854508657816899386e-02 5.922834365427477599e-02 6.246249084329359713e-02
1.350000000000000089e+00 8.324909348182769897e-02 8.856558652382520713e-02 5.902912452140723215e-02 6.227827136400470448e-02
1.375000000000000000e+00 8.327574048701330556e-02 8.857910845126017174e-02 5.883733264809348079e-02 6.210069284147048257e-02
1.399999999999999911e+00 8.329434843549814171e-02 8.858568222429669126e-02 5.865323364735488404e-02 6.192999814777579159e-02
1.425000000000000044e+00 8.330497060422242805e-02 8.858536168149767909e-02 5.847707271225906223e-02 6.176641184648053173e-02
1.449999999999999956e+00 8.330768672798249952e-02 8.857822366228007560e-02 5.830907280362836176e-02 6.161013903128151337e-02
1.475000000000000089e+00 8.330259947864515624e-02 8.856436449463168936e-02 5.814943231575887134e-02 6.146136239448038441e-02
1.500000000000000000e+00 8.328983936101611030e-02 8.854390504134151962e-02 5.799832868457624468e-02 6.132024585550176904e-02
1.524999999999999911e+00 8.326956373495980612e-02 8.851698980520686377e-02 5.785591750015746382e-02 6.118693417694577585e-02
1.550000000000000044e+00 8.324195405357302791e-02 8.848378426752850912e-02 5.772233074756460969e-02 6.106155121446391748e-02
1.574999999999999956e+00 8.320721110673430509e-02 8.844447013620999887e-02 5.759767394539947599e-02 6.094419687420728204e-02
1.600000000000000089e+00 8.316555569238906487e-02 8.839924610430263674e-02 5.748202739390810556e-02 6.083494815780774584e-02
1.625000000000000000e+00 8.311722899766091355e-02 8.834832836405592804e-02 5.737544676698971835e-02 6.073385983587527986e-02
1.649999999999999911e+00 8.306249337132283472e-02 8.829195154113463062e-02 5.727796421882677680e-02 6.064096565148153345e-02
1.675000000000000044e+00 8.300162915249643947e-02 8.823036568696532300e-02 5.718958695030265660e-02 6.055627692235891063e-02
1.699999999999999956e+00 8.293493455563505368e-02 8.816383611676369136e-02 5.711029858984696672e-02 6.047978364310215016e-02
1.725000000000000311e+00 8.286272685398736459e-02 8.809264502961257348e-02 5.704006067860221268e-02 6.041145629723437133e-02
1.750000000000000000e+00 8.278533407158236712e-02 8.801708320047013645e-02 5.697880792653521598e-02 6.035124084070276479e-02
1.774999999999999911e+00 8.270309620055957267e-02 8.793745117207246720e-02 5.692645060918277711e-02 6.029906092320386213e-02
1.800000000000000044e+00 8.261636661163966611e-02 8.785406086801808567e-02 5.688287656280498900e-02 6.025481994632611582e-02
1.824999999999999956e+00 8.252551326528424769e-02 8.776723719424055214e-02 5.684795382899247157e-02 6.021840374949366526e-02
1.850000000000000311e+00 8.243091191441019594e-02 8.767731138902901122e-02 5.682152755381569831e-02 6.018967733020987726e-02
1.875000000000000000e+00 8.233294571437242693e-02 8.758462056364771375e-02 5.680342103322160580e-02 6.016848578669944936e-02
1.899999999999999911e+00 8.223200364313995592e-02 8.748950653190772087e-02 5.679343655818836628e-02 6.015465505656669015e-02
1.925000000000000044e+00 8.212847859097613390e-02 8.739231376347608715e-02 5.679135583110261898e-02 6.014799232547365232e-02
1.949999999999999956e+00 8.202277027368783113e-02 8.729339280658836298e-02 5.679694389957210682e-02 6.014828986002638406e-02
1.975000000000000089e+00 8.191527607980184089e-02 8.719309135497635421e-02 5.680994503293974179e-02 6.015532050055043961e-02
2.000000000000000000e+00 8.180639188355640079e-02 8.709175468742154369e-02 5.683008454879604626e-02 6.016883980403932991e-02
2.024999999999999911e+00 8.169651720459167321e-02 8.698973146742419726e-02 5.685707476330215115e-02 6.018859184270596019e-02
2.049999999999999822e+00 8.158605041068289765e-02 8.688736922781571670e-02 5.689061384190404608e-02 6.021430772708767643e-02
2.075000000000000178e+00 8.147538492080998174e-02 8.678501066404706310e-02 5.693038538584935249e-02 6.024570505243189572e-02
2.100000000000000089e+00 8.136490868568756196e-02 8.668299296546272403e-02 5.697606012118316965e-02 6.028248989392710061e-02
2.125000000000000000e+00 8.125500735810765873e-02 8.658165173462523123e-02 5.702729991827221873e-02 6.032436015089859965e-02
2.149999999999999911e+00 8.114605144749667542e-02 8.648130802600283162e-02 5.708375118560236189e-02 6.037099873533451760e-02
2.174999999999999822e+00 8.103840278417552556e-02 8.638227461702413512e-02 5.714505187747384585e-02 6.042208141746095024e-02
2.200000000000000178e+00 8.093241532404199523e-02 8.628485758258211402e-02 5.721083366106021612e-02 6.047727792393836621e-02
2.225000000000000089e+00 8.082842987953153813e-02 8.618935090991393377e-02 5.728072028973954510e-02 6.053625058075012833e-02
2.250000000000000000e+00 8.072677514693443745e-02 8.609603776059210345e-02 5.735433102191916932e-02 6.059865756313358859e-02
2.274999999999999911e+00 8.062776444779724827e-02 8.600518732254398835e-02 5.743128006433330379e-02 6.066415215054076632e-02
2.299999999999999822e+00 8.053169753059821745e-02 8.591705677452651790e-02 5.751117972211905460e-02 6.073238598429884366e-02
2.325000000000000178e+00 8.043885837842053299e-02 8.583188931575440328e-02 5.759364082599403856e-02 6.080300904404042223e-02
2.350000000000000089e+00 8.034951351041064171e-02 8.574991252533534225e-02 5.767827369504585633e-02 6.087567069504355721e-02
2.375000000000000000e+00 8.026391116364835210e-02 8.567133767413739887e-02 5.776468960179838297e-02 6.095002098876552837e-02
2.399999999999999911e+00 8.018228057785919960e-02 8.559635912426485915e-02 5.785250173320871658e-02 6.102571148299239245e-02
2.424999999999999822e+00 8.010483142201842155e-02 8.552515387423029192e-02 5.794132619641376852e-02 6.110239617782007443e-02
2.450000000000000178e+00 8.003175281615856895e-02 8.545788067085913209e-02 5.803078355800170979e-02 6.117973294335075918e-02
2.475000000000000089e+00 7.996321339980354270e-02 8.539468017471908701e-02 5.812050027384210726e-02 6.125738497736114840e-02
2.500000000000000000e+00 7.989936281214718439e-02 8.533567657518081884e-02 5.821011106878985070e-02 6.133502295806576160e-02
2.524999999999999911e+00 7.984032930425753738e-02 8.528097519600957854e-02 5.829925873953435700e-02 6.141232457905608511e-02
2.549999999999999822e+00 7.978621898179116823e-02 8.523066179039648360e-02 5.838759476661396081e-02 6.148897526610491715e-02
2.575000000000000178e+00 7.973711562099261574e-02 8.518480238751595379e-02 5.847478063499338824e-02 6.156466929202959043e-02
2.600000000000000089e+00 7.969308124242714675e-02 8.514344394818686157e-02 5.856048872302250380e-02 6.163911079734014226e-02
2.625000000000000000e+00 7.965415775805008425e-02 8.510661604561314819e-02 5.864440498700881216e-02 6.171201627113507421e-02
2.649999999999999911e+00 7.962036522534823857e-02 8.507432900363068318e-02 5.872622832842783885e-02 6.178311354213030654e-02
2.674999999999999822e+00 7.959170276093091578e-02 8.504657500832062123e-02 5.880567168264522193e-02 6.185214346693485715e-02
2.700000000000000178e+00 7.956815085374660534e-02 8.502333017080181132e-02 5.888246494653982810e-02 6.191886200511358823e-02
2.725000000000000089e+00 7.954966648002544105e-02 8.500454970860334136e-02 5.895635191381901064e-02 6.198303754754876105e-02
2.750000000000000000e+00 7.953619074412010548e-02 8.499017572587033720e-02 5.902709564835811884e-02 6.204445632821693063e-02
2.774999999999999911e+00 7.952764373391381370e-02 8.498013149608876771e-02 5.909447549059081151e-02 6.210291864827593988e-02
2.799999999999999822e+00 7.952392499280046267e-02 8.497432232602497582e-02 5.915828748082588989e-02 6.215824005105082678e-02
2.825000000000000178e+00 7.952491802288390310e-02 8.497263995803031045e-02 5.921834749104715190e-02 6.221025417439315225e-02
2.850000000000000089e+00 7.953049041106570460e-02 8.497496237163640331e-02 5.927449103379460460e-02 6.225881226239753791e-02
2.875000000000000000e+00 7.954049344162794632e-02 8.498115353137611350e-02 5.932657324863676446e-02 6.230378343507103622e-02
2.899999999999999911e+00 7.955476576897954621e-02 8.499106679231695216e-02 5.937447133462888521e-02 6.234505680466415067e-02
2.924999999999999822e+00 7.957312884712160195e-02 8.500453986646762383e-02 5.941808043187007254e-02 6.238253709901792760e-02
2.950000000000000178e+00 7.959539007948798761e-02 8.502139867509997395e-02 5.945731548439466690e-02 6.241614730111904458e-02
2.975000000000000089e+00 7.962134980157022091e-02 8.504146379496710373e-02 5.949211594618963872e-02 6.244583281710183731e-02
3.000000000000000000e+00 7.965079753744050417e-02 8.506454623161598116e-02 5.952244229240791912e-02 6.247155776634100155e-02
3.024999999999999911e+00 7.968351380072864754e-02 8.509044954563234342e-02 5.954827666688486398e-02 6.249330598688107585e-02
3.049999999999999822e+00 7.971927112787391412e-02 8.511897020776687528e-02 5.956962253887750774e-02 6.251108032425793659e-02
3.075000000000000178e+00 7.975783125949562069e-02 8.514989480276348444e-02 5.958650166339642812e-02 6.252489975298214375e-02
3.100000000000000089e+00 7.979895036848480561e-02 8.518300565305608751e-02 5.959895681228730840e-02 6.253480240322968620e-02
3.125000000000000000e+00 7.984238294707428352e-02 8.521808392950717959e-02 5.960705370429693339e-02 6.254084714303706494e-02
3.149999999999999911e+00 7.988787959187608478e-02 8.525490741480226675e-02 5.961087806646268861e-02 6.254311072878758482e-02
3.174999999999999822e+00 7.993519077346011859e-02 8.529325423851158439e-02 5.961053709963257813e-02 6.254168934722625917e-02
3.200000000000000178e+00 7.998406448214168130e-02 8.533289966626771139e-02 5.960615607325402826e-02 6.253669501130723618e-02
3.225000000000000089e+00 8.003424955782305339e-02 8.537362082965735399e-02 5.959787998037476692e-02 6.252825775349055148e-02
3.250000000000000000e+00 8.008550126714088224e-02 8.541519993257769283e-02 5.958587562403582644e-02 6.251652709237140448e-02
3.274999999999999911e+00 8.013756474139464847e-02 8.545740860615762269e-02 5.957031838311383637e-02 6.250165915359365276e-02
3.299999999999999822e+00 8.019019619620647299e-02 8.550003038147697965e-02 5.955140587937472058e-02 6.248383071455174131e-02
3.325000000000000178e+00 8.024315851561172885e-02 8.554285372891956563e-02 5.952935300760614501e-02 6.246323377522083192e-02
3.350000000000000089e+00 8.029622032011825283e-02 8.558567251365130357e-02 5.950439013860377158e-02 6.244007410488481430e-02
3.375000000000000444e+00 8.034915995497542152e-02 8.562828915804081287e-02 5.947676389720035067e-02 6.241457199975896514e-02
3.399999999999999911e+00 8.040176200693051334e-02 8.567051081637749865e-02 5.944673310768122665e-02 6.238695828766219892e-02
3.424999999999999822e+00 8.045381789478235623e-02 8.571215044404931205e-02 5.941456755006278151e-02 6.235747320096186874e-02
3.450000000000000622e+00 8.050513134885005362e-02 8.575303210844126278e-02 5.938055013558198730e-02 6.232636864973499502e-02
3.475000000000000533e+00 8.055551667338009536e-02 8.579298833864727747e-02 5.934497349514639142e-02 6.229390489230239580e-02
3.500000000000000000e+00 8.060479569399274513e-02 8.583185779623135614e-02 5.930813692905582274e-02 6.226034754452795111e-02
3.524999999999999911e+00 8.065280553395030860e-02 8.586949285023591505e-02 5.927034968004851745e-02 6.222597101406560777e-02
3.549999999999999822e+00 8.069939561220272617e-02 8.590575605761391342e-02 5.923192688745086004e-02 6.219105454997466559e-02
3.575000000000000622e+00 8.074442998223908818e-02 8.594052288231340819e-02 5.919319000704920120e-02 6.215588275123416079e-02
3.600000000000000089e+00 8.078778617900822523e-02 8.597367986302249798e-02 5.915446410446262293e-02 6.212074306302198257e-02
3.625000000000000000e+00 8.082935349364922528e-02 8.600512333640923657e-02 5.911607499807605692e-02 6.208592293107440679e-02
3.649999999999999911e+00 8.086903632772356187e-02 8.603476257032165175e-02 5.907834994136423878e-02 6.205171068579203725e-02
3.674999999999999822e+00 8.090675180946862999e-02 8.606251728539721091e-02 5.904161414301316996e-02 6.201839216510184050e-02
3.700000000000000622e+00 8.094243269179519917e-02 8.608832075172360987e-02 5.900619154611407707e-02 6.198625159439134086e-02
3.725000000000000089e+00 8.097602571495722545e-02 8.611211769394738758e-02 5.897240200269489308e-02 6.195556903099944807e-02
3.750000000000000000e+00 8.100748854113708208e-02 8.613386140278327108e-02 5.894055757126508144e-02 6.192661670105770871e-02
3.774999999999999911e+00 8.103679259457620410e-02 8.615351700579167160e-02 5.891096353436682531e-02 6.189966001243860094e-02
3.799999999999999822e+00 8.106392576645479742e-02 8.617106363048841755e-02 5.888391869627038200e-02 6.187495829435552680e-02
3.825000000000000178e+00 8.108888522411734912e-02 8.618648728282993221e-02 5.885970893205318827e-02 6.185275837417734263e-02
3.850000000000000089e+00 8.111168088696919798e-02 8.619978474545759994e-02 5.883860860689241190e-02 6.183329599878858995e-02
3.875000000000000000e+00 8.113233455800430982e-02 8.621096239630507418e-02 5.882087860576672156e-02 6.181679420178302214e-02
3.899999999999999911e+00 8.115087792241837406e-02 8.622003440027027621e-02 5.880676419790009657e-02 6.180346121500993745e-02
3.924999999999999822e+00 8.116735245639900009e-02 8.622702273959861885e-02 5.879649397859471743e-02 6.179348952435076425e-02
3.950000000000000178e+00 8.118181098604899948e-02 8.623195890962701005e-02 5.879028010209258470e-02 6.178705622221649513e-02
3.975000000000000089e+00 8.119431579980872227e-02 8.623488188364610008e-02 5.878831610296195165e-02 6.178432119811246015e-02
4.000000000000000000e+00 8.120493466894104784e-02 8.623583442313531577e-02 5.879077339111075939e-02 6.178542349087919050e-02
4.025000000000000355e+00 8.121374382776945511e-02 8.623486616183703712e-02 5.879780305058733558e-02 6.179048333394562831e-02
4.049999999999999822e+00 8.122082245815205603e-02 8.623202809251888368e-02 5.880953138063455682e-02 6.179959790543470416e-02
4.075000000000000178e+00 8.122625433240074355e-02 8.622737452729391239e-02 5.882606066039358650e-02 6.181284194332107434e-02
4.099999999999999645e+00 8.123012703408276358e-02 8.622096233135141674e-02 5.884746841211930396e-02 6.183026741492820416e-02
4.125000000000000000e+00 8.123252903801039815e-02 8.621284819112759457e-02 5.887380533472636596e-02 6.185190135066562928e-02
4.150000000000000355e+00 8.123355188546853289e-02 8.620309098762730937e-02 5.890509701323239783e-02 6.187774768659843466e-02
4.174999999999999822e+00 8.123328699571218114e-02 8.619174873147361637e-02 5.894134118158825958e-02 6.190778486492527766e-02
4.200000000000000178e+00 8.123182125002263720e-02 8.617887429771754759e-02 5.898250504766643781e-02 6.194196304361952038e-02
4.224999999999999645e+00 8.122923873064734346e-02 8.616451731337974873e-02 5.902852717841504393e-02 6.198020580690529607e-02
4.250000000000000000e+00 8.122562235686515975e-02 8.614872607998166898e-02 5.907931912370392030e-02 6.202241226617448422e-02
4.275000000000000355e+00 8.122104718384674793e-02 8.613154101215540759e-02 5.913476093977604320e-02 6.206845263340352720e-02
4.299999999999999822e+00 8.121558264080391831e-02 8.611299691246725174e-02 5.919470349767817080e-02 6.211817010297480263e-02
4.325000000000000178e+00 8.120929242758491429e-02 8.609312333399130046e-02 5.925896927747609233e-02 6.217138232262041375e-02
4.349999999999999645e+00 8.120222787229725014e-02 8.607193793370768176e-02 5.932734822757023546e-02 6.222787697413296321e-02
4.375000000000000000e+00 8.119443128086349659e-02 8.604944991721157066e-02 5.939960151618709633e-02 6.228741532234799427e-02
4.400000000000000355e+00 8.118593343876345791e-02 8.602565795956258754e-02 5.947546069403031321e-02 6.234973180188999736e-02
4.424999999999999822e+00 8.117675628412160393e-02 8.600055242625456731e-02 5.955463080597599157e-02 6.241453627732717474e-02
4.450000000000000178e+00 8.116691216964065647e-02 8.597411629661971810e-02 5.963679091456915160e-02 6.248151639837044857e-02
4.474999999999999645e+00 8.115638517753140380e-02 8.594630546526869919e-02 5.972158197298142041e-02 6.255032406090969832e-02
4.500000000000000000e+00 8.114514845551878963e-02 8.591706568098476937e-02 5.980862079431599476e-02 6.262058863856202751e-02
4.525000000000000355e+00 8.113316009535152806e-02 8.588632978250000660e-02 5.989749849953990291e-02 6.269191677446778188e-02
4.549999999999999822e+00 8.112036320049041682e-02 8.585401724585413341e-02 5.998778194613884479e-02 6.276389302000884296e-02
4.575000000000000178e+00 8.110668336426957170e-02 8.582003224458729929e-02 6.007901348191550805e-02 6.283607998104058512e-02
4.599999999999999645e+00 8.109202735194558087e-02 8.578426229946592430e-02 6.017071166922014630e-02 6.290801878543415826e-02
4.625000000000000000e+00 8.107628222234916637e-02 8.574657712929140141e-02 6.026237220104025544e-02 6.297922952683311648e-02
4.650000000000000355e+00 8.105931809724077619e-02 8.570683194677428118e-02 6.035347160964509017e-02 6.304921528818979715e-02
4.674999999999999822e+00 8.104098421088370974e-02 8.566486357089656001e-02 6.044346592819848513e-02 6.311746068811494026e-02
4.700000000000000178e+00 8.102111212570700660e-02 8.562049321721595940e-02 6.053179481746836371e-02 6.318343535116353882e-02
4.724999999999999645e+00 8.099951435256501353e-02 8.557352593963375720e-02 6.061788200916237712e-02 6.324659501054825939e-02
4.750000000000000000e+00 8.097598294529670393e-02 8.552374898656350810e-02 6.070113599013533812e-02 6.330638170093742800e-02
4.775000000000000355e+00 8.095028903478508620e-02 8.547093116175134841e-02 6.078095150355764670e-02 6.336222495079059380e-02
4.799999999999999822e+00 8.092218490928923535e-02 8.541482486397589113e-02 6.085671250572220053e-02 6.341354458219809753e-02
4.825000000000000178e+00 8.089140422297300126e-02 8.535516658323433203e-02 6.092779399957733849e-02 6.345975255484105626e-02
4.849999999999999645e+00 8.085766087228371535e-02 8.529167588728631122e-02 6.099356289243041546e-02 6.350025380017114418e-02
4.875000000000000000e+00 8.082065001036595198e-02 8.522405552591980071e-02 6.105337996409353207e-02 6.353444731331717166e-02
4.900000000000000355e+00 8.078005175284980188e-02 8.515199594245692616e-02 6.110660406740726219e-02 6.356173081394149438e-02
4.924999999999999822e+00 8.073552807958953026e-02 8.507517206419250300e-02 6.115259162604095439e-02 6.358149999842853395e-02
4.950000000000000178e+00 8.068672595026799010e-02 8.499324577256854585e-02 6.119070012361118444e-02 6.359315145915198086e-02
4.974999999999999645e+00 8.063327625019646450e-02 8.490586588606459373e-02 6.122028840472028277e-02 6.359608381077108685e-02
5.000000000000000000e+00 8.057479422798370650e-02 8.481266701144624109e-02 6.124071825151075621e-02 6.358969766287210501e-02
5.025000000000000355e+00 8.051088487863518328e-02 8.471327517958616993e-02 6.125135995976747211e-02 6.357340127516684924e-02
5.049999999999999822e+00 8.044113998480423300e-02 8.460730649677389303e-02 6.125159095724011515e-02 6.354661076466947001e-02
5.075000000000000178e+00 8.036513876124204425e-02 8.449436471724158793e-02 6.124079704026203635e-02 6.350874845568989235e-02
5.099999999999999645e+00 8.028245572889325388e-02 8.437405067397868441e-02 6.121837953278432692e-02 6.345925127848402181e-02
5.125000000000000000e+00 8.019265333478142743e-02 8.424595659854043628e-02 6.118375042323406093e-02 6.339756758455415697e-02
5.150000000000000355e+00 8.009528454633912942e-02 8.410966476492100219e-02 6.113633505239898791e-02 6.332315619206940749e-02
5.174999999999999822e+00 7.998989924017713138e-02 8.396475538516211257e-02 6.107557776092493312e-02 6.323549331738348434e-02
5.200000000000000178e+00 7.987604353192484519e-02 8.381080606193846982e-02 6.100094208499626247e-02 6.313407291061776117e-02
5.224999999999999645e+00 7.975326137126065307e-02 8.364739297165173226e-02 6.091191213572174495e-02 6.301840782012969877e-02
5.250000000000000000e+00 7.962109468276463986e-02 8.347409169388073091e-02 6.080799324228900599e-02 6.288803101795031880e-02
5.275000000000000355e+00 7.947908457269314830e-02 8.329047710052481235e-02 6.068871344732531398e-02 6.274249591254892067e-02
5.299999999999999822e+00 7.932677608453390927e-02 8.309612680642451676e-02 6.055362709035404939e-02 6.258137891730265745e-02
5.325000000000000178e+00 7.916371892133171329e-02 8.289062490222934287e-02 6.040231533300602362e-02 6.240428267899426895e-02
5.349999999999999645e+00 7.898946447224146350e-02 8.267355718521149366e-02 6.023438431865092701e-02 6.221083270736459114e-02
5.375000000000000000e+00 7.880357386437822353e-02 8.244451733263960524e-02 6.004947161191872412e-02 6.200068207760325856e-02
5.400000000000000355e+00 7.860561546784212983e-02 8.220310782131577676e-02 5.984724380092350943e-02 6.177351246607160756e-02
5.424999999999999822e+00 7.839516472525387414e-02 8.194893752706824963e-02 5.962739617700623523e-02 6.152903185419444920e-02
5.450000000000000178e+00 7.817180905272273772e-02 8.168162597287238758e-02 5.938965670570936495e-02 6.126697791515679781e-02
5.474999999999999645e+00 7.793514909365352461e-02 8.140080525152929014e-02 5.913378641341297814e-02 6.098711918287786499e-02
5.500000000000000000e+00 7.768479924274034054e-02 8.110612031983142900e-02 5.885957949639495507e-02 6.068925499267928403e-02
5.525000000000000355e+00 7.742038957684507783e-02 8.079723100152637338e-02 5.856686454080405752e-02 6.037321690538963864e-02
5.549999999999999822e+00 7.714156885815290354e-02 8.047381433301872833e-02 5.825550658834684203e-02 6.003887037036631513e-02
5.575000000000000178e+00 7.684800283381558461e-02 8.013556505698310461e-02 5.792540472221578002e-02 5.968611452940131290e-02
5.599999999999999645e+00 7.653937301098655277e-02 7.978219248069710889e-02 5.757649089394279579e-02 5.931487932104552441e-02
5.625000000000000000e+00 7.621538339783669180e-02 7.941342526358059761e-02 5.720873482701770846e-02 5.892512856085005413e-02
5.650000000000000355e+00 7.587576266178666651e-02 7.902901513840719649e-02 5.682214489298910431e-02 5.851686253227023071e-02
5.674999999999999822e+00 7.552026150033050444e-02 7.862873728953122254e-02 5.641676478976095227e-02 5.809011765163162727e-02
5.700000000000000178e+00 7.514864995539344283e-02 7.821238607656415265e-02 5.599267151191045233e-02 5.764496294945312821e-02
5.724999999999999645e+00 7.476072526822584441e-02 7.777977777479798405e-02 5.554998046603305123e-02 5.718150078515130824e-02
5.750000000000000000e+00 7.435631100937845073e-02 7.733075628517724343e-02 5.508884360329879132e-02 5.669987087479780308e-02
5.775000000000000355e+00 7.393525450011348421e-02 7.686518830802105406e-02 5.460944679829272258e-02 5.620024602980103201e-02
5.799999999999999822e+00 7.349743200286441847e-02 7.638296800191973768e-02 5.411201329558926187e-02 5.568283492577957849e-02
5.825000000000000178e+00 7.304274658234731488e-02 7.588401492415948468e-02 5.359680118529741577e-02 5.514787991217314639e-02
5.849999999999999645e+00 7.257113041356183514e-02 7.536827605969176336e-02 5.306410348664557242e-02 5.459565707255750050e-02
5.875000000000000000e+00 7.208254408625174026e-02 7.483572659833208351e-02 5.251424734837452368e-02 5.402647660709825050e-02
5.900000000000000355e+00 7.157697911226340581e-02 7.428637179316162353e-02 5.194759454681161653e-02 5.344068325704705302e-02
5.924999999999999822e+00 7.105445357319191413e-02 7.372024464900478469e-02 5.136453723921634296e-02 5.283865365416443721e-02
5.950000000000000178e+00 7.051501360123449413e-02 7.313740407418262146e-02 5.076549861590891333e-02 5.222079391071209054e-02
5.974999999999999645e+00 6.995873289524807970e-02 7.253793838716357523e-02 5.015093131199865883e-02 5.158754201233108072e-02
6.000000000000000000e+00 6.938571076216139277e-02 7.192195760617692279e-02 4.952131486729500348e-02 5.093936003097698784e-02
6.025000000000000355e+00 6.879608280870445902e-02 7.128960467911160670e-02 4.887716269008917508e-02 5.027674183901689742e-02
6.049999999999999822e+00 6.819001494814443121e-02 7.064105300620218686e-02 4.821901582863120234e-02 4.960020984795054239e-02
6.075000000000000178e+00 6.756770575135676027e-02 6.997651110183007728e-02 4.754744398090087615e-02 4.891031847325674059e-02
6.099999999999999645e+00 6.692937757738125215e-02 6.929621749662809305e-02 4.686303824081936714e-02 4.820765004132027826e-02
6.125000000000000000e+00 6.627527615484229973e-02 6.860042429058274549e-02 4.616640994351633998e-02 4.749279916087315034e-02
6.150000000000000355e+00 6.560568167311367493e-02 6.788941797883162044e-02 4.545819688831452543e-02 4.676638809589282741e-02
6.174999999999999822e+00 6.492089789332453065e-02 6.716351180998247905e-02 4.473905416343195579e-02 4.602906045095229992e-02
6.200000000000000178e+00 6.422126067381693504e-02 6.642304781530350422e-02 4.400965974132536179e-02 4.528148109409321082e-02
6.224999999999999645e+00 6.350713218044916342e-02 6.566839686696014644e-02 4.327070913426564469e-02 4.452433558788132517e-02
6.250000000000000000e+00 6.277889871318409476e-02 6.489995246412333385e-02 4.252291227944651059e-02 4.375832394111242585e-02
6.275000000000000355e+00 6.203697185652672086e-02 6.411813383112618947e-02 4.176699324234955241e-02 4.298416200790892983e-02
6.299999999999999822e+00 6.128178640868441052e-02 6.332338444215181161e-02 4.100368813356965181e-02 4.220257963453433875e-02
6.325000000000000178e+00 6.051380266005271930e-02 6.251616953027545887e-02 4.023374544566721278e-02 4.141431728411254509e-02
6.349999999999999645e+00 5.973350579358599477e-02 6.169697982339279047e-02 3.945792381281178901e-02 4.062012737612525487e-02
6.375000000000000000e+00 5.894140012228683140e-02 6.086632861628178681e-02 3.867698727350277893e-02 3.982077185533326041e-02
6.400000000000000355e+00 5.813801054644979899e-02 6.002474720084236687e-02 3.789170546967598335e-02 3.901701734571115521e-02
6.424999999999999822e+00 5.732388184166752054e-02 5.917278662229565750e-02 3.710285181584536268e-02 3.820963536312999009e-02
6.450000000000000178e+00 5.649957669518419767e-02 5.831101522693313277e-02 3.631120085061222830e-02 3.739939938334134462e-02
6.474999999999999645e+00 5.566567888211336468e-02 5.744002181515838606e-02 3.551752990244326502e-02 3.658708630374735843e-02
6.500000000000000000e+00 5.482278795499810620e-02 5.656041184701816188e-02 3.472261388057853310e-02 3.577347260234491760e-02
6.525000000000000355e+00 5.397151817516838979e-02 5.567280455782802617e-02 3.392722354106328386e-02 3.495933104445830830e-02
6.549999999999999822e+00 5.311249803484355964e-02 5.477783473409851556e-02 3.313212457210163581e-02 3.414543146998801071e-02
6.575000000000000178e+00 5.224636839687710199e-02 5.387614721127258199e-02 3.233807541274713593e-02 3.333253567050278171e-02
6.599999999999999645e+00 5.137378359458013438e-02 5.296840124886562085e-02 3.154582674062393621e-02 3.252139972752067509e-02
6.625000000000000000e+00 5.049540474949904684e-02 5.205526373052832279e-02 3.075611624158736818e-02 3.171276837508893442e-02
6.650000000000000355e+00 4.961190295083005297e-02 5.113740988490032141e-02 2.996967040321399378e-02 3.090737478072011490e-02
6.674999999999999822e+00 4.872395855079182658e-02 5.021552249842948373e-02 2.918720312686328908e-02 3.010593917074632156e-02
6.700000000000000178e+00 4.783225804821736316e-02 4.929029171458967906e-02 2.840941259502731409e-02 2.930916790017266266e-02
6.724999999999999645e+00 4.693749349137751881e-02 4.836241243888986241e-02 2.763698066614580368e-02 2.851775136228707624e-02
6.750000000000000888e+00 4.604035975366465444e-02 4.743258333019989559e-02 2.687057033746951401e-02 2.773236243134146253e-02
6.775000000000001243e+00 4.514155114633963684e-02 4.650150233639992886e-02 2.611082334896778004e-02 2.695365345663541801e-02
6.799999999999999822e+00 4.424176546826875250e-02 4.556986779998461329e-02 2.535836210941350491e-02 2.618225588374659824e-02
6.825000000000001066e+00 4.334169837109394519e-02 4.463837839432822918e-02 2.461378589613838833e-02 2.541878036568721855e-02
6.849999999999999645e+00 4.244204212367470169e-02 4.370772906220440901e-02 2.387766993836381094e-02 2.466381384650728065e-02
6.875000000000000000e+00 4.154348675359321313e-02 4.277860962391307614e-02 2.315056593373100366e-02 2.391791817069948561e-02
6.900000000000001243e+00 4.064671731114454650e-02 4.185170731777598796e-02 2.243299986447759228e-02 2.318163171110657408e-02
6.924999999999999822e+00 3.975241014299597808e-02 4.092770036455520982e-02 2.172547009525830491e-02 2.245546539159750526e-02
6.950000000000001066e+00 3.886123535389033462e-02 4.000725801978264468e-02 2.102844883755497149e-02 2.173990223621731499e-02
6.974999999999999645e+00 3.797162960899506945e-02 3.909326477642173503e-02 2.033893469130615070e-02 2.103884382885014975e-02
7.000000000000000000e+00 3.706287690326013490e-02 3.815559347805293211e-02 1.965078555669701535e-02 2.033175441654932331e-02
7.025000000000001243e+00 3.616049267451082461e-02 3.722473819075181739e-02 1.897535507997853005e-02 1.963753676828530748e-02
7.049999999999999822e+00 3.526508965312766253e-02 3.630131367860202352e-02 1.831297258543992251e-02 1.895653397044702940e-02
7.075000000000001066e+00 3.437726500134211105e-02 3.538591548309762830e-02 1.766393717781530523e-02 1.828905646761737336e-02
7.099999999999999645e+00 3.349759777346483086e-02 3.447912241702378450e-02 1.702851689600195020e-02 1.763538435480211178e-02
7.125000000000000000e+00 3.262664669182899907e-02 3.358149328966410913e-02 1.640694818981431810e-02 1.699576622709354431e-02
7.150000000000001243e+00 3.176494988989447821e-02 3.269356710121756188e-02 1.579943654835573932e-02 1.637042010730150460e-02
7.174999999999999822e+00 3.091302222601629776e-02 3.181585844590566897e-02 1.520615588263193180e-02 1.575953134774512113e-02
7.200000000000000178e+00 3.007135788255765538e-02 3.094885994117872741e-02 1.462725080320276781e-02 1.516325486289000352e-02
7.224999999999999645e+00 2.924042768400094902e-02 3.009304284675003507e-02 1.406283602810213564e-02 1.458171663341892299e-02
7.250000000000000000e+00 2.842067698849945132e-02 2.924885139170796400e-02 1.351299608204336970e-02 1.401501111749090325e-02
7.275000000000001243e+00 2.761252775621522368e-02 2.841670639620828831e-02 1.297778755337095774e-02 1.346320434609891113e-02
7.299999999999999822e+00 2.681637557393161744e-02 2.759700364767652889e-02 1.245723863587263648e-02 1.292633431507995458e-02
7.325000000000000178e+00 2.603258990860487024e-02 2.679011185810454415e-02 1.195135033551874421e-02 1.240441074916941860e-02
7.349999999999999645e+00 2.526151365773376609e-02 2.599637305027640774e-02 1.146009725287669770e-02 1.189741641743865229e-02
7.375000000000000000e+00 2.450346310429694571e-02 2.521610267476248612e-02 1.098342862829669933e-02 1.140530827981961134e-02
7.400000000000001243e+00 2.375872844492427430e-02 2.444958812662362951e-02 1.052126988335254539e-02 1.092801763763046746e-02
7.424999999999999822e+00 2.302757389582984690e-02 2.369709342787575113e-02 1.007352369006978172e-02 1.046545406869792659e-02
7.450000000000000178e+00 2.231023435014349576e-02 2.295885392265863828e-02 9.640069621936598818e-03 1.001750387666674666e-02
7.474999999999999645e+00 2.160691804741960223e-02 2.223507534685267156e-02 9.220766520508068970e-03 9.584030296914736180e-03
7.500000000000000000e+00 2.091780711854774114e-02 2.152593812889733171e-02 8.815453879589780356e-03 9.164877074782968105e-03
7.525000000000000355e+00 2.024305721836334310e-02 2.083159640053743739e-02 8.423952793668617114e-03 8.759869085318720827e-03
7.549999999999999822e+00 1.958279774424067851e-02 2.015217801128628416e-02 8.046067192561368389e-03 8.368813432050229914e-03
7.575000000000000178e+00 1.893713223921209346e-02 1.948778471114504668e-02 7.681585058051881333e-03 7.991500587460583990e-03
7.599999999999999645e+00 1.830613920566118852e-02 1.883849274987384886e-02 7.330279841814273112e-03 7.627705674635012166e-03
7.625000000000000000e+00 1.768987249463895711e-02 1.820435379186263053e-02 6.991911748473756023e-03 7.277189971558059578e-03
7.650000000000000355e+00 1.708836087456937908e-02 1.758539490676085115e-02 6.666228364440573810e-03 6.939701939162459116e-03
7.674999999999999822e+00 1.650160998951981026e-02 1.698161912623910239e-02 6.352966682374625376e-03 6.614978380530199889e-03
7.700000000000000178e+00 1.592960342521209868e-02 1.639300701987766659e-02 6.051854389433735867e-03 6.302746075943593124e-03
7.724999999999999645e+00 1.537230270917695242e-02 1.581951730046217072e-02 5.762610604399696565e-03 6.002722898282492926e-03
7.750000000000000000e+00 1.482964844467673550e-02 1.526108746922287020e-02 5.484947347504454465e-03 5.714618950367434357e-03
7.775000000000000355e+00 1.430156112372904867e-02 1.471763466320323913e-02 5.218570565685900532e-03 5.438137716228399511e-03
7.799999999999999822e+00 1.378794227459752622e-02 1.418905686775273796e-02 4.963181310164911653e-03 5.172977307193185430e-03
7.825000000000000178e+00 1.328867520656376068e-02 1.367523364568899030e-02 4.718476741303124014e-03 4.918831436816583150e-03
7.849999999999999645e+00 1.280362601789051570e-02 1.317602712827013918e-02 4.484151166269342501e-03 4.675390491333570805e-03
7.875000000000000000e+00 1.233264474719088580e-02 1.269128311575117192e-02 4.259897072869078295e-03 4.442342573932786011e-03
7.900000000000000355e+00 1.187556640230626702e-02 1.222083215837046696e-02 4.045406059978218227e-03 4.219374488028484506e-03
7.924999999999999822e+00 1.143221189190606925e-02 1.176449049652618893e-02 3.840369634431071207e-03 4.006172591559906647e-03
7.950000000000000178e+00 1.100238915276273606e-02 1.132206114414566721e-02 3.644480122978037764e-03 3.802423669483442729e-03
7.974999999999999645e+00 1.058589413670701224e-02 1.089333496910561278e-02 3.457431409085456441e-03 3.607815774307405413e-03
8.000000000000000000e+00 1.018251179283940697e-02 1.047809164008019558e-02 3.278919630629332973e-03 3.422038929418160565e-03
8.025000000000000355e+00 9.792017115387970094e-03 1.007610061975305893e-02 3.108643869102496477e-03 3.244785820129242326e-03
8.050000000000000711e+00 9.414176166728521408e-03 9.687122249939734975e-03 2.946306760793694635e-03 3.075752460138478708e-03
8.074999999999999289e+00 9.048747053529978407e-03 9.310908723313564977e-03 2.791615053762195979e-03 2.914638780963103859e-03
8.099999999999999645e+00 8.695480908971290820e-03 8.947205094157461083e-03 2.644280125152439348e-03 2.761149174679479283e-03
8.125000000000000000e+00 8.354122747196587873e-03 8.595750152530362564e-03 2.504018425993077834e-03 2.614992969705822595e-03
8.150000000000000355e+00 8.024412424865534979e-03 8.256277336411198611e-03 2.370551871093565591e-03 2.475884848927119818e-03
8.175000000000000711e+00 7.706085504069835890e-03 7.928515614237121797e-03 2.243608229041618805e-03 2.343545233519090179e-03
8.199999999999999289e+00 7.398874087475469305e-03 7.612190457481588651e-03 2.122921428507158412e-03 2.217700682297004452e-03
8.224999999999999645e+00 7.102507534785494625e-03 7.307024468363682544e-03 2.008231783653284270e-03 2.098084111236673578e-03
8.250000000000000000e+00 6.816713262113647913e-03 7.012738189502649815e-03 1.899286249682581498e-03 1.984435048660082579e-03
8.275000000000000355e+00 6.541217473238094757e-03 6.729050865379850553e-03 1.795838629299681714e-03 1.876499869090328355e-03
8.300000000000000711e+00 6.275745910827119564e-03 6.455681169678853873e-03 1.697649703060123434e-03 1.774031961992822122e-03
8.324999999999999289e+00 6.020024385593092733e-03 6.192347842535455421e-03 1.604487314131189087e-03 1.676791846895170487e-03
8.349999999999999645e+00 5.773779404547511526e-03 5.938770246912339866e-03 1.516126475179660829e-03 1.584547259396250742e-03
8.375000000000000000e+00 5.536738778248140661e-03 5.694669038068382941e-03 1.432349418954829675e-03 1.497073247195523623e-03
8.400000000000000355e+00 5.308632138546870785e-03 5.459766643832275265e-03 1.352945620049169923e-03 1.414152185418600079e-03
8.425000000000000711e+00 5.089191411619459725e-03 5.233787800753836664e-03 1.277711768985051802e-03 1.335573788872545685e-03
8.449999999999999289e+00 4.878151214135149558e-03 5.016459980047524060e-03 1.206451734599318752e-03 1.261135084799646722e-03
8.474999999999999645e+00 4.675249297784235883e-03 4.807513792264315154e-03 1.138976529567432535e-03 1.190640365988936394e-03
8.500000000000000000e+00 4.480226947941057594e-03 4.606683393117284690e-03 1.075104242885885136e-03 1.123901137059234471e-03
8.525000000000000355e+00 4.292829309521279009e-03 4.413706850840870728e-03 1.014659931677972405e-03 1.060736031169105982e-03
8.550000000000000711e+00 4.112805627009627138e-03 4.228326432415609529e-03 9.574755098450086089e-04 1.000970704617337899e-03
8.574999999999999289e+00 3.939909564133094524e-03 4.050288870459159592e-03 9.033896426319257484e-04 9.444377223413137276e-04
8.599999999999999645e+00 3.773899464323775439e-03 3.879345627298708826e-03 8.522476013392606001e-04 8.909764259956068745e-04
8.625000000000000000e+00 3.614538512500609698e-03 3.715253125614928573e-03 8.039011248322420772e-04 8.404327973473905934e-04
8.650000000000000355e+00 3.461594891112017638e-03 3.557772892860173227e-03 7.582082583153932883e-04 7.926593057016176943e-04
8.675000000000000711e+00 3.314841980779760586e-03 3.406671732949972421e-03 7.150331908348242982e-04 7.475147430950735512e-04
8.699999999999999289e+00 3.174058467680985519e-03 3.261721877325490012e-03 6.742461015869067285e-04 7.048640656950077351e-04
8.724999999999999645e+00 3.039028438757724205e-03 3.122701066352335814e-03 6.357229803276575079e-04 6.645782185002867444e-04
8.750000000000000000e+00 2.909541459442188584e-03 2.989392651893444611e-03 5.993454417131385478e-04 6.265339602435405792e-04
8.775000000000000355e+00 2.785392610668899378e-03 2.861585633774106369e-03 5.650005514313910732e-04 5.906136765227970164e-04
8.800000000000000711e+00 2.666382558438967071e-03 2.739074713297775208e-03 5.325806552061559864e-04 5.567052042460558358e-04
8.824999999999999289e+00 2.552317551064989774e-03 2.621660320107571142e-03 5.019831889501764769e-04 5.247016485974379408e-04
8.849999999999999645e+00 2.443009417395116192e-03 2.509148612539164897e-03 4.731104961197187138e-04 4.945011994636533317e-04
8.875000000000000000e+00 2.338275549253161084e-03 2.401351442210924048e-03 4.458696428046294538e-04 4.660069381457254212e-04
8.900000000000000355e+00 2.237938886611778432e-03 2.298086349134658649e-03 4.201722470021622825e-04 4.391266610658501419e-04
8.925000000000000711e+00 2.141827865292582605e-03 2.199176526699627224e-03 3.959343000510080952e-04 4.137727022767457847e-04
8.949999999999999289e+00 2.049776362656124864e-03 2.104450745354040104e-03 3.730759885427844700e-04 3.898617494131596480e-04
8.974999999999999645e+00 1.961623640692084468e-03 2.013743312650096047e-03 3.515215204269296709e-04 3.673146703343086643e-04
9.000000000000000000e+00 1.877214261499987775e-03 1.926893985345068828e-03 3.311989628018328306e-04 3.460563390239846889e-04
9.025000000000000355e+00 1.796398012327292014e-03 1.843747884912874278e-03 3.120400729948323744e-04 3.260154666150620476e-04
9.050000000000000711e+00 1.719029815098884612e-03 1.764155419430938872e-03 2.939801358302747631e-04 3.071244365617242528e-04
9.074999999999999289e+00 1.644969628745182036e-03 1.687972177975049235e-03 2.769578107873159052e-04 2.893191422986858682e-04
9.099999999999999645e+00 1.574082347410068897e-03 1.615058828393317429e-03 2.609149777869760635e-04 2.725388307527688890e-04
9.125000000000000000e+00 1.506237695192021902e-03 1.545281010291278808e-03 2.457965899169777912e-04 2.567259500065869260e-04
9.150000000000000355e+00 1.441310116823634867e-03 1.478509223887133905e-03 2.315505302773285213e-04 2.418260015969632827e-04
9.175000000000000711e+00 1.379178663350197039e-03 1.414618713662126655e-03 2.181274732523833882e-04 2.277873971909989421e-04
9.199999999999999289e+00 1.319726877632478642e-03 1.353489351444792359e-03 2.054807513672652448e-04 2.145613205621912337e-04
9.224999999999999645e+00 1.262842675595214235e-03 1.295005516205908428e-03 1.935662249646937340e-04 2.021015940053316252e-04
9.250000000000000000e+00 1.208418227275108621e-03 1.239055971163353486e-03 1.823421583305415183e-04 1.903645488024791510e-04
9.275000000000000355e+00 1.156349836474237190e-03 1.185533740912063372e-03 1.717691032472815754e-04 1.793089024735147676e-04
9.300000000000000711e+00 1.106537821755759895e-03 1.134335989285466251e-03 1.618097823973570074e-04 1.688956406635538530e-04
9.324999999999999289e+00 1.058886395194701168e-03 1.085363895830647289e-03 1.524289770142648996e-04 1.590879013557853149e-04
9.349999999999999645e+00 1.013303541456012308e-03 1.038522531755502968e-03 1.435934250553179208e-04 1.498508653902185612e-04
9.375000000000000000e+00 9.697008999955450924e-04 9.937207375531735033e-04 1.352717196070587688e-04 1.411516526663623386e-04
9.400000000000000355e+00 9.279936466053129163e-04 9.508710030057502139e-04 1.274342108616061705e-04 1.329592210419912822e-04
9.425000000000000711e+00 8.881003756162007519e-04 9.098893453862162521e-04 1.200529155856027179e-04 1.252442703764269992e-04
9.449999999999999289e+00 8.499429854191990546e-04 8.706951917714369441e-04 1.131014285487689407e-04 1.179791511523155072e-04
9.474999999999999645e+00 8.134465646472621107e-04 8.332112618298691351e-04 1.065548378643060628e-04 1.111377766788553478e-04
9.500000000000000000e+00 7.785392812168916458e-04 7.973634537531543425e-04 1.003896451663400066e-04 1.046955393429651996e-04
9.525000000000000355e+00 7.451522717779363210e-04 7.630807307062241170e-04 9.458369018538436139e-05 9.862923137318916982e-05
9.550000000000000711e+00 7.132195352589169044e-04 7.302950106804779323e-04 8.911607713602940782e-05 9.291696911119353200e-05
9.574999999999999289e+00 6.826778277910711731e-04 6.989410584827070822e-04 8.396710584423065543e-05 8.753812058118709907e-05
9.599999999999999645e+00 6.534665608283612981e-04 6.689563802922381943e-04 7.911820697413628602e-05 8.247323728401095659e-05
9.625000000000000000e+00 6.255277009588226323e-04 6.402811210575574561e-04 7.455187867266109135e-05 7.770398910279752104e-05
9.650000000000000355e+00 5.988056727719658469e-04 6.128579641077374013e-04 7.025162756369757080e-05 7.321310211313655520e-05
9.675000000000000711e+00 5.732472643919600758e-04 5.866320332090548808e-04 6.620191325859678313e-05 6.898430008390565686e-05
9.699999999999999289e+00 5.488015355631209978e-04 5.615507981389125615e-04 6.238809422026585282e-05 6.500224878510972657e-05
9.724999999999999645e+00 5.254197286207991716e-04 5.375639826190752079e-04 5.879637753722260552e-05 6.125250292156799998e-05
9.750000000000000000e+00 5.030551820956620903e-04 5.146234752426234347e-04 5.541377116721353502e-05 5.772145624961694276e-05
9.775000000000000355e+00 4.816632467041859016e-04 4.926832428423670368e-04 5.222803840045331077e-05 5.439629400101787934e-05
9.800000000000000711e+00 4.612012044257123651e-04 4.716992466080820569e-04 4.922765548135304189e-05 5.126494813210826174e-05
9.824999999999999289e+00 4.416281896779231152e-04 4.516293609061195467e-04 4.640177042113115236e-05 4.831605478933629917e-05
9.849999999999999645e+00 4.229051143938368550e-04 4.324332955196658924e-04 4.374016446498577688e-05 4.553891390503970917e-05
9.875000000000000000e+00 4.049945942070145850e-04 4.140725200024132830e-04 4.123321651493777704e-05 4.292345125882966278e-05
9.900000000000000355e+00 3.878608776836010527e-04 3.965101901467835556e-04 3.887186829656277782e-05 4.046018269852099373e-05
9.925000000000000711e+00 3.714697787083509248e-04 3.797110779141662455e-04 3.664759162464225820e-05 3.814017977650879473e-05
9.949999999999999289e+00 3.557886103431767179e-04 3.636415036587147746e-04 3.455235857526467230e-05 3.595503791630243944e-05
9.974999999999999645e+00 3.407861219579908928e-04 3.482692705642445748e-04 3.257861195980912649e-05 3.389684610235997733e-05
1.000000000000000000e+01 3.264324383952675514e-04 3.335636020633696904e-04 3.071923815071475378e-05 3.195815813794567855e-05
1.002500000000000036e+01 3.126990011395974723e-04 3.194950810175824435e-04 2.896754134852957063e-05 3.013196568657063924e-05
1.005000000000000071e+01 2.995585121647285497e-04 3.060355915096768173e-04 2.731721898673951482e-05 2.841167265422955390e-05
1.007499999999999929e+01 2.869848796425283075e-04 2.931582629640295265e-04 2.576233906817029817e-05 2.679107115067566101e-05
1.009999999999999964e+01 2.749531660147863719e-04 2.808374162731104183e-04 2.429731862789296181e-05 2.526431892099439435e-05
1.012500000000000000e+01 2.634395379732720733e-04 2.690485121540715698e-04 2.291690306221284097e-05 2.382591792760613460e-05
1.015000000000000036e+01 2.524212184937722975e-04 2.577681014715499830e-04 2.161614681962903983e-05 2.247069404517536563e-05
1.017500000000000071e+01 2.418764409035501872e-04 2.469737777976827009e-04 2.039039535453665501e-05 2.119377804600744165e-05
1.019999999999999929e+01 2.317844046616437817e-04 2.366441317737385608e-04 1.923526813154211379e-05 1.999058771407559746e-05
1.022499999999999964e+01 2.221252329518404807e-04 2.267587071895029479e-04 1.814664260542142886e-05 1.885681103410659701e-05
1.025000000000000000e+01 2.128799321274552655e-04 2.172979590581526946e-04 1.712063885851572296e-05 1.778839027133264570e-05
1.027500000000000036e+01 2.040303528034030926e-04 2.082432133885552168e-04 1.615360526000104676e-05 1.678150689459089441e-05
1.030000000000000071e+01 1.955591525969107094e-04 1.995766286763159226e-04 1.524210505965989284e-05 1.583256745066089589e-05
1.032499999999999929e+01 1.874497603816080340e-04 1.912811589693167824e-04 1.438290380972425523e-05 1.493819030037157423e-05
1.034999999999999964e+01 1.796863421040709836e-04 1.833405185281571418e-04 1.357295738293143479e-05 1.409519315113740441e-05
1.037500000000000000e+01 1.722537680309374920e-04 1.757391479321808610e-04 1.280940072761166061e-05 1.330058123263169925e-05
1.040000000000000036e+01 1.651375814689211774e-04 1.684621817618905059e-04 1.208953724301547162e-05 1.255153622474282685e-05
1.042500000000000071e+01 1.583239687765049893e-04 1.614954176076058019e-04 1.141082879451134037e-05 1.184540574224748608e-05
1.044999999999999929e+01 1.517997306910972427e-04 1.548252864483473917e-04 1.077088656966036929e-05 1.117969360382049928e-05
1.047499999999999964e+01 1.455522548439827407e-04 1.484388242809727462e-04 1.016746199857625437e-05 1.055205057848105989e-05
1.050000000000000000e+01 1.395694895213183697e-04 1.423236449441128715e-04 9.598438519957353001e-06 9.960265598575823259e-06
1.052500000000000036e+01 1.338399185999247407e-04 1.364679142418935142e-04 9.061823865188063193e-06 9.402257643352445691e-06
1.055000000000000071e+01 1.283525375404831340e-04 1.308603251527893816e-04 8.555742636806288294e-06 8.876068021746429533e-06
1.057499999999999929e+01 1.230968304523027382e-04 1.254900741289454607e-04 8.078429445131248181e-06 8.379853143824600952e-06
1.059999999999999964e+01 1.180627481718642607e-04 1.203468384471764366e-04 7.628222256117587154e-06 7.911877658744204483e-06
1.062500000000000000e+01 1.132406873214469021e-04 1.154207545799092475e-04 7.203556437256104856e-06 7.470508029212765459e-06
1.065000000000000036e+01 1.086214702990149713e-04 1.107023975233244098e-04 6.802958972781894163e-06 7.054206571193852341e-06
1.067500000000000071e+01 1.041963261460168266e-04 1.061827610536763314e-04 6.425042969062123742e-06 6.661525717995737723e-06
1.069999999999999929e+01 9.995687226170001951e-05 1.018532388455103342e-04 6.068502621757324200e-06 6.291102705087096763e-06
1.072499999999999964e+01 9.589509696220801355e-05 9.770560644778755039e-05 5.732108388336996369e-06 5.941654524585108340e-06
1.075000000000000000e+01 9.200334281372449003e-05 9.373200408333716004e-05 5.414702545530721444e-06 5.611973237618175678e-06
1.077500000000000036e+01 8.827429070578537399e-05 8.992492021633881306e-05 5.115194914448672225e-06 5.300921528570907506e-06
1.080000000000000071e+01 8.470094463473459595e-05 8.627717584738407242e-05 4.832558855954354184e-06 5.007428529679655165e-06
1.082499999999999929e+01 8.127661718443344205e-05 8.278190951903267143e-05 4.565827515152967739e-06 4.730485864277601742e-06
1.084999999999999964e+01 7.799491566716253491e-05 7.943256301657401687e-05 4.314090348157830241e-06 4.469143982975635207e-06
1.087500000000000000e+01 7.484972887877505894e-05 7.622286770825224486e-05 4.076489744025294013e-06 4.222508678702449663e-06
1.090000000000000036e+01 7.183521445023906672e-05 7.314683149456872163e-05 3.852217929778836067e-06 3.989737813184285515e-06
1.092500000000000071e+01 6.894578678127497571e-05 7.019872635656237525e-05 3.640514026552978656e-06 3.770038245253321338e-06
1.094999999999999929e+01 6.617610552036781854e-05 6.737307647578083384e-05 3.440661318906757680e-06 3.562662947161925757e-06
1.097499999999999964e+01 6.352106455838990140e-05 6.466464688829685187e-05 3.251984625180324820e-06 3.366908293541347035e-06
1.100000000000000000e+01 6.097578152094023258e-05 6.206843265004520092e-05 3.073847859208045455e-06 3.182111485561491832e-06
1.102500000000000036e+01 5.853558774627353335e-05 5.957964849470330368e-05 2.905651746000484989e-06 3.007648162354376369e-06
1.105000000000000071e+01 5.619601871554569646e-05 5.719371897683522734e-05 2.746831644541368106e-06 2.842930127085654980e-06
1.107499999999999929e+01 5.395280490831567982e-05 5.490626904551350784e-05 2.596855548480155633e-06 2.687403236716712034e-06
1.109999999999999964e+01 5.180186308525815716e-05 5.271311505611519030e-05 2.455222138417735326e-06 2.540545395328865723e-06
1.112500000000000000e+01 4.973928795952152243e-05 5.061025619221181168e-05 2.321458997194447370e-06 2.401864669136942237e-06
1.115000000000000036e+01 4.776134425110467900e-05 4.859386627473227284e-05 2.195120917049567438e-06 2.270897518364725011e-06
1.117500000000000071e+01 4.586445909820902051e-05 4.666028594802771804e-05 2.075788305655455615e-06 2.147207132453794507e-06
1.119999999999999929e+01 4.404521481295049768e-05 4.480601521701202845e-05 1.963065703707161224e-06 2.030381867524957189e-06
1.122499999999999964e+01 4.230034196682911279e-05 4.302770632547412214e-05 1.856580360782956441e-06 1.920033777834780891e-06
1.125000000000000000e+01 4.062671279372996483e-05 4.132215695941710438e-05 1.755980899054496681e-06 1.815797216570989681e-06
1.127500000000000036e+01 3.902133489029375736e-05 3.968630376549192606e-05 1.660936086805077167e-06 1.717327537970260675e-06
1.130000000000000071e+01 3.748134519756931638e-05 3.811721615361025032e-05 1.571133668084560178e-06 1.624299876073041590e-06
1.132499999999999929e+01 3.600400426229996142e-05 3.661209038894832788e-05 1.486279248736683788e-06 1.536407994171568860e-06
1.134999999999999964e+01 3.458669075390138133e-05 3.516824394856857299e-05 1.406095245560686876e-06 1.453363187880824168e-06
1.137500000000000000e+01 3.322689623574381890e-05 3.378311014021931726e-05 1.330319937142747286e-06 1.374893270478860444e-06
1.140000000000000036e+01 3.192222016409220864e-05 3.245423296072729911e-05 1.258706526923961827e-06 1.300741617175441039e-06
1.142500000000000071e+01 3.067036512025484764e-05 3.117926218602440434e-05 1.191022268956114064e-06 1.230666250448364923e-06
1.144999999999999929e+01 2.946913225755506160e-05 2.995594868960655828e-05 1.127047676506849597e-06 1.164438994862333347e-06
1.147499999999999964e+01 2.831641695258741410e-05 2.878213997032537589e-05 1.066575741168561113e-06 1.101844680697887870e-06
1.150000000000000000e+01 2.721020465379036962e-05 2.765577588217851129e-05 1.009411203688338896e-06 1.042680381609487715e-06
1.152500000000000036e+01 2.614856691757941033e-05 2.657488455947018617e-05 9.553698944015811232e-07 9.867547101756276800e-07
1.155000000000000071e+01 2.512965762272477893e-05 2.553757852458525201e-05 9.042780815159261489e-07 9.338871539598919901e-07
1.157499999999999929e+01 2.415170935575761474e-05 2.454205097258757031e-05 8.559718640613258667e-07 8.839074400917924407e-07
1.159999999999999964e+01 2.321302995953904020e-05 2.358657222285088427e-05 8.102966158871255571e-07 8.366549466262809270e-07
1.162500000000000000e+01 2.231199923708221438e-05 2.266948633312104508e-05 7.671064480010110637e-07 7.919781472688573929e-07
1.165000000000000036e+01 2.144706580198539150e-05 2.178920786309414934e-05 7.262637068330577405e-07 7.497340869871142796e-07
1.167500000000000071e+01 2.061674407261760401e-05 2.094421878594326521e-05 6.876385011617846666e-07 7.097878887553710322e-07
1.169999999999999929e+01 1.981961139929929941e-05 2.013306553728307779e-05 6.511082564486579848e-07 6.720122889344098833e-07
1.172499999999999964e+01 1.905430532234758534e-05 1.935435619826863593e-05 6.165572964072182313e-07 6.362872001446810586e-07
1.175000000000000000e+01 1.831952095151668500e-05 1.860675780590555914e-05 5.838764435680336606e-07 6.024992986349736396e-07
1.177500000000000036e+01 1.761400846261804842e-05 1.788899378131273340e-05 5.529626522468466640e-07 5.705416353372737236e-07
1.180000000000000071e+01 1.693657070691818796e-05 1.719984147594993035e-05 5.237186590733987796e-07 5.403132743870810506e-07
1.182499999999999929e+01 1.628606092600493963e-05 1.653812982609495291e-05 4.960526478059157098e-07 5.117189463672291429e-07
1.184999999999999964e+01 1.566138056946192160e-05 1.590273711224777340e-05 4.698779435418825242e-07 4.846687255118946659e-07
1.187500000000000000e+01 1.506147720969094800e-05 1.529258881951083129e-05 4.451127169850142427e-07 4.590777245314390668e-07
1.190000000000000036e+01 1.448534254937923879e-05 1.470665559301742379e-05 4.216797099802344943e-07 4.348658071804231123e-07
1.192500000000000071e+01 1.393201051757823097e-05 1.414395128442229962e-05 3.995059749899655376e-07 4.119573176524130980e-07
1.194999999999999929e+01 1.340055545043653118e-05 1.360353108563603648e-05 3.785226307471152354e-07 3.902808255148700884e-07
1.197499999999999964e+01 1.289009035242965174e-05 1.308448974533662297e-05 3.586646313144497857e-07 3.697688856851722438e-07
1.200000000000000000e+01 1.239976523464256866e-05 1.258595986482599472e-05 3.398705486289685117e-07 3.503578118113318542e-07
1.202500000000000036e+01 1.192876552650244356e-05 1.210711026925208756e-05 3.220823681613103805e-07 3.319874633341143220e-07
1.205000000000000071e+01 1.147631055803854434e-05 1.164714445129914518e-05 3.052452952192293216e-07 3.146010443684030573e-07
1.207499999999999929e+01 1.104165210872003985e-05 1.120529908374226625e-05 2.893075733139442636e-07 2.981449142902559891e-07
1.209999999999999964e+01 1.062407302038764253e-05 1.078084259742651541e-05 2.742203127923681903e-07 2.825684093585183094e-07
1.212500000000000000e+01 1.022288587136985448e-05 1.037307382236391242e-05 2.599373294022419532e-07 2.678236746913348567e-07
1.215000000000000036e+01 9.837431708822250742e-06 9.981320688623039451e-06 2.464149915312424882e-07 2.538655057176529354e-07
1.217500000000000071e+01 9.467078836781721890e-06 9.604938984505380619e-06 2.336120766807034420e-07 2.406511986017845421e-07
1.219999999999999929e+01 9.111221657210099963e-06 9.243311169146901183e-06 2.214896363470873771e-07 2.281404095856927681e-07
1.222499999999999964e+01 8.769279562055881541e-06 8.895845237474147134e-06 2.100108679523122680e-07 2.162950221529779811e-07
1.225000000000000000e+01 8.440695873679411151e-06 8.561973634894753306e-06 1.991409947513003052e-07 2.050790218040091293e-07
1.227500000000000036e+01 8.124936831544862632e-06 8.241152219536059594e-06 1.888471524638147997e-07 1.944583782243899876e-07
1.230000000000000071e+01 7.821490623163318928e-06 7.932859269824104877e-06 1.790982820284208379e-07 1.844009339716447086e-07
1.232499999999999929e+01 7.529866457411365236e-06 7.636594535633258824e-06 1.698650287979800401e-07 1.748762995540462986e-07
1.234999999999999964e+01 7.249593677889935853e-06 7.351878330655449159e-06 1.611196472257002067e-07 1.658557544899106026e-07
1.237500000000000000e+01 6.980220915077599496e-06 7.078250664340692140e-06 1.528359112302729751e-07 1.573121539852897927e-07
1.240000000000000036e+01 6.721315275279258248e-06 6.815270411751440325e-06 1.449890295593209234e-07 1.492198410576772405e-07
1.242500000000000071e+01 6.472461564672585862e-06 6.562514519449641617e-06 1.375555656632175081e-07 1.415545634428269742e-07
1.244999999999999929e+01 6.233261546994114450e-06 6.319577245882423637e-06 1.305133626350337180e-07 1.342933953361143735e-07
1.247499999999999964e+01 6.003333233340929423e-06 6.086069434674529533e-06 1.238414720909224441e-07 1.274146636684668097e-07
1.250000000000000000e+01 5.782310202622407485e-06 5.861617819409935436e-06 1.175200869161923838e-07 1.208978783596854033e-07
1.252500000000000036e+01 5.569840951349445580e-06 5.645864358470200806e-06 1.115304781514840806e-07 1.147236666044678921e-07
1.255000000000000071e+01 5.365588271535601214e-06 5.438465598677337136e-06 1.058549353331668107e-07 1.088737109481973276e-07
1.257499999999999929e+01 5.169228655232037758e-06 5.239092066353303551e-06 1.004767100691851487e-07 1.033306907941783439e-07
1.259999999999999964e+01 4.980451724723280381e-06 5.047427684594478424e-06 9.537996283049025373e-08 9.807822716344301700e-08
1.262500000000000000e+01 4.798959687198506521e-06 4.863169215643890844e-06 9.054971286956272766e-08 9.310083062442678570e-08
1.265000000000000036e+01 4.624466812799378701e-06 4.686025727231272551e-06 8.597179085358379722e-08 8.838385218388211616e-08
1.267500000000000071e+01 4.456698935066763228e-06 4.515718081907949512e-06 8.163279410855953530e-08 8.391343687508236231e-08
1.269999999999999929e+01 4.295392972666724950e-06 4.351978448162730029e-06 7.752004445695677466e-08 7.967647997342958135e-08
1.272499999999999964e+01 4.140296471616038162e-06 4.194549832511650843e-06 7.362154843034449614e-08 7.566058569188625846e-08
1.275000000000000000e+01 3.991167167007637713e-06 4.043185631626631338e-06 6.992595967510567753e-08 7.185402820827404460e-08
1.277500000000000036e+01 3.847772563456518072e-06 3.897649203581934966e-06 6.642254335770036771e-08 6.824571481108961627e-08
1.280000000000000071e+01 3.709889533392843593e-06 3.757713457397221226e-06 6.310114272478155810e-08 6.482515112183875929e-08
1.282499999999999929e+01 3.577303932446739901e-06 3.623160460103775116e-06 5.995214749920658040e-08 6.158240833281151322e-08
1.284999999999999964e+01 3.449810231163670843e-06 3.493781060532656056e-06 5.696646392963456204e-08 5.850809220811528021e-08
1.287500000000000000e+01 3.327211162338060729e-06 3.369374529063844810e-06 5.413548660574446590e-08 5.559331382282142111e-08
1.290000000000000036e+01 3.209317383326569295e-06 3.249748212730161848e-06 5.145107177990473393e-08 5.282966193708034329e-08
1.292500000000000071e+01 3.095947152633905717e-06 3.134717204942238574e-06 4.890551220269594837e-08 5.020917689300157055e-08
1.294999999999999929e+01 2.986926020194205267e-06 3.024104029203611564e-06 4.649151342201030076e-08 4.772432600760059447e-08
1.297499999999999964e+01 2.882086530733459759e-06 2.917738336242463789e-06 4.420217128901032756e-08 4.536798032433350131e-08
1.300000000000000000e+01 2.781267939644536815e-06 2.815456613929122757e-06 4.203095069437231654e-08 4.313339259726914849e-08
1.302500000000000036e+01 2.684315940857737837e-06 2.717101909464917579e-06 3.997166561399055714e-08 4.101417653954157341e-08
1.305000000000000071e+01 2.591082406177355124e-06 2.622523563300783426e-06 3.801846017389838309e-08 3.900428724939739509e-08
1.307499999999999929e+01 2.501425135597237115e-06 2.531576954301498919e-06 3.616579071238126473e-08 3.709800265944425267e-08
1.309999999999999964e+01 2.415207618098595562e-06 2.444123255621175635e-06 3.440840893228410404e-08 3.528990603682424470e-08
1.312500000000000000e+01 2.332298802516201560e-06 2.360029200871713688e-06 3.274134595317492641e-08 3.357486947305235912e-08
1.315000000000000036e+01 2.252572878019709098e-06 2.279166860123621267e-06 3.115989719959386367e-08 3.194803826369813979e-08
1.317500000000000071e+01 2.175909063817447935e-06 2.201413425347190441e-06 2.965960815458276809e-08 3.040481614024339152e-08
1.319999999999999929e+01 2.102191407651684943e-06 2.126651004838412313e-06 2.823626089936543763e-08 2.894085133471948822e-08
1.322499999999999964e+01 2.031308592762084195e-06 2.054766426282207424e-06 2.688586136050895048e-08 2.755202339268972020e-08
1.325000000000000000e+01 1.963153752927568474e-06 1.985651048098626173e-06 2.560462730579393892e-08 2.623443072251327068e-08
1.327500000000000036e+01 1.897624295242129434e-06 1.919200578681379520e-06 2.438897697142035413e-08 2.498437883800002774e-08
1.330000000000000071e+01 1.834621730310877425e-06 1.855314903215804943e-06 2.323551829513075241e-08 2.379836922647953469e-08
1.332499999999999929e+01 1.774051509544919643e-06 1.793897917757678228e-06 2.214103877905013096e-08 2.267308883769876547e-08
1.334999999999999964e+01 1.715822869252279657e-06 1.734857370252620854e-06 2.110249588388101617e-08 2.160540015667063748e-08
1.337500000000000000e+01 1.659848681251132838e-06 1.678104708215186394e-06 2.011700793587178736e-08 2.059233180360962090e-08
1.340000000000000036e+01 1.606045309721936652e-06 1.623554932783877324e-06 1.918184555227796826e-08 1.963106965421559903e-08
1.342500000000000071e+01 1.554332474038356560e-06 1.571126458882269865e-06 1.829442352779381376e-08 1.871894844857883887e-08
1.344999999999999929e+01 1.504633117328845849e-06 1.520740981232500177e-06 1.745229316192619711e-08 1.785344385717703374e-08
1.347499999999999964e+01 1.456873280528824092e-06 1.472323345974636081e-06 1.665313501714691509e-08 1.703216498306990869e-08
1.350000000000000178e+01 1.410981981694085146e-06 1.425801427658282624e-06 1.589475205125685025e-08 1.625284727437066500e-08
1.352500000000000213e+01 1.366891100361447699e-06 1.381106011385809418e-06 1.517506312269923609e-08 1.551334580802197018e-08
1.355000000000000249e+01 1.324535266740531478e-06 1.338170679890214474e-06 1.449209687592581597e-08 1.481162895535068949e-08
1.357499999999999929e+01 1.283851755541120975e-06 1.296931705341924276e-06 1.384398593772916711e-08 1.414577239069964275e-08
1.359999999999999964e+01 1.244780384247671080e-06 1.257327945694276756e-06 1.322896143564263338e-08 1.351395342365038194e-08
1.362500000000000000e+01 1.207263415652768931e-06 1.219300745376290332e-06 1.264534781261997541e-08 1.291444564019611276e-08
1.365000000000000213e+01 1.171245464479137176e-06 1.182793840156882174e-06 1.209155792527924803e-08 1.234561383575378793e-08
1.367500000000000249e+01 1.136673407921620813e-06 1.147753266008529337e-06 1.156608840111104835e-08 1.180590922219854894e-08
1.369999999999999929e+01 1.103496299950374695e-06 1.114127271807406613e-06 1.106751525449708857e-08 1.129386489313238263e-08
1.372499999999999964e+01 1.071665289220835278e-06 1.081866235714360893e-06 1.059448974789142419e-08 1.080809154393119932e-08
1.375000000000000000e+01 1.041133540446498366e-06 1.050922585085613905e-06 1.014573446747182227e-08 1.034727342169153712e-08
1.377500000000000213e+01 1.011856159095674806e-06 1.021250719774360621e-06 9.720039611377604365e-09 9.910164492928635000e-09
1.380000000000000249e+01 9.837901192754094326e-07 9.928069386834689967e-07 9.316259477277256435e-09 9.495584816356882308e-09
1.382499999999999929e+01 9.568941946783647664e-07 9.655493694392104599e-07 8.933309158337675940e-09 9.102417119351789506e-09
1.384999999999999964e+01 9.311288924711400057e-07 9.394379010649003090e-07 8.570161406893407384e-09 8.729603565908120426e-09
1.387500000000000000e+01 9.064563900046177185e-07 9.144341195318189294e-07 8.225843656813418179e-09 8.376142687529282004e-09
1.390000000000000213e+01 8.828404742362881075e-07 8.905012460735055788e-07 7.899435229282987664e-09 8.041086487360061626e-09
1.392500000000000249e+01 8.602464837592591491e-07 8.676040781576363615e-07 7.590064680973933943e-09 7.723537706388502894e-09
1.394999999999999929e+01 8.386412533341494583e-07 8.457089330080918261e-07 7.296907295897482930e-09 7.422647233669387333e-09
1.397499999999999964e+01 8.179930608289025946e-07 8.247835935803552265e-07 7.019182722784214534e-09 7.137611663332989527e-09
1.400000000000000000e+01 7.982715764722052642e-07 8.047972568942461458e-07 6.756152726961319390e-09 6.867670981762583278e-09
1.402500000000000213e+01 7.794478143319693838e-07 7.857204846343159017e-07 6.507119075026884485e-09 6.612106378071448496e-09
1.405000000000000249e+01 7.614940859333398540e-07 7.675251559286192057e-07 6.271421540510788242e-09 6.370238183946184511e-09
1.407499999999999929e+01 7.443839559380187375e-07 7.501844222266059417e-07 6.048436011269369511e-09 6.141423922506682507e-09
1.409999999999999964e+01 7.280921998044893804e-07 7.336726641957506972e-07 5.837572706513652104e-09 5.925056467101960731e-09
1.412500000000000000e+01 7.125947633570315043e-07 7.179654505607238219e-07 5.638274487128720183e-09 5.720562299332603232e-09
1.415000000000000213e+01 6.978687241922416102e-07 7.030394988137221123e-07 5.450015264869567332e-09 5.527399865292369757e-09
1.417500000000000249e+01 6.838922548564794709e-07 6.888726377278927180e-07 5.272298502441100997e-09 5.345058025733598297e-09
1.419999999999999929e+01 6.706445877296534954e-07 6.754437716073524674e-07 5.104655793035541598e-09 5.173054593557614079e-09
1.422499999999999964e+01 6.581059815541616584e-07 6.627328462116446879e-07 4.946645521262726333e-09 5.010934950019859066e-09
1.425000000000000000e+01 6.462576895510367536e-07 6.507208162955056432e-07 4.797851605991332068e-09 4.858270745720838196e-09
1.427500000000000036e+01 6.350819290669391635e-07 6.393896147063300671e-07 4.657882306926330640e-09 4.714658672080583822e-09
1.430000000000000249e+01 6.245618527000562372e-07 6.287221229859608586e-07 4.526369105320256621e-09 4.579719304206565964e-09
1.432499999999999929e+01 6.146815208536992063e-07 6.187021434251608222e-07 4.402965648672200173e-09 4.453096012071934476e-09
1.434999999999999964e+01 6.054258756690408394e-07 6.093143725207179235e-07 4.287346757833023500e-09 4.334453935596470336e-09
1.437500000000000000e+01 5.967807162931064117e-07 6.005443757901012601e-07 4.179207493055683632e-09 4.223479020717267496e-09
1.440000000000000036e+01 5.887326754368393695e-07 5.923785638983595338e-07 4.078262276798050603e-09 4.119877113639786801e-09
1.442500000000000249e+01 5.812691971828227593e-07 5.848041700552535288e-07 3.984244068096233915e-09 4.023373109688580905e-09
1.444999999999999929e+01 5.743785160034160332e-07 5.778092286427420628e-07 3.896903590654586195e-09 3.933710154474569109e-09
1.447499999999999964e+01 5.680496369516759907e-07 5.713825550347251503e-07 3.816008611574109971e-09 3.850648899098808845e-09
1.450000000000000000e+01 5.622723169900425510e-07 5.655137265727172537e-07 3.741343259897044419e-09 3.773966798957432061e-09
1.452500000000000036e+01 5.570370474238731262e-07 5.601930646640826049e-07 3.672707393589618079e-09 3.703457457959105760e-09
1.455000000000000249e+01 5.523350374077555505e-07 5.554116179702664053e-07 3.609916010813624456e-09 3.638930019836478854e-09
1.457499999999999929e+01 5.481581984947665369e-07 5.511611466542723837e-07 3.552798699525906781e-09 3.580208600183928525e-09
1.459999999999999964e+01 5.444991302007533259e-07 5.474341076588134331e-07 3.501199126735635853e-09 3.527131758233637260e-09
1.462500000000000000e+01 5.413511065572871185e-07 5.442236409885216561e-07 3.454974563833615034e-09 3.479552006673078856e-09
1.465000000000000036e+01 5.387080636275925971e-07 5.415235569696549719e-07 3.413995448498950286e-09 3.437335357703785964e-09
1.467500000000000249e+01 5.365645879631147344e-07 5.393283244644639598e-07 3.378144982001030485e-09 3.400360906415860891e-09
1.469999999999999929e+01 5.349159059781737081e-07 5.376330600173768942e-07 3.347318759246040417e-09 3.368520447205298341e-09
1.472499999999999964e+01 5.337578742224998325e-07 5.364335179121227633e-07 3.321424432283658707e-09 3.341718125371200751e-09
1.475000000000000000e+01 5.330869705323100054e-07 5.357260811201640825e-07 3.300381400109904348e-09 3.319870116178026197e-09
1.477500000000000036e+01 5.329002860423558751e-07 5.355077531222400468e-07 3.284120532111155703e-09 3.302904336464399834e-09
1.480000000000000249e+01 5.331955180428019288e-07 5.357761505867111427e-07 3.272583921185825419e-09 3.290760188131123686e-09
1.482499999999999929e+01 5.339709636653514828e-07 5.365294968885651156e-07 3.265724662765733226e-09 3.283388328576844417e-09
1.484999999999999964e+01 5.352255143853332756e-07 5.377666164555865014e-07 3.263506661040580435e-09 3.280750468127527060e-09
1.487500000000000000e+01 5.369586513263264727e-07 5.394869299277847266e-07 3.265904463334924717e-09 3.282819196695207687e-09
1.490000000000000036e+01 5.391704413572570978e-07 5.416904501198157947e-07 3.272903118289650622e-09 3.289577835025432599e-09
1.492500000000000071e+01 5.418615339701604740e-07 5.443777787742875290e-07 3.284498060884656040e-09 3.301020312952245839e-09
1.494999999999999929e+01 5.450331589307483616e-07 5.475501040977196595e-07 3.300695023519993613e-09 3.317151074777529565e-09
1.497499999999999964e+01 5.486871246933341816e-07 5.512091990705749208e-07 3.321509969885656043e-09 3.337985008018422948e-09
