# raxis[fm], SN, VN, SP, VP
2.101448349307773875e-07 7.827259452621909697e-02 8.485249734547430089e-02 6.958386912788669387e-02 7.187008768247950263e-02
2.500000000000000139e-02 7.828760887496435950e-02 8.486763375336188464e-02 6.958588253911758559e-02 7.187287343701066755e-02
5.000000000000000278e-02 7.830343942451568895e-02 8.488100575742461851e-02 6.956850580622678248e-02 7.185705433452214963e-02
7.499999999999999722e-02 7.832920032028932444e-02 8.490260779584231365e-02 6.953899496521212531e-02 7.183013469078300406e-02
1.000000000000000056e-01 7.836499928154579131e-02 8.493258842041123691e-02 6.949759891031974390e-02 7.179235825423788131e-02
1.250000000000000000e-01 7.841075080294827859e-02 8.497088379700176719e-02 6.944443466311725488e-02 7.174383580702524410e-02
1.499999999999999944e-01 7.846630289813821824e-02 8.501736608383637928e-02 6.937961170072400041e-02 7.168466676686824357e-02
1.749999999999999889e-01 7.853147222653260318e-02 8.507187983823158439e-02 6.930325832724898438e-02 7.161496810447380568e-02
2.000000000000000111e-01 7.860603814463214267e-02 8.513423673356745880e-02 6.921551979290575807e-02 7.153487161650626258e-02
2.250000000000000056e-01 7.868974876301566834e-02 8.520422192590153265e-02 6.911656234751087369e-02 7.144452775375925713e-02
2.500000000000000000e-01 7.878232610671183356e-02 8.528159882632702082e-02 6.900657714688110400e-02 7.134411016137398587e-02
2.750000000000000222e-01 7.888345597266625819e-02 8.536609829658864390e-02 6.888577009245223925e-02 7.123380577920565560e-02
2.999999999999999889e-01 7.899279234761921731e-02 8.545742371780780389e-02 6.875436436865023371e-02 7.111381634996835621e-02
3.250000000000000111e-01 7.910996465344423412e-02 8.555525794037545373e-02 6.861260536395115406e-02 7.098436381333643463e-02
3.499999999999999778e-01 7.923457576997423868e-02 8.565926039955071292e-02 6.846075592496243811e-02 7.084568638522466266e-02
3.750000000000000000e-01 7.936620007126586607e-02 8.576906578939599846e-02 6.829909497363606530e-02 7.069803580417918787e-02
4.000000000000000222e-01 7.950439646903388613e-02 8.588429695961045940e-02 6.812792656650619449e-02 7.054168689883642818e-02
4.249999999999999889e-01 7.964870348113098353e-02 8.600455878997939618e-02 6.794757161976311410e-02 7.037693043169895857e-02
4.500000000000000111e-01 7.979863983071819322e-02 8.612943923524796208e-02 6.775836769038967589e-02 7.020407176433851593e-02
4.749999999999999778e-01 7.995370755577844990e-02 8.625851191858308065e-02 6.756066933173839051e-02 7.002343174993762298e-02
5.000000000000000000e-01 8.011339395958784471e-02 8.639133794575172554e-02 6.735484735984319238e-02 6.983534584160984438e-02
5.250000000000000222e-01 8.027717248503249414e-02 8.652746606247552208e-02 6.714128700007501727e-02 6.964016295076087826e-02
5.500000000000000444e-01 8.044450246076756406e-02 8.666643272142610099e-02 6.692038579586874480e-02 6.943824239398281584e-02
5.749999999999999556e-01 8.061483764882225456e-02 8.680777031475292449e-02 6.669255798256157330e-02 6.922995863677115780e-02
5.999999999999999778e-01 8.078762430917743598e-02 8.695100441835743044e-02 6.645823004183155913e-02 6.901569764102501170e-02
6.250000000000000000e-01 8.096230292332166900e-02 8.709565556397058650e-02 6.621784010788819841e-02 6.879585577650595973e-02
6.500000000000000222e-01 8.113831021984503622e-02 8.724124108162183144e-02 6.597183690302887982e-02 6.857083870248040225e-02
6.750000000000000444e-01 8.131508377991630843e-02 8.738727935582531192e-02 6.572068107666909076e-02 6.834106306151857546e-02
6.999999999999999556e-01 8.149206148931688320e-02 8.753328879187742551e-02 6.546484188148551930e-02 6.810695343780850952e-02
7.249999999999999778e-01 8.166868423572519464e-02 8.767879043411970497e-02 6.520479656587781225e-02 6.786894154944758673e-02
7.500000000000000000e-01 8.184439682998957688e-02 8.782330854091849326e-02 6.494102885458431784e-02 6.762746496235248761e-02
7.750000000000000222e-01 8.201865140296124568e-02 8.796637390926793920e-02 6.467402913564028466e-02 6.738296713006609873e-02
8.000000000000000444e-01 8.219091059094647822e-02 8.810752679490656269e-02 6.440429440876570266e-02 6.713589742474540545e-02
8.249999999999999556e-01 8.236064703211215532e-02 8.824631537613256138e-02 6.413232393537371401e-02 6.688670844850186370e-02
8.499999999999999778e-01 8.252733928346257797e-02 8.838229242211398384e-02 6.385861596420687458e-02 6.663585055869424012e-02
8.750000000000000000e-01 8.269048586638610976e-02 8.851502938181449176e-02 6.358367630935203574e-02 6.638378068488712258e-02
9.000000000000000222e-01 8.284960204728991640e-02 8.864411171012769042e-02 6.330801051444623351e-02 6.613095696987655869e-02
9.250000000000001554e-01 8.300421940320838743e-02 8.876913926072260708e-02 6.303212332964984455e-02 6.587783600617186375e-02
9.499999999999999556e-01 8.315389123391812853e-02 8.888973103431584144e-02 6.275651966252947245e-02 6.562487515956506867e-02
9.749999999999999778e-01 8.329818814213166278e-02 8.900552036576205028e-02 6.248169936359812549e-02 6.537252772250824739e-02
1.000000000000000000e+00 8.343670151734662588e-02 8.911615894556390582e-02 6.220815778519827449e-02 6.512124201928476408e-02
1.024999999999999911e+00 8.356904914576612775e-02 8.922132191099962917e-02 6.193638784448994572e-02 6.487146471944668646e-02
1.050000000000000044e+00 8.369487274279042988e-02 8.932070501876174240e-02 6.166687557002038106e-02 6.462363693229424000e-02
1.074999999999999956e+00 8.381383796578595335e-02 8.941402475048181031e-02 6.140009851908535821e-02 6.437819200152332388e-02
1.100000000000000089e+00 8.392563558042286098e-02 8.950101932027515472e-02 6.113652467096445525e-02 6.413555480107227535e-02
1.125000000000000000e+00 8.402998303096075039e-02 8.958145025237869430e-02 6.087661186526648061e-02 6.389614086929730485e-02
1.149999999999999911e+00 8.412662699866166327e-02 8.965510478879429312e-02 6.062080861401729359e-02 6.366035767832869952e-02
1.175000000000000044e+00 8.421534245221531934e-02 8.972179478818886889e-02 6.036955096598931730e-02 6.342860190021024080e-02
1.199999999999999956e+00 8.429593272355030698e-02 8.978135678828944033e-02 6.012326064991503627e-02 6.320125734148321350e-02
1.225000000000000089e+00 8.436823081987657180e-02 8.983365334430247484e-02 5.988234571894687774e-02 6.297869537933700745e-02
1.250000000000000000e+00 8.443210022403209447e-02 8.987857363872056582e-02 5.964719945791173428e-02 6.276127487467829391e-02
1.274999999999999911e+00 8.448743116040126344e-02 8.991602980946108992e-02 5.941819653389281142e-02 6.254933752422230098e-02
1.300000000000000044e+00 8.453414700834911699e-02 8.994596344334170046e-02 5.919569634973226302e-02 6.234321144024625866e-02
1.324999999999999956e+00 8.457220020380044889e-02 8.996834130032456411e-02 5.898003961263721673e-02 6.214320844595350862e-02
1.350000000000000089e+00 8.460157224278289090e-02 8.998315543083224011e-02 5.877154721590247682e-02 6.194962249012887778e-02
1.375000000000000000e+00 8.462227260625503067e-02 8.999042207212794298e-02 5.857051861953155997e-02 6.176272830209632303e-02
1.399999999999999911e+00 8.463434104601613717e-02 8.999018402654906934e-02 5.837723317893304259e-02 6.158278218680553889e-02
1.425000000000000044e+00 8.463784910443004905e-02 8.998251223716700886e-02 5.819195078034798685e-02 6.141002345337281954e-02
1.449999999999999956e+00 8.463289515476986324e-02 8.996750085303181765e-02 5.801490818414450912e-02 6.124467097857230757e-02
1.475000000000000089e+00 8.461960439783247634e-02 8.994526722321728729e-02 5.784631882505305439e-02 6.108692217329848850e-02
1.500000000000000000e+00 8.459813109162617195e-02 8.991595434483320992e-02 5.768637383740211205e-02 6.093695482383272577e-02
1.524999999999999911e+00 8.456865503081857638e-02 8.987972723548383336e-02 5.753524053303268881e-02 6.079492493116812196e-02
1.550000000000000044e+00 8.453138766427166495e-02 8.983677939630871356e-02 5.739306599444571333e-02 6.066097089305204360e-02
1.574999999999999956e+00 8.448656048186634071e-02 8.978732127846522637e-02 5.725996978733115250e-02 6.053520652998332224e-02
1.600000000000000089e+00 8.443442634690583037e-02 8.973158139835749059e-02 5.713604559649382991e-02 6.041772166659340609e-02
1.625000000000000000e+00 8.437526191645272622e-02 8.966980915026707966e-02 5.702136340098781786e-02 6.030858490973348141e-02
1.649999999999999911e+00 8.430936431993243940e-02 8.960227159234586403e-02 5.691596796605280506e-02 6.020784213984171213e-02
1.675000000000000044e+00 8.423704985929948708e-02 8.952925219265173151e-02 5.681987884888829721e-02 6.011551632853947419e-02
1.699999999999999956e+00 8.415865650997890468e-02 8.945105339142082890e-02 5.673309314940633286e-02 6.003161022901087190e-02
1.725000000000000311e+00 8.407454214325930930e-02 8.936799548600653231e-02 5.665558500844039558e-02 5.995610630026323301e-02
1.750000000000000000e+00 8.398507378064216933e-02 8.928040560978757478e-02 5.658729996629344172e-02 5.988896058666071803e-02
1.774999999999999911e+00 8.389063420765971446e-02 8.918862422223948483e-02 5.652816043157554704e-02 5.983010798667848934e-02
1.800000000000000044e+00 8.379162097022056777e-02 8.909300489391060174e-02 5.647806674847741237e-02 5.977946366009537910e-02
1.824999999999999956e+00 8.368844101716182982e-02 8.899390877504680109e-02 5.643689495690758229e-02 5.973692051447258844e-02
1.850000000000000311e+00 8.358151280822719020e-02 8.889170686772536467e-02 5.640449981921670519e-02 5.970235220833620959e-02
1.875000000000000000e+00 8.347126271967642008e-02 8.878677691635555869e-02 5.638071408134885665e-02 5.967561234638386197e-02
1.899999999999999911e+00 8.335812135772181775e-02 8.867949953380672989e-02 5.636534792449857806e-02 5.965653378871137169e-02
1.925000000000000044e+00 8.324252618891297972e-02 8.857026111240152988e-02 5.635819252821354375e-02 5.964493222354885077e-02
1.949999999999999956e+00 8.312491807755577333e-02 8.845945079764319652e-02 5.635901976308847067e-02 5.964060568437209303e-02
1.975000000000000089e+00 8.300573543479322636e-02 8.834745475297170469e-02 5.636758045950548968e-02 5.964333258587539710e-02
2.000000000000000000e+00 8.288541282043124236e-02 8.823465447911815751e-02 5.638360504464558220e-02 5.965287245861115167e-02
2.024999999999999911e+00 8.276438725235327198e-02 8.812143360082273780e-02 5.640680985538263498e-02 5.966897231894471160e-02
2.049999999999999822e+00 8.264309290609522796e-02 8.800817319000490968e-02 5.643689615007518173e-02 5.969136520109570576e-02
2.075000000000000178e+00 8.252195732533237904e-02 8.789524764745923480e-02 5.647354941591282290e-02 5.971976962236273667e-02
2.100000000000000089e+00 8.240140236116916261e-02 8.778302611618789275e-02 5.651644250019453863e-02 5.975389246882351069e-02
2.125000000000000000e+00 8.228184244613233334e-02 8.767187062229572780e-02 5.656523627197135307e-02 5.979342988322832592e-02
2.149999999999999911e+00 8.216368539072649302e-02 8.756213777679013044e-02 5.661958272994449537e-02 5.983806948846712159e-02
2.174999999999999822e+00 8.204731740820922492e-02 8.745416326423023634e-02 5.667911678523845920e-02 5.988748238561127091e-02
2.200000000000000178e+00 8.193311561757569972e-02 8.734827442029896583e-02 5.674346708085427349e-02 5.994133461769696886e-02
2.225000000000000089e+00 8.182144333278729142e-02 8.724478632524083899e-02 5.681225506473244757e-02 5.999928507610823719e-02
2.250000000000000000e+00 8.171264781956333323e-02 8.714399931201671778e-02 5.688509540990058233e-02 6.006098641438437080e-02
2.274999999999999911e+00 8.160706115107288494e-02 8.704620010141893294e-02 5.696159856533793142e-02 6.012608745720241649e-02
2.299999999999999822e+00 8.150499893009305330e-02 8.695166082869670854e-02 5.704137258077711381e-02 6.019423450604673154e-02
2.325000000000000178e+00 8.140675489345619575e-02 8.686063357044673805e-02 5.712402074385247025e-02 6.026506910107653353e-02
2.350000000000000089e+00 8.131260408277647678e-02 8.677335371401040387e-02 5.720914603652777625e-02 6.033823255719671097e-02
2.375000000000000000e+00 8.122279966918428962e-02 8.669003695713890789e-02 5.729635074621525909e-02 6.041336506934089079e-02
2.399999999999999911e+00 8.113757289598702571e-02 8.661087930585407990e-02 5.738523819608654097e-02 6.049010772569145267e-02
2.424999999999999822e+00 8.105713377275415576e-02 8.653605794232396842e-02 5.747541509072600502e-02 6.056810471970704157e-02
2.450000000000000178e+00 8.098167160045111057e-02 8.646573190094719585e-02 5.756649361826780831e-02 6.064700510138375245e-02
2.475000000000000089e+00 8.091135019114881199e-02 8.640003726150531638e-02 5.765808946470289686e-02 6.072646043328550763e-02
2.500000000000000000e+00 8.084630746664241141e-02 8.633908680554346071e-02 5.774982320993345131e-02 6.080612675901470726e-02
2.524999999999999911e+00 8.078665945820845407e-02 8.628297420111867566e-02 5.784132408210426041e-02 6.088566808933087993e-02
2.549999999999999822e+00 8.073249867242274225e-02 8.623177238363187447e-02 5.793223047651553659e-02 6.096475650387463141e-02
2.575000000000000178e+00 8.068389333550302078e-02 8.618553281223298446e-02 5.802219046571524541e-02 6.104307277586343283e-02
2.600000000000000089e+00 8.064088733650909280e-02 8.614428543824323437e-02 5.811086278790905668e-02 6.112030724592890096e-02
2.625000000000000000e+00 8.060350053978097840e-02 8.610803903721281349e-02 5.819791794339814611e-02 6.119616081524847234e-02
2.649999999999999911e+00 8.057172870742014548e-02 8.607678110384067716e-02 5.828303891315692042e-02 6.127034555806075422e-02
2.674999999999999822e+00 8.054554463797371222e-02 8.605047908575350069e-02 5.836592246017294205e-02 6.134258617889511156e-02
2.700000000000000178e+00 8.052489945116642067e-02 8.602908149670941695e-02 5.844628087927414978e-02 6.141262130108980644e-02
2.725000000000000089e+00 8.050972058805494491e-02 8.601251598708550827e-02 5.852384112205549771e-02 6.148020285888885356e-02
2.750000000000000000e+00 8.049991673427436822e-02 8.600069424505217552e-02 5.859834847796998453e-02 6.154509962304275522e-02
2.774999999999999911e+00 8.049537380558664801e-02 8.599350759000962130e-02 5.866956415086879012e-02 6.160709428521239650e-02
2.799999999999999822e+00 8.049595640657734863e-02 8.599082874341766602e-02 5.873726581305206002e-02 6.166598460583815056e-02
2.825000000000000178e+00 8.050151219352562337e-02 8.599251609904749738e-02 5.880125118145577978e-02 6.172158681963639537e-02
2.850000000000000089e+00 8.051187169852036529e-02 8.599841308328709522e-02 5.886133791053523023e-02 6.177373498276413077e-02
2.875000000000000000e+00 8.052684639894608365e-02 8.600834641393834135e-02 5.891736146946655733e-02 6.182227924728960627e-02
2.899999999999999911e+00 8.054623454104674340e-02 8.602213186505738851e-02 5.896917894428242019e-02 6.186708962564096276e-02
2.924999999999999822e+00 8.056982012365583590e-02 8.603957285251007114e-02 5.901666807840584561e-02 6.190805474332180397e-02
2.950000000000000178e+00 8.059737374215104888e-02 8.606046112177935525e-02 5.905972739968572138e-02 6.194508195514292215e-02
2.975000000000000089e+00 8.062865126146910588e-02 8.608457539733070651e-02 5.909827430311089674e-02 6.197809551323844868e-02
3.000000000000000000e+00 8.066340096989425834e-02 8.611168888760101225e-02 5.913224938543320403e-02 6.200704121888842013e-02
3.024999999999999911e+00 8.070136541806081920e-02 8.614157007757340667e-02 5.916161720772415700e-02 6.203188651750568550e-02
3.049999999999999822e+00 8.074227556803804939e-02 8.617397671133499026e-02 5.918636122711649905e-02 6.205261548751067613e-02
3.075000000000000178e+00 8.078585392448842106e-02 8.620865948627162711e-02 5.920648452072789503e-02 6.206923001056707107e-02
3.100000000000000089e+00 8.083182093371722721e-02 8.624536808608702920e-02 5.922201355000009104e-02 6.208175340222003846e-02
3.125000000000000000e+00 8.087989392029140689e-02 8.628384927022195172e-02 5.923299632948557381e-02 6.209022821344614002e-02
3.149999999999999911e+00 8.092978458584643153e-02 8.632384473466975239e-02 5.923949897812537391e-02 6.209471309392029098e-02
3.174999999999999822e+00 8.098120580859306805e-02 8.636509798643782210e-02 5.924160953417821618e-02 6.209528673186361786e-02
3.200000000000000178e+00 8.103387186962236755e-02 8.640735368775254166e-02 5.923943687379211454e-02 6.209204648989783554e-02
3.225000000000000089e+00 8.108749703689049904e-02 8.645035646446937172e-02 5.923310819500811342e-02 6.208510607376983154e-02
3.250000000000000000e+00 8.114180311916317778e-02 8.649385890899057017e-02 5.922277265020624987e-02 6.207459936746714119e-02
3.274999999999999911e+00 8.119651867123377220e-02 8.653761871738818723e-02 5.920859953104168349e-02 6.206067817585184804e-02
3.299999999999999822e+00 8.125136686342344927e-02 8.658138753829366929e-02 5.919076804831308741e-02 6.204350232923475095e-02
3.325000000000000178e+00 8.130608284816019660e-02 8.662492943581259763e-02 5.916947773352767420e-02 6.202325038847589928e-02
3.350000000000000089e+00 8.136041402763820318e-02 8.666801899939544085e-02 5.914494730706674336e-02 6.200011820683539593e-02
3.375000000000000444e+00 8.141411488225334947e-02 8.671043663597025053e-02 5.911740955167698458e-02 6.197431396962948397e-02
3.399999999999999911e+00 8.146695045878352137e-02 8.675197234549306136e-02 5.908711185730931847e-02 6.194605884517478955e-02
3.424999999999999822e+00 8.151869910516677808e-02 8.679242780680773706e-02 5.905431629490545675e-02 6.191558710995700293e-02
3.450000000000000622e+00 8.156914967082862233e-02 8.683161345276453613e-02 5.901929636569794302e-02 6.188314297230592537e-02
3.475000000000000533e+00 8.161810290317053629e-02 8.686934983116438580e-02 5.898233584525901935e-02 6.184897951414630030e-02
3.500000000000000000e+00 8.166537171042254073e-02 8.690546801650453346e-02 5.894372763239319468e-02 6.181335759879914155e-02
3.524999999999999911e+00 8.171078728516734113e-02 8.693981561422851889e-02 5.890377640252492109e-02 6.177654866112140125e-02
3.549999999999999822e+00 8.175419689982450777e-02 8.697225392619270523e-02 5.886279500213163068e-02 6.173883123662832206e-02
3.575000000000000622e+00 8.179546285943176120e-02 8.700265716646418679e-02 5.882110213900943602e-02 6.170048870887935577e-02
3.600000000000000089e+00 8.183446283259704357e-02 8.703091259639851585e-02 5.877902123706055942e-02 6.166180830114895844e-02
3.625000000000000000e+00 8.187109065091970062e-02 8.705692148207025416e-02 5.873687928240385603e-02 6.162307999590075497e-02
3.649999999999999911e+00 8.190525797126160801e-02 8.708060041124270068e-02 5.869500616379702551e-02 6.158459608142692610e-02
3.674999999999999822e+00 8.193689087691886919e-02 8.710187792698032005e-02 5.865373100578266663e-02 6.154664755143049448e-02
3.700000000000000622e+00 8.196593287915336645e-02 8.712069769884396575e-02 5.861338284617084032e-02 6.150952488371585342e-02
3.725000000000000089e+00 8.199234365925686663e-02 8.713701693322453701e-02 5.857428796440061758e-02 6.147351560956333671e-02
3.750000000000000000e+00 8.201609878622065364e-02 8.715080638049778339e-02 5.853676845213975216e-02 6.143890287058452471e-02
3.774999999999999911e+00 8.203719035022623285e-02 8.716205069606418332e-02 5.850114149558580806e-02 6.140596500043903061e-02
3.799999999999999822e+00 8.205562403149517514e-02 8.717074574976628465e-02 5.846771611136444835e-02 6.137497224953156194e-02
3.825000000000000178e+00 8.207142284629027895e-02 8.717690235888825301e-02 5.843679420174516248e-02 6.134618807183744166e-02
3.850000000000000089e+00 8.208462242591993419e-02 8.718054144112465098e-02 5.840866604341975882e-02 6.131986478576657851e-02
3.875000000000000000e+00 8.209527217001069688e-02 8.718169544810076832e-02 5.838361034879752109e-02 6.129624363961726913e-02
3.899999999999999911e+00 8.210343392028920939e-02 8.718040697348353185e-02 5.836189254944427335e-02 6.127555335022438765e-02
3.924999999999999822e+00 8.210918290772441230e-02 8.717672992381735042e-02 5.834376415626945506e-02 6.125800948988090189e-02
3.950000000000000178e+00 8.211260577478556033e-02 8.717072740216699755e-02 5.832946057934482870e-02 6.124381268885122076e-02
3.975000000000000089e+00 8.211379695166112769e-02 8.716246838171225197e-02 5.831919842203875382e-02 6.123314571998979272e-02
4.000000000000000000e+00 8.211286386692491501e-02 8.715203303106197619e-02 5.831317798756883303e-02 6.122617633782363039e-02
4.025000000000000355e+00 8.210991863928122914e-02 8.713950432087999576e-02 5.831157693029406092e-02 6.122305128288084430e-02
4.049999999999999822e+00 8.210507839754173365e-02 8.712496871116663655e-02 5.831455054785085468e-02 6.122389607335167877e-02
4.075000000000000178e+00 8.209846947033014319e-02 8.710852042754650693e-02 5.832223403518155269e-02 6.122881791741725116e-02
4.099999999999999645e+00 8.209021955299380946e-02 8.709025371506319557e-02 5.833473684990760771e-02 6.123790008414481401e-02
4.125000000000000000e+00 8.208046026944586238e-02 8.707026562462505392e-02 5.835214463315911010e-02 6.125120370441272666e-02
4.150000000000000355e+00 8.206932512782344480e-02 8.704865413869501689e-02 5.837451747814365738e-02 6.126876644215133172e-02
4.174999999999999822e+00 8.205694685311067105e-02 8.702551564725681532e-02 5.840188848874594552e-02 6.129060097453439132e-02
4.200000000000000178e+00 8.204345578165664343e-02 8.700094354620521719e-02 5.843426279687045227e-02 6.131669419866293824e-02
4.224999999999999645e+00 8.202897943817527571e-02 8.697502791929588584e-02 5.847161757816995986e-02 6.134700704962021273e-02
4.250000000000000000e+00 8.201364353048204436e-02 8.694785688732820095e-02 5.851390342271194783e-02 6.138147629772092856e-02
4.275000000000000355e+00 8.199756511692171679e-02 8.691950992096994510e-02 5.856103970826916777e-02 6.142000996975031241e-02
4.299999999999999822e+00 8.198085388067655188e-02 8.689005914301067834e-02 5.861291648568973250e-02 6.146248892348334103e-02
4.325000000000000178e+00 8.196361172960352215e-02 8.685956930222588079e-02 5.866939489204067021e-02 6.150876762393865660e-02
4.349999999999999645e+00 8.194593060984763089e-02 8.682809573922795066e-02 5.873030624359261431e-02 6.155867317932119109e-02
4.375000000000000000e+00 8.192789075690250222e-02 8.679568283303416842e-02 5.879545208387637611e-02 6.161200541433060202e-02
4.400000000000000355e+00 8.190956341140258334e-02 8.676236647799021040e-02 5.886460695734997001e-02 6.166853918612142521e-02
4.424999999999999822e+00 8.189100807842610019e-02 8.672817298932168628e-02 5.893751772689010543e-02 6.172802526739157303e-02
4.450000000000000178e+00 8.187225454795085677e-02 8.669310010705146008e-02 5.901389185692593187e-02 6.179017742452856676e-02
4.474999999999999645e+00 8.185332071661552411e-02 8.665713406202368851e-02 5.909341128297632140e-02 6.185468519416315730e-02
4.500000000000000000e+00 8.183421185092815131e-02 8.662025075533476282e-02 5.917573354328740237e-02 6.192121677899989352e-02
4.525000000000000355e+00 8.181491440153508543e-02 8.658240918604395708e-02 5.926048856565190731e-02 6.198941529141877016e-02
4.549999999999999822e+00 8.179539528808933702e-02 8.654355063723896679e-02 5.934727957918361357e-02 6.205889934054387852e-02
4.575000000000000178e+00 8.177560140642406439e-02 8.650359882107686027e-02 5.943568436660116860e-02 6.212926466897202710e-02
4.599999999999999645e+00 8.175545707897929892e-02 8.646245674473855558e-02 5.952525492847554611e-02 6.220008313913810011e-02
4.625000000000000000e+00 8.173486804146944118e-02 8.642001133843249527e-02 5.961552156773351069e-02 6.227090715887138861e-02
4.650000000000000355e+00 8.171371468147636818e-02 8.637612701573388341e-02 5.970598987505482125e-02 6.234126673005098429e-02
4.674999999999999822e+00 8.169185587413796412e-02 8.633064862472678014e-02 5.979614529383172478e-02 6.241067310384938033e-02
4.700000000000000178e+00 8.166913012485420287e-02 8.628340339442681917e-02 5.988545524986967766e-02 6.247862143168770449e-02
4.724999999999999645e+00 8.164535232940009490e-02 8.623419838055934594e-02 5.997336836604092586e-02 6.254459036031356778e-02
4.750000000000000000e+00 8.162031237809787287e-02 8.618281757060845816e-02 6.005931527712834311e-02 6.260804137585096463e-02
4.775000000000000355e+00 8.159378133202774275e-02 8.612902914872323790e-02 6.014271461973669242e-02 6.266842559871263485e-02
4.799999999999999822e+00 8.156550446997729020e-02 8.607257876842359934e-02 6.022296922687808002e-02 6.272518001409146948e-02
4.825000000000000178e+00 8.153520622561941100e-02 8.601319344280543289e-02 6.029947146823272375e-02 6.277773173026911235e-02
4.849999999999999645e+00 8.150258812093862104e-02 8.595058068117741867e-02 6.037160303879272188e-02 6.282549866638724445e-02
4.875000000000000000e+00 8.146732903852142715e-02 8.588442789202742345e-02 6.043873687670887895e-02 6.286789054755295703e-02
4.900000000000000355e+00 8.142908715630121919e-02 8.581440426161456025e-02 6.050023979515505718e-02 6.290431147827356406e-02
4.924999999999999822e+00 8.138750106837609744e-02 8.574016230108197356e-02 6.055547455696494441e-02 6.293416214154953781e-02
4.950000000000000178e+00 8.134218933709112809e-02 8.566133674620182714e-02 6.060380103744205521e-02 6.295684035005773282e-02
4.974999999999999645e+00 8.129275354896434158e-02 8.557754807127823660e-02 6.064457929555998328e-02 6.297174449643394567e-02
5.000000000000000000e+00 8.123877672204110612e-02 8.548840029938470364e-02 6.067716965000694712e-02 6.297827288969425064e-02
5.025000000000000355e+00 8.117982916127014503e-02 8.539348657791637209e-02 6.070093841058325085e-02 6.297582920021693731e-02
5.049999999999999822e+00 8.111546475646172483e-02 8.529238680984640997e-02 6.071525567150837244e-02 6.296382146606675778e-02
5.075000000000000178e+00 8.104522072826060575e-02 8.518466651277840918e-02 6.071949619478573396e-02 6.294166208288982933e-02
5.099999999999999645e+00 8.096862234875885911e-02 8.506987912375375827e-02 6.071304384778998531e-02 6.290877017026286211e-02
5.125000000000000000e+00 8.088518909848119165e-02 8.494757410272575637e-02 6.069529673347264648e-02 6.286457822589272548e-02
5.150000000000000355e+00 8.079442880820268680e-02 8.481729258310048702e-02 6.066566364822275487e-02 6.280853007365336249e-02
5.174999999999999822e+00 8.069584069105550928e-02 8.467856713543012170e-02 6.062356665432591663e-02 6.274008059643754187e-02
5.200000000000000178e+00 8.058891823337327454e-02 8.453092538414697099e-02 6.056844405838950757e-02 6.265869911505642098e-02
5.224999999999999645e+00 8.047315055541182094e-02 8.437389237540578180e-02 6.049975182061290840e-02 6.256387198767751623e-02
5.250000000000000000e+00 8.034802356958067882e-02 8.420698993332666193e-02 6.041696456746638993e-02 6.245510206903914091e-02
5.275000000000000355e+00 8.021302237416243208e-02 8.402973993873230629e-02 6.031957759243608552e-02 6.233191137392555398e-02
5.299999999999999822e+00 8.006763271698484619e-02 8.384166462770652195e-02 6.020710849147951904e-02 6.219384183019817380e-02
5.325000000000000178e+00 7.991134557825006757e-02 8.364229157921546087e-02 6.007910036951858573e-02 6.204045896375856572e-02
5.349999999999999645e+00 7.974365316216613930e-02 8.343115130512511468e-02 5.993511878671913679e-02 6.187135033955867142e-02
5.375000000000000000e+00 7.956405305121458382e-02 8.320777788913018280e-02 5.977475511256053614e-02 6.168612581141861423e-02
5.400000000000000355e+00 7.937205269183145173e-02 8.297171441407859283e-02 5.959762993170817508e-02 6.148442181573235410e-02
5.424999999999999822e+00 7.916717061375452835e-02 8.272251511464695506e-02 5.940339332340289352e-02 6.126590287784694500e-02
5.450000000000000178e+00 7.894893383985594759e-02 8.245974315929135989e-02 5.919172251497805542e-02 6.103025940837658592e-02
5.474999999999999645e+00 7.871688430966085337e-02 8.218297383441015846e-02 5.896232745117829105e-02 6.077721048053856545e-02
5.500000000000000000e+00 7.847058064300470315e-02 8.189179909738006358e-02 5.871495073132437792e-02 6.050650665713398074e-02
5.525000000000000355e+00 7.820959488030243545e-02 8.158582422964391623e-02 5.844936505514200520e-02 6.021792721979743468e-02
5.549999999999999822e+00 7.793351869877596094e-02 8.126467168239530359e-02 5.816537768624356619e-02 5.991128274469764703e-02
5.575000000000000178e+00 7.764196160728006890e-02 8.092798173409550266e-02 5.786282812512351381e-02 5.958641511894054166e-02
5.599999999999999645e+00 7.733455465481137159e-02 8.057541349373839590e-02 5.754159076677468898e-02 5.924319780859035878e-02
5.625000000000000000e+00 7.701095354027051587e-02 8.020665022539118227e-02 5.720157665099974420e-02 5.888153974455231227e-02
5.650000000000000355e+00 7.667083379224133577e-02 7.982139477254722448e-02 5.684272893666306864e-02 5.850138112426161996e-02
5.674999999999999822e+00 7.631389810073729851e-02 7.941937282172040202e-02 5.646502804146482507e-02 5.810269517305748782e-02
5.700000000000000178e+00 7.593987749203785775e-02 7.900033942596136616e-02 5.606849187632485104e-02 5.768549294402612604e-02
5.724999999999999645e+00 7.554852692274441339e-02 7.856407140369042752e-02 5.565317168170674789e-02 5.724981674331004050e-02
5.750000000000000000e+00 7.513963286438526956e-02 7.811037537580557688e-02 5.521915660328521880e-02 5.679574534450212986e-02
5.775000000000000355e+00 7.471300963640159498e-02 7.763908496530458336e-02 5.476657069623654811e-02 5.632339135063524349e-02
5.799999999999999822e+00 7.426850081605650133e-02 7.715006281224613682e-02 5.429557303472845597e-02 5.583290221820569332e-02
5.825000000000000178e+00 7.380598214283554115e-02 7.664319953552475861e-02 5.380635956578797702e-02 5.532445875667783147e-02
5.849999999999999645e+00 7.332536544121338873e-02 7.611842082447636826e-02 5.329916441381657433e-02 5.479827933639213472e-02
5.875000000000000000e+00 7.282658816510938216e-02 7.557568180421886384e-02 5.277425117843775881e-02 5.425461552969888801e-02
5.900000000000000355e+00 7.230962349332924199e-02 7.501496604246532529e-02 5.223192085078260521e-02 5.369375003986238959e-02
5.924999999999999822e+00 7.177448102643414762e-02 7.443629354810472887e-02 5.167251066930702436e-02 5.311600227645479899e-02
5.950000000000000178e+00 7.122120199132062068e-02 7.383971912398165638e-02 5.109638925241626745e-02 5.252172674989401963e-02
5.974999999999999645e+00 7.064985807788901062e-02 7.322532507309061078e-02 5.050395544268714704e-02 5.191130594836602247e-02
6.000000000000000000e+00 7.006055746064482337e-02 7.259322706552512328e-02 4.989564210657832649e-02 5.128515426730326232e-02
6.025000000000000355e+00 6.945344053373125881e-02 7.194357760294339821e-02 4.927191160712221518e-02 5.064372041132608054e-02
6.049999999999999822e+00 6.882867800616410126e-02 7.127655417528888648e-02 4.863325416098113196e-02 4.998747695905465804e-02
6.075000000000000178e+00 6.818648175546941637e-02 7.059237010540402035e-02 4.798019411006804180e-02 4.931692696528136577e-02
6.099999999999999645e+00 6.752709804104010949e-02 6.989127988393760427e-02 4.731328401613126011e-02 4.863260840374967336e-02
6.125000000000000000e+00 6.685080400195281269e-02 6.917357110005616094e-02 4.663310230806127360e-02 4.793508773906061254e-02
6.150000000000000355e+00 6.615790510077228237e-02 6.843955450846796185e-02 4.594024970299184080e-02 4.722495038618178265e-02
6.174999999999999822e+00 6.544874078545283302e-02 6.768957326480949666e-02 4.523535209195342355e-02 4.650280658444825438e-02
6.200000000000000178e+00 6.472368379449855436e-02 6.692400404446106899e-02 4.451905978192537139e-02 4.576929198937570997e-02
6.224999999999999645e+00 6.398313679367625961e-02 6.614325523341764435e-02 4.379204349835649768e-02 4.502506530494936043e-02
6.250000000000000000e+00 6.322753258212372718e-02 6.534776464502388416e-02 4.305499448433308674e-02 4.427080610397660793e-02
6.275000000000000355e+00 6.245733648354559464e-02 6.453799996464291977e-02 4.230862483551361269e-02 4.350721364552919551e-02
6.299999999999999822e+00 6.167303758133749897e-02 6.371445664886334070e-02 4.155365946349269535e-02 4.273500461717690685e-02
6.325000000000000178e+00 6.087515376516664661e-02 6.287765665228201017e-02 4.079084004551691151e-02 4.195491150164953886e-02
6.349999999999999645e+00 6.006423133484589671e-02 6.202814814007893279e-02 4.002092325265404343e-02 4.116768097144664351e-02
6.375000000000000000e+00 5.924083823108416968e-02 6.116650515985590925e-02 3.924467472513012978e-02 4.037407318342932372e-02
6.400000000000000355e+00 5.840556849086801089e-02 6.029332535714177627e-02 3.846287224277432359e-02 3.957485959529032787e-02
6.424999999999999822e+00 5.755903817946833589e-02 5.940922806762292951e-02 3.767630085575887633e-02 3.877081970569996872e-02
6.450000000000000178e+00 5.670188232588152522e-02 5.851485314338642635e-02 3.688575022345037119e-02 3.796274006487269231e-02
6.474999999999999645e+00 5.583476100312387280e-02 5.761086158812729618e-02 3.609201797791967981e-02 3.715141323924808087e-02
6.500000000000000000e+00 5.495835116908933532e-02 5.669793556282849006e-02 3.529590321299448663e-02 3.633763736221500007e-02
6.525000000000000355e+00 5.407334269800184029e-02 5.577677067302428543e-02 3.449820254036194828e-02 3.552221000902507780e-02
6.549999999999999822e+00 5.318044188313865439e-02 5.484807586744740171e-02 3.369971178604903861e-02 3.470592653634219787e-02
6.575000000000000178e+00 5.228037042383849170e-02 5.391257606009570991e-02 3.290122501694092011e-02 3.388958169479304450e-02
6.599999999999999645e+00 5.137386310676092527e-02 5.297100838466355793e-02 3.210353135903260685e-02 3.307396590029519634e-02
6.625000000000000000e+00 5.046166406186828463e-02 5.202412181911731520e-02 3.130741176492880806e-02 3.225986429248271781e-02
6.650000000000000355e+00 4.954452331056360959e-02 5.107267098421074125e-02 3.051363612975000611e-02 3.144805178442632715e-02
6.674999999999999822e+00 4.862320121637546400e-02 5.011741795395568272e-02 2.972296563863844818e-02 3.063929329579962238e-02
6.700000000000000178e+00 4.769846262913714913e-02 4.915913074326195426e-02 2.893614784957558583e-02 2.983434206416437848e-02
6.724999999999999645e+00 4.677107503555184148e-02 4.819858084295512018e-02 2.815391484706168679e-02 2.903393752064067565e-02
6.750000000000000888e+00 4.584180961091340739e-02 4.723654211687912385e-02 2.737698390398536283e-02 2.823880394629293272e-02
6.775000000000001243e+00 4.491143680327917831e-02 4.627378717838444983e-02 2.660605325837309132e-02 2.744964714661334362e-02
6.799999999999999822e+00 4.398072448343144647e-02 4.531108884178736834e-02 2.584180052134813638e-02 2.666715528466049451e-02
6.825000000000001066e+00 4.305043678600188606e-02 4.434921297396016843e-02 2.508488209199102523e-02 2.589199340897109167e-02
6.849999999999999645e+00 4.212133280268837154e-02 4.338892185023197900e-02 2.433593143328607183e-02 2.512480536871491282e-02
6.875000000000000000e+00 4.119416236048394769e-02 4.243096850198801312e-02 2.359555608562746709e-02 2.436620997366877733e-02
6.900000000000001243e+00 4.026967111637307084e-02 4.147609875236718535e-02 2.286434098454955335e-02 2.361680158474392319e-02
6.924999999999999822e+00 3.934859336738519286e-02 4.052505092879452042e-02 2.214284362069010234e-02 2.287715040789320420e-02
6.950000000000001066e+00 3.843164769210954262e-02 3.957854676554380113e-02 2.143159086354278278e-02 2.214779602612784726e-02
6.974999999999999645e+00 3.751695438612535211e-02 3.863988043147154050e-02 2.072734636584868881e-02 2.143298487843215208e-02
7.000000000000000000e+00 3.658464412325221349e-02 3.767825952953726687e-02 2.002393606401680140e-02 2.071095658761398436e-02
7.025000000000001243e+00 3.565989818071852585e-02 3.672463710546914478e-02 1.933319518903389711e-02 2.000170856949606488e-02
7.049999999999999822e+00 3.474336034356532293e-02 3.577965849076289451e-02 1.865550486105329447e-02 1.930563507960197239e-02
7.075000000000001066e+00 3.383565347118803329e-02 3.484394817757042323e-02 1.799121332652820621e-02 1.862309770628417169e-02
7.099999999999999645e+00 3.293737599823794854e-02 3.391810694002191789e-02 1.734063454577657037e-02 1.795442420717409393e-02
7.125000000000000000e+00 3.204910267876261154e-02 3.300271148405994892e-02 1.670404910841629884e-02 1.729990878737586169e-02
7.150000000000001243e+00 3.117138223866829094e-02 3.209831214476017297e-02 1.608170352238951981e-02 1.665981119616247175e-02
7.174999999999999822e+00 3.030473706528032801e-02 3.120543339548983650e-02 1.547381072716513817e-02 1.603435780881948616e-02
7.200000000000000178e+00 2.944966223554858556e-02 3.032457294852220625e-02 1.488055035888613195e-02 1.542374195201685894e-02
7.224999999999999645e+00 2.860662547370152603e-02 2.945619855534682696e-02 1.430206954911985608e-02 1.482812239741186471e-02
7.250000000000000000e+00 2.777606618633185823e-02 2.860075069962606312e-02 1.373848296279951697e-02 1.424762590421242703e-02
7.275000000000001243e+00 2.695839445595270625e-02 2.775864190165809250e-02 1.318987356655924696e-02 1.368234801520853798e-02
7.299999999999999822e+00 2.615399028253415428e-02 2.693025268783169265e-02 1.265629299409688595e-02 1.313235138175686094e-02
7.325000000000000178e+00 2.536320437719822782e-02 2.611593490774413023e-02 1.213776287336817451e-02 1.259766867953735804e-02
7.349999999999999645e+00 2.458635700957367831e-02 2.531600954245828011e-02 1.163427547418514375e-02 1.207830243688608543e-02
7.375000000000000000e+00 2.382373953140370232e-02 2.453076720334373961e-02 1.114579549637390726e-02 1.157422618977113800e-02
7.400000000000001243e+00 2.307561309672428659e-02 2.376047089057671188e-02 1.067226051615216033e-02 1.108538744970522655e-02
7.424999999999999822e+00 2.234220746076277797e-02 2.300535095592181126e-02 1.021358150991602889e-02 1.061170585577934575e-02
7.450000000000000178e+00 2.162372329378595137e-02 2.226560734184459753e-02 9.769645123844821963e-03 1.015307532839649501e-02
7.474999999999999645e+00 2.092033252744845973e-02 2.154141150911876787e-02 9.340315004697025830e-03 9.709366386647943353e-03
7.500000000000000000e+00 2.023217826131163549e-02 2.083290583385575406e-02 8.925432842812141762e-03 9.280426823241772968e-03
7.525000000000000355e+00 1.955937439807912265e-02 2.014020396888550890e-02 8.524819351013962140e-03 8.866083131684649593e-03
7.549999999999999822e+00 1.890200732251328883e-02 1.946339123303068158e-02 8.138276222104759774e-03 8.466141746477369445e-03
7.575000000000000178e+00 1.826013635851741687e-02 1.880252559785829808e-02 7.765587449639691810e-03 8.080390596391866243e-03
7.599999999999999645e+00 1.763379434515273056e-02 1.815763842012739146e-02 7.406520660984410205e-03 7.708600574027568014e-03
7.625000000000000000e+00 1.702298807652119148e-02 1.752873498989179768e-02 7.060828298748516273e-03 7.350526823401142863e-03
7.650000000000000355e+00 1.642769980093878104e-02 1.691579536922015181e-02 6.728249487836512020e-03 7.005910161408581555e-03
7.674999999999999822e+00 1.584788855364486007e-02 1.631877586472332137e-02 6.408511521645182327e-03 6.674478740683710727e-03
7.700000000000000178e+00 1.528349037228879208e-02 1.573760983184643858e-02 6.101330868968010690e-03 6.355949350895135491e-03
7.724999999999999645e+00 1.473441951604103836e-02 1.517220858196494104e-02 5.806414713493450279e-03 6.050028798609780566e-03
7.750000000000000000e+00 1.420056958770368055e-02 1.462246240934167787e-02 5.523462202037534956e-03 5.756415202686215003e-03
7.775000000000000355e+00 1.368181455753258828e-02 1.408824170972643001e-02 5.252165782259073101e-03 5.474799311792293184e-03
7.799999999999999822e+00 1.317800986778523524e-02 1.356939801393171156e-02 4.992212406546042702e-03 5.204865757027892122e-03
7.825000000000000178e+00 1.268899370616224931e-02 1.306576526937608916e-02 4.743284768533521933e-03 4.946294313916243211e-03
7.849999999999999645e+00 1.221458806808595025e-02 1.257716099243818587e-02 4.505062446326250046e-03 4.698761097745053454e-03
7.875000000000000000e+00 1.175459990646674467e-02 1.210338730410254887e-02 4.277222937156016647e-03 4.461939609008027004e-03
7.900000000000000355e+00 1.130882227648047009e-02 1.164423219675672985e-02 4.059442727153890831e-03 4.235501850012767661e-03
7.924999999999999822e+00 1.087703552445225264e-02 1.119947067972843283e-02 3.851398307846208395e-03 4.019119354031533073e-03
7.950000000000000178e+00 1.045900833836277237e-02 1.076886581552597907e-02 3.652767000482258671e-03 3.812464073013027699e-03
7.974999999999999645e+00 1.005449895378034489e-02 1.035216994775048707e-02 3.463227836001290041e-03 3.615209292575252090e-03
8.000000000000000000e+00 9.663256240133658026e-03 9.949125834701829860e-03 3.282462373771373107e-03 3.427030469486803347e-03
8.025000000000000355e+00 9.285020668787042838e-03 9.559467638872375453e-03 3.110155374075208173e-03 3.247605966328869984e-03
8.050000000000000711e+00 8.919525422256241454e-03 9.182921989367116150e-03 2.945995491655511739e-03 3.076617748094520165e-03
8.074999999999999289e+00 8.566497438272561646e-03 8.819209052923352929e-03 2.789675898269033949e-03 2.913752046897685744e-03
8.099999999999999645e+00 8.225658372765218274e-03 8.468043546474826946e-03 2.640894793143255467e-03 2.758699939117839357e-03
8.125000000000000000e+00 7.896725481283678114e-03 8.129135644172370834e-03 2.499355904642693200e-03 2.611157850633276725e-03
8.150000000000000355e+00 7.579412568115509279e-03 7.802191885209253108e-03 2.364768931695772781e-03 2.470828026848729837e-03
8.175000000000000711e+00 7.273430846986843508e-03 7.486916088423280560e-03 2.236849916642006612e-03 2.337418949317174310e-03
8.199999999999999289e+00 6.978489691454502208e-03 7.183010158196691079e-03 2.115321554013383214e-03 2.210645689586348758e-03
8.224999999999999645e+00 6.694297463877992536e-03 6.890174849078209429e-03 1.999913491440078166e-03 2.090230202139132902e-03
8.250000000000000000e+00 6.420562264316604512e-03 6.608110565284074263e-03 1.890362548296548820e-03 1.975901599928958034e-03
8.275000000000000355e+00 6.156992518201715066e-03 6.336518022543967746e-03 1.786412886193299975e-03 1.867396346276400032e-03
8.300000000000000711e+00 5.903297683246059614e-03 6.075098898005900673e-03 1.687816185377209862e-03 1.764458438958441643e-03
8.324999999999999289e+00 5.659188844150191480e-03 5.823556435146814980e-03 1.594331722279588833e-03 1.666839516140623985e-03
8.349999999999999645e+00 5.424379275585777295e-03 5.581596065651772513e-03 1.505726471539023305e-03 1.574298975657593795e-03
8.375000000000000000e+00 5.198584918474077193e-03 5.348925923444771205e-03 1.421775118309673161e-03 1.486604026774762189e-03
8.400000000000000355e+00 4.981524826099815485e-03 5.125257249205293804e-03 1.342260068252188691e-03 1.403529689119677702e-03
8.425000000000000711e+00 4.772921625305417970e-03 4.910304873989026868e-03 1.266971419059737198e-03 1.324858794667731514e-03
8.449999999999999289e+00 4.572501899935451329e-03 4.703787637399999173e-03 1.195706920013798590e-03 1.250381958847637419e-03
8.474999999999999645e+00 4.379996550827203010e-03 4.505428762835613811e-03 1.128271914600867398e-03 1.179897530170705361e-03
8.500000000000000000e+00 4.195141054030404604e-03 4.314956111294277613e-03 1.064479227439708029e-03 1.113211489317488673e-03
8.525000000000000355e+00 4.017675764222444074e-03 4.132102502498641132e-03 1.004149053969505918e-03 1.050137354737544059e-03
8.550000000000000711e+00 3.847346163161867016e-03 3.956605979207702961e-03 9.471088518216293998e-04 9.904960709372940143e-04
8.574999999999999289e+00 3.683903066784647781e-03 3.788210001050081217e-03 8.931931857736551648e-04 9.341158655348342447e-04
8.599999999999999645e+00 3.527102763961676747e-03 3.626663649490330897e-03 8.422435656907575896e-04 8.808321035904698735e-04
8.625000000000000000e+00 3.376707186479774823e-03 3.471721743201439288e-03 7.941083023170471223e-04 8.304871221708007983e-04
8.650000000000000355e+00 3.232484046151121865e-03 3.323144999507920971e-03 7.486423219158727486e-04 7.829300658053361560e-04
8.675000000000000711e+00 3.094206876541471737e-03 3.180700127471988974e-03 7.057069845029292215e-04 7.380167085676405184e-04
8.699999999999999289e+00 2.961655140911761529e-03 3.044159871364028082e-03 6.651699022850285532e-04 6.956092609596930100e-04
8.724999999999999645e+00 2.834614293130417999e-03 2.913303107476528445e-03 6.269047506006301127e-04 6.555761868933276905e-04
8.750000000000000000e+00 2.712875771481468128e-03 2.787914860739261393e-03 5.907910735846367721e-04 6.177920104414558970e-04
8.775000000000000355e+00 2.596237017296825367e-03 2.667786317324200886e-03 5.567140831637725634e-04 5.821371185027629817e-04
8.800000000000000711e+00 2.484501456657673985e-03 2.552714792086977803e-03 5.245644632544872211e-04 5.484975533657536137e-04
8.824999999999999289e+00 2.377478492275722933e-03 2.442503729461644683e-03 4.942381774571993599e-04 5.167648200106830141e-04
8.849999999999999645e+00 2.274983446178770533e-03 2.336962674525581377e-03 4.656362687020084096e-04 4.868356914408381486e-04
8.875000000000000000e+00 2.176837500012308510e-03 2.235907180737332738e-03 4.386646666582143771e-04 4.586120003080205424e-04
8.900000000000000355e+00 2.082867644120586694e-03 2.139158769022060820e-03 4.132339947531220976e-04 4.320004495523766452e-04
8.925000000000000711e+00 1.992906593596448922e-03 2.046544855814378967e-03 3.892593767928436517e-04 4.069124176947691769e-04
8.949999999999999289e+00 1.906792696448006506e-03 1.957898651449443885e-03 3.666602538522585391e-04 3.832637650690408956e-04
8.974999999999999645e+00 1.824369843442237441e-03 1.873059067606824704e-03 3.453602035584848063e-04 3.609746484637276105e-04
9.000000000000000000e+00 1.745487372597937957e-03 1.791870616541476604e-03 3.252867595695575764e-04 3.399693384340409072e-04
9.025000000000000355e+00 1.669999957722251033e-03 1.714183317350858465e-03 3.063712340196603104e-04 3.201760418724862510e-04
9.050000000000000711e+00 1.597767483555847861e-03 1.639852558839937236e-03 2.885485526312387469e-04 3.015267239823281212e-04
9.074999999999999289e+00 1.528654935016049779e-03 1.568738977338990630e-03 2.717570864865073753e-04 2.839569383178359497e-04
9.099999999999999645e+00 1.462532276230512534e-03 1.500708344848027641e-03 2.559384911468468677e-04 2.674056628760338133e-04
9.125000000000000000e+00 1.399274323537419125e-03 1.435631436151480530e-03 2.410375548477100029e-04 2.518151398186821996e-04
9.150000000000000355e+00 1.338760619083281637e-03 1.373383899302271262e-03 2.270020480068154209e-04 2.371307214040408351e-04
9.175000000000000711e+00 1.280875302359664979e-03 1.313846124079756043e-03 2.137825772857971892e-04 2.233007202215114785e-04
9.199999999999999289e+00 1.225506978937812661e-03 1.256903108585322344e-03 2.013324484533752948e-04 2.102762647217231839e-04
9.224999999999999645e+00 1.172548590344552142e-03 1.202444325036329444e-03 1.896075322481471156e-04 1.980111616200820623e-04
9.250000000000000000e+00 1.121897283586972436e-03 1.150363586438303901e-03 1.785661349984491982e-04 1.864617616287103923e-04
9.275000000000000355e+00 1.073454280573789190e-03 1.100558912016043377e-03 1.681688761516118803e-04 1.755868319391883385e-04
9.300000000000000711e+00 1.027124749916020260e-03 1.052932395372744440e-03 1.583785679268717435e-04 1.653474324353219405e-04
9.324999999999999289e+00 9.828176774902667740e-04 1.007390072245241191e-03 1.491601042983699233e-04 1.557067982224206190e-04
9.349999999999999645e+00 9.404457403478927316e-04 9.638417896996530039e-04 1.404803507984557238e-04 1.466302268054755478e-04
9.375000000000000000e+00 8.999251811910818737e-04 9.222010780753464153e-04 1.323080410046103595e-04 1.380849697506407795e-04
9.400000000000000355e+00 8.611756841567472535e-04 8.823850228522948881e-04 1.246136797591242411e-04 1.300401301866266921e-04
9.425000000000000711e+00 8.241202550121249325e-04 8.443141404486352326e-04 1.173694461226708628e-04 1.224665646815413565e-04
9.449999999999999289e+00 7.886851019357328735e-04 8.079122559811020236e-04 1.105491038106362769e-04 1.153367882268144343e-04
9.474999999999999645e+00 7.547995186951072730e-04 7.731063829377972157e-04 1.041279168343342700e-04 1.086248857620392046e-04
9.500000000000000000e+00 7.223957713806541470e-04 7.398266058805612853e-04 9.808256606284952153e-05 1.023064264620856628e-04
9.525000000000000355e+00 6.914089871720397688e-04 7.080059662008785773e-04 9.239107320314133328e-05 9.635838295787914104e-05
9.550000000000000711e+00 6.617770456786798089e-04 6.775803496104861783e-04 8.703272568500365505e-05 9.075905414878536633e-05
9.574999999999999289e+00 6.334404744420289377e-04 6.484883779033129335e-04 8.198800697056986145e-05 8.548799166901632969e-05
9.599999999999999645e+00 6.063423458050696407e-04 6.206713033292274523e-04 7.723853064971004034e-05 8.052593073275175295e-05
9.625000000000000000e+00 5.804281770339498030e-04 5.940729052496354114e-04 7.276697633135273369e-05 7.585472401071267944e-05
9.650000000000000355e+00 5.556458339417275332e-04 5.686393900423691861e-04 6.855702998951472462e-05 7.145727865550866487e-05
9.675000000000000711e+00 5.319454372856572593e-04 5.443192947589834199e-04 6.459332785270095723e-05 6.731749727672490385e-05
9.699999999999999289e+00 5.092792717639517972e-04 5.210633931762942515e-04 6.086140179897623736e-05 6.342022163321752880e-05
9.724999999999999645e+00 4.876016983095203929e-04 4.988246046535042746e-04 5.734762868698722676e-05 5.975117902046322570e-05
9.750000000000000000e+00 4.668690692379105626e-04 4.775579067381469501e-04 5.403918226176953536e-05 5.629693203691805352e-05
9.775000000000000355e+00 4.470396462607381617e-04 4.572202505508461733e-04 5.092398737176076165e-05 5.304483072897879357e-05
9.800000000000000711e+00 4.280735207245578260e-04 4.377704782899251128e-04 4.799067730688759051e-05 4.998296753052931725e-05
9.824999999999999289e+00 4.099325376097091422e-04 4.191692442244128805e-04 4.522855248227638717e-05 4.710013453514212738e-05
9.849999999999999645e+00 3.925802220166775157e-04 4.013789388258814884e-04 4.262754208066419400e-05 4.438578298251357195e-05
9.875000000000000000e+00 3.759817082065981873e-04 3.843636153683300020e-04 4.017816780041484647e-05 4.182998524870233431e-05
9.900000000000000355e+00 3.601036710506575508e-04 3.680889193914053232e-04 3.787150898543924221e-05 3.942339868353467066e-05
9.925000000000000711e+00 3.449142601209982933e-04 3.525220200306151031e-04 3.569917093433812045e-05 3.715723157736883654e-05
9.949999999999999289e+00 3.303830368561269941e-04 3.376315450926943638e-04 3.365325387392495237e-05 3.502321133001247655e-05
9.974999999999999645e+00 3.164809133090359353e-04 3.233875180094302306e-04 3.172632369328999368e-05 3.301355377992105293e-05
1.000000000000000000e+01 3.031800940237461533e-04 3.097612971935960447e-04 2.991138548754688429e-05 3.112093480282889489e-05
1.002500000000000036e+01 2.904540198191256101e-04 2.967255182628971864e-04 2.820185725513746136e-05 2.933846341617941581e-05
1.005000000000000071e+01 2.782773138216696114e-04 2.842540380890749775e-04 2.659154583231117331e-05 2.765965621264485850e-05
1.007499999999999929e+01 2.666257298332872189e-04 2.723218812561243457e-04 2.507462386944354002e-05 2.607841341605670167e-05
1.009999999999999964e+01 2.554761027419077328e-04 2.609051888717388561e-04 2.364560845149586037e-05 2.458899619121953465e-05
1.012500000000000000e+01 2.448063009420860573e-04 2.499811692733454262e-04 2.229934103758413996e-05 2.318600558372154591e-05
1.015000000000000036e+01 2.345951807249877495e-04 2.395280509464053529e-04 2.103096780108820523e-05 2.186436231769692498e-05
1.017500000000000071e+01 2.248225425157086366e-04 2.295250370645823422e-04 1.983592199069952178e-05 2.061928784131651031e-05
1.019999999999999929e+01 2.154690891675609284e-04 2.199522624275063588e-04 1.870990691152250369e-05 1.944628664766420259e-05
1.022499999999999964e+01 2.065163857134413698e-04 2.107907519052568948e-04 1.764887976864744319e-05 1.834112942997415349e-05
1.025000000000000000e+01 1.979468210256208943e-04 2.020223806162295313e-04 1.664903683768936525e-05 1.729983729323309035e-05
1.027500000000000036e+01 1.897435710855501357e-04 1.936298360177772081e-04 1.570679926777204184e-05 1.631866698148962285e-05
1.030000000000000071e+01 1.818905637848282656e-04 1.855965815051296422e-04 1.481879960156060710e-05 1.539409682346882399e-05
1.032499999999999929e+01 1.743724452445956992e-04 1.779068215262995169e-04 1.398186940971884490e-05 1.452281357058476951e-05
1.034999999999999964e+01 1.671745477027655963e-04 1.705454683438642342e-04 1.319302743068844161e-05 1.370170006741057462e-05
1.037500000000000000e+01 1.602828586897129030e-04 1.634981102426002174e-04 1.244946845231071910e-05 1.292782356830773307e-05
1.040000000000000036e+01 1.536839915723695949e-04 1.567509810105586099e-04 1.174855280804643304e-05 1.219842477715898761e-05
1.042500000000000071e+01 1.473651574070612312e-04 1.502909308361037523e-04 1.108779651689976713e-05 1.151090745947690606e-05
1.044999999999999929e+01 1.413141380484483466e-04 1.441053985014205049e-04 1.046486225093357137e-05 1.086282882967707649e-05
1.047499999999999964e+01 1.355192604386784507e-04 1.381823848049371680e-04 9.877550382402471826e-06 1.025189041657187939e-05
1.050000000000000000e+01 1.299693720258110247e-04 1.325104271489034775e-04 9.323790860138105204e-06 9.675929399402056469e-06
1.052500000000000036e+01 1.246538172896851618e-04 1.270785752706470148e-04 8.801635596947882058e-06 9.132910596639931007e-06
1.055000000000000071e+01 1.195624153042299621e-04 1.218763680543288863e-04 8.309251160445356451e-06 8.620918858292300402e-06
1.057499999999999929e+01 1.146854383264379076e-04 1.168938113911257768e-04 7.844911995993299918e-06 8.138151939205802435e-06
1.059999999999999964e+01 1.100135913156478462e-04 1.121213570325375739e-04 7.406993945241488178e-06 7.682913753464681403e-06
1.062500000000000000e+01 1.055379923902051171e-04 1.075498823828512443e-04 6.993968265717398630e-06 7.253608050286622900e-06
1.065000000000000036e+01 1.012501541734676339e-04 1.031706712240400709e-04 6.604395951742698878e-06 6.848732478276467781e-06
1.067500000000000071e+01 9.714196596194631941e-05 9.897539530549561977e-05 6.236922459700858565e-06 6.466873012451260837e-06
1.069999999999999929e+01 9.320567671042144953e-05 9.495609676457644418e-05 5.890272643447648583e-06 6.106698717374284186e-06
1.072499999999999964e+01 8.943387878424407286e-05 9.110517134048967778e-05 5.563246035064332754e-06 5.766956771134362301e-06
1.075000000000000000e+01 8.581949244839216296e-05 8.741535236386283525e-05 5.254712519300838204e-06 5.446467868402899885e-06
1.077500000000000036e+01 8.235575105705834952e-05 8.387969546157790816e-05 4.963608053919924890e-06 5.144121853513496764e-06
1.080000000000000071e+01 7.903618692647272062e-05 8.049156396718614196e-05 4.688930745959270897e-06 4.858873570979796704e-06
1.082499999999999929e+01 7.585461784211570784e-05 7.724461499796093087e-05 4.429737256278665963e-06 4.589739031128885481e-06
1.084999999999999964e+01 7.280513418202865254e-05 7.413278615790942956e-05 4.185139305663251070e-06 4.335791804496321048e-06
1.087500000000000000e+01 6.988208662367771944e-05 7.115028286137339755e-05 3.954300387360631278e-06 4.096159593078302392e-06
1.090000000000000036e+01 6.708007441101386471e-05 6.829156621670538579e-05 3.736432725589913918e-06 3.870021019498153118e-06
1.092500000000000071e+01 6.439393416803176678e-05 6.555134148450341759e-05 3.530794389624747374e-06 3.656602613636149605e-06
1.094999999999999929e+01 6.181872920359217263e-05 6.292454705424779034e-05 3.336686614551614644e-06 3.455175984127123225e-06
1.097499999999999964e+01 5.934973932193361338e-05 6.040634392006228714e-05 3.153451224526923583e-06 3.265055159401089957e-06
1.100000000000000000e+01 5.698245108972194254e-05 5.799210565490517703e-05 2.980468242861920698e-06 3.085594063750900113e-06
1.102500000000000036e+01 5.471254854230684717e-05 5.567740882204922780e-05 2.817153652900717799e-06 2.916184175835314255e-06
1.105000000000000071e+01 5.253590433213467363e-05 5.345802384460634528e-05 2.662957266012325546e-06 2.756252300560976322e-06
1.107499999999999929e+01 5.044857125977593568e-05 5.132990628495799845e-05 2.517360762710237545e-06 2.605258502231279689e-06
1.109999999999999964e+01 4.844677420596056117e-05 4.928918852040063356e-05 2.379875785822305947e-06 2.462694139066221212e-06
1.112500000000000000e+01 4.652690243038832537e-05 4.733217180751633400e-05 2.250042193392563465e-06 2.328080017582539321e-06
1.115000000000000036e+01 4.468550221744341673e-05 4.545531870701248630e-05 2.127426401507201324e-06 2.200964661938599965e-06
1.117500000000000071e+01 4.291926985851055140e-05 4.365524585250368724e-05 2.011619824507323879e-06 2.080922684316365929e-06
1.119999999999999929e+01 4.122504495478086382e-05 4.192871705079249034e-05 1.902237424533780250e-06 1.967553255941578303e-06
1.122499999999999964e+01 3.959980402848566126e-05 4.027263669915108767e-05 1.798916318790958891e-06 1.860478670414048062e-06
1.125000000000000000e+01 3.804065442402039456e-05 3.868404350690096710e-05 1.701314472616281163e-06 1.759342975465920606e-06
1.127500000000000036e+01 3.654482848340448746e-05 3.716010449924380879e-05 1.609109499979255237e-06 1.663810703367497767e-06
1.130000000000000071e+01 3.510967798923640009e-05 3.569810929308194554e-05 1.521997519404707892e-06 1.573565676878621624e-06
1.132499999999999929e+01 3.373266886294378581e-05 3.429546463860076358e-05 1.439692065253772841e-06 1.488309884474231162e-06
1.134999999999999964e+01 3.241137610405275316e-05 3.294968921253010462e-05 1.361923060885629530e-06 1.407762408621229317e-06
1.137500000000000000e+01 3.114347895401115940e-05 3.165840864203674747e-05 1.288435891283189040e-06 1.331658434032523827e-06
1.140000000000000036e+01 2.992675628430000102e-05 3.041935075695393969e-05 1.218990485879398497e-06 1.259748313292831793e-06
1.142500000000000071e+01 2.875908219330527974e-05 2.923034106080062039e-05 1.153360474967090363e-06 1.191796675750988173e-06
1.144999999999999929e+01 2.763842180137113271e-05 2.808929840556189601e-05 1.091332399503113363e-06 1.127581602630620877e-06
1.147499999999999964e+01 2.656282723886826461e-05 2.699423086342287408e-05 1.032704950221446850e-06 1.066893838744347135e-06
1.150000000000000000e+01 2.553043381463553180e-05 2.594323178896850400e-05 9.772882757438826258e-07 1.009536059488141140e-06
1.152500000000000036e+01 2.453945635528452136e-05 2.493447605493834442e-05 9.249033209692469933e-07 9.553221815191514476e-07
1.155000000000000071e+01 2.358818571345111271e-05 2.396621646105553198e-05 8.753811968049501187e-07 9.040767128264988210e-07
1.157499999999999929e+01 2.267498543188377802e-05 2.303678030559763368e-05 8.285625867988989365e-07 8.556341330873709753e-07
1.159999999999999964e+01 2.179828855925112986e-05 2.214456611245214324e-05 7.842972048449001950e-07 8.098383192227087262e-07
1.162500000000000000e+01 2.095659460833082158e-05 2.128804050553312509e-05 7.424432706460752538e-07 7.665420036042388875e-07
1.165000000000000036e+01 2.014846665142132576e-05 2.046573522446156463e-05 7.028670203758362310e-07 7.256062625897024751e-07
1.167500000000000071e+01 1.937252854619702031e-05 1.967624427444745029e-05 6.654422452687543949e-07 6.869000353994303087e-07
1.169999999999999929e+01 1.862746228633736025e-05 1.891822120464775302e-05 6.300498570961481039e-07 6.502996710515454661e-07
1.172499999999999964e+01 1.791200547104668828e-05 1.819037650934086613e-05 5.965774801531415218e-07 6.156885021351587132e-07
1.175000000000000000e+01 1.722494888789523253e-05 1.749147514598113276e-05 5.649190619447010215e-07 5.829564424920395706e-07
1.177500000000000036e+01 1.656513420339056911e-05 1.682033416374645633e-05 5.349745152948514794e-07 5.519996081044257426e-07
1.180000000000000071e+01 1.593145175770004231e-05 1.617582043929414269e-05 5.066493781975313862e-07 5.227199647981707796e-07
1.182499999999999929e+01 1.532283845711166279e-05 1.555684851381662105e-05 4.798544865054511546e-07 4.950249903912013634e-07
1.184999999999999964e+01 1.473827576091664650e-05 1.496237852653846596e-05 4.545056760067589486e-07 4.688273597009176448e-07
1.187500000000000000e+01 1.417678775776801483e-05 1.439141424085834588e-05 4.305234952133592801e-07 4.440446476955937994e-07
1.190000000000000036e+01 1.363743932766894354e-05 1.384300115844332225e-05 4.078329371624583050e-07 4.205990494066416571e-07
1.192500000000000071e+01 1.311933438569876789e-05 1.331622471731521512e-05 3.863631862799742369e-07 3.984171163392139420e-07
1.194999999999999929e+01 1.262161420356402776e-05 1.281020857017520383e-05 3.660473797424165370e-07 3.774295080801121387e-07
1.197499999999999964e+01 1.214345580557356619e-05 1.232411293927250142e-05 3.468223829518911160e-07 3.575707582645140313e-07
1.200000000000000000e+01 1.168407043573519165e-05 1.185713304432013563e-05 3.286285779770985339e-07 3.387790543115626232e-07
1.202500000000000036e+01 1.124270209245346874e-05 1.140849760006534255e-05 3.114096640872849512e-07 3.209960297494161295e-07
1.205000000000000071e+01 1.081862612810575712e-05 1.097746738042174890e-05 2.951124699378564353e-07 3.041665686904915122e-07
1.207499999999999929e+01 1.041114791027248085e-05 1.056333384619472472e-05 2.796867764339460860e-07 2.882386214703548737e-07
1.209999999999999964e+01 1.001960154183899645e-05 1.016541783317786581e-05 2.650851499566880117e-07 2.731630310489421218e-07
1.212500000000000000e+01 9.643348637566633485e-06 9.783068298309485053e-06 2.512627848865697209e-07 2.588933692714621509e-07
1.215000000000000036e+01 9.281777154237725450e-06 9.415661120922403534e-06 2.381773554688071862e-07 2.453857826125113893e-07
1.217500000000000071e+01 8.934300272337970683e-06 9.062597956911396497e-06 2.257888762281188746e-07 2.325988468721604718e-07
1.219999999999999929e+01 8.600355326479139226e-06 8.723305143043854815e-06 2.140595702381555166e-07 2.204934302536596457e-07
1.222499999999999964e+01 8.279402782706347567e-06 8.397232649391885722e-06 2.029537447840337632e-07 2.090325641399915669e-07
1.225000000000000000e+01 7.970925260492262447e-06 8.083853077670353468e-06 1.924376744255563947e-07 1.981813213505932030e-07
1.227500000000000036e+01 7.674426597490696751e-06 7.782660703386121986e-06 1.824794904987447583e-07 1.879067013691045498e-07
1.230000000000000071e+01 7.389430954905390322e-06 7.493170559911921738e-06 1.730490771836603719e-07 1.781775221196602474e-07
1.232499999999999929e+01 7.115481961828900506e-06 7.214917562399243176e-06 1.641179735194284980e-07 1.689643181005879606e-07
1.234999999999999964e+01 6.852141896808025751e-06 6.947455669936355107e-06 1.556592805565890961e-07 1.602392441326369105e-07
1.237500000000000000e+01 6.598990904866440890e-06 6.690357084137482023e-06 1.476475742952433290e-07 1.519759846130703029e-07
1.240000000000000036e+01 6.355626248528074330e-06 6.443211482597473673e-06 1.400588233789591427e-07 1.441496680911141600e-07
1.242500000000000071e+01 6.121661591229256547e-06 6.205625285593877310e-06 1.328703113365216780e-07 1.367367865260529155e-07
1.244999999999999929e+01 5.896726311691983627e-06 5.977220954529397832e-06 1.260605634465290710e-07 1.297151192352071549e-07
1.247499999999999964e+01 5.680464847906244082e-06 5.757636320807583424e-06 1.196092776393494367e-07 1.230636611294567938e-07
1.250000000000000000e+01 5.472536069391047995e-06 5.546523943670672530e-06 1.134972593538445994e-07 1.167625550624210063e-07
1.252500000000000036e+01 5.272612676442453545e-06 5.343550495710194414e-06 1.077063601149800580e-07 1.107930279822406710e-07
1.255000000000000071e+01 5.080380625277358409e-06 5.148396174937618471e-06 1.022194194848734044e-07 1.051373307547539517e-07
1.257499999999999929e+01 4.895538577882774814e-06 4.960754142169912154e-06 9.702021024881980475e-08 9.977868124665480694e-08
1.259999999999999964e+01 4.717797375372471165e-06 4.780329982605340902e-06 9.209338691458003976e-08 9.470121076964175995e-08
1.262500000000000000e+01 4.546879533919941111e-06 4.606841190409956541e-06 8.742443691396384553e-08 8.988991348981936224e-08
1.265000000000000036e+01 4.382518762336185736e-06 4.440016675559778960e-06 8.299963465505835396e-08 8.533059871737902599e-08
1.267500000000000071e+01 4.224459500147822499e-06 4.279596291711250878e-06 7.880599803602320323e-08 8.100984583348326794e-08
1.269999999999999929e+01 4.072456475442608759e-06 4.125330384267858306e-06 7.483124757000354218e-08 7.691496178578017161e-08
1.272499999999999964e+01 3.926274281538940154e-06 3.976979357777769128e-06 7.106376765548788989e-08 7.303394098992917706e-08
1.275000000000000000e+01 3.785686971707937733e-06 3.834313261783056130e-06 6.749257006923040773e-08 6.935542741947746496e-08
1.277500000000000036e+01 3.650477671075125500e-06 3.697111394306228004e-06 6.410725958939074321e-08 6.586867891000180239e-08
1.280000000000000071e+01 3.520438205046556521e-06 3.565161922243379585e-06 6.089800134410423382e-08 6.256353339567631743e-08
1.282499999999999929e+01 3.395368743453470883e-06 3.438261517856662258e-06 5.785549016968350465e-08 5.943037703657931092e-08
1.284999999999999964e+01 3.275077459790297691e-06 3.316215010707904116e-06 5.497092164282921300e-08 5.646011419481090809e-08
1.287500000000000000e+01 3.159380204869864678e-06 3.198835054363790990e-06 5.223596464211013444e-08 5.364413902941306203e-08
1.290000000000000036e+01 3.048100194275894036e-06 3.085941807218443975e-06 4.964273547805752874e-08 5.097430867474108163e-08
1.292500000000000071e+01 2.941067708996952546e-06 2.977362626825055642e-06 4.718377350924425929e-08 4.844291792162210851e-08
1.294999999999999929e+01 2.838119808682867213e-06 2.872931777113148803e-06 4.485201808465989355e-08 4.604267534372010997e-08
1.297499999999999964e+01 2.739100057005185805e-06 2.772490148018061257e-06 4.264078672111123176e-08 4.376668069864638830e-08
1.300000000000000000e+01 2.643858258544762244e-06 2.675884986892290802e-06 4.054375455347416780e-08 4.160840361445238786e-08
1.302500000000000036e+01 2.552250206772675849e-06 2.582969641260685370e-06 3.855493491257663691e-08 3.956166345354294021e-08
1.305000000000000071e+01 2.464137442591383077e-06 2.493603312404495381e-06 3.666866097869069927e-08 3.762061031838931329e-08
1.307499999999999929e+01 2.379387023008758401e-06 2.407650819275938607e-06 3.487956838002750578e-08 3.577970705958646763e-08
1.309999999999999964e+01 2.297871299521188077e-06 2.324982372360844274e-06 3.318257885424112937e-08 3.403371230335571110e-08
1.312500000000000000e+01 2.219467705772935082e-06 2.245473357017011549e-06 3.157288478238718457e-08 3.237766443990728833e-08
1.315000000000000036e+01 2.144058554106213424e-06 2.169004125916267662e-06 3.004593453545798086e-08 3.080686647629683975e-08
1.317500000000000071e+01 2.071530840606531545e-06 2.095459800161431311e-06 2.859741866021983949e-08 2.931687171596174118e-08
1.319999999999999929e+01 2.001776058304777505e-06 2.024730078738340321e-06 2.722325682887592636e-08 2.790347024708366255e-08
1.322499999999999964e+01 1.934690018181503789e-06 1.956709055947137170e-06 2.591958547501021365e-08 2.656267615766900275e-08
1.325000000000000000e+01 1.870172677646019740e-06 1.891295046470730968e-06 2.468274615748052288e-08 2.529071546511260045e-08
1.327500000000000036e+01 1.808127976151198923e-06 1.828390417743763332e-06 2.350927453197413596e-08 2.408401471774835004e-08
1.330000000000000071e+01 1.748463677675376557e-06 1.767901429323812057e-06 2.239588993255126157e-08 2.293919020828474212e-08
1.332499999999999929e+01 1.691091219764137657e-06 1.709738078973925866e-06 2.133948551800610160e-08 2.185303778735863149e-08
1.334999999999999964e+01 1.635925568852177271e-06 1.653813955161291230e-06 2.033711896151376461e-08 2.082252322164535534e-08
1.337500000000000000e+01 1.582885081614092857e-06 1.600046095707168491e-06 1.938600367489966939e-08 1.984477310517959869e-08
1.340000000000000036e+01 1.531891372090902453e-06 1.548354852338182552e-06 1.848350046964483713e-08 1.891706625156531559e-08
1.342500000000000071e+01 1.482869184343447979e-06 1.498663760882975925e-06 1.762710970392849895e-08 1.803682555925632091e-08
1.344999999999999929e+01 1.435746270407238827e-06 1.450899416881165359e-06 1.681446384677962111e-08 1.720161032463887881e-08
1.347499999999999964e+01 1.390453273323805741e-06 1.404991356377481165e-06 1.604332046209673944e-08 1.640910897728106086e-08
1.350000000000000178e+01 1.346923615043111202e-06 1.360871941685633713e-06 1.531155555507392406e-08 1.565713221331247104e-08
1.352500000000000213e+01 1.305093388992929029e-06 1.318476251917253769e-06 1.461715728104819530e-08 1.494360648909644594e-08
1.355000000000000249e+01 1.264901257121957668e-06 1.277741978077463579e-06 1.395822002057700841e-08 1.426656788453696277e-08
1.357499999999999929e+01 1.226288351234482018e-06 1.238609322539202778e-06 1.333293876591791680e-08 1.362415630132246357e-08
1.359999999999999964e+01 1.189198178439741750e-06 1.201020902716375396e-06 1.273960380544785257e-08 1.301460997636561604e-08
1.362500000000000000e+01 1.153576530546477966e-06 1.164921658763575701e-06 1.217659568551207611e-08 1.243626028035926628e-08
1.365000000000000213e+01 1.119371397241554880e-06 1.130258765135824305e-06 1.164238048355131978e-08 1.188752681152963382e-08
1.367500000000000249e+01 1.086532882900494439e-06 1.096981545852137286e-06 1.113550531529702366e-08 1.136691276454649182e-08
1.369999999999999929e+01 1.055013126881061469e-06 1.065041393313333459e-06 1.065459407842937105e-08 1.087300053559791054e-08
1.372499999999999964e+01 1.024766227159166923e-06 1.034391690528430745e-06 1.019834344869324739e-08 1.040444757640617234e-08
1.375000000000000000e+01 9.957481671742541333e-07 1.004987736612533035e-06 9.765519080021617991e-09 9.959982473177956167e-09
1.377500000000000213e+01 9.679167457528527823e-07 9.767866754260024716e-07 9.354952009592773506e-09 9.538401235720197916e-09
1.380000000000000249e+01 9.412315099861201375e-07 9.497474272240899527e-07 8.965535263855798633e-09 9.138563787345453395e-09
1.382499999999999929e+01 9.156536909500461447e-07 9.238306232032782373e-07 8.596220649978031445e-09 8.759390651257558222e-09
1.384999999999999964e+01 8.911461421495174255e-07 8.989985428264736528e-07 8.246015718582465120e-09 8.399859813530892167e-09
1.387500000000000000e+01 8.676732805789999855e-07 8.752150538146496859e-07 7.913980895778559307e-09 8.059003760860155117e-09
1.390000000000000213e+01 8.452010303004186598e-07 8.524455547026824979e-07 7.599226766623495799e-09 7.735906676192390977e-09
1.392500000000000249e+01 8.236967684375470179e-07 8.306569198590177706e-07 7.300911516667390144e-09 7.429701792497128824e-09
1.394999999999999929e+01 8.031292734935643801e-07 8.098174468716056191e-07 7.018238496256239578e-09 7.139568887173412802e-09
1.397499999999999964e+01 7.834686759026115153e-07 7.898968062097884683e-07 6.750453932974113336e-09 6.864731910956143200e-09
1.400000000000000000e+01 7.646864107262940130e-07 7.708659930726673701e-07 6.496844767167983417e-09 6.604456756641439713e-09
1.402500000000000213e+01 7.467551724170162443e-07 7.526972813411056673e-07 6.256736596613154268e-09 6.358049139452839748e-09
1.405000000000000249e+01 7.296488715680228418e-07 7.353641795536671694e-07 6.029491749004528840e-09 6.124852602314404619e-09
1.407499999999999929e+01 7.133425935753661246e-07 7.188413888295203318e-07 5.814507450278379806e-09 5.904246628169910703e-09
1.409999999999999964e+01 6.978125591407262042e-07 7.031047626658388408e-07 5.611214099597432875e-09 5.695644858417618510e-09
1.412500000000000000e+01 6.830360865458900732e-07 6.881312685388349823e-07 5.419073634555230923e-09 5.498493407527762078e-09
1.415000000000000213e+01 6.689915556351767058e-07 6.738989512434766816e-07 5.237577992134403874e-09 5.312269272739889528e-09
1.417500000000000249e+01 6.556583734420889517e-07 6.603868979070207400e-07 5.066247657619481600e-09 5.136478834673553492e-09
1.419999999999999929e+01 6.430169414010175491e-07 6.475752046157769639e-07 4.904630290452173007e-09 4.970656442474613517e-09
1.422499999999999964e+01 6.310486240883492033e-07 6.354449445975414759e-07 4.752299428885350098e-09 4.814363075188724211e-09
1.425000000000000000e+01 6.197357194386950373e-07 6.239781379056316110e-07 4.608853273875422389e-09 4.667185085162386529e-09
1.427500000000000036e+01 6.090614303833935568e-07 6.131577225498438817e-07 4.473913534709241094e-09 4.528733009688909264e-09
1.430000000000000249e+01 5.990098378643771175e-07 6.029675270258749850e-07 4.347124346352814184e-09 4.398640451745043961e-09
1.432499999999999929e+01 5.895658751750918976e-07 5.933922441951641556e-07 4.228151248725196502e-09 4.276563026831473103e-09
1.434999999999999964e+01 5.807153035842464113e-07 5.844174064690929889e-07 4.116680226359809617e-09 4.162177371652339867e-09
1.437500000000000000e+01 5.724446892004050557e-07 5.760293622545142023e-07 4.012416805092731311e-09 4.055180211798860533e-09
1.440000000000000036e+01 5.647413810375323939e-07 5.682152536206980948e-07 3.915085203666114614e-09 3.955287485733450050e-09
1.442500000000000249e+01 5.575934902419618033e-07 5.609629951467409674e-07 3.824427535225336486e-09 3.862233521593784075e-09
1.444999999999999929e+01 5.509898704457981955e-07 5.542612539137605952e-07 3.740203060771934824e-09 3.775770264613418301e-09
1.447499999999999964e+01 5.449200992112703725e-07 5.480994306058301922e-07 3.662187491578161277e-09 3.695666556781887222e-09
1.450000000000000000e+01 5.393744605341061249e-07 5.424676416868978005e-07 3.590172330155833030e-09 3.621707458712707776e-09
1.452500000000000036e+01 5.343439283741165729e-07 5.373567026212956920e-07 3.523964258050890182e-09 3.553693615432098093e-09
1.455000000000000249e+01 5.298201511847419430e-07 5.327581121086940151e-07 3.463384566452280644e-09 3.491440667686343130e-09
1.457499999999999929e+01 5.257954374132721143e-07 5.286640373051559047e-07 3.408268623885515815e-09 3.434778702648538025e-09
1.459999999999999964e+01 5.222627419454637968e-07 5.250673000029786201e-07 3.358465382219732122e-09 3.383551743038392238e-09
1.462500000000000000e+01 5.192156534701459225e-07 5.219613637445736890e-07 3.313836917656514746e-09 3.337617273067508661e-09
1.465000000000000036e+01 5.166483827404799259e-07 5.193403218464509199e-07 3.274258006727999664e-09 3.296845799269813913e-09
1.467500000000000249e+01 5.145557517106667990e-07 5.171988863115782982e-07 3.239615737983576520e-09 3.261120448067958941e-09
1.469999999999999929e+01 5.129331835274034566e-07 5.155323776092421103e-07 3.209809152998172214e-09 3.230336595034579938e-09
1.472499999999999964e+01 5.117766933565454584e-07 5.143367153021373739e-07 3.184748918848883813e-09 3.204401524850043206e-09
1.475000000000000000e+01 5.110828800279401355e-07 5.136084095032771760e-07 3.164357031651551938e-09 3.183234123858403952e-09
1.477500000000000036e+01 5.108489184816388596e-07 5.133445531456853938e-07 3.148566547433297594e-09 3.166764600711492528e-09
1.480000000000000249e+01 5.110725530001404284e-07 5.135428150490299979e-07 3.137321343224601337e-09 3.154934237590475660e-09
1.482499999999999929e+01 5.117520912127270056e-07 5.142014337689546104e-07 3.130575903194013690e-09 3.147695168146349447e-09
1.484999999999999964e+01 5.128863988589218938e-07 5.153192122158176273e-07 3.128295131041188430e-09 3.145010181374934708e-09
1.487500000000000000e+01 5.144748952992643593e-07 5.168955130307162787e-07 3.130454189590804847e-09 3.146852553763224832e-09
1.490000000000000036e+01 5.165175497627275182e-07 5.189302547078327937e-07 3.137038363391540072e-09 3.153205905191548529e-09
1.492500000000000071e+01 5.190148783212187163e-07 5.214239084532744432e-07 3.148042947241781889e-09 3.164064080927332238e-09
1.494999999999999929e+01 5.219679415825603596e-07 5.243774957715459070e-07 3.163473159874198288e-09 3.179431059806795235e-09
1.497499999999999964e+01 5.253783430945988445e-07 5.277925867720684672e-07 3.183344079666300729e-09 3.199320885002975559e-09
