# col1: r[fm],  col2: chargedensity, col3: weak density [fm^-3](normailized to Q=1)
2.101448349307773875e-07 6.794769893371827019e-02 -8.024150505186324056e-02
2.500000000000000139e-02 6.794456036312969405e-02 -8.024332646600174090e-02
5.000000000000000278e-02 6.793515160932457608e-02 -8.024878480859184982e-02
7.499999999999999722e-02 6.791949346164387336e-02 -8.025786235687711045e-02
1.000000000000000056e-01 6.789762029361844087e-02 -8.027052949930230108e-02
1.250000000000000000e-01 6.786957967181314610e-02 -8.028674463857636556e-02
1.499999999999999944e-01 6.783543184978825524e-02 -8.030645408162238874e-02
1.749999999999999889e-01 6.779524918381177323e-02 -8.032959193906583084e-02
2.000000000000000111e-01 6.774911551095005868e-02 -8.035608005943223331e-02
2.250000000000000056e-01 6.769712553025647450e-02 -8.038582802334823252e-02
2.500000000000000000e-01 6.763938422404196238e-02 -8.041873322078060826e-02
2.750000000000000222e-01 6.757600634910004844e-02 -8.045468102997070658e-02
2.999999999999999889e-01 6.750711601807375672e-02 -8.049354511067559337e-02
3.250000000000000111e-01 6.743284637993088304e-02 -8.053518781723641162e-02
3.499999999999999778e-01 6.735333939693484429e-02 -8.057946072955045336e-02
3.750000000000000000e-01 6.726874570474034032e-02 -8.062620529294960148e-02
4.000000000000000222e-01 6.717922453335790911e-02 -8.067525355192829706e-02
4.249999999999999889e-01 6.708494366055106628e-02 -8.072642895815473896e-02
4.500000000000000111e-01 6.698607936626066461e-02 -8.077954723058278219e-02
4.749999999999999778e-01 6.688281635705145556e-02 -8.083441724490673941e-02
5.000000000000000000e-01 6.677534763313487665e-02 -8.089084193099643771e-02
5.250000000000000222e-01 6.666387427670578125e-02 -8.094861916004363056e-02
5.500000000000000444e-01 6.654860514834580465e-02 -8.100754260752147939e-02
5.749999999999999556e-01 6.642975648714158354e-02 -8.106740258316340320e-02
5.999999999999999778e-01 6.630755141894187354e-02 -8.112798682442710907e-02
6.250000000000000000e-01 6.618221938489575462e-02 -8.118908125476387294e-02
6.500000000000000222e-01 6.605399550830881594e-02 -8.125047071197297188e-02
6.750000000000000444e-01 6.592311992139414378e-02 -8.131193965463844042e-02
6.999999999999999556e-01 6.578983707445122675e-02 -8.137327285591838821e-02
7.249999999999999778e-01 6.565439504844768071e-02 -8.143425609376780949e-02
7.500000000000000000e-01 6.551704488825926820e-02 -8.149467684516326083e-02
7.750000000000000222e-01 6.537803996852716015e-02 -8.155432498934542251e-02
8.000000000000000444e-01 6.523763539794144584e-02 -8.161299352188773615e-02
8.249999999999999556e-01 6.509608746155268189e-02 -8.167047927796132478e-02
8.499999999999999778e-01 6.495365309518677521e-02 -8.172658365993504259e-02
8.750000000000000000e-01 6.481058938182390761e-02 -8.178111336179549884e-02
9.000000000000000222e-01 6.466715305732552432e-02 -8.183388108108247128e-02
9.250000000000001554e-01 6.452360001235303566e-02 -8.188470620826975022e-02
9.499999999999999556e-01 6.438018477866619405e-02 -8.193341548381245787e-02
9.749999999999999778e-01 6.423715999094183060e-02 -8.197984361432623934e-02
1.000000000000000000e+00 6.409477581935309198e-02 -8.202383384135732147e-02
1.024999999999999911e+00 6.395327937281561348e-02 -8.206523845865347500e-02
1.050000000000000044e+00 6.381291407742507860e-02 -8.210391927643741206e-02
1.074999999999999956e+00 6.367391903859374869e-02 -8.213974803358876919e-02
1.100000000000000089e+00 6.353652839827371446e-02 -8.217260676058803226e-02
1.125000000000000000e+00 6.340097070011552205e-02 -8.220238809735769259e-02
1.149999999999999911e+00 6.326746827533996642e-02 -8.222899557065391218e-02
1.175000000000000044e+00 6.313623666057641137e-02 -8.225234383540531991e-02
1.199999999999999956e+00 6.300748405620956727e-02 -8.227235888347209092e-02
1.225000000000000089e+00 6.288141083027716516e-02 -8.228897822187697386e-02
1.250000000000000000e+00 6.275820906916265707e-02 -8.230215102088028756e-02
1.274999999999999911e+00 6.263806217272901988e-02 -8.231183823058373095e-02
1.300000000000000044e+00 6.252114448859731610e-02 -8.231801266329760725e-02
1.324999999999999956e+00 6.240762097833829625e-02 -8.232065903789272110e-02
1.350000000000000089e+00 6.229764690762165658e-02 -8.231977398191500650e-02
1.375000000000000000e+00 6.219136755289274288e-02 -8.231536598741863442e-02
1.399999999999999911e+00 6.208891791879859318e-02 -8.230745531724489861e-02
1.425000000000000044e+00 6.199042246309099946e-02 -8.229607385972542710e-02
1.449999999999999956e+00 6.189599482872523012e-02 -8.228126493135531905e-02
1.475000000000000089e+00 6.180573758592521755e-02 -8.226308302866354449e-02
1.500000000000000000e+00 6.171974198968310787e-02 -8.224159353208908285e-02
1.524999999999999911e+00 6.163808776014618324e-02 -8.221687236596852966e-02
1.550000000000000044e+00 6.156084289436542650e-02 -8.218900561960956752e-02
1.574999999999999956e+00 6.148806351781908874e-02 -8.215808913477462561e-02
1.600000000000000089e+00 6.141979378301122561e-02 -8.212422806473156089e-02
1.625000000000000000e+00 6.135606582044262486e-02 -8.208753640938662444e-02
1.649999999999999911e+00 6.129689974463957414e-02 -8.204813653002615559e-02
1.675000000000000044e+00 6.124230371505330617e-02 -8.200615864601176752e-02
1.699999999999999956e+00 6.119227404888362420e-02 -8.196174031457603704e-02
1.725000000000000311e+00 6.114679538058318681e-02 -8.191502589382948507e-02
1.750000000000000000e+00 6.110584086124053876e-02 -8.186616598835530501e-02
1.774999999999999911e+00 6.106937239039358922e-02 -8.181531687643658901e-02
1.800000000000000044e+00 6.103734087313531648e-02 -8.176263991807569687e-02
1.824999999999999956e+00 6.100968649656079990e-02 -8.170830094349885997e-02
1.850000000000000311e+00 6.098633902146965297e-02 -8.165246962272061648e-02
1.875000000000000000e+00 6.096721808750302923e-02 -8.159531881784420904e-02
1.899999999999999911e+00 6.095223353222918583e-02 -8.153702392094427931e-02
1.925000000000000044e+00 6.094128572676840716e-02 -8.147776218146521310e-02
1.949999999999999956e+00 6.093426593208230851e-02 -8.141771202792200124e-02
1.975000000000000089e+00 6.093105668083385884e-02 -8.135705238920787341e-02
2.000000000000000000e+00 6.093153218965624562e-02 -8.129596202092946589e-02
2.024999999999999911e+00 6.093555880576239508e-02 -8.123461884189696336e-02
2.049999999999999822e+00 6.094299549021378604e-02 -8.117319928524460715e-02
2.075000000000000178e+00 6.095369433806452353e-02 -8.111187766773315933e-02
2.100000000000000089e+00 6.096750113329000437e-02 -8.105082557972195789e-02
2.125000000000000000e+00 6.098425593420236240e-02 -8.099021129723109336e-02
2.149999999999999911e+00 6.100379368323471940e-02 -8.093019921658350935e-02
2.174999999999999822e+00 6.102594483377266066e-02 -8.087094931143630483e-02
2.200000000000000178e+00 6.105053598627204620e-02 -8.081261661165661803e-02
2.225000000000000089e+00 6.107739052626262599e-02 -8.075535070350253752e-02
2.250000000000000000e+00 6.110632925793505615e-02 -8.069929525091054656e-02
2.274999999999999911e+00 6.113717102867774478e-02 -8.064458753830379412e-02
2.299999999999999822e+00 6.116973334193449852e-02 -8.059135803611733317e-02
2.325000000000000178e+00 6.120383295781475774e-02 -8.053972999105911412e-02
2.350000000000000089e+00 6.123928648272811831e-02 -8.048981904386376396e-02
2.375000000000000000e+00 6.127591095068621319e-02 -8.044173287783033810e-02
2.399999999999999911e+00 6.131352439964189716e-02 -8.039557090167893938e-02
2.424999999999999822e+00 6.135194644622949528e-02 -8.035142397016421800e-02
2.450000000000000178e+00 6.139099886154437968e-02 -8.030937414544885022e-02
2.475000000000000089e+00 6.143050614926404834e-02 -8.026949450150462628e-02
2.500000000000000000e+00 6.147029612565897000e-02 -8.023184897286100847e-02
2.524999999999999911e+00 6.151020049911472276e-02 -8.019649224796633613e-02
2.549999999999999822e+00 6.155005544495344150e-02 -8.016346970639129377e-02
2.575000000000000178e+00 6.158970216985372448e-02 -8.013281739820199423e-02
2.600000000000000089e+00 6.162898745922582022e-02 -8.010456206316086958e-02
2.625000000000000000e+00 6.166776420062813902e-02 -8.007872118704062459e-02
2.649999999999999911e+00 6.170589187674921372e-02 -8.005530309228550689e-02
2.674999999999999822e+00 6.174323702256299257e-02 -8.003430706049906307e-02
2.700000000000000178e+00 6.177967364285034957e-02 -8.001572348472880958e-02
2.725000000000000089e+00 6.181508358815351184e-02 -7.999953405014993690e-02
2.750000000000000000e+00 6.184935688914516838e-02 -7.998571194242735938e-02
2.774999999999999911e+00 6.188239205110014629e-02 -7.997422208363183516e-02
2.799999999999999822e+00 6.191409631143685727e-02 -7.996502139601101289e-02
2.825000000000000178e+00 6.194438586399021729e-02 -7.995805909408962298e-02
2.850000000000000089e+00 6.197318605370913391e-02 -7.995327700545709626e-02
2.875000000000000000e+00 6.200043154485785496e-02 -7.995060992020117108e-02
2.899999999999999911e+00 6.202606646463967172e-02 -7.994998596829858140e-02
2.924999999999999822e+00 6.205004452263143677e-02 -7.995132702346340048e-02
2.950000000000000178e+00 6.207232910474426435e-02 -7.995454913107157002e-02
2.975000000000000089e+00 6.209289333884879941e-02 -7.995956295694281457e-02
3.000000000000000000e+00 6.211172012795431602e-02 -7.996627425306834791e-02
3.024999999999999911e+00 6.212880214609083768e-02 -7.997458433591143889e-02
3.049999999999999822e+00 6.214414179192458143e-02 -7.998439057273033781e-02
3.075000000000000178e+00 6.215775109566831769e-02 -7.999558687149641023e-02
3.100000000000000089e+00 6.216965157596861247e-02 -8.000806417038056062e-02
3.125000000000000000e+00 6.217987404502327980e-02 -8.002171092339789571e-02
3.149999999999999911e+00 6.218845836200358884e-02 -8.003641357954636992e-02
3.174999999999999822e+00 6.219545313669726239e-02 -8.005205705354920265e-02
3.200000000000000178e+00 6.220091538691369798e-02 -8.006852518700353916e-02
3.225000000000000089e+00 6.220491015440403337e-02 -8.008570119926469721e-02
3.250000000000000000e+00 6.220751008469540405e-02 -8.010346812768211200e-02
3.274999999999999911e+00 6.220879497625809301e-02 -8.012170925682529643e-02
3.299999999999999822e+00 6.220885130383017880e-02 -8.014030853609564742e-02
3.325000000000000178e+00 6.220777171962096896e-02 -8.015915098466055988e-02
3.350000000000000089e+00 6.220565453466759404e-02 -8.017812308204205762e-02
3.375000000000000444e+00 6.220260318104996883e-02 -8.019711314204093500e-02
3.399999999999999911e+00 6.219872565420161287e-02 -8.021601166707868769e-02
3.424999999999999822e+00 6.219413393341236690e-02 -8.023471167959368711e-02
3.450000000000000622e+00 6.218894337796748023e-02 -8.025310902691031034e-02
3.475000000000000533e+00 6.218327209631571706e-02 -8.027110265605558181e-02
3.500000000000000000e+00 6.217724028622603066e-02 -8.028859485533940132e-02
3.524999999999999911e+00 6.217096954501451916e-02 -8.030549146011459194e-02
3.549999999999999822e+00 6.216458215046662128e-02 -8.032170202092640821e-02
3.575000000000000622e+00 6.215820031484154545e-02 -8.033713993316528301e-02
3.600000000000000089e+00 6.215194541610748191e-02 -8.035172252824748784e-02
3.625000000000000000e+00 6.214593721208427901e-02 -8.036537112716417297e-02
3.649999999999999911e+00 6.214029304427589467e-02 -8.037801105787692468e-02
3.674999999999999822e+00 6.213512703871375970e-02 -8.038957163842906650e-02
3.700000000000000622e+00 6.213054931104484285e-02 -8.039998612776287634e-02
3.725000000000000089e+00 6.212666518240619190e-02 -8.040919164609149072e-02
3.750000000000000000e+00 6.212357441143028652e-02 -8.041712906631307001e-02
3.774999999999999911e+00 6.212137044619379933e-02 -8.042374287745171491e-02
3.799999999999999822e+00 6.212013969827038379e-02 -8.042898102055463794e-02
3.825000000000000178e+00 6.211996083950003383e-02 -8.043279469697253714e-02
3.850000000000000089e+00 6.212090412085898711e-02 -8.043513814858770095e-02
3.875000000000000000e+00 6.212303071206904531e-02 -8.043596840940815673e-02
3.899999999999999911e+00 6.212639206042386286e-02 -8.043524502805735055e-02
3.924999999999999822e+00 6.213102926775003476e-02 -8.043292976106061754e-02
3.950000000000000178e+00 6.213697248539558349e-02 -8.042898623743657827e-02
3.975000000000000089e+00 6.214424032850868890e-02 -8.042337959587361751e-02
4.000000000000000000e+00 6.215283931243883314e-02 -8.041607609662565492e-02
4.025000000000000355e+00 6.216276331563212049e-02 -8.040704271109369583e-02
4.049999999999999822e+00 6.217399307468410991e-02 -8.039624669277437019e-02
4.075000000000000178e+00 6.218649571806058457e-02 -8.038365513376592719e-02
4.099999999999999645e+00 6.220022434526668864e-02 -8.036923451127254980e-02
4.125000000000000000e+00 6.221511765788424048e-02 -8.035295022851186852e-02
4.150000000000000355e+00 6.223109964792918058e-02 -8.033476615412597777e-02
4.174999999999999822e+00 6.224807934751872690e-02 -8.031464416366765335e-02
4.200000000000000178e+00 6.226595064205565216e-02 -8.029254368606522640e-02
4.224999999999999645e+00 6.228459214725413917e-02 -8.026842125725225374e-02
4.250000000000000000e+00 6.230386714858102831e-02 -8.024223008248708433e-02
4.275000000000000355e+00 6.232362360028106951e-02 -8.021391960837249979e-02
4.299999999999999822e+00 6.234369418026397547e-02 -8.018343510528917750e-02
4.325000000000000178e+00 6.236389639685047115e-02 -8.015071726091563264e-02
4.349999999999999645e+00 6.238403274371710772e-02 -8.011570178572602341e-02
4.375000000000000000e+00 6.240389090027451818e-02 -8.007831903179767064e-02
4.400000000000000355e+00 6.242324397601064362e-02 -8.003849362685702684e-02
4.424999999999999822e+00 6.244185079882679651e-02 -7.999614412615177472e-02
4.450000000000000178e+00 6.245945624885448910e-02 -7.995118268535683637e-02
4.474999999999999645e+00 6.247579164043687294e-02 -7.990351475820391125e-02
4.500000000000000000e+00 6.249057515569538673e-02 -7.985303882278342591e-02
4.525000000000000355e+00 6.250351233324517863e-02 -7.979964614045366444e-02
4.549999999999999822e+00 6.251429661512136748e-02 -7.974322055098179152e-02
4.575000000000000178e+00 6.252260995386821341e-02 -7.968363830696185979e-02
4.599999999999999645e+00 6.252812348014266663e-02 -7.962076794975901650e-02
4.625000000000000000e+00 6.253049822928731516e-02 -7.955447022830565429e-02
4.650000000000000355e+00 6.252938592336160228e-02 -7.948459806112849468e-02
4.674999999999999822e+00 6.252442980333546008e-02 -7.941099654112225570e-02
4.700000000000000178e+00 6.251526550476653454e-02 -7.933350298190101901e-02
4.724999999999999645e+00 6.250152196947600380e-02 -7.925194700412740989e-02
4.750000000000000000e+00 6.248282238560405599e-02 -7.916615066007672008e-02
4.775000000000000355e+00 6.245878514897239969e-02 -7.907592859483675296e-02
4.799999999999999822e+00 6.242902483982460532e-02 -7.898108824293344210e-02
4.825000000000000178e+00 6.239315321058899050e-02 -7.888143005973005661e-02
4.849999999999999645e+00 6.235078018209145451e-02 -7.877674778757290386e-02
4.875000000000000000e+00 6.230151484738293693e-02 -7.866682875724198554e-02
4.900000000000000355e+00 6.224496648378936847e-02 -7.855145422570045111e-02
4.924999999999999822e+00 6.218074557473474151e-02 -7.843039975134118158e-02
4.950000000000000178e+00 6.210846484318595373e-02 -7.830343560784436274e-02
4.974999999999999645e+00 6.202774029817057638e-02 -7.817032723737382671e-02
5.000000000000000000e+00 6.193819229476926758e-02 -7.803083574318063487e-02
5.025000000000000355e+00 6.183944660641550739e-02 -7.788471842081488850e-02
5.049999999999999822e+00 6.173113550645956821e-02 -7.773172932617057607e-02
5.075000000000000178e+00 6.161289885402406602e-02 -7.757161987761612698e-02
5.099999999999999645e+00 6.148438517746408760e-02 -7.740413948861496474e-02
5.125000000000000000e+00 6.134525274749176582e-02 -7.722903622661511647e-02
5.150000000000000355e+00 6.119517063141398372e-02 -7.704605749366305600e-02
5.174999999999999822e+00 6.103381972007161649e-02 -7.685495072420590879e-02
5.200000000000000178e+00 6.086089371995345720e-02 -7.665546409588296084e-02
5.224999999999999645e+00 6.067610010449502045e-02 -7.644734724971574691e-02
5.250000000000000000e+00 6.047916102056743320e-02 -7.623035201689722096e-02
5.275000000000000355e+00 6.026981414836433959e-02 -7.600423315023817350e-02
5.299999999999999822e+00 6.004781351501506381e-02 -7.576874905912832359e-02
5.325000000000000178e+00 5.981293026401480334e-02 -7.552366254748986429e-02
5.349999999999999645e+00 5.956495338372914256e-02 -7.526874155455090531e-02
5.375000000000000000e+00 5.930369039864624714e-02 -7.500375989828454715e-02
5.400000000000000355e+00 5.902896802665931475e-02 -7.472849802103741224e-02
5.424999999999999822e+00 5.874063280451687769e-02 -7.444274373624515384e-02
5.450000000000000178e+00 5.843855168183975657e-02 -7.414629297428221300e-02
5.474999999999999645e+00 5.812261258201383007e-02 -7.383895052453705310e-02
5.500000000000000000e+00 5.779272492612527040e-02 -7.352053076987240254e-02
5.525000000000000355e+00 5.744882011422195595e-02 -7.319085840886166427e-02
5.549999999999999822e+00 5.709085195684358849e-02 -7.284976916070083630e-02
5.575000000000000178e+00 5.671879704918211113e-02 -7.249711044756491918e-02
5.599999999999999645e+00 5.633265508052837101e-02 -7.213274204944326862e-02
5.625000000000000000e+00 5.593244907283297096e-02 -7.175653672713064313e-02
5.650000000000000355e+00 5.551822554413989030e-02 -7.136838081000437817e-02
5.674999999999999822e+00 5.509005459511364527e-02 -7.096817474636485379e-02
5.700000000000000178e+00 5.464802991957141282e-02 -7.055583361531833630e-02
5.724999999999999645e+00 5.419226874250823722e-02 -7.013128760028231046e-02
5.750000000000000000e+00 5.372291169122685173e-02 -6.969448242505238422e-02
5.775000000000000355e+00 5.324012260657378509e-02 -6.924537975387522193e-02
5.799999999999999822e+00 5.274408830174513035e-02 -6.878395755705496439e-02
5.825000000000000178e+00 5.223501827559132171e-02 -6.831021044327807712e-02
5.849999999999999645e+00 5.171314438588541645e-02 -6.782414995912018629e-02
5.875000000000000000e+00 5.117872048581318528e-02 -6.732580485520726910e-02
5.900000000000000355e+00 5.063202202430478610e-02 -6.681522131739264792e-02
5.924999999999999822e+00 5.007334560811908114e-02 -6.629246316024743624e-02
5.950000000000000178e+00 4.950300852121134604e-02 -6.575761197932086799e-02
5.974999999999999645e+00 4.892134819522153677e-02 -6.521076725815329322e-02
6.000000000000000000e+00 4.832872162419154377e-02 -6.465204642601880825e-02
6.025000000000000355e+00 4.772550471701930003e-02 -6.408158486288124955e-02
6.049999999999999822e+00 4.711209158268682418e-02 -6.349953584903000881e-02
6.075000000000000178e+00 4.648889374582202555e-02 -6.290607045823240484e-02
6.099999999999999645e+00 4.585633929337774167e-02 -6.230137739483267156e-02
6.125000000000000000e+00 4.521487195674357695e-02 -6.168566277685434696e-02
6.150000000000000355e+00 4.456495013699545565e-02 -6.105914986861376431e-02
6.174999999999999822e+00 4.390704588377379591e-02 -6.042207876742981126e-02
6.200000000000000178e+00 4.324164384007465889e-02 -5.977470604957144107e-02
6.224999999999999645e+00 4.256924016575736047e-02 -5.911730438052957559e-02
6.250000000000000000e+00 4.189034145169444334e-02 -5.845016209402890961e-02
6.275000000000000355e+00 4.120546363428434500e-02 -5.777358274299385782e-02
6.299999999999999822e+00 4.051513091674856931e-02 -5.708788462410865905e-02
6.325000000000000178e+00 3.981987469965839882e-02 -5.639340027589982707e-02
6.349999999999999645e+00 3.912023251899534454e-02 -5.569047594868144213e-02
6.375000000000000000e+00 3.841674698631957624e-02 -5.497947104351180031e-02
6.400000000000000355e+00 3.770996472285800122e-02 -5.426075751675765030e-02
6.424999999999999822e+00 3.700043527798776294e-02 -5.353471924711406676e-02
6.450000000000000178e+00 3.628871002299070142e-02 -5.280175136307180273e-02
6.474999999999999645e+00 3.557534101318842595e-02 -5.206225953081830560e-02
6.500000000000000000e+00 3.486087981550572285e-02 -5.131665920525189245e-02
6.525000000000000355e+00 3.414587630379604943e-02 -5.056537484992174036e-02
6.549999999999999822e+00 3.343087743033663906e-02 -4.980883913492476639e-02
6.575000000000000178e+00 3.271642598806954322e-02 -4.904749212470140701e-02
6.599999999999999645e+00 3.200305938366323349e-02 -4.828178046986539990e-02
6.625000000000000000e+00 3.129130844555596397e-02 -4.751215661831406645e-02
6.650000000000000355e+00 3.058169629319560517e-02 -4.673907806061955439e-02
6.674999999999999822e+00 2.987473729326586142e-02 -4.596300662294199729e-02
6.700000000000000178e+00 2.917093612561174470e-02 -4.518440781743735674e-02
6.724999999999999645e+00 2.847078697594814661e-02 -4.440375025551702298e-02
6.750000000000000888e+00 2.777477286465097894e-02 -4.362150512367862776e-02
6.775000000000001243e+00 2.708336511164778637e-02 -4.283814571542082783e-02
6.799999999999999822e+00 2.639702292749506254e-02 -4.205414700652921473e-02
6.825000000000001066e+00 2.571619311112600600e-02 -4.126998525536777762e-02
6.849999999999999645e+00 2.504130982645143624e-02 -4.048613760530198058e-02
6.875000000000000000e+00 2.437279442388830611e-02 -3.970308166351004669e-02
6.900000000000001243e+00 2.371105526967773672e-02 -3.892129502958525944e-02
6.924999999999999822e+00 2.305648754595792868e-02 -3.814125474867433030e-02
6.950000000000001066e+00 2.240947298809273583e-02 -3.736343666744779135e-02
6.974999999999999645e+00 2.177037953248846594e-02 -3.658831467674880655e-02
7.000000000000000000e+00 2.113956085750085326e-02 -3.581635983191844980e-02
7.025000000000001243e+00 2.051735581122843266e-02 -3.504803935001771925e-02
7.049999999999999822e+00 1.990408773198228121e-02 -3.428381549179008309e-02
7.075000000000001066e+00 1.930006367892847866e-02 -3.352414434455208703e-02
7.099999999999999645e+00 1.870557360074101907e-02 -3.276947452958407087e-02
7.125000000000000000e+00 1.812088947813500495e-02 -3.202024586342278045e-02
7.150000000000001243e+00 1.754626448117146617e-02 -3.127688800629341292e-02
7.174999999999999822e+00 1.698193218380486536e-02 -3.053981913247227897e-02
7.200000000000000178e+00 1.642810587621438764e-02 -2.980944465658481521e-02
7.224999999999999645e+00 1.588497801026737127e-02 -2.908615604684342340e-02
7.250000000000000000e+00 1.535271980556749197e-02 -2.837032975133321408e-02
7.275000000000001243e+00 1.483148103374644713e-02 -2.766232625714059451e-02
7.299999999999999822e+00 1.432138998791099294e-02 -2.696248929495113564e-02
7.325000000000000178e+00 1.382255363346683585e-02 -2.627114519434463683e-02
7.349999999999999645e+00 1.333505792685825420e-02 -2.558860238798542699e-02
7.375000000000000000e+00 1.285896828089110391e-02 -2.491515105677038350e-02
7.400000000000001243e+00 1.239433014983824105e-02 -2.425106290317792512e-02
7.424999999999999822e+00 1.194116970476678460e-02 -2.359659103680920855e-02
7.450000000000000178e+00 1.149949456950586160e-02 -2.295196995453371164e-02
7.474999999999999645e+00 1.106929459013819908e-02 -2.231741559767579791e-02
7.500000000000000000e+00 1.065054261536074048e-02 -2.169312547009108125e-02
7.525000000000000355e+00 1.024319527087100105e-02 -2.107927880346705668e-02
7.549999999999999822e+00 9.847193717349489450e-03 -2.047603675933565640e-02
7.575000000000000178e+00 9.462464387886128023e-03 -1.988354266069661605e-02
7.599999999999999645e+00 9.088919706174369839e-03 -1.930192224941650742e-02
7.625000000000000000e+00 8.726458790953966690e-03 -1.873128396835445700e-02
7.650000000000000355e+00 8.374968154701538034e-03 -1.817171926923020348e-02
7.674999999999999822e+00 8.034322405338197026e-03 -1.762330294845403100e-02
7.700000000000000178e+00 7.704384958854888603e-03 -1.708609351346596777e-02
7.724999999999999645e+00 7.385008768538210699e-03 -1.656013358166640720e-02
7.750000000000000000e+00 7.076037073339741697e-03 -1.604545031293141966e-02
7.775000000000000355e+00 6.777304164376036708e-03 -1.554205587522569133e-02
7.799999999999999822e+00 6.488636165085387951e-03 -1.504994794120124817e-02
7.825000000000000178e+00 6.209851817664479266e-03 -1.456911021214959447e-02
7.849999999999999645e+00 5.940763266417238911e-03 -1.409951296446303355e-02
7.875000000000000000e+00 5.681176827782602468e-03 -1.364111361300415250e-02
7.900000000000000355e+00 5.430893737123742258e-03 -1.319385728555759474e-02
7.924999999999999822e+00 5.189710863755398959e-03 -1.275767740283849025e-02
7.950000000000000178e+00 4.957421387927904259e-03 -1.233249625928978417e-02
7.974999999999999645e+00 4.733815436246449279e-03 -1.191822560098578301e-02
8.000000000000000000e+00 4.518680674908404082e-03 -1.151476719821109204e-02
8.025000000000000355e+00 4.311802862819072261e-03 -1.112201341153244705e-02
8.050000000000000711e+00 4.112966368775685354e-03 -1.073984775126299480e-02
8.074999999999999289e+00 3.921954658261430672e-03 -1.036814543101104158e-02
8.099999999999999645e+00 3.738550755847407439e-03 -1.000677391642638622e-02
8.125000000000000000e+00 3.562537688768197593e-03 -9.655593470284431698e-03
8.150000000000000355e+00 3.393698916036453402e-03 -9.314457694709550248e-03
8.175000000000000711e+00 3.231818745711021595e-03 -8.983214070715521762e-03
8.199999999999999289e+00 3.076682740906086337e-03 -8.661704494441205965e-03
8.224999999999999645e+00 2.928078113125329607e-03 -8.349765808616222904e-03
8.250000000000000000e+00 2.785794099803970934e-03 -8.047230327032622171e-03
8.275000000000000355e+00 2.649622321768311563e-03 -7.753926349234445577e-03
8.300000000000000711e+00 2.519357115821831573e-03 -7.469678662349384969e-03
8.324999999999999289e+00 2.394795837885590247e-03 -7.194309027010853050e-03
8.349999999999999645e+00 2.275739133008380499e-03 -6.927636644651523172e-03
8.375000000000000000e+00 2.161991169980417155e-03 -6.669478604042426706e-03
8.400000000000000355e+00 2.053359840028983700e-03 -6.419650305724900960e-03
8.425000000000000711e+00 1.949656920907130633e-03 -6.177965863836685882e-03
8.449999999999999289e+00 1.850698209364344884e-03 -5.944238485659122419e-03
8.474999999999999645e+00 1.756303626299806145e-03 -5.718280829911732283e-03
8.500000000000000000e+00 1.666297299688647773e-03 -5.499905345315559378e-03
8.525000000000000355e+00 1.580507630558732925e-03 -5.288924591188555110e-03
8.550000000000000711e+00 1.498767346882922584e-03 -5.085151541815413276e-03
8.574999999999999289e+00 1.420913549320226670e-03 -4.888399876072000404e-03
8.599999999999999645e+00 1.346787751435976925e-03 -4.698484253337245446e-03
8.625000000000000000e+00 1.276235915546595915e-03 -4.515220576169650529e-03
8.650000000000000355e+00 1.209108483874707634e-03 -4.338426239648664022e-03
8.675000000000000711e+00 1.145260403461219453e-03 -4.167920366771622927e-03
8.699999999999999289e+00 1.084551142419378379e-03 -4.003524028926560424e-03
8.724999999999999645e+00 1.026844694733148027e-03 -3.845060450282830090e-03
8.750000000000000000e+00 9.720095709309536881e-04 -3.692355194977633460e-03
8.775000000000000355e+00 9.199187725677256513e-04 -3.545236336219041978e-03
8.800000000000000711e+00 8.704497494235166524e-04 -3.403534606840088322e-03
8.824999999999999289e+00 8.234843395276003489e-04 -3.267083531364601244e-03
8.849999999999999645e+00 7.789086933700293917e-04 -3.135719540211741145e-03
8.875000000000000000e+00 7.366131847935759522e-04 -3.009282067197571135e-03
8.900000000000000355e+00 6.964923119145761433e-04 -2.887613631918397629e-03
8.925000000000000711e+00 6.584445918913816101e-04 -2.770559908871101772e-03
8.949999999999999289e+00 6.223724533875631126e-04 -2.657969785248206779e-03
8.974999999999999645e+00 5.881821301701431384e-04 -2.549695409237183030e-03
9.000000000000000000e+00 5.557835585046981249e-04 -2.445592230375568787e-03
9.025000000000000355e+00 5.250902799714765330e-04 -2.345519033108860608e-03
9.050000000000000711e+00 4.960193501738082399e-04 -2.249337964226950145e-03
9.074999999999999289e+00 4.684912526966281869e-04 -2.156914554381795905e-03
9.099999999999999645e+00 4.424298167442643312e-04 -2.068117733478471928e-03
9.125000000000000000e+00 4.177621362585920992e-04 -1.982819839436608146e-03
9.150000000000000355e+00 3.944184880630030479e-04 -1.900896619674722135e-03
9.175000000000000711e+00 3.723322467143157103e-04 -1.822227224690069333e-03
9.199999999999999289e+00 3.514397942396443159e-04 -1.746694193281732007e-03
9.224999999999999645e+00 3.316804237072517344e-04 -1.674183429264597921e-03
9.250000000000000000e+00 3.129962365134265835e-04 -1.604584169899988437e-03
9.275000000000000355e+00 2.953320342265032886e-04 -1.537788946668904293e-03
9.300000000000000711e+00 2.786352066803449352e-04 -1.473693539378826854e-03
9.324999999999999289e+00 2.628556186368789641e-04 -1.412196924873425786e-03
9.349999999999999645e+00 2.479454976584290183e-04 -1.353201221768404478e-03
9.375000000000000000e+00 2.338593258073864663e-04 -1.296611632646109792e-03
9.400000000000000355e+00 2.205537374325372492e-04 -1.242336385006461742e-03
9.425000000000000711e+00 2.079874246630423606e-04 -1.190286672012407995e-03
9.449999999999999289e+00 1.961210514040841700e-04 -1.140376593720304060e-03
9.474999999999999645e+00 1.849171757274556903e-04 -1.092523099097135854e-03
9.500000000000000000e+00 1.743401796980251380e-04 -1.046645928748851824e-03
9.525000000000000355e+00 1.643562049855543247e-04 -1.002667557966059478e-03
9.550000000000000711e+00 1.549330921689271692e-04 -9.605131394748143720e-04
9.574999999999999289e+00 1.460403214986712498e-04 -9.201104451858708316e-04
9.599999999999999645e+00 1.376489530538176488e-04 -8.813898062732264610e-04
9.625000000000000000e+00 1.297315646785352492e-04 -8.442840510714399874e-04
9.650000000000000355e+00 1.222621867433104203e-04 -8.087284405341513532e-04
9.675000000000000711e+00 1.152162335487509523e-04 -7.746606013045379945e-04
9.699999999999999289e+00 1.085704319684504832e-04 -7.420204567665890979e-04
9.724999999999999645e+00 1.023027486035890817e-04 -7.107501567284324343e-04
9.750000000000000000e+00 9.639231720577836227e-05 -6.807940065959560685e-04
9.775000000000000355e+00 9.081936835371454066e-05 -6.520983969981735285e-04
9.800000000000000711e+00 8.556516331768799838e-05 -6.246117348121256029e-04
9.824999999999999289e+00 8.061193372667917764e-05 -5.982843764074180721e-04
9.849999999999999645e+00 7.594282811471792481e-05 -5.730685637072525712e-04
9.875000000000000000e+00 7.154186574425642022e-05 -5.489183633757382637e-04
9.900000000000000355e+00 6.739389737964118722e-05 -5.257896091291935133e-04
9.925000000000000711e+00 6.348457201294668384e-05 -5.036398468745666287e-04
9.949999999999999289e+00 5.980030801728519730e-05 -4.824282821393534619e-04
9.974999999999999645e+00 5.632826688776152471e-05 -4.621157291049787330e-04
1.000000000000000000e+01 5.305632766575834480e-05 -4.426645605073914794e-04
1.002500000000000036e+01 4.997306033120981974e-05 -4.240386577277661939e-04
1.005000000000000071e+01 4.706769685905785969e-05 -4.062033605516378624e-04
1.007499999999999929e+01 4.433009920893412893e-05 -3.891254163020106444e-04
1.009999999999999964e+01 4.175072417002629119e-05 -3.727729283176551699e-04
1.012500000000000000e+01 3.932058562526059554e-05 -3.571153040141476494e-04
1.015000000000000036e+01 3.703121534295426858e-05 -3.421232029947129482e-04
1.017500000000000071e+01 3.487462377820646796e-05 -3.277684858397065561e-04
1.019999999999999929e+01 3.284326252258141577e-05 -3.140241642760531427e-04
1.022499999999999964e+01 3.092998996278483798e-05 -3.008643534026055988e-04
1.025000000000000000e+01 2.912804141230816956e-05 -2.882642265293728322e-04
1.027500000000000036e+01 2.743100450944786759e-05 -2.761999729951564262e-04
1.030000000000000071e+01 2.583280009879079881e-05 -2.646487590874864221e-04
1.032499999999999929e+01 2.432766821181544880e-05 -2.535886919338705640e-04
1.034999999999999964e+01 2.291015821872252619e-05 -2.429987859996379275e-04
1.037500000000000000e+01 2.157512181115440387e-05 -2.328589316461243544e-04
1.040000000000000036e+01 2.031770724785327475e-05 -2.231498650972029807e-04
1.042500000000000071e+01 1.913335328063009636e-05 -2.138531391452823329e-04
1.044999999999999929e+01 1.801778137388497470e-05 -2.049510939998375734e-04
1.047499999999999964e+01 1.696698520715251310e-05 -1.964268278309649169e-04
1.050000000000000000e+01 1.597721695191276045e-05 -1.882641667650763019e-04
1.052500000000000036e+01 1.504497037041047284e-05 -1.804476343203471997e-04
1.055000000000000071e+01 1.416696131893513001e-05 -1.729624204939978860e-04
1.057499999999999929e+01 1.334010667808096137e-05 -1.657943509010229249e-04
1.059999999999999964e+01 1.256150301993648553e-05 -1.589298564893682343e-04
1.062500000000000000e+01 1.182840642085269039e-05 -1.523559444042031294e-04
1.065000000000000036e+01 1.113821472802164635e-05 -1.460601705380451326e-04
1.067500000000000071e+01 1.048845330685353250e-05 -1.400306141911974935e-04
1.069999999999999929e+01 9.876764875225127582e-06 -1.342558550945734716e-04
1.072499999999999964e+01 9.300903530783774897e-06 -1.287249528393724900e-04
1.075000000000000000e+01 8.758732568523666339e-06 -1.234274285446779434e-04
1.077500000000000036e+01 8.248225237228980146e-06 -1.183532484035959478e-04
1.080000000000000071e+01 7.767467256376223635e-06 -1.134928086076806951e-04
1.082499999999999929e+01 7.314659751483148266e-06 -1.088369210757041513e-04
1.084999999999999964e+01 6.888121286083076661e-06 -1.043767994159721990e-04
1.087500000000000000e+01 6.486287866296533400e-06 -1.001040446293390587e-04
1.090000000000000036e+01 6.107710139349958039e-06 -9.601063020080143940e-05
1.092500000000000071e+01 5.751047451008206845e-06 -9.208888641107551142e-05
1.094999999999999929e+01 5.415058906092105357e-06 -8.833148389965558031e-05
1.097499999999999964e+01 5.098592025376612829e-06 -8.473141670004529077e-05
1.100000000000000000e+01 4.800569950166566365e-06 -8.128198512052559640e-05
1.102500000000000036e+01 4.519978365420449477e-06 -7.797677893936382962e-05
1.105000000000000071e+01 4.255853366033981920e-06 -7.480966141021352608e-05
1.107499999999999929e+01 4.007271373951971826e-06 -7.177475452867750137e-05
1.109999999999999964e+01 3.773341945446079260e-06 -6.886642590227818120e-05
1.112500000000000000e+01 3.553203927327307591e-06 -6.607927740950141884e-05
1.115000000000000036e+01 3.346024981986711761e-06 -6.340813565124871101e-05
1.117500000000000071e+01 3.151004065325967303e-06 -6.084804401583392353e-05
1.119999999999999929e+01 2.967376068241839093e-06 -5.839425602136714190e-05
1.122499999999999964e+01 2.794417571846752349e-06 -5.604222948845393219e-05
1.125000000000000000e+01 2.631452552663493151e-06 -5.378762104611524235e-05
1.127500000000000036e+01 2.477856920122582216e-06 -5.162628049052442607e-05
1.130000000000000071e+01 2.333060966013757739e-06 -4.955424459661334272e-05
1.132499999999999929e+01 2.196549124648053854e-06 -4.756773011442011484e-05
1.134999999999999964e+01 2.067856837857427051e-06 -4.566312584669334293e-05
1.137500000000000000e+01 1.946564735438845869e-06 -4.383698387869698436e-05
1.140000000000000036e+01 1.832290721669328955e-06 -4.208601019090247360e-05
1.142500000000000071e+01 1.724680850999401438e-06 -4.040705500945947253e-05
1.144999999999999929e+01 1.623400041977016964e-06 -3.879710332059592252e-05
1.147499999999999964e+01 1.528123697457778657e-06 -3.725326598537640128e-05
1.150000000000000000e+01 1.438531170664153942e-06 -3.577277183954709854e-05
1.152500000000000036e+01 1.354301760733986583e-06 -3.435296105788550103e-05
1.155000000000000071e+01 1.275113575018355296e-06 -3.299127991882742558e-05
1.157499999999999929e+01 1.200645207354468226e-06 -3.168527694353720736e-05
1.159999999999999964e+01 1.130579805801486223e-06 -3.043260022657088876e-05
1.162500000000000000e+01 1.064610791044357646e-06 -2.923099564432091201e-05
1.165000000000000036e+01 1.002448279855291132e-06 -2.807830554039192166e-05
1.167500000000000071e+01 9.438251933245665956e-07 -2.697246745502848391e-05
1.169999999999999929e+01 8.885020954017764446e-07 -2.591151249263059825e-05
1.172499999999999964e+01 8.362700025418086124e-07 -2.489356300242270102e-05
1.175000000000000000e+01 7.869507012777888400e-07 -2.391682937097464767e-05
1.177500000000000036e+01 7.403944653529668596e-07 -2.297960587357794645e-05
1.180000000000000071e+01 6.964754281798153923e-07 -2.208026568404379477e-05
1.182499999999999929e+01 6.550851898094370093e-07 -2.121725527815186867e-05
1.184999999999999964e+01 6.161254766767887474e-07 -2.038908856646898561e-05
1.187500000000000000e+01 5.795007954507265002e-07 -1.959434114421455421e-05
1.190000000000000036e+01 5.451120143866143606e-07 -1.883164504297166956e-05
1.192500000000000071e+01 5.128516693980639896e-07 -1.809968431239595440e-05
1.194999999999999929e+01 4.826015483574605537e-07 -1.739719165831304991e-05
1.197499999999999964e+01 4.542327907260142475e-07 -1.672294623142781697e-05
1.200000000000000000e+01 4.276083948073232483e-07 -1.607577251671928273e-05
1.202500000000000036e+01 4.025876997824238927e-07 -1.545454013776353437e-05
1.205000000000000071e+01 3.790321479004390953e-07 -1.485816428101622896e-05
1.207499999999999929e+01 3.568114694315009886e-07 -1.428560637745886974e-05
1.209999999999999964e+01 3.358093896680221634e-07 -1.373587466143665348e-05
1.212500000000000000e+01 3.159280379424743668e-07 -1.320802426104187670e-05
1.215000000000000036e+01 2.970904305687463011e-07 -1.270115655540843558e-05
1.217500000000000071e+01 2.792406747376939251e-07 -1.221441765008248552e-05
1.219999999999999929e+01 2.623418601485693962e-07 -1.174699595590883350e-05
1.222499999999999964e+01 2.463719249463313010e-07 -1.129811899087774630e-05
1.225000000000000000e+01 2.313180584705303019e-07 -1.086704963966098095e-05
1.227500000000000036e+01 2.171703984098100706e-07 -1.045308218671658256e-05
1.230000000000000071e+01 2.039158682624424999e-07 -1.005553847489165054e-05
1.232499999999999929e+01 1.915329720932267255e-07 -9.673764528269722921e-06
1.234999999999999964e+01 1.799882229427669350e-07 -9.307127918040281557e-06
1.237500000000000000e+01 1.692346495223640178e-07 -8.955016052078630087e-06
1.240000000000000036e+01 1.592125363036062498e-07 -8.616835447039936511e-06
1.242500000000000071e+01 1.498522448995683087e-07 -8.292011912915584583e-06
1.244999999999999929e+01 1.410786823965342657e-07 -7.979991462079549509e-06
1.247499999999999964e+01 1.328167632634899581e-07 -7.680241664162405131e-06
1.250000000000000000e+01 1.249970847157309865e-07 -7.392253116315831597e-06
1.252500000000000036e+01 1.175610174784643067e-07 -7.115540692878368624e-06
1.255000000000000071e+01 1.104645053454134924e-07 -6.849644278635099722e-06
1.257499999999999929e+01 1.036800541725533268e-07 -6.594128770235951263e-06
1.259999999999999964e+01 9.719664690447303709e-08 -6.348583239043761486e-06
1.262500000000000000e+01 9.101760987083412234e-08 -6.112619270504605006e-06
1.265000000000000036e+01 8.515673711310205788e-08 -5.885868613228624583e-06
1.267500000000000071e+01 7.963321516437596299e-08 -5.667980369006164736e-06
1.269999999999999929e+01 7.446604897072513080e-08 -5.458618019801173696e-06
1.272499999999999964e+01 6.966874981454591450e-08 -5.257456610895346013e-06
1.275000000000000000e+01 6.524500097010877960e-08 -5.064180387919897947e-06
1.277500000000000036e+01 6.118587431298905906e-08 -4.878481123374272721e-06
1.280000000000000071e+01 5.746895157807389811e-08 -4.700057273957161228e-06
1.282499999999999929e+01 5.405943882217689300e-08 -4.528613997460761351e-06
1.284999999999999964e+01 5.091308866419133888e-08 -4.363863942481640418e-06
1.287500000000000000e+01 4.798049971826321385e-08 -4.205528621917899290e-06
1.290000000000000036e+01 4.521217963394474524e-08 -4.053340106023544358e-06
1.292500000000000071e+01 4.256366151295004797e-08 -3.907042732687626887e-06
1.294999999999999929e+01 3.999996538831271854e-08 -3.766394536512892990e-06
1.297499999999999964e+01 3.749879545111399949e-08 -3.631168143075919368e-06
1.300000000000000000e+01 3.505204491229001584e-08 -3.501150953909676854e-06
1.302500000000000036e+01 3.266541804787286875e-08 -3.376144549869535952e-06
1.305000000000000071e+01 3.035623972604833699e-08 -3.255963351456408854e-06
1.307499999999999929e+01 2.814977053248875791e-08 -3.140432678800207474e-06
1.309999999999999964e+01 2.607454682030278882e-08 -3.029386437349113513e-06
1.312500000000000000e+01 2.415739245101817932e-08 -2.922664706357330237e-06
1.315000000000000036e+01 2.241878623956101637e-08 -2.820111519542235205e-06
1.317500000000000071e+01 2.086921221172243433e-08 -2.721573099466790384e-06
1.319999999999999929e+01 1.950697760065150404e-08 -2.626896743498564799e-06
1.322499999999999964e+01 1.831777664650808823e-08 -2.535930468925681360e-06
1.325000000000000000e+01 1.727603590972817854e-08 -2.448523420520540897e-06
1.327500000000000036e+01 1.634783248566480423e-08 -2.364526940212953270e-06
1.330000000000000071e+01 1.549496383043628185e-08 -2.283796109705653642e-06
1.332499999999999929e+01 1.467959548276212996e-08 -2.206191515014973399e-06
1.334999999999999964e+01 1.386884101086192262e-08 -2.131580955237902441e-06
1.337500000000000000e+01 1.303864588241094207e-08 -2.059840829645773621e-06
1.340000000000000036e+01 1.217644995354841091e-08 -1.990856985442822892e-06
1.342500000000000071e+01 1.128227714676424436e-08 -1.924524886302463415e-06
1.344999999999999929e+01 1.036812042781893030e-08 -1.860749057863370734e-06
1.347499999999999964e+01 9.455725258962635645e-09 -1.799441867539773884e-06
1.350000000000000178e+01 8.573092637818215997e-09 -1.740521788196659820e-06
1.352500000000000213e+01 7.750194099984737439e-09 -1.683911365773447301e-06
1.355000000000000249e+01 7.014492961349339814e-09 -1.629535150479329435e-06
1.357499999999999929e+01 6.386885283549261321e-09 -1.577317854424430941e-06
1.359999999999999964e+01 5.878609261457791929e-09 -1.527182965517633166e-06
1.362500000000000000e+01 5.489532686784495795e-09 -1.479051983034186401e-06
1.365000000000000213e+01 5.208034842188749584e-09 -1.432844353493832410e-06
1.367500000000000249e+01 5.012478813604848060e-09 -1.388478088817397014e-06
1.369999999999999929e+01 4.874053138684592642e-09 -1.345870955252628732e-06
1.372499999999999964e+01 4.760577585908176494e-09 -1.304942044306891512e-06
1.375000000000000000e+01 4.640741435679182001e-09 -1.265613486447710919e-06
1.377500000000000213e+01 4.488190362178311837e-09 -1.227812051029051863e-06
1.380000000000000249e+01 4.284906121282721721e-09 -1.191470394297828127e-06
1.382499999999999929e+01 4.023426758777298917e-09 -1.156527768195650632e-06
1.384999999999999964e+01 3.707618860387047685e-09 -1.122930078901399892e-06
1.387500000000000000e+01 3.351914390679983173e-09 -1.090629275003668271e-06
1.390000000000000213e+01 2.979134795209464659e-09 -1.059582137982591133e-06
1.392500000000000249e+01 2.617215731861437194e-09 -1.029748629859706224e-06
1.394999999999999929e+01 2.295291158035216129e-09 -1.001090012895139988e-06
1.397499999999999964e+01 2.039676390474830601e-09 -9.735669862857065167e-07
1.400000000000000000e+01 1.870296211797379011e-09 -9.471380809046344365e-07
1.402500000000000213e+01 1.798036067599711075e-09 -9.217585160136263051e-07
1.405000000000000249e+01 1.823362471841910201e-09 -8.973796571008974852e-07
1.407499999999999929e+01 1.936381635073113906e-09 -8.739491304144799370e-07
1.409999999999999964e+01 2.118307876482806079e-09 -8.514115592425286303e-07
1.412500000000000000e+01 2.344122718242215231e-09 -8.297098018375212460e-07
1.415000000000000213e+01 2.586047385499311046e-09 -8.087865028289872757e-07
1.417500000000000249e+01 2.817346847478420785e-09 -7.885857282750531550e-07
1.419999999999999929e+01 3.015945570196738732e-09 -7.690544446061410071e-07
1.422499999999999964e+01 3.167368100754333925e-09 -7.501436250186553579e-07
1.425000000000000000e+01 3.266615505151590950e-09 -7.318088197980724747e-07
1.427500000000000036e+01 3.318737237497480208e-09 -7.140101024446168835e-07
1.430000000000000249e+01 3.338036173856789042e-09 -6.967113909313467750e-07
1.432499999999999929e+01 3.346027560409781307e-09 -6.798792310930553443e-07
1.434999999999999964e+01 3.368435740586074472e-09 -6.634812051081618586e-07
1.437500000000000000e+01 3.431634194710061451e-09 -6.474841824798059965e-07
1.440000000000000036e+01 3.558999057011986396e-09 -6.318526562198804717e-07
1.442500000000000249e+01 3.767646658836002115e-09 -6.165474004860103960e-07
1.444999999999999929e+01 4.065963291352121695e-09 -6.015246484358925002e-07
1.447499999999999964e+01 4.452220436769051607e-09 -5.867359259516133653e-07
1.450000000000000000e+01 4.914418270565449107e-09 -5.721285968744774146e-07
1.452500000000000036e+01 5.431335766884653309e-09 -5.576470888431917509e-07
1.455000000000000249e+01 5.974610123999628393e-09 -5.432346875905408720e-07
1.457499999999999929e+01 6.511542367187704251e-09 -5.288357215190169025e-07
1.459999999999999964e+01 7.008246264987858103e-09 -5.143979162977045105e-07
1.462500000000000000e+01 7.432733409165715898e-09 -4.998746854357770008e-07
1.465000000000000036e+01 7.757559778346535120e-09 -4.852271385227813290e-07
1.467500000000000249e+01 7.961741773567720638e-09 -4.704256307959022677e-07
1.469999999999999929e+01 8.031768878392089765e-09 -4.554507395196212547e-07
1.472499999999999964e+01 7.961677531765302391e-09 -4.402936252148729371e-07
1.475000000000000000e+01 7.752285958604938091e-09 -4.249558090031490624e-07
1.477500000000000036e+01 7.409803170272995710e-09 -4.094484611610548771e-07
1.480000000000000249e+01 6.944101218210526778e-09 -3.937913422844848351e-07
1.482499999999999929e+01 6.366968075040716511e-09 -3.780115614867731383e-07
1.484999999999999964e+01 5.690636624419865011e-09 -3.621423139446963871e-07
1.487500000000000000e+01 4.926817798169605511e-09 -3.462217342089421462e-07
1.490000000000000036e+01 4.086364443839476138e-09 -3.302919571343096536e-07
1.492500000000000071e+01 3.179573358933255979e-09 -3.143984225808764045e-07
1.494999999999999929e+01 2.217014843081303235e-09 -2.985894020329483940e-07
1.497499999999999964e+01 1.210680652478346026e-09 -2.829156744151603602e-07
