# raxis[fm], SN, VN, SP, VP
2.101448349307773875e-07 9.799931962447651357e-02 1.025891687044328537e-01 8.663257276992046563e-02 9.040369832816692874e-02
2.500000000000000139e-02 9.799642595153044977e-02 1.025888530608404930e-01 8.663063828204943528e-02 9.040379607515999782e-02
5.000000000000000278e-02 9.794937184307438149e-02 1.025478230169180327e-01 8.659223677928509777e-02 9.037015229439217257e-02
7.499999999999999722e-02 9.786995753987687285e-02 1.024784351115963638e-01 8.652740516414816896e-02 9.031324239643019613e-02
1.000000000000000056e-01 9.775881464258870390e-02 1.023812822131695971e-01 8.643665546011498890e-02 9.023354927181677365e-02
1.250000000000000000e-01 9.761635292878437231e-02 1.022567298373432965e-01 8.632031608895759933e-02 9.013136939518755220e-02
1.499999999999999944e-01 9.744301764183556369e-02 1.021051608747611111e-01 8.617874104218871401e-02 9.000701134076483090e-02
1.749999999999999889e-01 9.723933731169283334e-02 1.019270310274281721e-01 8.601235053898703686e-02 8.986084253090038942e-02
2.000000000000000111e-01 9.700592456035175837e-02 1.017228675595446274e-01 8.582163067384558641e-02 8.969328722006703059e-02
2.250000000000000056e-01 9.674347930532750661e-02 1.014932727868926715e-01 8.560713632460616174e-02 8.950482951768561068e-02
2.500000000000000000e-01 9.645278907309769167e-02 1.012389252342098672e-01 8.536949194611115344e-02 8.929601482056921669e-02
2.750000000000000222e-01 9.613472952181212339e-02 1.009605791264765184e-01 8.510939175872456186e-02 8.906744924857165624e-02
2.999999999999999889e-01 9.579026510889672441e-02 1.006590683254613428e-01 8.482760016811266568e-02 8.881980257646147903e-02
3.250000000000000111e-01 9.542043469077686468e-02 1.003352921569324457e-01 8.452493969331073553e-02 8.855379625289414025e-02
3.499999999999999778e-01 9.502634960028817634e-02 9.999021288605440538e-02 8.420228934049192593e-02 8.827020134565415066e-02
3.750000000000000000e-01 9.460919329212381934e-02 9.962485515293950655e-02 8.386058390257759843e-02 8.796983760151648457e-02
4.000000000000000222e-01 9.417023255218338884e-02 9.924031551117809546e-02 8.350082410311518433e-02 8.765358202499880236e-02
4.249999999999999889e-01 9.371081080745041758e-02 9.883776121916044988e-02 8.312407137416383263e-02 8.732236819497839198e-02
4.500000000000000111e-01 9.323233887387372132e-02 9.841842135086004140e-02 8.273143948568682793e-02 8.697717804166232858e-02
4.749999999999999778e-01 9.273628837682050541e-02 9.798357987268624392e-02 8.232408937372574786e-02 8.661903633058833096e-02
5.000000000000000000e-01 9.222418896541074995e-02 9.753457181389105224e-02 8.190322650890259626e-02 8.624900716605790607e-02
5.250000000000000222e-01 9.169762867702425935e-02 9.707278613897005193e-02 8.147010183904250524e-02 8.586819676081267061e-02
5.500000000000000444e-01 9.115824238962431936e-02 9.659965534363913753e-02 8.102600196539584687e-02 8.547774456808190924e-02
5.749999999999999556e-01 9.060771166840592139e-02 9.611665345514175396e-02 8.057224901991789923e-02 8.507882160628794932e-02
5.999999999999999778e-01 9.004776140153575303e-02 9.562529492032333100e-02 8.011019816425131446e-02 8.467262955164553406e-02
6.250000000000000000e-01 8.948015298279193841e-02 9.512712866298708714e-02 7.964123256050463506e-02 8.426039632389444034e-02
6.500000000000000222e-01 8.890667854793735114e-02 9.462373292830049409e-02 7.916675829198459302e-02 8.384337161861236953e-02
6.750000000000000444e-01 8.832915479954212001e-02 9.411670909164537857e-02 7.868819918430665361e-02 8.342282151766615417e-02
6.999999999999999556e-01 8.774941873450783913e-02 9.360767824052979025e-02 7.820699372524930748e-02 8.300002589122680574e-02
7.249999999999999778e-01 8.716932186376545599e-02 9.309827546149683497e-02 7.772459067807287181e-02 8.257627403985721981e-02
7.500000000000000000e-01 8.659072060554208472e-02 9.259014311596362734e-02 7.724244120869233621e-02 8.215285909391906172e-02
7.750000000000000222e-01 8.601547021024076589e-02 9.208492182524048719e-02 7.676199390090006347e-02 8.173107051748808305e-02
8.000000000000000444e-01 8.544542655896787686e-02 9.158425329166203221e-02 7.628469691017121523e-02 8.131219697479509512e-02
8.249999999999999556e-01 8.488243316905859370e-02 9.108977030024092980e-02 7.581198735625782614e-02 8.089751807544376394e-02
8.499999999999999778e-01 8.432831828932867146e-02 9.060309183849085679e-02 7.534528929979575351e-02 8.048830057156619588e-02
8.750000000000000000e-01 8.378488584017081131e-02 9.012581681949620449e-02 7.488600671844396206e-02 8.008579355523129384e-02
9.000000000000000222e-01 8.325390750823083441e-02 8.965951457510833167e-02 7.443551685823897313e-02 7.969122044163509666e-02
9.250000000000001554e-01 8.273711997196363244e-02 8.920572265424002445e-02 7.399516856920186625e-02 7.930577759417478667e-02
9.499999999999999556e-01 8.223621467331207469e-02 8.876593918858373400e-02 7.356627397166377869e-02 7.893062803709566255e-02
9.749999999999999778e-01 8.175283082707986149e-02 8.834161342641735915e-02 7.315010298052641857e-02 7.856689380641705689e-02
1.000000000000000000e+00 8.128855332326336003e-02 8.793414511363374653e-02 7.274788229440108667e-02 7.821565607690585120e-02
1.024999999999999911e+00 8.084490260155802188e-02 8.754487539720588740e-02 7.236078715724786337e-02 7.787794769321408628e-02
1.050000000000000044e+00 8.042333072903555535e-02 8.717508239347662724e-02 7.198993841240995673e-02 7.755474971731343703e-02
1.074999999999999956e+00 8.002521524733345604e-02 8.682597564333068008e-02 7.163639765812114535e-02 7.724698698078044656e-02
1.100000000000000089e+00 7.965185489583775924e-02 8.649869254996321588e-02 7.130116418514716170e-02 7.695552548442077812e-02
1.125000000000000000e+00 7.930446180555937585e-02 8.619429081822162220e-02 7.098516880222476011e-02 7.668116638985739142e-02
1.149999999999999911e+00 7.898415704540233395e-02 8.591374430180019617e-02 7.068927025427680644e-02 7.642464262543435805e-02
1.175000000000000044e+00 7.869196349785888278e-02 8.565793623172725246e-02 7.041424958154045288e-02 7.618661340560793638e-02
1.199999999999999956e+00 7.842880354526350628e-02 8.542765675794711244e-02 7.016080872172454630e-02 7.596766273223226618e-02
1.225000000000000089e+00 7.819549831140751306e-02 8.522360306583040557e-02 6.992957002006937317e-02 7.576829957186126396e-02
1.250000000000000000e+00 7.799276230262354448e-02 8.504637485362973037e-02 6.972107204559703508e-02 7.558895427507696108e-02
1.274999999999999911e+00 7.782119588991009973e-02 8.489646649892704233e-02 6.953576327082859609e-02 7.542997199809627074e-02
1.300000000000000044e+00 7.768128715093422509e-02 8.477426940551363588e-02 6.937400404384760910e-02 7.529161510558579629e-02
1.324999999999999956e+00 7.757340807486005907e-02 8.468006875175916603e-02 6.923606343181351597e-02 7.517406040066555717e-02
1.350000000000000089e+00 7.749781086730489488e-02 8.461403996470258371e-02 6.912211611473949302e-02 7.507739620997501417e-02
1.375000000000000000e+00 7.745462945483221062e-02 8.457625077763680776e-02 6.903224385987816181e-02 7.500162432840697113e-02
1.399999999999999911e+00 7.744387757937634675e-02 8.456665960921184999e-02 6.896643389391506063e-02 7.494665866158142786e-02
1.425000000000000044e+00 7.746544859244783310e-02 8.458511570030846638e-02 6.892457894925295425e-02 7.491232562893225533e-02
1.449999999999999956e+00 7.751911409184414348e-02 8.463135788224804279e-02 6.890647610685142477e-02 7.489836312526232387e-02
1.475000000000000089e+00 7.760452591921901400e-02 8.470501760104690026e-02 6.891182825968104886e-02 7.490442301602963371e-02
1.500000000000000000e+00 7.772121989890648508e-02 8.480562239253239265e-02 6.894024727224590254e-02 7.493007407457256963e-02
1.524999999999999911e+00 7.786861451636127585e-02 8.493259510864413497e-02 6.899125267795168381e-02 7.497480132313034951e-02
1.550000000000000044e+00 7.804601538023765717e-02 8.508525837467437181e-02 6.906427553507606121e-02 7.503800997649448523e-02
1.574999999999999956e+00 7.825261441159270248e-02 8.526283344924612262e-02 6.915865773923539350e-02 7.511902451863146368e-02
1.600000000000000089e+00 7.848749225433958310e-02 8.546444320662294203e-02 6.927365366915955169e-02 7.521709100380438717e-02
1.625000000000000000e+00 7.874962015112697833e-02 8.568911479103415163e-02 6.940843123511794555e-02 7.533137906857605148e-02
1.649999999999999911e+00 7.903786936723809775e-02 8.593578901190601638e-02 6.956208006742824190e-02 7.546099030936777308e-02
1.675000000000000044e+00 7.935101319847716328e-02 8.620332158950205770e-02 6.973361329914457007e-02 7.560495943135783770e-02
1.699999999999999956e+00 7.968773191524594623e-02 8.649048844309106809e-02 6.992197145342175790e-02 7.576225867306123074e-02
1.725000000000000311e+00 8.004661485921006625e-02 8.679598774268706962e-02 7.012602373473578177e-02 7.593179931686840078e-02
1.750000000000000000e+00 8.042616950540731890e-02 8.711844998095200077e-02 7.034457548286199291e-02 7.611244053424071065e-02
1.774999999999999911e+00 8.082482964116333157e-02 8.745644406851831032e-02 7.057637566078155122e-02 7.630299493787290332e-02
1.800000000000000044e+00 8.124095657187865860e-02 8.780847870058217097e-02 7.082011722437089873e-02 7.650222937750705832e-02
1.824999999999999956e+00 8.167284647471095838e-02 8.817300974206511432e-02 7.107444310841801172e-02 7.670887139975221536e-02
1.850000000000000311e+00 8.211873565043337209e-02 8.854844391387869940e-02 7.133795083494195999e-02 7.692161251773123321e-02
1.875000000000000000e+00 8.257680362580588351e-02 8.893314241415239962e-02 7.160919477342890527e-02 7.713911151615229778e-02
1.899999999999999911e+00 8.304518481139427921e-02 8.932543305565586456e-02 7.188669597365167363e-02 7.736000524475417084e-02
1.925000000000000044e+00 8.352197685644546787e-02 8.972361476238376043e-02 7.216894930007398956e-02 7.758291178112924902e-02
1.949999999999999956e+00 8.400523881277351113e-02 9.012595664630511372e-02 7.245442176255775801e-02 7.780643045227861321e-02
1.975000000000000089e+00 8.449300379687668672e-02 9.053071037316831604e-02 7.274156293679556740e-02 7.802915260245185669e-02
2.000000000000000000e+00 8.498328281410078011e-02 9.093611167610624046e-02 7.302880835152585071e-02 7.824966263723301396e-02
2.024999999999999911e+00 8.547407396633818766e-02 9.134038954750929584e-02 7.331458711971197695e-02 7.846654649841400264e-02
2.049999999999999822e+00 8.596336724538108931e-02 9.174176859366924008e-02 7.359732644867335305e-02 7.867839360676578964e-02
2.075000000000000178e+00 8.644914862394001420e-02 9.213847319116566514e-02 7.387545438659666452e-02 7.888380086880084074e-02
2.100000000000000089e+00 8.692941130929265903e-02 9.252873686818410826e-02 7.414740975462805195e-02 7.908138079894908024e-02
2.125000000000000000e+00 8.740215731263441257e-02 9.291080218221153819e-02 7.441164366336069924e-02 7.926976124987639150e-02
2.149999999999999911e+00 8.786540381453675219e-02 9.328292643445934562e-02 7.466662418172337334e-02 7.944759091363724768e-02
2.174999999999999822e+00 8.831719174620859814e-02 9.364338844906709702e-02 7.491084361586419771e-02 7.961354464258163510e-02
2.200000000000000178e+00 8.875558951895652637e-02 9.399049090470390500e-02 7.514282246445525004e-02 7.976632616607624848e-02
2.225000000000000089e+00 8.917869782489151742e-02 9.432256379359213461e-02 7.536111266411855969e-02 7.990467078179643023e-02
2.250000000000000000e+00 8.958465423230983771e-02 9.463796775447733123e-02 7.556430211989398349e-02 8.002734846614502351e-02
2.274999999999999911e+00 8.997163741883895671e-02 9.493509669961902597e-02 7.575101747003692987e-02 8.013316601818658291e-02
2.299999999999999822e+00 9.033787631118050943e-02 9.521238536676435160e-02 7.591993153945281181e-02 8.022097345511698674e-02
2.325000000000000178e+00 9.068165180142404025e-02 9.546831075915375442e-02 7.606976546925069138e-02 8.028966451583900710e-02
2.350000000000000089e+00 9.100129782081950447e-02 9.570139129834369374e-02 7.619928917904918164e-02 8.033817668573467463e-02
2.375000000000000000e+00 9.129520998498438789e-02 9.591019384813376236e-02 7.630732793763447819e-02 8.036549673416726325e-02
2.399999999999999911e+00 9.156184764319115488e-02 9.609333590733257213e-02 7.639276448167686695e-02 8.037066182192893760e-02
2.424999999999999822e+00 9.179973621639980763e-02 9.624948663109166025e-02 7.645454028360823551e-02 8.035276004187665022e-02
2.450000000000000178e+00 9.200747165021010143e-02 9.637736978076860694e-02 7.649165901978978443e-02 8.031093302431072112e-02
2.475000000000000089e+00 9.218372328521476367e-02 9.647576706544666592e-02 7.650318903274774818e-02 8.024437787963836777e-02
2.500000000000000000e+00 9.232723381755469916e-02 9.654351796029493615e-02 7.648826285743787201e-02 8.015234631259192388e-02
2.524999999999999911e+00 9.243682428317653854e-02 9.657952143225473352e-02 7.644608053161831840e-02 8.003414665269864559e-02
2.549999999999999822e+00 9.251139924266554848e-02 9.658274354062805489e-02 7.637591351013828245e-02 7.988914803782871943e-02
2.575000000000000178e+00 9.254994533421000147e-02 9.655221541893482806e-02 7.627710308120871918e-02 7.971677844817051661e-02
2.600000000000000089e+00 9.255153539303512256e-02 9.648703709388121996e-02 7.614906305782649654e-02 7.951652705711700908e-02
2.625000000000000000e+00 9.251532333964951338e-02 9.638637593428688033e-02 7.599127637123814782e-02 7.928794202655427281e-02
2.649999999999999911e+00 9.244055137762184626e-02 9.624946713114973518e-02 7.580329811845944177e-02 7.903063083967717950e-02
2.674999999999999822e+00 9.232655309634071883e-02 9.607562286115683969e-02 7.558475878610465548e-02 7.874426582932847474e-02
2.700000000000000178e+00 9.217274892056748214e-02 9.586422750357344313e-02 7.533535960706505552e-02 7.842857947699398424e-02
2.725000000000000089e+00 9.197865143712197211e-02 9.561474218635945821e-02 7.505487619093929863e-02 7.808336745918219302e-02
2.750000000000000000e+00 9.174386096922827749e-02 9.532670510405258368e-02 7.474315473308316971e-02 7.770848720387614483e-02
2.774999999999999911e+00 9.146807190769198903e-02 9.499973126985836180e-02 7.440011474271343572e-02 7.730385763068439720e-02
2.799999999999999822e+00 9.115107213425779897e-02 9.463351932263272537e-02 7.402574945163824249e-02 7.686946284565371323e-02
2.825000000000000178e+00 9.079273603464878273e-02 9.422784960803839982e-02 7.362011947493404818e-02 7.640534854644880081e-02
2.850000000000000089e+00 9.039302871848609033e-02 9.378257823170760288e-02 7.318335424894983898e-02 7.591161835630751142e-02
2.875000000000000000e+00 8.995200945542509985e-02 9.329764950509983334e-02 7.271565459639783846e-02 7.538844110536097043e-02
2.899999999999999911e+00 8.946982101928437070e-02 9.277308814798070069e-02 7.221728408695719803e-02 7.483604375906992290e-02
2.924999999999999822e+00 8.894669960778521511e-02 9.220900227487956180e-02 7.168857438203224408e-02 7.425471317524551251e-02
2.950000000000000178e+00 8.838297334021502638e-02 9.160558964291047601e-02 7.112992383342960079e-02 7.364479882905378139e-02
2.975000000000000089e+00 8.777905020909769485e-02 9.096312744963858110e-02 7.054178954759600384e-02 7.300670601164252482e-02
3.000000000000000000e+00 8.713542157693415779e-02 9.028197756184552780e-02 6.992468724967290661e-02 7.234089682256683584e-02
3.024999999999999911e+00 8.645266269584914176e-02 8.956258501388243698e-02 6.927919044439131979e-02 7.164788826187298842e-02
3.049999999999999822e+00 8.573142913431688883e-02 8.880547180954757869e-02 6.860592826155229029e-02 7.092824869249528263e-02
3.075000000000000178e+00 8.497245420449467401e-02 8.801124779168774392e-02 6.790558293355591912e-02 7.018260282957893004e-02
3.100000000000000089e+00 8.417654351211972807e-02 8.718059628549888751e-02 6.717888415885407694e-02 6.941162135836943803e-02
3.125000000000000000e+00 8.334458293794001771e-02 8.631428045427204376e-02 6.642661441547083323e-02 6.861602537289010484e-02
3.149999999999999911e+00 8.247752285439341469e-02 8.541314125364708743e-02 6.564959809720426198e-02 6.779658329879850731e-02
3.174999999999999822e+00 8.157638136235242921e-02 8.447808983402796401e-02 6.484870192978348102e-02 6.695410537588486477e-02
3.200000000000000178e+00 8.064224139915072975e-02 8.351010975478197207e-02 6.402483292715975549e-02 6.608944450537912463e-02
3.225000000000000089e+00 7.967624535434077171e-02 8.251025142107684673e-02 6.317893421258331810e-02 6.520349202662976962e-02
3.250000000000000000e+00 7.867959523898014618e-02 8.147963201320761184e-02 6.231198444459114250e-02 6.429717718954319761e-02
3.274999999999999911e+00 7.765354337976156096e-02 8.041943086707174781e-02 6.142499113093313062e-02 6.337146327035247939e-02
3.299999999999999822e+00 7.659939177600288973e-02 7.933087769983337978e-02 6.051898981759682578e-02 6.242734031558309221e-02
3.325000000000000178e+00 7.551849378206862418e-02 7.821526498190378707e-02 5.959504534561289174e-02 6.146583264509011130e-02
3.350000000000000089e+00 7.441224292823042652e-02 7.707394104373001265e-02 5.865424328616971467e-02 6.048799288516198275e-02
3.375000000000000444e+00 7.328206452231079970e-02 7.590829214620031795e-02 5.769768441470188303e-02 5.949489101646437961e-02
3.399999999999999911e+00 7.212941864281957605e-02 7.471974393709833462e-02 5.672648620040540018e-02 5.848761509810804227e-02
3.424999999999999822e+00 7.095579404438193127e-02 7.350976009260751232e-02 5.574177941261657110e-02 5.746727058216136858e-02
3.450000000000000622e+00 6.976270310872156877e-02 7.227983719130245954e-02 5.474470414853035982e-02 5.643497648017748586e-02
3.475000000000000533e+00 6.855168181684256901e-02 7.103149904344720211e-02 5.373641012126566252e-02 5.539186225064817587e-02
3.500000000000000000e+00 6.732428171993740107e-02 6.976629470617753959e-02 5.271805184638421460e-02 5.433906663927919739e-02
3.524999999999999911e+00 6.608206828676503608e-02 6.848579223597904553e-02 5.169078712836171208e-02 5.327773372128841167e-02
3.549999999999999822e+00 6.482661305008764752e-02 6.719157464383077039e-02 5.065577250505473583e-02 5.220901050868374110e-02
3.575000000000000622e+00 6.355949009478711886e-02 6.588523074833348148e-02 4.961416089302849580e-02 5.113404134151812441e-02
3.600000000000000089e+00 6.228227730291175518e-02 6.456835646414252339e-02 4.856710297507240565e-02 5.005396939325137962e-02
3.625000000000000000e+00 6.099654775150113034e-02 6.324255012879369253e-02 4.751574192578304767e-02 4.896993377193466918e-02
3.649999999999999911e+00 5.970386451598607563e-02 6.190940694798222760e-02 4.646121013533708460e-02 4.788306622580027622e-02
3.674999999999999822e+00 5.840577715461166969e-02 6.057050936413526515e-02 4.540462703821929180e-02 4.679448530578952936e-02
3.700000000000000622e+00 5.710382325530215936e-02 5.922742505238403482e-02 4.434710123728828612e-02 4.570529638089123464e-02
3.725000000000000089e+00 5.579952028553750165e-02 5.788171158911731284e-02 4.328972548286388888e-02 4.461659453053395258e-02
3.750000000000000000e+00 5.449436503035588741e-02 5.653490389793391913e-02 4.223357620891220882e-02 4.352945685261923325e-02
3.774999999999999911e+00 5.318982848313528328e-02 5.518851477862246613e-02 4.117971116669420090e-02 4.244494364003356668e-02
3.799999999999999822e+00 5.188734754013771960e-02 5.384402722921831363e-02 4.012916380662088361e-02 4.136409325388068492e-02
3.825000000000000178e+00 5.058833335083049582e-02 5.250289018429635246e-02 3.908294927020276172e-02 4.028792047940615156e-02
3.850000000000000089e+00 4.929416268580768395e-02 5.116652444911140574e-02 3.804205956521877069e-02 3.921742068626304228e-02
3.875000000000000000e+00 4.800617201526802963e-02 4.983631219775899734e-02 3.700745935283148574e-02 3.815356295062853620e-02
3.899999999999999911e+00 4.672565823096905963e-02 4.851359440960378855e-02 3.598008677134264394e-02 3.709728892676549677e-02
3.924999999999999822e+00 4.545387614892481415e-02 4.719966890384929420e-02 3.496085193604845515e-02 3.604951177398599965e-02
3.950000000000000178e+00 4.419203661860307553e-02 4.589578749750033992e-02 3.395063603217718384e-02 3.501111477609886169e-02
3.975000000000000089e+00 4.294130334843877100e-02 4.460315698905752829e-02 3.295028914655161872e-02 3.398295180783199310e-02
4.000000000000000000e+00 4.170279261946949201e-02 4.332293476519676750e-02 3.196062990634015305e-02 3.296584452669847759e-02
4.025000000000000355e+00 4.047757164257102802e-02 4.205622526362096103e-02 3.098244454032784631e-02 3.196058034101278977e-02
4.049999999999999822e+00 3.926665620691280334e-02 4.080408306679467884e-02 3.001648527112318887e-02 3.096791426754789620e-02
4.075000000000000178e+00 3.807100884006292540e-02 3.956750904767186716e-02 2.906346855376736038e-02 2.998856600292930386e-02
4.099999999999999645e+00 3.689154063204937162e-02 3.834744780066445813e-02 2.812407617219119318e-02 2.902321834602498637e-02
4.125000000000000000e+00 3.572910431819854848e-02 3.714478851018846589e-02 2.719895046511607364e-02 2.807251736011366627e-02
4.150000000000000355e+00 3.458450026792005139e-02 3.596035765532779732e-02 2.628869777597549889e-02 2.713706753082533243e-02
4.174999999999999822e+00 3.345847760454356834e-02 3.479493779397050540e-02 2.539388910914496325e-02 2.621744359198521085e-02
4.200000000000000178e+00 3.235172107418200771e-02 3.364924899513791617e-02 2.451505011496565856e-02 2.531417714851008985e-02
4.224999999999999645e+00 3.126486268322564016e-02 3.252394493428572425e-02 2.365266893555522179e-02 2.442775475413383121e-02
4.250000000000000000e+00 3.019847949360294700e-02 3.141962807994173185e-02 2.280719440143974541e-02 2.355862708762363616e-02
4.275000000000000355e+00 2.915309246703343821e-02 3.033684386833993343e-02 2.197903454375265200e-02 2.270720451329435660e-02
4.299999999999999822e+00 2.812916668096158285e-02 2.927608061545932186e-02 2.116855614628524243e-02 2.187385649960484416e-02
4.325000000000000178e+00 2.712711264120187815e-02 2.823776950079100873e-02 2.037608509967109641e-02 2.105891112047301658e-02
4.349999999999999645e+00 2.614728651978842980e-02 2.722228499106125327e-02 1.960190621277755826e-02 2.026265494924727947e-02
4.375000000000000000e+00 2.518999339365949469e-02 2.622994912504459514e-02 1.884626482947044518e-02 1.948533533531416825e-02
4.400000000000000355e+00 2.425548458481520397e-02 2.526102961398708768e-02 1.810936468628015356e-02 1.872715871759728784e-02
4.424999999999999822e+00 2.334395795143639346e-02 2.431574036516830073e-02 1.739136767979266446e-02 1.798829048494906407e-02
4.450000000000000178e+00 2.245556462174606513e-02 2.339424499813372652e-02 1.669239769203850754e-02 1.726885685876984947e-02
4.474999999999999645e+00 2.159040660079693252e-02 2.249665618251141253e-02 1.601253925746600262e-02 1.656894431197808784e-02
4.500000000000000000e+00 2.074853862215370742e-02 2.162303928360459829e-02 1.535183844443794784e-02 1.588860172883249308e-02
4.525000000000000355e+00 1.992997054650882602e-02 2.077341351077650888e-02 1.471030389599013374e-02 1.522784074470443297e-02
4.549999999999999822e+00 1.913466841167348054e-02 1.994775216385430081e-02 1.408790773857310566e-02 1.458663582189433962e-02
4.575000000000000178e+00 1.836255696498915319e-02 1.914598570752546261e-02 1.348458717363926022e-02 1.396492624147479406e-02
4.599999999999999645e+00 1.761352146491884652e-02 1.836800361627935821e-02 1.290024570913453003e-02 1.336261727436583412e-02
4.625000000000000000e+00 1.688740980905545364e-02 1.761365755662501822e-02 1.233475464506347125e-02 1.277958228392929614e-02
4.650000000000000355e+00 1.618403366839269233e-02 1.688276189370088026e-02 1.178795393321406190e-02 1.221566310910331132e-02
4.674999999999999822e+00 1.550317103832383678e-02 1.617509573783486657e-02 1.125965410805288697e-02 1.167067161686430495e-02
4.700000000000000178e+00 1.484456829043298391e-02 1.549040556294607913e-02 1.074963788582474974e-02 1.114439159693185639e-02
4.724999999999999645e+00 1.420794243158405093e-02 1.482840711601063864e-02 1.025766200010431832e-02 1.063658030950108760e-02
4.750000000000000000e+00 1.359298313823061564e-02 1.418878794675610885e-02 9.783458892070455784e-03 1.014697043106715761e-02
4.775000000000000355e+00 1.299935497227674291e-02 1.357120940328219658e-02 9.326738574303463508e-03 9.675271725835273007e-03
4.799999999999999822e+00 1.242669935006582814e-02 1.297530876221079064e-02 8.887190347162848489e-03 9.221172815936424030e-03
4.825000000000000178e+00 1.187463680960465680e-02 1.240070142611056705e-02 8.464484774825671923e-03 8.784343049290375613e-03
4.849999999999999645e+00 1.134276887836340071e-02 1.184698297887955797e-02 8.058275383538105949e-03 8.364434288250836846e-03
4.875000000000000000e+00 1.083068024533485364e-02 1.131373126030141632e-02 7.668200588765749712e-03 7.961082729216948511e-03
4.900000000000000355e+00 1.033794082745648386e-02 1.080050848069062305e-02 7.293885559123540821e-03 7.573910765252439212e-03
4.924999999999999822e+00 9.864107503763631934e-03 1.030686317451747804e-02 6.934943873816887608e-03 7.202528746991849161e-03
4.950000000000000178e+00 9.408726077382139827e-03 9.832332039232569501e-03 6.590979322240664122e-03 6.846536675393079426e-03
4.974999999999999645e+00 8.971333268275651432e-03 9.376441893671479816e-03 6.261587713322150361e-03 6.505525974363573181e-03
5.000000000000000000e+00 8.551458361753954546e-03 8.938711580958358036e-03 5.946358452776756738e-03 6.179081208281886860e-03
5.025000000000000355e+00 8.148624825626853488e-03 8.518653608320568560e-03 5.644876089558934114e-03 5.866781622209790367e-03
5.049999999999999822e+00 7.762351917148250374e-03 8.115775694693317180e-03 5.356721785358295809e-03 5.568202599033554925e-03
5.075000000000000178e+00 7.392156305891957151e-03 7.729582494946104533e-03 5.081474899989409273e-03 5.282917217927801494e-03
5.099999999999999645e+00 7.037553470444982660e-03 7.359577014183816407e-03 4.818714313469151661e-03 5.010497638400557285e-03
5.125000000000000000e+00 6.698059083709562850e-03 7.005262029827132898e-03 4.568019627071959014e-03 4.750516373768601773e-03
5.150000000000000355e+00 6.373190223395161676e-03 6.666141468380779034e-03 4.328972404755580122e-03 4.502547551527592666e-03
5.174999999999999822e+00 6.062466675397772294e-03 6.341721609623319524e-03 4.101157329147775248e-03 4.266168050115560877e-03
5.200000000000000178e+00 5.765411915475021978e-03 6.031512193520553039e-03 3.884163151604810675e-03 4.040958527464218880e-03
5.224999999999999645e+00 5.481554177910501896e-03 5.735027459267250279e-03 3.677583667022290160e-03 3.826504382962505561e-03
5.250000000000000000e+00 5.210427455364741688e-03 5.451787264334011750e-03 3.481018608930453156e-03 3.622396734004321682e-03
5.275000000000000355e+00 4.951572212574082039e-03 5.181317872272220987e-03 3.294074340302326816e-03 3.428233157372063879e-03
5.299999999999999822e+00 4.704536244599024676e-03 4.923152741296556341e-03 3.116364586075429880e-03 3.243618399216209331e-03
5.325000000000000178e+00 4.468875347031232501e-03 4.676833258099934686e-03 2.947511034355535225e-03 3.068165019470335368e-03
5.349999999999999645e+00 4.244153903735181817e-03 4.441909438718017605e-03 2.787143854259842724e-03 2.901493988830613525e-03
5.375000000000000000e+00 4.029945427080562810e-03 4.217940456051402255e-03 2.634902150172893816e-03 2.743235147218181340e-03
5.400000000000000355e+00 3.825833041901050176e-03 4.004495125594058000e-03 2.490434355632694871e-03 2.593027613124216681e-03
5.424999999999999822e+00 3.631409879041138863e-03 3.801152358492371122e-03 2.353398546893618101e-03 2.450520141967697015e-03
5.450000000000000178e+00 3.446279394439808515e-03 3.607501539806867545e-03 2.223462694604737278e-03 2.315371419655379119e-03
5.474999999999999645e+00 3.270055634350391670e-03 3.423142779967081918e-03 2.100304851243430231e-03 2.187250254777989029e-03
5.500000000000000000e+00 3.102363462357413983e-03 3.247687179280528327e-03 1.983613300186701841e-03 2.065835759139956433e-03
5.525000000000000355e+00 2.942838710150182287e-03 3.080757004930015537e-03 1.873086633470237572e-03 1.950817452620891377e-03
5.549999999999999822e+00 2.791128297594998482e-03 2.921985829200713942e-03 1.768433799782351485e-03 1.841895328334483377e-03
5.575000000000000178e+00 2.646890252278957540e-03 2.771018600599223659e-03 1.669374077074557618e-03 1.738779861608582850e-03
5.599999999999999645e+00 2.509793785428370526e-03 2.627511654754298431e-03 1.575637060457814711e-03 1.641191970248391790e-03
5.625000000000000000e+00 2.379519260207549163e-03 2.491132769817558292e-03 1.486962577727297301e-03 1.548862985750791565e-03
5.650000000000000355e+00 2.255758090145258948e-03 2.361561083922914060e-03 1.403100551226725947e-03 1.461534532136977505e-03
5.674999999999999822e+00 2.138212682499166569e-03 2.238487000856180954e-03 1.323810877296304530e-03 1.378958388406264189e-03
5.700000000000000178e+00 2.026596331848390213e-03 2.121612116754722794e-03 1.248863267963548065e-03 1.300896355149138784e-03
5.724999999999999645e+00 1.920633045734576865e-03 2.010649056851103889e-03 1.178037047780811910e-03 1.227120059998201016e-03
5.750000000000000000e+00 1.820057393606022266e-03 1.905321322944080516e-03 1.111120959963586216e-03 1.157410765992361330e-03
5.775000000000000355e+00 1.724614310735579810e-03 1.805363119470792784e-03 1.047912937210170167e-03 1.091559159750986070e-03
5.799999999999999822e+00 1.634058886132309756e-03 1.710519127585317066e-03 9.882198644803592922e-04 1.029365107121673261e-03
5.825000000000000178e+00 1.548156148408867411e-03 1.620544289472116654e-03 9.318573364889176950e-04 9.706374121408436941e-04
5.849999999999999645e+00 1.466680827809024390e-03 1.535203585619453930e-03 8.786494027861398463e-04 9.151935702400883482e-04
5.875000000000000000e+00 1.389417105794119988e-03 1.454271778310871083e-03 8.284283019377440983e-04 8.628595014377896198e-04
5.900000000000000355e+00 1.316158361949676175e-03 1.377533151827807284e-03 7.810341950735147452e-04 8.134692803992835857e-04
5.924999999999999822e+00 1.246706911319940504e-03 1.304781258354610791e-03 7.363148970634374874e-04 7.668648710668881296e-04
5.950000000000000178e+00 1.180873730938172437e-03 1.235818636818992577e-03 6.941256004350923516e-04 7.228958469467295289e-04
5.974999999999999645e+00 1.118478192113711014e-03 1.170456530264740811e-03 6.543286052631708824e-04 6.814191122064224872e-04
6.000000000000000000e+00 1.059347788763961244e-03 1.108514625899455208e-03 6.167930499124586350e-04 6.422986372472556374e-04
6.025000000000000355e+00 1.003317856301747923e-03 1.049820759487074496e-03 5.813946382689440424e-04 6.054051773108287205e-04
6.049999999999999822e+00 9.502313034066308230e-04 9.942106373573489017e-04 5.480153770215824690e-04 5.706160034100427828e-04
6.075000000000000178e+00 8.999383376691656071e-04 9.415275654387950154e-04 5.165433140014884976e-04 5.378146401983478504e-04
6.099999999999999645e+00 8.522961930433715439e-04 8.916221638259804599e-04 4.868722796802566659e-04 5.068905995651479300e-04
6.125000000000000000e+00 8.071688640347742102e-04 8.443520949526074452e-04 4.589016362737879462e-04 4.777391246836408816e-04
6.150000000000000355e+00 7.644268413684082285e-04 7.995817910594431571e-04 4.325360322896369138e-04 4.502609378822378713e-04
6.174999999999999822e+00 7.239468543288587934e-04 7.571821890725482151e-04 4.076851638020705646e-04 4.243619962988076665e-04
6.200000000000000178e+00 6.856116151415399523e-04 7.170304682711876789e-04 3.842635404275402062e-04 3.999532526870519305e-04
6.224999999999999645e+00 6.493095711697993233e-04 6.790097926312991953e-04 3.621902602557994688e-04 3.769504226705106529e-04
6.250000000000000000e+00 6.149346639852603606e-04 6.430090618011055159e-04 3.413887922720088811e-04 3.552737609994230622e-04
6.275000000000000355e+00 5.823860922864388572e-04 6.089226671449818589e-04 3.217867646277029628e-04 3.348478441531538329e-04
6.299999999999999822e+00 5.515680825916472818e-04 5.766502532422913439e-04 3.033157613172647832e-04 3.156013601396073613e-04
6.325000000000000178e+00 5.223896673202983601e-04 5.460964877119736010e-04 2.859111258661197396e-04 2.974669062594234906e-04
6.349999999999999645e+00 4.947644679678446728e-04 5.171708369494297476e-04 2.695117726775896104e-04 2.803807940615187910e-04
6.375000000000000000e+00 4.686104874607564938e-04 4.897873489399455060e-04 2.540600061236722245e-04 2.642828619532745045e-04
6.400000000000000355e+00 4.438499083822656328e-04 4.638644453379382141e-04 2.395013467602519512e-04 2.491162961259588420e-04
6.424999999999999822e+00 4.204088979721975670e-04 4.393247177535649674e-04 2.257843646793827798e-04 2.348274576070589418e-04
6.450000000000000178e+00 3.982174213069905144e-04 4.160947331647406604e-04 2.128605202469529309e-04 2.213657173494918795e-04
6.474999999999999645e+00 3.772090599504997373e-04 3.941048460749879494e-04 2.006840116378935755e-04 2.086832984226080572e-04
6.500000000000000000e+00 3.573208392811796029e-04 3.732890168240774061e-04 1.892116295381766628e-04 1.967351247046659384e-04
6.525000000000000355e+00 3.384930616531447610e-04 3.535846392229209005e-04 1.784026181917794547e-04 1.854786774380296789e-04
6.549999999999999822e+00 3.206691458683241357e-04 3.349323724536755107e-04 1.682185428463899176e-04 1.748738571833026412e-04
6.575000000000000178e+00 3.037954751337434262e-04 3.172759816306251475e-04 1.586231642454461984e-04 1.648828531857796597e-04
6.599999999999999645e+00 2.878212490393997872e-04 3.005621848695626784e-04 1.495823182722319934e-04 1.554700188954193010e-04
6.625000000000000000e+00 2.726983432475442492e-04 2.847405054743137875e-04 1.410638019347495910e-04 1.466017529639384611e-04
6.650000000000000355e+00 2.583811755936233192e-04 2.697631319702921285e-04 1.330372650854001033e-04 1.382463866481520981e-04
6.674999999999999822e+00 2.448265774689158017e-04 2.555847839020502035e-04 1.254741074985729079e-04 1.303740767563569354e-04
6.700000000000000178e+00 2.319936710094473871e-04 2.421625836407875852e-04 1.183473809377891359e-04 1.229567039355453724e-04
6.724999999999999645e+00 2.198437520371282114e-04 2.294559335479863017e-04 1.116316965893358307e-04 1.159677759891137010e-04
6.750000000000000888e+00 2.083401787004108879e-04 2.174263992957445009e-04 1.053031372276709359e-04 1.093823364525776758e-04
6.775000000000001243e+00 1.974482647106105522e-04 2.060375984659496278e-04 9.933917390610653476e-05 1.031768778358701187e-04
6.799999999999999822e+00 1.871351783547592145e-04 1.952550943456192890e-04 9.371858732802796797e-05 9.732925952541693381e-05
6.825000000000001066e+00 1.773698457136776388e-04 1.850462947455381874e-04 8.842139299544327547e-05 9.181862991528603687e-05
6.849999999999999645e+00 1.681228588910274331e-04 1.753803557899103285e-04 8.342877073104035149e-05 8.662535282762721348e-05
6.875000000000000000e+00 1.593663887413075415e-04 1.662280904787007661e-04 7.872299789746761668e-05 8.173093793000813379e-05
6.900000000000001243e+00 1.510741016911149308e-04 1.575618814167074346e-04 7.428738626328669806e-05 7.711797481150385700e-05
6.924999999999999822e+00 1.432210808255590716e-04 1.493555980732726239e-04 7.010622243654034710e-05 7.277007079682713711e-05
6.950000000000001066e+00 1.357837508505196423e-04 1.415845180130559985e-04 6.616471147799004714e-05 6.867179213686953334e-05
6.974999999999999645e+00 1.287472449458444972e-04 1.342178143258803335e-04 6.245128733306179198e-05 6.480624479465386977e-05
7.000000000000000000e+00 1.220759373578917718e-04 1.272493946748199398e-04 5.894839251865119362e-05 6.116502233700954916e-05
7.025000000000001243e+00 1.157570021392351830e-04 1.206497478920310506e-04 5.564577790534787799e-05 5.773234634408495137e-05
7.049999999999999822e+00 1.097715367285890533e-04 1.143990577202404256e-04 5.253181046597759637e-05 5.449608468153113678e-05
7.075000000000001066e+00 1.041016611707247080e-04 1.084785812508991650e-04 4.959553946625429663e-05 5.144481758520776419e-05
7.099999999999999645e+00 9.873046307604759874e-05 1.028705911122360458e-04 4.682665645624537582e-05 4.856779591823572170e-05
7.125000000000000000e+00 9.364194539172243311e-05 9.755832067314711077e-05 4.421545758592016682e-05 4.585490178641236767e-05
7.150000000000001243e+00 8.882097695676663125e-05 9.252591213839501992e-05 4.175280811473159492e-05 4.329661147861036107e-05
7.174999999999999822e+00 8.425324561737333122e-05 8.775836729165807507e-05 3.943010888931917896e-05 4.088396045848265181e-05
7.200000000000000178e+00 7.992521389090110273e-05 8.324150088179546993e-05 3.723926487654813139e-05 3.860851043747529413e-05
7.224999999999999645e+00 7.582407697297353856e-05 7.896189658214338575e-05 3.517265547228816294e-05 3.646231839032994715e-05
7.250000000000000000e+00 7.193772296315802106e-05 7.490686518627522039e-05 3.322310655466661691e-05 3.443790734176421141e-05
7.275000000000001243e+00 6.825469522859465166e-05 7.106440509003185413e-05 3.138386416217344750e-05 3.252823886869922536e-05
7.299999999999999822e+00 6.476415678562554414e-05 6.742316487273824577e-05 2.964856970306081705e-05 3.072668721262950458e-05
7.325000000000000178e+00 6.145585659408006455e-05 6.397240789565398361e-05 2.801123663325434261e-05 2.902701489482315943e-05
7.349999999999999645e+00 5.832009767402010757e-05 6.070197880947833448e-05 2.646622851620177052e-05 2.742334979444766081e-05
7.375000000000000000e+00 5.534770693824382171e-05 5.760227186850528302e-05 2.500823834880506701e-05 2.591016355019320211e-05
7.400000000000001243e+00 5.253000666003181308e-05 5.466420096255971420e-05 2.363226913226533236e-05 2.448225125904932327e-05
7.424999999999999822e+00 4.985878748633584768e-05 5.187917126941563766e-05 2.233361554958672310e-05 2.313471234719124625e-05
7.450000000000000178e+00 4.732628290858186313e-05 4.923905244417621328e-05 2.110784676388668263e-05 2.186293258598544435e-05
7.474999999999999645e+00 4.492514514192597866e-05 4.673615327748434752e-05 1.995079021959806693e-05 2.066256717031617144e-05
7.500000000000000000e+00 4.264842229309135345e-05 4.436319772508528944e-05 1.885851640655573954e-05 1.952952480383807413e-05
7.525000000000000355e+00 4.048953679073727851e-05 4.211330224662791435e-05 1.782732450773088825e-05 1.845995271643880147e-05
7.549999999999999822e+00 3.844226499009025032e-05 3.997995438838745680e-05 1.685372893432265457e-05 1.745022258031842804e-05
7.575000000000000178e+00 3.650071788242432926e-05 3.795699252926638300e-05 1.593444663382289625e-05 1.649691726538344994e-05
7.599999999999999645e+00 3.465932286518999517e-05 3.603858673641419758e-05 1.506638513089462807e-05 1.559681836560776046e-05
7.625000000000000000e+00 3.291280650840906747e-05 3.421922066953740388e-05 1.424663132372350877e-05 1.474689447151103717e-05
7.650000000000000355e+00 3.125617826889911383e-05 3.249367448041519271e-05 1.347244092246739359e-05 1.394429015418330059e-05
7.674999999999999822e+00 2.968471509126126599e-05 3.085700864520245299e-05 1.274122851311049001e-05 1.318631558699626053e-05
7.700000000000000178e+00 2.819394685504470364e-05 2.930454868952313038e-05 1.205055821276617678e-05 1.247043679704765284e-05
7.724999999999999645e+00 2.677964261808195596e-05 2.783187074549961428e-05 1.139813487702182335e-05 1.179426647982111029e-05
7.750000000000000000e+00 2.543779761917198129e-05 2.643478790742443213e-05 1.078179585327801648e-05 1.115555538193676360e-05
7.775000000000000355e+00 2.416462098693146726e-05 2.510933733481314188e-05 1.019950317906073154e-05 1.055218417904616653e-05
7.799999999999999822e+00 2.295652413014769502e-05 2.385176806442306272e-05 9.649336287830576907e-06 9.982155841891661544e-06
7.825000000000000178e+00 2.181010975808155637e-05 2.265852949214997378e-05 9.129485125592438287e-06 9.443588461967008450e-06
7.849999999999999645e+00 2.072216150682297330e-05 2.152626048450731626e-05 8.638243673318647092e-06 8.934708494360418324e-06
7.875000000000000000e+00 1.968963413700540913e-05 2.045177909479841175e-05 8.174003865399763919e-06 8.453844407431670966e-06
7.900000000000000355e+00 1.870964426533798514e-05 1.943207283968553605e-05 7.735249862794078035e-06 7.999420709051340854e-06
7.924999999999999822e+00 1.777946160695632354e-05 1.846428951183409382e-05 7.320552667323744657e-06 7.569952327919531255e-06
7.950000000000000178e+00 1.689650069617525780e-05 1.754572849684794480e-05 6.928565054296616228e-06 7.164039328258027283e-06
7.974999999999999645e+00 1.605831306250309035e-05 1.667383256591210096e-05 6.558016805278662418e-06 6.780361937461808940e-06
8.000000000000000000e+00 1.526257983501467909e-05 1.584618012057491249e-05 6.207710223958018198e-06 6.417675869263301894e-06
8.025000000000000355e+00 1.450710475201256728e-05 1.506047786133431046e-05 5.876515912713108246e-06 6.074807922507997414e-06
8.050000000000000711e+00 1.378980755374565016e-05 1.431455386201299418e-05 5.563368804304521774e-06 5.750651840822920094e-06
8.074999999999999289e+00 1.310871773582674229e-05 1.360635101945797140e-05 5.267264427108379748e-06 5.444164418991733914e-06
8.099999999999999645e+00 1.246196864576066772e-05 1.293392086504738444e-05 4.987255389242366137e-06 5.154361838045043514e-06
8.125000000000000000e+00 1.184779190061436331e-05 1.229541771495067223e-05 4.722448072592366337e-06 4.880316219248908424e-06
8.150000000000000355e+00 1.126451211071856302e-05 1.168909313863284618e-05 4.471999515662144882e-06 4.621152377915829226e-06
8.175000000000000711e+00 1.071054189159420612e-05 1.111329073204447073e-05 4.235114489423540033e-06 4.376044771263249367e-06
8.199999999999999289e+00 1.018437714789764365e-05 1.056644117649505056e-05 4.011042739485434938e-06 4.144214627762041528e-06
8.224999999999999645e+00 9.684592614232731713e-06 1.004705756680582006e-05 3.799076388068299737e-06 3.924927242036407841e-06
8.250000000000000000e+00 9.209837639077709509e-06 9.553730994002577619e-06 3.598547493530707809e-06 3.717489430041388116e-06
8.275000000000000355e+00 8.758832198925988290e-06 9.085126370106301152e-06 3.408825751194038947e-06 3.521247134753399743e-06
8.300000000000000711e+00 8.330363128766813820e-06 8.639978481032589217e-06 3.229316329840761078e-06 3.335583172685281663e-06
8.324999999999999289e+00 7.923280557154995703e-06 8.217088253076986948e-06 3.059457831776822937e-06 3.159915111575879796e-06
8.349999999999999645e+00 7.536494535414797906e-06 7.815319222871774788e-06 2.898720377445462247e-06 2.993693272447295626e-06
8.375000000000000000e+00 7.168971849644571051e-06 7.433594199890053002e-06 2.746603799629245961e-06 2.836398851314839845e-06
8.400000000000000355e+00 6.819733005755119162e-06 7.070892110042083032e-06 2.602635939843279641e-06 2.687542147178058815e-06
8.425000000000000711e+00 6.487849377613700597e-06 6.726245010625758804e-06 2.466371050787383219e-06 2.546660896005838740e-06
8.449999999999999289e+00 6.172440509617959518e-06 6.398735267119125402e-06 2.337388285482187925e-06 2.413318701359117630e-06
8.474999999999999645e+00 5.872671565228698674e-06 6.087492883053318468e-06 2.215290277911892356e-06 2.287103555662111643e-06
8.500000000000000000e+00 5.587750913253093677e-06 5.791692974304006998e-06 2.099701806127187478e-06 2.167626449141785611e-06
8.525000000000000355e+00 5.316927844457626986e-06 5.510553380135188252e-06 1.990268530469466113e-06 2.054520058363142191e-06
8.550000000000000711e+00 5.059490411191378260e-06 5.243332403158019253e-06 1.886655809136060568e-06 1.947437511798871498e-06
8.574999999999999289e+00 4.814763383476337334e-06 4.989326671342062931e-06 1.788547579617288618e-06 1.846051227736884565e-06
8.599999999999999645e+00 4.582106315018910719e-06 4.747869115350020890e-06 1.695645305475212200e-06 1.750051818496137804e-06
8.625000000000000000e+00 4.360911713195942932e-06 4.518327054683340119e-06 1.607666983338594919e-06 1.659147058669380438e-06
8.650000000000000355e+00 4.150603307337681485e-06 4.300100386933580281e-06 1.524346208044244631e-06 1.573060912102335879e-06
8.675000000000000711e+00 3.950634409848680968e-06 4.092619874312297966e-06 1.445431292336375175e-06 1.491532616730346300e-06
8.699999999999999289e+00 3.760486365165490989e-06 3.895345522230434002e-06 1.370684435800254530e-06 1.414315820859721242e-06
8.724999999999999645e+00 3.579667081674627991e-06 3.707765044715056462e-06 1.299880944288541509e-06 1.341177770735242604e-06
8.750000000000000000e+00 3.407709642229184283e-06 3.529392412135772647e-06 1.232808489816908919e-06 1.271898543596563991e-06
8.775000000000000355e+00 3.244170988809452215e-06 3.359766476680644703e-06 1.169266417238844246e-06 1.206270324930859694e-06
8.800000000000000711e+00 3.088630677347315018e-06 3.198449671245125433e-06 1.109065089024640179e-06 1.144096728453507551e-06
8.824999999999999289e+00 2.940689698903334559e-06 3.045026777786788687e-06 1.052025266383978680e-06 1.085192153637998364e-06
8.849999999999999645e+00 2.799969363602472741e-06 2.899103761426605494e-06 9.979775284772120359e-07 1.029381181088233377e-06
8.875000000000000000e+00 2.666110243939674817e-06 2.760306666627532302e-06 9.467617222386204459e-07 9.764980022559623923e-07
8.900000000000000355e+00 2.538771174169581911e-06 2.628280572162062110e-06 8.982264450812978372e-07 9.263858814326695774e-07
8.925000000000000711e+00 2.417628302754544902e-06 2.502688601569379180e-06 8.522285567436016531e-07 8.788966490063442594e-07
8.949999999999999289e+00 2.302374195075613638e-06 2.383210986174537644e-06 8.086327193907307650e-07 8.338902233552865664e-07
8.974999999999999645e+00 2.192716983600024665e-06 2.269544177821742334e-06 7.673109630247337914e-07 7.912341604112437878e-07
9.000000000000000000e+00 2.088379562990411448e-06 2.161400008594993841e-06 7.281422753210577813e-07 7.508032277678334933e-07
9.025000000000000355e+00 1.989098827697924044e-06 2.058504894985732509e-06 6.910122164521316652e-07 7.124790040855176357e-07
9.050000000000000711e+00 1.894624949784987374e-06 1.960599084124112329e-06 6.558125541850690171e-07 6.761495008252979386e-07
9.074999999999999289e+00 1.804720694791407400e-06 1.867435939816643454e-06 6.224409204425411074e-07 6.417088056190091366e-07
9.099999999999999645e+00 1.719160773594382602e-06 1.778781266219760617e-06 5.908004863512508907e-07 6.090567454687320721e-07
9.125000000000000000e+00 1.637731228340646154e-06 1.694412667108209230e-06 5.607996569640252589e-07 5.780985692377817547e-07
9.150000000000000355e+00 1.560228850627908435e-06 1.614118938905687030e-06 5.323517820156761228e-07 5.487446482145751523e-07
9.175000000000000711e+00 1.486460630166044285e-06 1.537699495559387208e-06 5.053748834252666652e-07 5.209101930892704790e-07
9.199999999999999289e+00 1.416243232344631666e-06 1.464963823592926988e-06 4.797913987090168421e-07 4.945149875223135865e-07
9.224999999999999645e+00 1.349402503123162852e-06 1.395730965769185774e-06 4.555279376543855050e-07 4.694831362864411182e-07
9.250000000000000000e+00 1.285772999788560600e-06 1.329829031744291155e-06 4.325150534831734400e-07 4.457428275985624538e-07
9.275000000000000355e+00 1.225197546209867161e-06 1.267094734334651143e-06 4.106870265573112487e-07 4.232261088849330945e-07
9.300000000000000711e+00 1.167526811273520490e-06 1.207372949996073789e-06 3.899816603135876793e-07 4.018686751105999465e-07
9.324999999999999289e+00 1.112618909276668310e-06 1.150516302242200482e-06 3.703400882581932922e-07 3.816096688997519079e-07
9.349999999999999645e+00 1.060339021100332561e-06 1.096384766757582673e-06 3.517065923177651940e-07 3.623914918124215002e-07
9.375000000000000000e+00 1.010559035073911100e-06 1.044845297085832630e-06 3.340284310564890575e-07 3.441596264609497176e-07
9.400000000000000355e+00 9.631572064608476834e-07 9.957714697738435937e-07 3.172556770511997652e-07 3.268624681202654528e-07
9.425000000000000711e+00 9.180178345991365149e-07 9.490431479231198662e-07 3.013410641355930528e-07 3.104511660127426826e-07
9.449999999999999289e+00 8.750309567594552939e-07 9.045461622121433564e-07 2.862398423095213603e-07 2.948794733434276538e-07
9.474999999999999645e+00 8.340920578330041464e-07 8.621720084393167899e-07 2.719096413711631396e-07 2.801036056087516484e-07
9.500000000000000000e+00 7.951017950125352066e-07 8.218175607163445244e-07 2.583103416356582123e-07 2.660821069615555876e-07
9.525000000000000355e+00 7.579657366781884644e-07 7.833847994855783746e-07 2.454039519114953302e-07 2.527757236415875022e-07
9.550000000000000711e+00 7.225941147403894958e-07 7.467805535796302194e-07 2.331544946564004961e-07 2.401472848470139263e-07
9.574999999999999289e+00 6.889015897285158077e-07 7.119162555831738253e-07 2.215278966136150623e-07 2.281615898408541263e-07
9.599999999999999645e+00 6.568070279588634036e-07 6.787077097942762098e-07 2.104918863346478281e-07 2.167853014066460906e-07
9.625000000000000000e+00 6.262332901448720550e-07 6.470748721245065653e-07 2.000158969313380860e-07 2.059868452998847858e-07
9.650000000000000355e+00 5.971070308514636219e-07 6.169416413097454842e-07 1.900709742237708515e-07 1.957363150982914016e-07
9.675000000000000711e+00 5.693585082249754962e-07 5.882356608378027347e-07 1.806296900281751321e-07 1.860053823917317869e-07
9.699999999999999289e+00 5.429214034611949882e-07 5.608881310325618903e-07 1.716660599733128268e-07 1.767672117948751018e-07
9.724999999999999645e+00 5.177326495020853359e-07 5.348336307610905140e-07 1.631554661739735567e-07 1.679963806972177465e-07
9.750000000000000000e+00 4.937322684804921279e-07 5.100099482612395413e-07 1.550745839068682017e-07 1.596688034690118030e-07
9.775000000000000355e+00 4.708632174561073819e-07 4.863579206140458885e-07 1.474013123441378441e-07 1.517616597234215777e-07
9.800000000000000711e+00 4.490712420103239975e-07 4.638212814089760098e-07 1.401147090131126367e-07 1.442533265538349073e-07
9.824999999999999289e+00 4.283047372926186175e-07 4.423465161749323164e-07 1.331949278952515906e-07 1.371233143855566695e-07
9.849999999999999645e+00 4.085146161310524204e-07 4.218827251739064536e-07 1.266231609556000517e-07 1.303522064703243689e-07
9.875000000000000000e+00 3.896541838393872888e-07 4.023814931736379393e-07 1.203815827303660616e-07 1.239216015576148104e-07
9.900000000000000355e+00 3.716790193744337650e-07 3.837967658374381287e-07 1.144532981363428386e-07 1.178140598157519421e-07
9.925000000000000711e+00 3.545468625147488115e-07 3.660847323871604094e-07 1.088222928313217107e-07 1.120130515966995180e-07
9.949999999999999289e+00 3.382175067492897651e-07 3.492037142149707180e-07 1.034733864654852225e-07 1.065029089940842011e-07
9.974999999999999645e+00 3.226526975807491715e-07 3.331140591360524998e-07 9.839218840411353514e-08 1.012687800514232390e-07
1.000000000000000000e+01 3.078160359651309158e-07 3.177780409900677098e-07 9.356505585806690670e-08 9.629658544700102659e-08
1.002500000000000036e+01 2.936728866224349040e-07 3.031597643167067973e-07 8.897905427606138115e-08 9.157297752521349070e-08
1.005000000000000071e+01 2.801902909660907496e-07 2.892250738415516093e-07 8.462191987169822802e-08 8.708530154147553448e-08
1.007499999999999929e+01 2.673368844169353813e-07 2.759414685258636758e-07 8.048202418745692774e-08 8.282155900378774650e-08
1.009999999999999964e+01 2.550828178742521721e-07 2.632780199461064996e-07 7.654834049920153509e-08 7.877037297793615463e-08
1.012500000000000000e+01 2.433996831299402380e-07 2.512052947784857071e-07 7.281041214544294258e-08 7.492095525856023024e-08
1.015000000000000036e+01 2.322604420261053753e-07 2.396952811796769601e-07 6.925832250651962823e-08 7.126307536763695738e-08
1.017500000000000071e+01 2.216393591626685703e-07 2.287213188631625085e-07 6.588266651252897019e-08 6.778703113137797663e-08
1.019999999999999929e+01 2.115119379743584946e-07 2.182580326819927646e-07 6.267452384333955327e-08 6.448362089799781611e-08
1.022499999999999964e+01 2.018548600045786349e-07 2.082812695391751768e-07 5.962543341111570144e-08 6.134411723087101662e-08
1.025000000000000000e+01 1.926459272130496873e-07 1.987680384543797096e-07 5.672736928332846189e-08 5.836024198560426364e-08
1.027500000000000036e+01 1.838640071630162918e-07 1.896964536270005573e-07 5.397271793212867176e-08 5.552414276840910613e-08
1.030000000000000071e+01 1.754889809409725250e-07 1.810456803424211646e-07 5.135425659602510289e-08 5.282837062820876205e-08
1.032499999999999929e+01 1.675016936702258423e-07 1.727958835761903309e-07 4.886513286303232450e-08 5.026585892250813167e-08
1.034999999999999964e+01 1.598839074865794374e-07 1.649281791596694895e-07 4.649884533717835095e-08 4.782990334259636321e-08
1.037500000000000000e+01 1.526182568510690586e-07 1.574245873763655963e-07 4.424922531033088571e-08 4.551414297851057135e-08
1.040000000000000036e+01 1.456882060815033169e-07 1.502679888658053832e-07 4.211041946274447104e-08 4.331254241911269479e-08
1.042500000000000071e+01 1.390780089903131485e-07 1.434420827180073578e-07 4.007687340480712851e-08 4.121937478811135697e-08
1.044999999999999929e+01 1.327726705221783828e-07 1.369313466473949395e-07 3.814331611374661947e-08 3.922920566039169497e-08
1.047499999999999964e+01 1.267579102905091865e-07 1.307209991408265789e-07 3.630474524108695241e-08 3.733687785310429670e-08
1.050000000000000000e+01 1.210201279170629233e-07 1.247969634804136095e-07 3.455641318860130679e-08 3.553749704103605179e-08
1.052500000000000036e+01 1.155463700835096665e-07 1.191458335460864193e-07 3.289381384836660052e-08 3.382641810807357780e-08
1.055000000000000071e+01 1.103242992089827763e-07 1.137548413082328882e-07 3.131267010145751831e-08 3.219923220217487016e-08
1.057499999999999929e+01 1.053421636718146929e-07 1.086118259253341094e-07 2.980892201919387319e-08 3.065175452290003032e-08
1.059999999999999964e+01 1.005887694977702644e-07 1.037052043658024015e-07 2.837871559762148603e-08 2.918001273176935007e-08
1.062500000000000000e+01 9.605345344118261170e-08 9.902394347735147126e-08 2.701839211653353228e-08 2.778023595543969477e-08
1.065000000000000036e+01 9.172605738922329117e-08 9.455753343115406923e-08 2.572447807162722304e-08 2.644884438057902096e-08
1.067500000000000071e+01 8.759690402297829258e-08 9.029596247198270410e-08 2.449367564374761058e-08 2.518243940243700433e-08
1.069999999999999929e+01 8.365677367244011044e-08 8.622969290871843230e-08 2.332285365205103102e-08 2.397779429541791603e-08
1.072499999999999964e+01 7.989688230578328741e-08 8.234963828322292601e-08 2.220903896674620753e-08 2.283184535606971078e-08
1.075000000000000000e+01 7.630886059623525998e-08 7.864714165862237758e-08 2.114940839432942955e-08 2.174168351610408529e-08
1.077500000000000036e+01 7.288473401284212632e-08 7.511395497106768620e-08 2.014128099521331597e-08 2.070454640174687652e-08
1.080000000000000071e+01 6.961690388406979322e-08 7.174221939191775910e-08 1.918211077442639604e-08 1.971781080867703283e-08
1.082499999999999929e+01 6.649812938582225914e-08 6.852444664994803615e-08 1.826947976614053664e-08 1.877898555435561229e-08
1.084999999999999964e+01 6.352151040792914894e-08 6.545350126579628004e-08 1.740109150335983476e-08 1.788570472723228692e-08
1.087500000000000000e+01 6.068047125543799146e-08 6.252258365323196064e-08 1.657476477332650466e-08 1.703572126959015067e-08
1.090000000000000036e+01 5.796874514330063292e-08 5.972521404419986913e-08 1.578842774951583335e-08 1.622690089520271657e-08
1.092500000000000071e+01 5.538035944510572437e-08 5.705521719669678338e-08 1.504011241921489321e-08 1.545721634199571998e-08
1.094999999999999929e+01 5.290962165853912241e-08 5.450670784669178708e-08 1.432794927422358937e-08 1.472474190698756351e-08
1.097499999999999964e+01 5.055110605206899581e-08 5.207407686720421438e-08 1.365016230037822859e-08 1.402764826724798085e-08
1.100000000000000000e+01 4.829964095921682316e-08 4.975197809951383192e-08 1.300506421950109092e-08 1.336419757222324183e-08
1.102500000000000036e+01 4.615029668843775536e-08 4.753531582331215979e-08 1.239105197905526075e-08 1.273273878987740543e-08
1.105000000000000071e+01 4.409837401821577670e-08 4.541923283418629544e-08 1.180660247489659220e-08 1.213170329398925776e-08
1.107499999999999929e+01 4.213939324855823226e-08 4.339909909847640663e-08 1.125026849478698971e-08 1.155960067960035534e-08
1.109999999999999964e+01 4.026908378149708644e-08 4.147050095705703529e-08 1.072067487269748058e-08 1.101501479504508667e-08
1.112500000000000000e+01 3.848337420455373985e-08 3.962923085096874298e-08 1.021651483483038749e-08 1.049659997747201677e-08
1.115000000000000036e+01 3.677838285247914694e-08 3.787127754325324401e-08 9.736546539216655142e-09 1.000307747997276973e-08
1.117500000000000071e+01 3.515040882378030941e-08 3.619281681258129774e-08 9.279589807819966309e-09 9.533232091787891104e-09
1.119999999999999929e+01 3.359592342972824647e-08 3.459020259550438167e-08 8.844523002633834993e-09 9.085908930294436281e-09
1.122499999999999964e+01 3.211156205466759505e-08 3.305995855532999991e-08 8.430280068138165820e-09 8.660010388398108124e-09
1.125000000000000000e+01 3.069411640748076418e-08 3.159877005669616031e-08 8.035847733447297265e-09 8.254493246423497576e-09
1.127500000000000036e+01 2.934052714508281009e-08 3.020347652597602281e-08 7.660262856905875184e-09 7.868365930726613708e-09
1.130000000000000071e+01 2.804787684978539498e-08 2.887106417864672113e-08 7.302609905260427646e-09 7.500685917647004613e-09
1.132499999999999929e+01 2.681338334323848230e-08 2.759865909568026435e-08 6.962018553573737747e-09 7.150557261784973832e-09
1.134999999999999964e+01 2.563439332055225300e-08 2.638352063191491031e-08 6.637661419468405480e-09 6.817128255923343040e-09
1.137500000000000000e+01 2.450837628899264737e-08 2.522303514021601248e-08 6.328751906256737361e-09 6.499589208553056678e-09
1.140000000000000036e+01 2.343291879642435568e-08 2.411470999602023364e-08 6.034542163637201904e-09 6.197170338309555377e-09
1.142500000000000071e+01 2.240571893542287185e-08 2.305616790765284048e-08 5.754321145450735339e-09 5.909139774550524590e-09
1.144999999999999929e+01 2.142458110965127745e-08 2.204514149850992046e-08 5.487412765053203005e-09 5.634801658019019865e-09
1.147499999999999964e+01 2.048741104977979418e-08 2.107946814788657590e-08 5.233174148847917435e-09 5.373494337541359608e-09
1.150000000000000000e+01 1.959221106684518538e-08 2.015708507790296721e-08 4.990993977701655399e-09 5.124588661406125780e-09
1.152500000000000036e+01 1.873707553154466852e-08 1.927602467457932989e-08 4.760290914687601956e-09 4.887486354067730682e-09
1.155000000000000071e+01 1.792018656853064242e-08 1.843441003171522948e-08 4.540512108472485019e-09 4.661618477815004199e-09
1.157499999999999929e+01 1.713980995530747677e-08 1.763045070678426352e-08 4.331131769832138935e-09 4.446443965945860748e-09
1.159999999999999964e+01 1.639429121584504956e-08 1.686243867858416980e-08 4.131649833796714927e-09 4.241448237504203035e-09
1.162500000000000000e+01 1.568205189951007687e-08 1.612874449689236315e-08 3.941590674690386753e-09 4.046141879938610324e-09
1.165000000000000036e+01 1.500158603637745581e-08 1.542781361485487444e-08 3.760501893307025007e-09 3.860059396276370601e-09
1.167500000000000071e+01 1.435145676042132075e-08 1.475816289528938625e-08 3.587953164536333563e-09 3.682758018223284367e-09
1.169999999999999929e+01 1.373029309250526586e-08 1.411837728252129374e-08 3.423535142038181518e-09 3.513816577427716280e-09
1.172499999999999964e+01 1.313678687548337118e-08 1.350710663177785286e-08 3.266858419575382984e-09 3.352834435256820864e-09
1.175000000000000000e+01 1.256968985410298190e-08 1.292306268855988644e-08 3.117552543097831095e-09 3.199430465053649577e-09
1.177500000000000036e+01 1.202781089275529528e-08 1.236501621077878252e-08 2.975265074481796871e-09 3.053242087147731217e-09
1.180000000000000071e+01 1.151001332446265672e-08 1.183179422680265552e-08 2.839660698540742464e-09 2.913924350595048447e-09
1.182499999999999929e+01 1.101521242481059549e-08 1.132227742288933774e-08 2.710420380458156183e-09 2.781149062238091010e-09
1.184999999999999964e+01 1.054237300484012740e-08 1.083539765379958064e-08 2.587240561919714007e-09 2.654603960425538698e-09
1.187500000000000000e+01 1.009050711720944884e-08 1.037013557068981925e-08 2.469832398296136855e-09 2.533991928640840065e-09
1.190000000000000036e+01 9.658671870210233701e-09 9.925518360671326552e-09 2.357921032846453701e-09 2.419030249321112344e-09
1.192500000000000071e+01 9.245967344484767532e-09 9.500617592694186019e-09 2.251244909699663466e-09 2.309449893899374332e-09
1.194999999999999929e+01 8.851534607543886520e-09 9.094547164675228085e-09 2.149555120708035114e-09 2.204994851223857710e-09
1.197499999999999964e+01 8.474553821421570597e-09 8.706461347036229398e-09 2.052614781507520745e-09 2.105421485927447158e-09
1.200000000000000000e+01 8.114242439028702609e-09 8.335552918053245738e-09 1.960198444223975870e-09 2.010497931553188886e-09
1.202500000000000036e+01 7.769853484983426733e-09 7.981051386640811725e-09 1.872091535552752492e-09 1.920003512979451327e-09
1.205000000000000071e+01 7.440673916900025055e-09 7.642221298407085994e-09 1.788089823569171640e-09 1.833728197853395462e-09
1.207499999999999929e+01 7.126023063312606218e-09 7.318360621017699558e-09 1.707998910907209302e-09 1.751472074200940004e-09
1.209999999999999964e+01 6.825251134594626048e-09 7.008799205097832003e-09 1.631633756743502713e-09 1.673044856409450480e-09
1.212500000000000000e+01 6.537737803410866361e-09 6.712897317083906587e-09 1.558818216407822742e-09 1.598265414420322218e-09
1.215000000000000036e+01 6.262890851405655656e-09 6.430044240610248903e-09 1.489384607693950879e-09 1.526961325244697269e-09
1.217500000000000071e+01 6.000144878989934870e-09 6.159656943180328533e-09 1.423173298543518963e-09 1.458968448691102590e-09
1.219999999999999929e+01 5.748960075241029668e-09 5.901178805029235083e-09 1.360032313734573495e-09 1.394130522658050872e-09
1.222499999999999964e+01 5.508821045072259200e-09 5.654078407232757972e-09 1.299816964333169992e-09 1.332298780174333675e-09
1.225000000000000000e+01 5.279235690966799282e-09 5.417848376260672222e-09 1.242389490814011991e-09 1.273331584420848786e-09
1.227500000000000036e+01 5.059734146699276324e-09 5.192004282306002841e-09 1.187618725742433567e-09 1.217094080698897886e-09
1.230000000000000071e+01 4.849867760593269107e-09 4.976083588850618179e-09 1.135379775354925616e-09 1.163457867242778154e-09
1.232499999999999929e+01 4.649208125979705002e-09 4.769644651049515094e-09 1.085553714652894692e-09 1.112300682374670418e-09
1.234999999999999964e+01 4.457346156633129208e-09 4.572265760631781220e-09 1.038027296494512116e-09 1.063506105912851192e-09
1.237500000000000000e+01 4.273891205069638583e-09 4.383544235126856716e-09 9.926926774432609905e-10 1.016963275577705816e-09
1.240000000000000036e+01 4.098470221690945315e-09 4.203095549329550593e-09 9.494471567541921095e-10 9.725666184756795503e-10
1.242500000000000071e+01 3.930726952855795974e-09 4.030552507017114868e-09 9.081929265488055815e-10 9.302155947855767333e-10
1.244999999999999929e+01 3.770321176051322804e-09 3.865564451026642613e-09 8.688368357087248690e-10 8.898144541961221455e-10
1.247499999999999964e+01 3.616927970424288330e-09 3.707796509891468859e-09 8.312901648040095230e-10 8.512720044519395284e-10
1.250000000000000000e+01 3.470237021014976010e-09 3.556928879321248691e-09 7.954684127824384988e-10 8.145013913736244159e-10
1.252500000000000036e+01 3.329951955115649555e-09 3.412656136892178059e-09 7.612910930994788016e-10 7.794198897457692534e-10
1.255000000000000071e+01 3.195789709250396453e-09 3.274686588391714285e-09 7.286815398157335711e-10 7.459487037293222777e-10
1.257499999999999929e+01 3.067479925344680595e-09 3.142741644336063102e-09 6.975667244945993579e-10 7.140127778127760299e-10
1.259999999999999964e+01 2.944764374721225887e-09 3.016555225249504040e-09 6.678770809921349987e-10 6.835406169281164924e-10
1.262500000000000000e+01 2.827396408623274824e-09 2.895873194361417513e-09 6.395463391389825933e-10 6.544641152399473743e-10
1.265000000000000036e+01 2.715140434028165111e-09 2.780452816440929681e-09 6.125113664899046583e-10 6.267183933344689085e-10
1.267500000000000071e+01 2.607771413572593331e-09 2.670062241549767371e-09 5.867120178164630436e-10 6.002416433564082265e-10
1.269999999999999929e+01 2.505074388467037692e-09 2.564480012551799315e-09 5.620909919376980214e-10 5.749749817083572863e-10
1.272499999999999964e+01 2.406844023329732479e-09 2.463494595272790969e-09 5.385936955391590296e-10 5.508623089377279887e-10
1.275000000000000000e+01 2.312884171921301244e-09 2.366903930256268926e-09 5.161681136025137853e-10 5.278501764487186924e-10
1.277500000000000036e+01 2.223007462809360148e-09 2.274515005111401479e-09 4.947646862297934463e-10 5.058876597285388817e-10
1.280000000000000071e+01 2.137034904038148019e-09 2.186143446496128608e-09 4.743361910767106285e-10 4.849262376580000164e-10
1.282499999999999929e+01 2.054795505922043455e-09 2.101613130824128553e-09 4.548376321366919384e-10 4.649196776711012694e-10
1.284999999999999964e+01 1.976125921123284286e-09 2.020755812827231894e-09 4.362261336819548512e-10 4.458239268701356069e-10
1.287500000000000000e+01 1.900870101213863874e-09 1.943410771145813407e-09 4.184608388449107128e-10 4.275970078863341978e-10
1.290000000000000036e+01 1.828878968959264265e-09 1.869424470158818472e-09 4.015028140211703877e-10 4.101989201624542264e-10
1.292500000000000071e+01 1.760010105597537860e-09 1.798650237302153970e-09 3.853149572762000758e-10 3.935915459825508143e-10
1.294999999999999929e+01 1.694127452421490216e-09 1.730947955159637580e-09 3.698619114200490627e-10 3.777385609918986146e-10
1.297499999999999964e+01 1.631101026004238001e-09 1.666183767644325657e-09 3.551099810338398401e-10 3.626053490186711457e-10
1.300000000000000000e+01 1.570806646439422812e-09 1.604229799620212522e-09 3.410270537238164163e-10 3.481589209391007988e-10
1.302500000000000036e+01 1.513125677996899753e-09 1.544963889344798889e-09 3.275825254127059452e-10 3.343678377233355989e-10
1.305000000000000071e+01 1.457944781622832850e-09 1.488269333142113162e-09 3.147472288845762984e-10 3.212021371062853407e-10
1.307499999999999929e+01 1.405155678739962725e-09 1.434034641743623578e-09 3.024933659375268725e-10 3.086332637634172670e-10
1.309999999999999964e+01 1.354654925829246692e-09 1.382153307760732012e-09 2.907944426121661827e-10 2.966340028284939790e-10
1.312500000000000000e+01 1.306343699298491697e-09 1.332523583777801986e-09 2.796252077148219045e-10 2.851784165566807207e-10
1.315000000000000036e+01 1.260127590166656718e-09 1.285048270578596884e-09 2.689615944832641916e-10 2.742417842494218092e-10
1.317500000000000071e+01 1.215916408114646529e-09 1.239634515041828188e-09 2.587806648170675339e-10 2.638005450086215557e-10
1.319999999999999929e+01 1.173623994474404515e-09 1.196193617263307662e-09 2.490605561410722430e-10 2.538322431761292153e-10
1.322499999999999964e+01 1.133168043748142797e-09 1.154640846482880063e-09 2.397804309350746145e-10 2.443154763546522807e-10
1.325000000000000000e+01 1.094469933268638461e-09 1.114895265414053162e-09 2.309204288986197598e-10 2.352298461180020189e-10
1.327500000000000036e+01 1.057454560629717452e-09 1.076879562593077023e-09 2.224616210066611550e-10 2.265559109876558697e-10
1.330000000000000071e+01 1.022050188533380464e-09 1.040519892382156260e-09 2.143859661568042926e-10 2.182751416370034931e-10
1.332499999999999929e+01 9.881882967165333928e-10 1.005745722278543368e-09 2.066762696473081354e-10 2.103698783962750511e-10
1.334999999999999964e+01 9.558034406360253442e-10 9.724896871975398816e-10 1.993161436634874560e-10 2.028232905362512680e-10
1.337500000000000000e+01 9.248331166057192007e-10 9.406874504129709539e-10 1.922899699773112739e-10 1.956193378438715832e-10
1.340000000000000036e+01 8.952176330936016472e-10 9.102775708534700820e-10 1.855828639750431267e-10 1.887427337981346112e-10
1.342500000000000071e+01 8.668999879005846188e-10 8.812013764670111659e-10 1.791806407549186859e-10 1.821789106154213826e-10
1.344999999999999929e+01 8.398257509556391498e-10 8.534028433795706821e-10 1.730697826801175350e-10 1.759139859279083955e-10
1.347499999999999964e+01 8.139429524742845614e-10 8.268284805865845631e-10 1.672374087001162730e-10 1.699347311617171950e-10
1.350000000000000178e+01 7.892019762393039483e-10 8.014272199281249483e-10 1.616712448789513558e-10 1.642285413745894018e-10
1.352500000000000213e+01 7.655554577737644925e-10 7.771503111103139742e-10 1.563595964876538769e-10 1.587834064882598048e-10
1.355000000000000249e+01 7.429581871872071603e-10 7.539512215466253169e-10 1.512913214532292489e-10 1.535878840050495010e-10
1.357499999999999929e+01 7.213670164860888053e-10 7.317855408032971145e-10 1.464558050107153551e-10 1.486310729615270547e-10
1.359999999999999964e+01 7.007407711493306713e-10 7.106108894431783291e-10 1.418429357345537218e-10 1.439025892274025007e-10
1.362500000000000000e+01 6.810401657791485798e-10 6.903868320719574368e-10 1.374430825104305648e-10 1.393925419413442383e-10
1.365000000000000213e+01 6.622277236462187311e-10 6.710747943999078640e-10 1.332470727337991802e-10 1.350915110366981219e-10
1.367500000000000249e+01 6.442676999567131011e-10 6.526379841410339913e-10 1.292461715716348585e-10 1.309905259353427922e-10
1.369999999999999929e+01 6.271260086768196559e-10 6.350413155798690948e-10 1.254320621809169512e-10 1.270810452118607728e-10
1.372499999999999964e+01 6.107701527580879593e-10 6.182513376441391402e-10 1.217968269362072035e-10 1.233549372968737705e-10
1.375000000000000000e+01 5.951691576142932446e-10 6.022361653291184757e-10 1.183329295156978407e-10 1.198044620644039914e-10
1.377500000000000213e+01 5.802935077075396470e-10 5.869654143267538087e-10 1.150331979112550106e-10 1.164222533646221433e-10
1.380000000000000249e+01 5.661150861080296581e-10 5.724101387195663854e-10 1.118908082026670327e-10 1.132013023541175545e-10
1.382499999999999929e+01 5.526071168983332747e-10 5.585427716059508423e-10 1.088992692351066937e-10 1.101349417046914370e-10
1.384999999999999964e+01 5.397441102990823980e-10 5.453370685297933509e-10 1.060524079100272600e-10 1.072168305479916572e-10
1.387500000000000000e+01 5.275018103988756796e-10 5.327680535933735078e-10 1.033443552070691459e-10 1.044409401023513642e-10
1.390000000000000213e+01 5.158571453767267076e-10 5.208119681382404737e-10 1.007695330026529750e-10 1.018015400643028725e-10
1.392500000000000249e+01 5.047881801107149507e-10 5.094462218842780908e-10 9.832264147800090465e-11 9.929318570165558994e-11
1.394999999999999929e+01 4.942740710715904858e-10 4.986493464223851511e-10 9.599864713434008228e-11 9.691070552678823261e-11
1.397499999999999964e+01 4.842950234049371184e-10 4.884009509612524055e-10 9.379277144026318152e-11 9.464918962636360471e-11
1.400000000000000000e+01 4.748322501101173818e-10 4.786816802334712970e-10 9.170048000537203063e-11 9.250397853265121929e-11
1.402500000000000213e+01 4.658679332286789192e-10 4.694731744707902257e-10 8.971747234503938286e-11 9.047065269450941175e-11
1.405000000000000249e+01 4.573851869591363509e-10 4.607580313627306163e-10 8.783967207909983937e-11 8.854502242726156235e-11
1.407499999999999929e+01 4.493680226190888315e-10 4.525197699169369670e-10 8.606321772160094684e-11 8.672311839986420266e-11
1.409999999999999964e+01 4.418013153795110129e-10 4.447427961436382514e-10 8.438445394858717978e-11 8.500118265509302840e-11
1.412500000000000000e+01 4.346707726997686545e-10 4.374123704904286156e-10 8.279992320295045821e-11 8.337566003437783566e-11
1.415000000000000213e+01 4.279629043954452310e-10 4.305145769572279839e-10 8.130635778062638239e-11 8.184318999967070937e-11
1.417500000000000249e+01 4.216649942744788918e-10 4.240362938247922991e-10 7.990067244201525994e-11 8.040059900091259182e-11
1.419999999999999929e+01 4.157650732803388461e-10 4.179651659334863230e-10 7.857995728435087977e-11 7.904489319787592931e-11
1.422499999999999964e+01 4.102518940841055273e-10 4.122895784522575691e-10 7.734147099968190119e-11 7.777325151853844845e-11
1.425000000000000000e+01 4.051149070702839142e-10 4.069986320808081291e-10 7.618263456223155797e-11 7.658301913451161341e-11
1.427500000000000036e+01 4.003442376640489317e-10 4.020821196309212180e-10 7.510102524327880211e-11 7.547170131813032112e-11
1.430000000000000249e+01 3.959306649503573880e-10 3.975305039357198491e-10 7.409437090388246184e-11 7.443695758306620906e-11
1.432499999999999929e+01 3.918656015379961508e-10 3.933348970383442190e-10 7.316054467782833192e-11 7.347659618179754891e-11
1.434999999999999964e+01 3.881410746241541489e-10 3.894870406141391225e-10 7.229755994478969952e-11 7.258856894462483271e-11
1.437500000000000000e+01 3.847497082175332520e-10 3.859792875829336196e-10 7.150356554452145061e-11 7.177096636368292301e-11
1.440000000000000036e+01 3.816847064803340976e-10 3.828045848703948240e-10 7.077684133946402033e-11 7.102201299585339158e-11
1.442500000000000249e+01 3.789398381517002285e-10 3.799564572797426239e-10 7.011579403029286738e-11 7.034006316702271025e-11
1.444999999999999929e+01 3.765094220173446491e-10 3.774289924373260427e-10 6.951895321388457492e-11 6.972359690433171032e-11
1.447499999999999964e+01 3.743883133921630595e-10 3.752168267776941584e-10 6.898496769950307016e-11 6.917121614797336668e-11
1.450000000000000000e+01 3.725718915846284306e-10 3.733151325358507714e-10 6.851260204240322402e-11 6.868164116628022108e-11
1.452500000000000036e+01 3.710560483136790916e-10 3.717196057163494562e-10 6.810073338470512624e-11 6.825370728680986968e-11
1.455000000000000249e+01 3.698371770506746916e-10 3.704264550108034533e-10 6.774834845918282290e-11 6.788636181300297971e-11
1.457499999999999929e+01 3.689121632607776421e-10 3.694323916372184053e-10 6.745454084419789624e-11 6.757866118400469564e-11
1.459999999999999964e+01 3.682783755198474390e-10 3.687346200763350516e-10 6.721850838410487796e-11 6.732976831541467915e-11
1.462500000000000000e+01 3.679336574846107677e-10 3.683308296818890681e-10 6.703955083986653295e-11 6.713895016016619521e-11
1.465000000000000036e+01 3.678763206954769370e-10 3.682191871433490804e-10 6.691706775349341844e-11 6.700557549091895754e-11
1.467500000000000249e+01 3.681051381929505347e-10 3.683983297813148439e-10 6.685055650652142919e-11 6.692911289164562789e-11
1.469999999999999929e+01 3.686193389301032146e-10 3.688673596573142356e-10 6.683961052158793094e-11 6.690912889425971818e-11
1.472499999999999964e+01 3.694186029650430408e-10 3.696258384812460118e-10 6.688391766820249457e-11 6.694528631422076800e-11
1.475000000000000000e+01 3.705030574187635591e-10 3.706737833012038007e-10 6.698325886115800409e-11 6.703734278501460174e-11
1.477500000000000036e+01 3.718732731851399267e-10 3.720116629618323100e-10 6.713750683700414010e-11 6.718514948222134010e-11
1.480000000000000249e+01 3.735302623812018015e-10 3.736403953187670419e-10 6.734662505464061949e-11 6.738864997339634197e-11
1.482499999999999929e+01 3.754754765271574783e-10 3.755613451980833266e-10 6.761066678381317088e-11 6.764787925211746837e-11
1.484999999999999964e+01 3.777108054469190155e-10 3.777763230909930114e-10 6.792977435628005754e-11 6.796296294387198422e-11
1.487500000000000000e+01 3.802385768811649806e-10 3.802875845753376045e-10 6.830417858600410511e-11 6.833411668087535134e-11
1.490000000000000036e+01 3.830615568062122172e-10 3.830978304566977398e-10 6.873419835624715874e-11 6.876164565214520431e-11
1.492500000000000071e+01 3.861829504531999158e-10 3.862102076231937634e-10 6.922024031583046066e-11 6.924594426341050060e-11
1.494999999999999929e+01 3.896064040232790122e-10 3.896283106092723362e-10 6.976279874222624228e-11 6.978749596413355301e-11
1.497499999999999964e+01 3.933360070956964582e-10 3.933561838649961560e-10 7.036245557375014598e-11 7.038687324844652735e-11
