# col1: r[fm],  col2: chargedensity, col3: weak density [fm^-3](normailized to Q=1)
2.101448349307773875e-07 8.477878532948156243e-02 -8.461540396334120417e-02
2.500000000000000139e-02 8.477237269109279272e-02 -8.460917908343924820e-02
5.000000000000000278e-02 8.475315449833710491e-02 -8.459052461540676748e-02
7.499999999999999722e-02 8.472118980958992518e-02 -8.455950097219638861e-02
1.000000000000000056e-01 8.467657669679720667e-02 -8.451620850544094843e-02
1.250000000000000000e-01 8.461945172176169039e-02 -8.446078701287762502e-02
1.499999999999999944e-01 8.454998923028121671e-02 -8.439341507236582107e-02
1.749999999999999889e-01 8.446840048863896167e-02 -8.431430922368618464e-02
2.000000000000000111e-01 8.437493269019472053e-02 -8.422372302215029582e-02
2.250000000000000056e-01 8.426986786076777480e-02 -8.412194598890462838e-02
2.500000000000000000e-01 8.415352169011412753e-02 -8.400930248166953163e-02
2.750000000000000222e-01 8.402624231328381654e-02 -8.388615050667809492e-02
2.999999999999999889e-01 8.388840906038434742e-02 -8.375288048810050623e-02
3.250000000000000111e-01 8.374043118682064635e-02 -8.360991400572569121e-02
3.499999999999999778e-01 8.358274658906202081e-02 -8.345770250566063309e-02
3.750000000000000000e-01 8.341582050407841953e-02 -8.329672598288052898e-02
4.000000000000000222e-01 8.324014418442324259e-02 -8.312749162916185930e-02
4.249999999999999889e-01 8.305623353606707282e-02 -8.295053243572435286e-02
4.500000000000000111e-01 8.286462770289894364e-02 -8.276640573714533211e-02
4.749999999999999778e-01 8.266588758054264907e-02 -8.257569168198476695e-02
5.000000000000000000e-01 8.246059424280879901e-02 -8.237899161610981458e-02
5.250000000000000222e-01 8.224934726657265327e-02 -8.217692636680190565e-02
5.500000000000000444e-01 8.203276294481565145e-02 -8.197013441911142617e-02
5.749999999999999556e-01 8.181147238255422061e-02 -8.175926998021422476e-02
5.999999999999999778e-01 8.158611947589278213e-02 -8.154500093229138935e-02
6.250000000000000000e-01 8.135735877994473841e-02 -8.132800667923956173e-02
6.500000000000000222e-01 8.112585327636996635e-02 -8.110897589690141407e-02
6.750000000000000444e-01 8.089227205536539400e-02 -8.088860420012342067e-02
6.999999999999999556e-01 8.065728792982447548e-02 -8.066759174254889420e-02
7.249999999999999778e-01 8.042157500089849864e-02 -8.044664076649825357e-02
7.500000000000000000e-01 8.018580619434680090e-02 -8.022645312056958522e-02
7.750000000000000222e-01 7.995065078598870278e-02 -8.000772776181579171e-02
8.000000000000000444e-01 7.971677193251902604e-02 -7.979115825772886694e-02
8.249999999999999556e-01 7.948482422125180413e-02 -7.957743030106510795e-02
8.499999999999999778e-01 7.925545124938393471e-02 -7.936721924808426420e-02
8.750000000000000000e-01 7.902928324048753839e-02 -7.916118768836589992e-02
9.000000000000000222e-01 7.880693470346952778e-02 -7.895998305227865111e-02
9.250000000000001554e-01 7.858900213742717189e-02 -7.876423526062745206e-02
9.499999999999999556e-01 7.837606178482454944e-02 -7.857455442011579416e-02
9.749999999999999778e-01 7.816866743526418304e-02 -7.839152856808168091e-02
1.000000000000000000e+00 7.796734828276166707e-02 -7.821572147044048018e-02
1.024999999999999911e+00 7.777260684069979557e-02 -7.804767047777722011e-02
1.050000000000000044e+00 7.758491692032391807e-02 -7.788788444588863602e-02
1.074999999999999956e+00 7.740472168048553869e-02 -7.773684172857332764e-02
1.100000000000000089e+00 7.723243175808938710e-02 -7.759498825188318460e-02
1.125000000000000000e+00 7.706842349011679139e-02 -7.746273568019006184e-02
1.149999999999999911e+00 7.691303723900498601e-02 -7.734045968512882896e-02
1.175000000000000044e+00 7.676657583344434488e-02 -7.722849832865820441e-02
1.199999999999999956e+00 7.662930313628139867e-02 -7.712715057110149097e-02
1.225000000000000089e+00 7.650144275022337237e-02 -7.703667491412113932e-02
1.250000000000000000e+00 7.638317687054219096e-02 -7.695728818723707176e-02
1.274999999999999911e+00 7.627464529212384103e-02 -7.688916448484491017e-02
1.300000000000000044e+00 7.617594457619168702e-02 -7.683243425888341971e-02
1.324999999999999956e+00 7.608712738003035880e-02 -7.678718357049826859e-02
1.350000000000000089e+00 7.600820195122354184e-02 -7.675345350239168307e-02
1.375000000000000000e+00 7.593913178641636952e-02 -7.673123973214757143e-02
1.399999999999999911e+00 7.587983545350462933e-02 -7.672049226574774450e-02
1.425000000000000044e+00 7.583018657545635699e-02 -7.672111532976588766e-02
1.449999999999999956e+00 7.579001397365349446e-02 -7.673296742032049977e-02
1.475000000000000089e+00 7.575910196862326029e-02 -7.675586150671855068e-02
1.500000000000000000e+00 7.573719083619315229e-02 -7.678956538773841489e-02
1.524999999999999911e+00 7.572397741732805887e-02 -7.683380219857409432e-02
1.550000000000000044e+00 7.571911588005629523e-02 -7.688825106649223307e-02
1.574999999999999956e+00 7.572221863186377744e-02 -7.695254791314182219e-02
1.600000000000000089e+00 7.573285738064974848e-02 -7.702628640114696223e-02
1.625000000000000000e+00 7.575056434175896081e-02 -7.710901902206812597e-02
1.649999999999999911e+00 7.577483358774382560e-02 -7.720025832204806260e-02
1.675000000000000044e+00 7.580512253641001619e-02 -7.729947826049955728e-02
1.699999999999999956e+00 7.584085357144332296e-02 -7.740611569611403897e-02
1.725000000000000311e+00 7.588141578860799208e-02 -7.751957199335557380e-02
1.750000000000000000e+00 7.592616685925143716e-02 -7.763921474154442115e-02
1.774999999999999911e+00 7.597443500175625475e-02 -7.776437957771671627e-02
1.800000000000000044e+00 7.602552105072588051e-02 -7.789437210373890974e-02
1.824999999999999956e+00 7.607870061313405652e-02 -7.802846988770593961e-02
1.850000000000000311e+00 7.613322630042809736e-02 -7.816592453947573960e-02
1.875000000000000000e+00 7.618833002564048829e-02 -7.830596385028289197e-02
1.899999999999999911e+00 7.624322535488570196e-02 -7.844779398668655368e-02
1.925000000000000044e+00 7.629710990312994767e-02 -7.859060172959043966e-02
1.949999999999999956e+00 7.634916776474097444e-02 -7.873355674965160089e-02
1.975000000000000089e+00 7.639857196996266420e-02 -7.887581391099966754e-02
2.000000000000000000e+00 7.644448695904383639e-02 -7.901651559575097183e-02
2.024999999999999911e+00 7.648607106621793661e-02 -7.915479404227622473e-02
2.049999999999999822e+00 7.652247900604920716e-02 -7.928977369052639390e-02
2.075000000000000178e+00 7.655286435482146212e-02 -7.942057352794031078e-02
2.100000000000000089e+00 7.657638201966540659e-02 -7.954630942955528972e-02
2.125000000000000000e+00 7.659219068804455632e-02 -7.966609648595258941e-02
2.149999999999999911e+00 7.659945525009762002e-02 -7.977905131264120819e-02
2.174999999999999822e+00 7.659734918623589683e-02 -7.988429433446171679e-02
2.200000000000000178e+00 7.658505691237275925e-02 -7.998095203862951030e-02
2.225000000000000089e+00 7.656177607527092643e-02 -8.006815919017362670e-02
2.250000000000000000e+00 7.652671979076160202e-02 -8.014506100378644693e-02
2.274999999999999911e+00 7.647911881802861578e-02 -8.021081526649395665e-02
2.299999999999999822e+00 7.641822366374818876e-02 -8.026459440606996398e-02
2.325000000000000178e+00 7.634330661059564316e-02 -8.030558750072788743e-02
2.350000000000000089e+00 7.625366366542987717e-02 -8.033300222628730891e-02
2.375000000000000000e+00 7.614861642328187019e-02 -8.034606673768264484e-02
2.399999999999999911e+00 7.602751384404916879e-02 -8.034403148230728764e-02
2.424999999999999822e+00 7.588973393948042490e-02 -8.032617094322710982e-02
2.450000000000000178e+00 7.573468536858012079e-02 -8.029178531071498592e-02
2.475000000000000089e+00 7.556180893995299852e-02 -8.024020208083640360e-02
2.500000000000000000e+00 7.537057901983502950e-02 -8.017077757995248743e-02
2.524999999999999911e+00 7.516050484463732140e-02 -8.008289841401076969e-02
2.549999999999999822e+00 7.493113173679667727e-02 -7.997598284139872948e-02
2.575000000000000178e+00 7.468204222262006531e-02 -7.984948206797140569e-02
2.600000000000000089e+00 7.441285705068233225e-02 -7.970288146267809348e-02
2.625000000000000000e+00 7.412323610923257644e-02 -7.953570169204246532e-02
2.649999999999999911e+00 7.381287924102682141e-02 -7.934749977163363388e-02
2.674999999999999822e+00 7.348152695405978096e-02 -7.913787003262345854e-02
2.700000000000000178e+00 7.312896102683041910e-02 -7.890644500157505126e-02
2.725000000000000089e+00 7.275500500704305817e-02 -7.865289619174557767e-02
2.750000000000000000e+00 7.235952460299753530e-02 -7.837693480439850147e-02
2.774999999999999911e+00 7.194242796733385514e-02 -7.807831233888926081e-02
2.799999999999999822e+00 7.150366587322636025e-02 -7.775682111057709289e-02
2.825000000000000178e+00 7.104323178354031432e-02 -7.741229467590186875e-02
2.850000000000000089e+00 7.056116181382764141e-02 -7.704460816421461467e-02
2.875000000000000000e+00 7.005753459032978969e-02 -7.665367851614847405e-02
2.899999999999999911e+00 6.953247100435766548e-02 -7.623946462844859162e-02
2.924999999999999822e+00 6.898613386452991103e-02 -7.580196740524640375e-02
2.950000000000000178e+00 6.841872744838956022e-02 -7.534122971577904282e-02
2.975000000000000089e+00 6.783049695490263320e-02 -7.485733625853366324e-02
3.000000000000000000e+00 6.722172785930777272e-02 -7.435041333176918565e-02
3.024999999999999911e+00 6.659274517176551333e-02 -7.382062851036425011e-02
3.049999999999999822e+00 6.594391260128153187e-02 -7.326819022898085898e-02
3.075000000000000178e+00 6.527563162648027106e-02 -7.269334727164925014e-02
3.100000000000000089e+00 6.458834047499588393e-02 -7.209638816807761863e-02
3.125000000000000000e+00 6.388251301353777001e-02 -7.147764049727863001e-02
3.149999999999999911e+00 6.315865755106477020e-02 -7.083747009947521933e-02
3.174999999999999822e+00 6.241731555795324710e-02 -7.017628019768666625e-02
3.200000000000000178e+00 6.165906030453689735e-02 -6.949451043087662150e-02
3.225000000000000089e+00 6.088449542290395866e-02 -6.879263580104434672e-02
3.250000000000000000e+00 6.009425339632201712e-02 -6.807116553712401485e-02
3.274999999999999911e+00 5.928899398109602897e-02 -6.733064187900872355e-02
3.299999999999999822e+00 5.846940256602606301e-02 -6.657163878540173219e-02
3.325000000000000178e+00 5.763618847490430824e-02 -6.579476056951980012e-02
3.350000000000000089e+00 5.679008321767212153e-02 -6.500064046691562958e-02
3.375000000000000444e+00 5.593183869595554775e-02 -6.418993913986185962e-02
3.399999999999999911e+00 5.506222536872510537e-02 -6.336334312285535342e-02
3.424999999999999822e+00 5.418203038380545178e-02 -6.252156321387571103e-02
3.450000000000000622e+00 5.329205568091863882e-02 -6.166533281608811007e-02
3.475000000000000533e+00 5.239311607190026004e-02 -6.079540623473305566e-02
3.500000000000000000e+00 5.148603730370397008e-02 -5.991255693401253274e-02
3.524999999999999911e+00 5.057165410981857151e-02 -5.901757575887452839e-02
3.549999999999999822e+00 4.965080825576351220e-02 -5.811126912671593647e-02
3.575000000000000622e+00 4.872434658440367300e-02 -5.719445719416627744e-02
3.600000000000000089e+00 4.779311906691671719e-02 -5.626797200427163109e-02
3.625000000000000000e+00 4.685797686533931666e-02 -5.533265561955192507e-02
3.649999999999999911e+00 4.591977041269115073e-02 -5.438935824654119594e-02
3.674999999999999822e+00 4.497934751670561171e-02 -5.343893635751836846e-02
3.700000000000000622e+00 4.403755149316565531e-02 -5.248225081518395618e-02
3.725000000000000089e+00 4.309521933474181471e-02 -5.152016500602309146e-02
3.750000000000000000e+00 4.215317992104730682e-02 -5.055354298801314344e-02
3.774999999999999911e+00 4.121225227537182040e-02 -4.958324765819066560e-02
3.799999999999999822e+00 4.027324387323399230e-02 -4.861013894538988162e-02
3.825000000000000178e+00 3.933694900752698898e-02 -4.763507203322464578e-02
3.850000000000000089e+00 3.840414721463693282e-02 -4.665889561811904090e-02
3.875000000000000000e+00 3.747560176551541916e-02 -4.568245020692005692e-02
3.899999999999999911e+00 3.655205822530410709e-02 -4.470656645836466186e-02
3.924999999999999822e+00 3.563424308475728053e-02 -4.373206357243627357e-02
3.950000000000000178e+00 3.472286246639824658e-02 -4.275974773144076285e-02
3.975000000000000089e+00 3.381860090807908836e-02 -4.179041059646132483e-02
4.000000000000000000e+00 3.292212022638697777e-02 -4.082482786271072334e-02
4.025000000000000355e+00 3.203405846214318897e-02 -3.986375787718009905e-02
4.049999999999999822e+00 3.115502891005748898e-02 -3.890794032187083057e-02
4.075000000000000178e+00 3.028561923441199302e-02 -3.795809496577617209e-02
4.099999999999999645e+00 2.942639067244166851e-02 -3.701492048863724155e-02
4.125000000000000000e+00 2.857787732683173682e-02 -3.607909337931844429e-02
4.150000000000000355e+00 2.774058554846485503e-02 -3.515126691142742704e-02
4.174999999999999822e+00 2.691499341020953812e-02 -3.423207019853162503e-02
4.200000000000000178e+00 2.610155027215834561e-02 -3.332210733100949424e-02
4.224999999999999645e+00 2.530067643830206936e-02 -3.242195659621831955e-02
4.250000000000000000e+00 2.451276290418168136e-02 -3.153216978327687964e-02
4.275000000000000355e+00 2.373817119461181166e-02 -3.065327157336610736e-02
4.299999999999999822e+00 2.297723329013076285e-02 -2.978575901605267848e-02
4.325000000000000178e+00 2.223025164042563562e-02 -2.893010109176017211e-02
4.349999999999999645e+00 2.149749926261451324e-02 -2.808673836015503772e-02
4.375000000000000000e+00 2.077921992195012543e-02 -2.725608269388800353e-02
4.400000000000000355e+00 2.007562839224602894e-02 -2.643851709684138032e-02
4.424999999999999822e+00 1.938691079310747925e-02 -2.563439560576938683e-02
4.450000000000000178e+00 1.871322500087238896e-02 -2.484404327398245099e-02
4.474999999999999645e+00 1.805470113001731228e-02 -2.406775623550347701e-02
4.500000000000000000e+00 1.741144208164596002e-02 -2.330580184790450107e-02
4.525000000000000355e+00 1.678352415554385663e-02 -2.255841891180906944e-02
4.549999999999999822e+00 1.617099772213693998e-02 -2.182581796480561817e-02
4.575000000000000178e+00 1.557388795053330985e-02 -2.110818164726242091e-02
4.599999999999999645e+00 1.499219558865111379e-02 -2.040566513725992209e-02
4.625000000000000000e+00 1.442589779124716330e-02 -1.971839665156795499e-02
4.650000000000000355e+00 1.387494899147030843e-02 -1.904647800930401799e-02
4.674999999999999822e+00 1.333928181138042089e-02 -1.838998525462022526e-02
4.700000000000000178e+00 1.281880800671569842e-02 -1.774896933450062150e-02
4.724999999999999645e+00 1.231341944106947514e-02 -1.712345682751467701e-02
4.750000000000000000e+00 1.182298908456583253e-02 -1.651345071918065149e-02
4.775000000000000355e+00 1.134737203211098368e-02 -1.591893121945356024e-02
4.799999999999999822e+00 1.088640653634603828e-02 -1.533985661776808042e-02
4.825000000000000178e+00 1.043991505053794636e-02 -1.477616417104001857e-02
4.849999999999999645e+00 1.000770527681045345e-02 -1.422777102005489715e-02
4.875000000000000000e+00 9.589571215326686895e-03 -1.369457512974079846e-02
4.900000000000000355e+00 9.185294210276081367e-03 -1.317645624892656818e-02
4.924999999999999822e+00 8.794643988775380575e-03 -1.267327688531122085e-02
4.950000000000000178e+00 8.417379689053821820e-03 -1.218488329150825382e-02
4.974999999999999645e+00 8.053250874544250898e-03 -1.171110645816822449e-02
5.000000000000000000e+00 7.701998530736206550e-03 -1.125176311031821606e-02
5.025000000000000355e+00 7.363356041862253835e-03 -1.080665670318654674e-02
5.049999999999999822e+00 7.037050144683412375e-03 -1.037557841390331255e-02
5.075000000000000178e+00 6.722801856820355589e-03 -9.958308125588608006e-03
5.099999999999999645e+00 6.420327377250825175e-03 -9.554615400465179056e-03
5.125000000000000000e+00 6.129338956769352781e-03 -9.164260438768584427e-03
5.150000000000000355e+00 5.849545736393663327e-03 -8.786995020384148064e-03
5.174999999999999822e+00 5.580654551908572659e-03 -8.422563426320158961e-03
5.200000000000000178e+00 5.322370702969535759e-03 -8.070703337336415997e-03
5.224999999999999645e+00 5.074398685444112857e-03 -7.731146707285703468e-03
5.250000000000000000e+00 4.836442885947631921e-03 -7.403620608989604918e-03
5.275000000000000355e+00 4.608208237823289630e-03 -7.087848050755087524e-03
5.299999999999999822e+00 4.389400838116032204e-03 -6.783548761933001423e-03
5.325000000000000178e+00 4.179728525383288699e-03 -6.490439946216388853e-03
5.349999999999999645e+00 3.978901418461763470e-03 -6.208237001663436880e-03
5.375000000000000000e+00 3.786632416557179220e-03 -5.936654206697040102e-03
5.400000000000000355e+00 3.602637661235803639e-03 -5.675405371574745485e-03
5.424999999999999822e+00 3.426636961067036115e-03 -5.424204455031886481e-03
5.450000000000000178e+00 3.258354179795543235e-03 -5.182766145978267777e-03
5.474999999999999645e+00 3.097517589011982569e-03 -4.950806410275046011e-03
5.500000000000000000e+00 2.943860186349922872e-03 -4.728043002738793917e-03
5.525000000000000355e+00 2.797119980272753850e-03 -4.514195944621600919e-03
5.549999999999999822e+00 2.657040242537281761e-03 -4.308987966906107497e-03
5.575000000000000178e+00 2.523369729441278780e-03 -4.112144919841619409e-03
5.599999999999999645e+00 2.395862872988096647e-03 -3.923396149237449657e-03
5.625000000000000000e+00 2.274279943138321491e-03 -3.742474840126984448e-03
5.650000000000000355e+00 2.158387182369307915e-03 -3.569118328522792767e-03
5.674999999999999822e+00 2.047956913826090835e-03 -3.403068382097265698e-03
5.700000000000000178e+00 1.942767624418420807e-03 -3.244071450741856447e-03
5.724999999999999645e+00 1.842604024290947799e-03 -3.091878888074580615e-03
5.750000000000000000e+00 1.747257084158870518e-03 -2.946247145073086719e-03
5.775000000000000355e+00 1.656524052051749777e-03 -2.806937937102623598e-03
5.799999999999999822e+00 1.570208451035608622e-03 -2.673718385677694917e-03
5.825000000000000178e+00 1.488120059483743129e-03 -2.546361136339739002e-03
5.849999999999999645e+00 1.410074875436983198e-03 -2.424644454047969466e-03
5.875000000000000000e+00 1.335895066535942475e-03 -2.308352297468067166e-03
5.900000000000000355e+00 1.265408906925421465e-03 -2.197274373507222475e-03
5.924999999999999822e+00 1.198450702431171598e-03 -2.091206173389362297e-03
5.950000000000000178e+00 1.134860705200615256e-03 -1.989948991499194443e-03
5.974999999999999645e+00 1.074485018890881504e-03 -1.893309928155229027e-03
6.000000000000000000e+00 1.017175495388152962e-03 -1.801101877407432347e-03
6.025000000000000355e+00 9.627896239589806482e-04 -1.713143500901137279e-03
6.049999999999999822e+00 9.111904136708822528e-04 -1.629259188808226521e-03
6.075000000000000178e+00 8.622462698779426908e-04 -1.549279008801598533e-03
6.099999999999999645e+00 8.158308655450795385e-04 -1.473038644037672233e-03
6.125000000000000000e+00 7.718230081779328721e-04 -1.400379321110846453e-03
6.150000000000000355e+00 7.301065031272366019e-04 -1.331147728948310323e-03
6.174999999999999822e+00 6.905700140396037320e-04 -1.265195929617012266e-03
6.200000000000000178e+00 6.531069212232095637e-04 -1.202381262010974311e-03
6.224999999999999645e+00 6.176151786806892375e-04 -1.142566239371391873e-03
6.250000000000000000e+00 5.839971705280774979e-04 -1.085618441560288116e-03
6.275000000000000355e+00 5.521595674663790998e-04 -1.031410402959846229e-03
6.299999999999999822e+00 5.220131839020208811e-04 -9.798194968047417054e-04
6.325000000000000178e+00 4.934728362282713148e-04 -9.307278166770661509e-04
6.349999999999999645e+00 4.664572026871067188e-04 -8.840220558078727957e-04
6.375000000000000000e+00 4.408886851375232239e-04 -8.395933847419542479e-04
6.400000000000000355e+00 4.166932729691566538e-04 -7.973373278396118620e-04
6.424999999999999822e+00 3.938004093260761033e-04 -7.571536390165638317e-04
6.450000000000000178e+00 3.721428597499344963e-04 -7.189461770652205968e-04
6.474999999999999645e+00 3.516565833168799828e-04 -6.826227808598238746e-04
6.500000000000000000e+00 3.322806063290500750e-04 -6.480951447245285931e-04
6.525000000000000355e+00 3.139568986263554574e-04 -6.152786942355952535e-04
6.549999999999999822e+00 2.966302526030116255e-04 -5.840924627325169401e-04
6.575000000000000178e+00 2.802481650393169881e-04 -5.544589688229708191e-04
6.599999999999999645e+00 2.647607218857263864e-04 -5.263040951772097629e-04
6.625000000000000000e+00 2.501204861563346418e-04 -4.995569689132774768e-04
6.650000000000000355e+00 2.362823890971563353e-04 -4.741498438707925697e-04
6.674999999999999822e+00 2.232036247873800871e-04 -4.500179850548246402e-04
6.700000000000000178e+00 2.108435483080289992e-04 -4.270995555018261905e-04
6.724999999999999645e+00 1.991635775733570379e-04 -4.053355057775294445e-04
6.750000000000000888e+00 1.881270988697402043e-04 -3.846694662653213554e-04
6.775000000000001243e+00 1.776993760899523063e-04 -3.650476423472384050e-04
6.799999999999999822e+00 1.678474635940184739e-04 -3.464187125236707371e-04
6.825000000000001066e+00 1.585401225776952644e-04 -3.287337294673773431e-04
6.849999999999999645e+00 1.497477407916650858e-04 -3.119460239673560518e-04
6.875000000000000000e+00 1.414422554325763816e-04 -2.960111116915376873e-04
6.900000000000001243e+00 1.335970790232952606e-04 -2.808866026861145501e-04
6.924999999999999822e+00 1.261870281131158831e-04 -2.665321135328401815e-04
6.950000000000001066e+00 1.191882546570114185e-04 -2.529091821019644219e-04
6.974999999999999645e+00 1.125781799709808318e-04 -2.399811848633522245e-04
7.000000000000000000e+00 1.063354312028253222e-04 -2.277132567472757224e-04
7.025000000000001243e+00 1.004397802975420529e-04 -2.160722135739414512e-04
7.049999999999999822e+00 9.487208546838366810e-05 -2.050264770922397906e-04
7.075000000000001066e+00 8.961423520389299622e-05 -1.945460026796881809e-04
7.099999999999999645e+00 8.464909484506217868e-05 -1.846022097547290130e-04
7.125000000000000000e+00 7.996045575486345500e-05 -1.751679149390301363e-04
7.150000000000001243e+00 7.553298707635857799e-05 -1.662172679825425401e-04
7.174999999999999822e+00 7.135219003917951945e-05 -1.577256904307652657e-04
7.200000000000000178e+00 6.740435473253598227e-05 -1.496698169762657518e-04
7.224999999999999645e+00 6.367651922183804197e-05 -1.420274393996594805e-04
7.250000000000000000e+00 6.015643085127663072e-05 -1.347774529738099782e-04
7.275000000000001243e+00 5.683250955105575563e-05 -1.278998051827651649e-04
7.299999999999999822e+00 5.369381295877628173e-05 -1.213754465968921266e-04
7.325000000000000178e+00 5.073000317081438398e-05 -1.151862837485544968e-04
7.349999999999999645e+00 4.793131496078776238e-05 -1.093151338681265647e-04
7.375000000000000000e+00 4.528852533529800593e-05 -1.037456813655452878e-04
7.400000000000001243e+00 4.279292433773201302e-05 -9.846243597456892627e-05
7.424999999999999822e+00 4.043628705355841049e-05 -9.345069251072559780e-05
7.450000000000000178e+00 3.821084680976615655e-05 -8.869649222529113150e-05
7.474999999999999645e+00 3.610926959159204758e-05 -8.418658576196840003e-05
7.500000000000000000e+00 3.412462971806124536e-05 -7.990839773755017863e-05
7.525000000000000355e+00 3.225038682163113436e-05 -7.584999297053145412e-05
7.549999999999999822e+00 3.048036416675417213e-05 -7.200004437276115031e-05
7.575000000000000178e+00 2.880872831914675175e-05 -6.834780250002227351e-05
7.599999999999999645e+00 2.722997014566579053e-05 -6.488306673104059685e-05
7.625000000000000000e+00 2.573888708876137158e-05 -6.159615801468892350e-05
7.650000000000000355e+00 2.433056662474950355e-05 -5.847789309640665965e-05
7.674999999999999822e+00 2.300037078662828220e-05 -5.551956011127901451e-05
7.700000000000000178e+00 2.174392161402259052e-05 -5.271289541613591751e-05
7.724999999999999645e+00 2.055708738758575734e-05 -5.005006152867943965e-05
7.750000000000000000e+00 1.943596951374812213e-05 -4.752362604855008330e-05
7.775000000000000355e+00 1.837688994680470071e-05 -4.512654145274123247e-05
7.799999999999999822e+00 1.737637906628367669e-05 -4.285212568322535159e-05
7.825000000000000178e+00 1.643116396407873304e-05 -4.069404347491684993e-05
7.849999999999999645e+00 1.553815713313952410e-05 -3.864628840300752589e-05
7.875000000000000000e+00 1.469444558261171009e-05 -3.670316565619679910e-05
7.900000000000000355e+00 1.389728042899142883e-05 -3.485927556295294192e-05
7.924999999999999822e+00 1.314406702595518317e-05 -3.310949790902969136e-05
7.950000000000000178e+00 1.243235569567619622e-05 -3.144897708492184313e-05
7.974999999999999645e+00 1.175983311191035796e-05 -2.987310809193621634e-05
8.000000000000000000e+00 1.112431436208511723e-05 -2.837752341692389781e-05
8.025000000000000355e+00 1.052373568549125824e-05 -2.695808076116571803e-05
8.050000000000000711e+00 9.956147851969822547e-06 -2.561085158227917083e-05
8.074999999999999289e+00 9.419710114772716656e-06 -2.433211038301514369e-05
8.099999999999999645e+00 8.912684647119232720e-06 -2.311832466116059724e-05
8.125000000000000000e+00 8.433431357572532166e-06 -2.196614542325923589e-05
8.150000000000000355e+00 7.980402976916782366e-06 -2.087239816304928340e-05
8.175000000000000711e+00 7.552140318883113172e-06 -1.983407421393688612e-05
8.199999999999999289e+00 7.147267637659961883e-06 -1.884832240203048744e-05
8.224999999999999645e+00 6.764488033650422508e-06 -1.791244095016250614e-05
8.250000000000000000e+00 6.402578891571873543e-06 -1.702386961063484045e-05
8.275000000000000355e+00 6.060387367291885910e-06 -1.618018203136105144e-05
8.300000000000000711e+00 5.736825967377479950e-06 -1.537907838323606204e-05
8.324999999999999289e+00 5.430868284606271138e-06 -1.461837829282235306e-05
8.349999999999999645e+00 5.141544961199755533e-06 -1.389601413176821159e-05
8.375000000000000000e+00 4.867939948271826507e-06 -1.321002471203766545e-05
8.400000000000000355e+00 4.609187115753980249e-06 -1.255854942456994629e-05
8.425000000000000711e+00 4.364467243905891748e-06 -1.193982284013704259e-05
8.449999999999999289e+00 4.133005398967258644e-06 -1.135216976790119609e-05
8.474999999999999645e+00 3.914068665500243765e-06 -1.079400074259264678e-05
8.500000000000000000e+00 3.706964180909026777e-06 -1.026380788913600471e-05
8.525000000000000355e+00 3.511037397078734630e-06 -9.760161096811195480e-06
8.550000000000000711e+00 3.325670483073941694e-06 -9.281704426128794925e-06
8.574999999999999289e+00 3.150280782680943862e-06 -8.827152671740652281e-06
8.599999999999999645e+00 2.984319251331316951e-06 -8.395288013739532967e-06
8.625000000000000000e+00 2.827268816973050675e-06 -7.984956706548719871e-06
8.650000000000000355e+00 2.678642636026869304e-06 -7.595065776691221950e-06
8.675000000000000711e+00 2.537982244883638806e-06 -7.224579725258176780e-06
8.699999999999999289e+00 2.404855635511444579e-06 -6.872517254329390750e-06
8.724999999999999645e+00 2.278855306828958725e-06 -6.537948055864863045e-06
8.750000000000000000e+00 2.159596358400425256e-06 -6.219989714195896183e-06
8.775000000000000355e+00 2.046714697912293534e-06 -5.917804777428193977e-06
8.800000000000000711e+00 1.939865428167602625e-06 -5.630598048559753723e-06
8.824999999999999289e+00 1.838721464029084153e-06 -5.357614134659155941e-06
8.849999999999999645e+00 1.742972407058839401e-06 -5.098135273800036907e-06
8.875000000000000000e+00 1.652323678756001009e-06 -4.851479437438727384e-06
8.900000000000000355e+00 1.566495886196256327e-06 -4.616998683611186361e-06
8.925000000000000711e+00 1.485224370124484281e-06 -4.394077716810119301e-06
8.949999999999999289e+00 1.408258868594497070e-06 -4.182132596478581478e-06
8.974999999999999645e+00 1.335363221211393429e-06 -3.980609529509650195e-06
9.000000000000000000e+00 1.266315041075410798e-06 -3.788983683938277723e-06
9.025000000000000355e+00 1.200905293205765740e-06 -3.606757970754584945e-06
9.050000000000000711e+00 1.138937737864716034e-06 -3.433461757152444658e-06
9.074999999999999289e+00 1.080228222027342370e-06 -3.268649495139394523e-06
9.099999999999999645e+00 1.024603828757532289e-06 -3.111899271526052580e-06
9.125000000000000000e+00 9.719019188623713741e-07 -2.962811305749462443e-06
9.150000000000000355e+00 9.219691184632623498e-07 -2.821006438075389773e-06
9.175000000000000711e+00 8.746603174887168448e-07 -2.686124660242569150e-06
9.199999999999999289e+00 8.298377461534809945e-07 -2.557823742403542840e-06
9.224999999999999645e+00 7.873701889709571854e-07 -2.435778004122436789e-06
9.250000000000000000e+00 7.471323799638744136e-07 -2.319677264110716211e-06
9.275000000000000355e+00 7.090046008357039542e-07 -2.209225985357676269e-06
9.300000000000000711e+00 6.728724789061343057e-07 -2.104142611698095745e-06
9.324999999999999289e+00 6.386269572696867882e-07 -2.004159071762268335e-06
9.349999999999999645e+00 6.061643891130618609e-07 -1.909020409320501258e-06
9.375000000000000000e+00 5.753866943118246356e-07 -1.818484487636393204e-06
9.400000000000000355e+00 5.462015111749225036e-07 -1.732321711102741711e-06
9.425000000000000711e+00 5.185222800882707055e-07 -1.650314710725478953e-06
9.449999999999999289e+00 4.922682082840200052e-07 -1.572257950330456246e-06
9.474999999999999645e+00 4.673640841437854994e-07 -1.497957226347057083e-06
9.500000000000000000e+00 4.437399326956105016e-07 -1.427229053288919241e-06
9.525000000000000355e+00 4.213305279925662116e-07 -1.359899946984931933e-06
9.550000000000000711e+00 4.000747995150611471e-07 -1.295805635496548027e-06
9.574999999999999289e+00 3.799151857976909292e-07 -1.234790240948895626e-06
9.599999999999999645e+00 3.607969968810541944e-07 -1.176705482564646220e-06
9.625000000000000000e+00 3.426678468565536560e-07 -1.121409950965609366e-06
9.650000000000000355e+00 3.254772090107574910e-07 -1.068768496598867439e-06
9.675000000000000711e+00 3.091761299183416931e-07 -1.018651761805148559e-06
9.699999999999999289e+00 2.937171178606717492e-07 -9.709358687366668610e-07
9.724999999999999645e+00 2.790541979385663237e-07 -9.255022562754790433e-07
9.750000000000000000e+00 2.651431044521440042e-07 -8.822376410832623426e-07
9.775000000000000355e+00 2.519415636054381040e-07 -8.410340634276102657e-07
9.800000000000000711e+00 2.394096086199061498e-07 -8.017889693027079766e-07
9.824999999999999289e+00 2.275098664558942227e-07 -7.644052780205890655e-07
9.849999999999999645e+00 2.162077608283639729e-07 -7.287913889773421987e-07
9.875000000000000000e+00 2.054715892216748948e-07 -6.948610920735225727e-07
9.900000000000000355e+00 1.952724502754524883e-07 -6.625333617793126698e-07
9.925000000000000711e+00 1.855840196402152341e-07 -6.317320328150884418e-07
9.949999999999999289e+00 1.763821940872612148e-07 -6.023853734318041950e-07
9.974999999999999645e+00 1.676446423728434307e-07 -5.744255878190891405e-07
1.000000000000000000e+01 1.593503145306116485e-07 -5.477882900889252787e-07
1.002500000000000036e+01 1.514789670974656878e-07 -5.224119971964345327e-07
1.005000000000000071e+01 1.440107596042082990e-07 -4.982376863418899899e-07
1.007499999999999929e+01 1.369259678025516514e-07 -4.752084543372615023e-07
1.009999999999999964e+01 1.302048430513156976e-07 -4.532693030521773829e-07
1.012500000000000000e+01 1.238276272857587531e-07 -4.323670585977591133e-07
1.015000000000000036e+01 1.177747118459509202e-07 -4.124504143323575541e-07
1.017500000000000071e+01 1.120269091328200753e-07 -3.934700717884582714e-07
1.019999999999999929e+01 1.065657911928661189e-07 -3.753789413285966780e-07
1.022499999999999964e+01 1.013740409149203661e-07 -3.581323572818169853e-07
1.025000000000000000e+01 9.643576069129684126e-08 -3.416882616937091603e-07
1.027500000000000036e+01 9.173669017796847453e-08 -3.260073163744819451e-07
1.030000000000000071e+01 8.726429815227569430e-08 -3.110529140219863334e-07
1.032499999999999929e+01 8.300773151737893562e-08 -2.967910741460806563e-07
1.034999999999999964e+01 7.895762474483386666e-08 -2.831902263206853595e-07
1.037500000000000000e+01 7.510579254506986811e-08 -2.702208994321929223e-07
1.040000000000000036e+01 7.144484478341548433e-08 -2.578553491020899402e-07
1.042500000000000071e+01 6.796777324913061487e-08 -2.460671642310367746e-07
1.044999999999999929e+01 6.466756355021450724e-08 -2.348308966932050012e-07
1.047499999999999964e+01 6.153688165745434312e-08 -2.241217551405455413e-07
1.050000000000000000e+01 5.856787399776179314e-08 -2.139153950611366910e-07
1.052500000000000036e+01 5.575210416884537249e-08 -2.041878241761907396e-07
1.055000000000000071e+01 5.308063040397610363e-08 -1.949154265390264680e-07
1.057499999999999929e+01 5.054420858987729733e-08 -1.860750926934046425e-07
1.059999999999999964e+01 4.813358862090399622e-08 -1.776444291426818200e-07
1.062500000000000000e+01 4.583985941004134104e-08 -1.696020100185364645e-07
1.065000000000000036e+01 4.365479172337477838e-08 -1.619276287597052728e-07
1.067500000000000071e+01 4.157112894929227359e-08 -1.546025083116488456e-07
1.069999999999999929e+01 3.958278368933335051e-08 -1.476094348772230489e-07
1.072499999999999964e+01 3.768491161989286778e-08 -1.409327913923067952e-07
1.075000000000000000e+01 3.587385143218096850e-08 -1.345584813446539516e-07
1.077500000000000036e+01 3.414693837351989208e-08 -1.284737490502154009e-07
1.080000000000000071e+01 3.250221645672247283e-08 -1.226669170506743938e-07
1.082499999999999929e+01 3.093808825669705078e-08 -1.171270728071011774e-07
1.084999999999999964e+01 2.945294960493387055e-08 -1.118437438319617558e-07
1.087500000000000000e+01 2.804485820558804026e-08 -1.068066018701726499e-07
1.090000000000000036e+01 2.671128016650316566e-08 -1.020052325422817693e-07
1.092500000000000071e+01 2.544894732022639225e-08 -9.742899772307252835e-08
1.094999999999999929e+01 2.425384267422032840e-08 -9.306700503130382354e-08
1.097499999999999964e+01 2.312131351973188535e-08 -8.890818402792249094e-08
1.100000000000000000e+01 2.204629416746226710e-08 -8.494145421686331616e-08
1.102500000000000036e+01 2.102360530241951498e-08 -8.115595745474459823e-08
1.105000000000000071e+01 2.004828677886440445e-08 -7.754131896718377153e-08
1.107499999999999929e+01 1.911591645187262565e-08 -7.408789763986221939e-08
1.109999999999999964e+01 1.822287007611339336e-08 -7.078698824509055161e-08
1.112500000000000000e+01 1.736648593024359842e-08 -6.763094540854145149e-08
1.115000000000000036e+01 1.654511134061896967e-08 -6.461321031076292024e-08
1.117500000000000071e+01 1.575802489459883573e-08 -6.172823490817298685e-08
1.119999999999999929e+01 1.500524542129000422e-08 -5.897131274190648973e-08
1.122499999999999964e+01 1.428725439308997058e-08 -5.633833841094936989e-08
1.125000000000000000e+01 1.360467023296616082e-08 -5.382552752368638463e-08
1.127500000000000036e+01 1.295791928894952219e-08 -5.142913422856395267e-08
1.130000000000000071e+01 1.234694839029094084e-08 -4.914520354196274478e-08
1.132499999999999929e+01 1.177101776100581988e-08 -4.696939062873657610e-08
1.134999999999999964e+01 1.122860163294307626e-08 -4.489686973592520982e-08
1.137500000000000000e+01 1.071740881606116799e-08 -4.292234296679505012e-08
1.140000000000000036e+01 1.023451878987400977e-08 -4.104014524001068870e-08
1.142500000000000071e+01 9.776612973012064057e-09 -3.924442863148417977e-08
1.144999999999999929e+01 9.340267887268408862e-09 -3.752939846958391480e-08
1.147499999999999964e+01 8.922268649257814704e-09 -3.588956676369726636e-08
1.150000000000000000e+01 8.519898845255582720e-09 -3.431998647912458476e-08
1.152500000000000036e+01 8.131166469351502752e-09 -3.281643321334361438e-08
1.155000000000000071e+01 7.754934854334431905e-09 -3.137550844259815179e-08
1.157499999999999929e+01 7.390940951309909167e-09 -2.999464965949298601e-08
1.159999999999999964e+01 7.039699038764570045e-09 -2.867204573903797499e-08
1.162500000000000000e+01 6.702303884574328456e-09 -2.740646909744801514e-08
1.165000000000000036e+01 6.380161109633246110e-09 -2.619704762152651009e-08
1.167500000000000071e+01 6.074682423603997786e-09 -2.504300754013228081e-08
1.169999999999999929e+01 5.786987906260663955e-09 -2.394342221387601464e-08
1.172499999999999964e+01 5.517656198427615454e-09 -2.289700073195138811e-08
1.175000000000000000e+01 5.266556517416393862e-09 -2.190194444870004547e-08
1.177500000000000036e+01 5.032784785674950202e-09 -2.095588998473130189e-08
1.180000000000000071e+01 4.814711608877278662e-09 -2.005594515341181491e-08
1.182499999999999929e+01 4.610134303018622980e-09 -1.919881137706353710e-08
1.184999999999999964e+01 4.416510835290820760e-09 -1.838097428083058663e-08
1.187500000000000000e+01 4.231242446222394682e-09 -1.759893492801878289e-08
1.190000000000000036e+01 4.051965236353089214e-09 -1.684944875937253617e-08
1.192500000000000071e+01 3.876810131479059253e-09 -1.612973858690455852e-08
1.194999999999999929e+01 3.704595354636683555e-09 -1.543765183837061287e-08
1.197499999999999964e+01 3.534925184424188687e-09 -1.477174028293318257e-08
1.200000000000000000e+01 3.368181969676794615e-09 -1.413125137513334111e-08
1.202500000000000036e+01 3.205413252553825222e-09 -1.351603269207132880e-08
1.205000000000000071e+01 3.048130365305463915e-09 -1.292636298095711048e-08
1.207499999999999929e+01 2.898046970855606966e-09 -1.236273340232327636e-08
1.209999999999999964e+01 2.756794113279234141e-09 -1.182560924298941915e-08
1.212500000000000000e+01 2.625651278655444633e-09 -1.131520487490809638e-08
1.215000000000000036e+01 2.505330447258632678e-09 -1.083130262684512937e-08
1.217500000000000071e+01 2.395842471018723705e-09 -1.037313992470978533e-08
1.219999999999999929e+01 2.296463502441192823e-09 -9.939379452622152501e-09
1.222499999999999964e+01 2.205805188145718044e-09 -9.528165445398945141e-09
1.225000000000000000e+01 2.121977992740062753e-09 -9.137257357818386581e-09
1.227500000000000036e+01 2.042824188554249626e-09 -8.764221468609818641e-09
1.230000000000000071e+01 1.966187631304949588e-09 -8.406653187038181447e-09
1.232499999999999929e+01 1.890182604965294918e-09 -8.062398786697694383e-09
1.234999999999999964e+01 1.813424471285584657e-09 -7.729745643487581776e-09
1.237500000000000000e+01 1.735190439685397547e-09 -7.407554678488259486e-09
1.240000000000000036e+01 1.655488717647222394e-09 -7.095316925852389470e-09
1.242500000000000071e+01 1.575027138612831107e-09 -6.793126794805397472e-09
1.244999999999999929e+01 1.495086368814765589e-09 -6.501576204338328044e-09
1.247499999999999964e+01 1.417315953307602007e-09 -6.221584679524020111e-09
1.250000000000000000e+01 1.343481986702845020e-09 -5.954189262227051144e-09
1.252500000000000036e+01 1.275201674303588389e-09 -5.700323458485282708e-09
1.255000000000000071e+01 1.213701576202038954e-09 -5.460615725734612889e-09
1.257499999999999929e+01 1.159632751570933757e-09 -5.235235091479690514e-09
1.259999999999999964e+01 1.112967898970155057e-09 -5.023804733653297087e-09
1.262500000000000000e+01 1.072994035942711809e-09 -4.825394802139944680e-09
1.265000000000000036e+01 1.038400922235344159e-09 -4.638594708344219227e-09
1.267500000000000071e+01 1.007452202142938709e-09 -4.461654119410224302e-09
1.269999999999999929e+01 9.782148887132150333e-10 -4.292672473125362426e-09
1.272499999999999964e+01 9.488149286758529916e-10 -4.129810293709582116e-09
1.275000000000000000e+01 9.176832392983595944e-10 -3.971492753916796516e-09
1.277500000000000036e+01 8.837582068350820148e-10 -3.816577292604373808e-09
1.280000000000000071e+01 8.466169341556687420e-10 -3.664462241603604213e-09
1.282499999999999929e+01 8.065175916423507068e-10 -3.515121798561455482e-09
1.284999999999999964e+01 7.643476891081861828e-10 -3.369062997195199775e-09
1.287500000000000000e+01 7.214861280545335318e-10 -3.227211128840105356e-09
1.290000000000000036e+01 6.795987798337312728e-10 -3.090739964295267108e-09
1.292500000000000071e+01 6.403963773651505602e-10 -2.960870612204422643e-09
1.294999999999999929e+01 6.053885051314807453e-10 -2.838667018146740758e-09
1.297499999999999964e+01 5.756677527885358028e-10 -2.724856373953588939e-09
1.300000000000000000e+01 5.517536478379952491e-10 -2.619699018704517431e-09
1.302500000000000036e+01 5.335175113430352647e-10 -2.522925397824581034e-09
1.305000000000000071e+01 5.201979736687748115e-10 -2.433748227137548078e-09
1.307499999999999929e+01 5.105043076498215923e-10 -2.350947531788329321e-09
1.309999999999999964e+01 5.027925890639352628e-10 -2.273016185364394503e-09
1.312500000000000000e+01 4.952896990509058489e-10 -2.198345262852803184e-09
1.315000000000000036e+01 4.863338183210663124e-10 -2.125423221636130330e-09
1.317500000000000071e+01 4.745979474378622980e-10 -2.053021155415433560e-09
1.319999999999999929e+01 4.592656430328354575e-10 -1.980338548369856722e-09
1.322499999999999964e+01 4.401349932556638364e-10 -1.907089606595873431e-09
1.325000000000000000e+01 4.176369549713526658e-10 -1.833518611040703333e-09
1.327500000000000036e+01 3.927661688601840745e-10 -1.760342677196005467e-09
1.330000000000000071e+01 3.669344634649488560e-10 -1.688630333821669154e-09
1.332499999999999929e+01 3.417679102729882088e-10 -1.619633184051862361e-09
1.334999999999999964e+01 3.188759415103781324e-10 -1.554594269979660147e-09
1.337500000000000000e+01 2.996246853674914064e-10 -1.494559795429728676e-09
1.340000000000000036e+01 2.849458747464241763e-10 -1.440220230357295296e-09
1.342500000000000071e+01 2.752074956560433871e-10 -1.391802520568742246e-09
1.344999999999999929e+01 2.701636255370089555e-10 -1.349027925824345455e-09
1.347499999999999964e+01 2.689898073093889864e-10 -1.311140802584741232e-09
1.350000000000000178e+01 2.703984132591044004e-10 -1.277003779674635248e-09
1.352500000000000213e+01 2.728174425720326211e-10 -1.245245651360022523e-09
1.355000000000000249e+01 2.746074768722914881e-10 -1.214441052656952228e-09
1.357499999999999929e+01 2.742865438385997036e-10 -1.183296853523429655e-09
1.359999999999999964e+01 2.707316010473058827e-10 -1.150819311128856473e-09
1.362500000000000000e+01 2.633289697483696125e-10 -1.116439009822301192e-09
1.365000000000000213e+01 2.520532399550386310e-10 -1.080076569624449331e-09
1.367500000000000249e+01 2.374642287972715301e-10 -1.042140416227786840e-09
1.369999999999999929e+01 2.206230323638287511e-10 -1.003457430672272736e-09
1.372499999999999964e+01 2.029393544758415938e-10 -9.651465236295001230e-10
1.375000000000000000e+01 1.859717661304453262e-10 -9.284530412418760646e-10
1.377500000000000213e+01 1.712088929759437751e-10 -8.945672101766545768e-10
1.380000000000000249e+01 1.598619485365826714e-10 -8.644518237833359269e-10
1.382499999999999929e+01 1.526972818663553960e-10 -8.387029845604502527e-10
1.384999999999999964e+01 1.499318083616239278e-10 -8.174628716595649694e-10
1.387500000000000000e+01 1.512053562632548004e-10 -8.003962652780583711e-10
1.390000000000000213e+01 1.556332164380743403e-10 -7.867335716441488658e-10
1.392500000000000249e+01 1.619310012288492160e-10 -7.753738959331514056e-10
1.394999999999999929e+01 1.685940380226903406e-10 -7.650334555439240674e-10
1.397499999999999964e+01 1.741060278741770803e-10 -7.544184257876497347e-10
1.400000000000000000e+01 1.771478668221223508e-10 -7.423980958061921797e-10
1.402500000000000213e+01 1.767777153245911671e-10 -7.281543536741870309e-10
1.405000000000000249e+01 1.725575600387083401e-10 -7.112869386340770144e-10
1.407499999999999929e+01 1.646091260197163543e-10 -6.918601979659797162e-10
1.409999999999999964e+01 1.535918885208245669e-10 -6.703852759673776362e-10
1.412500000000000000e+01 1.406067752332985619e-10 -6.477406359460003662e-10
1.415000000000000213e+01 1.270394230382919657e-10 -6.250423645530783823e-10
1.417500000000000249e+01 1.143651147783976604e-10 -6.034825341978343529e-10
1.419999999999999929e+01 1.039426916654568260e-10 -5.841582499141712615e-10
1.422499999999999964e+01 9.682604805040588867e-11 -5.679150740510213032e-10
1.425000000000000000e+01 9.361919829875671018e-11 -5.552264108107523795e-10
1.427500000000000036e+01 9.439468652013431033e-11 -5.461252950894156233e-10
1.430000000000000249e+01 9.868618755407231535e-11 -5.401976296291306206e-10
1.432499999999999929e+01 1.055557955864879252e-10 -5.366373771692111671e-10
1.434999999999999964e+01 1.137261668797901537e-10 -5.343556219857058244e-10
1.437500000000000000e+01 1.217587197704134223e-10 -5.321280001366427773e-10
1.440000000000000036e+01 1.282529023656185140e-10 -5.287598274015676256e-10
1.442500000000000249e+01 1.320387309185790239e-10 -5.232459244473059056e-10
1.444999999999999929e+01 1.323359676474874476e-10 -5.149030554321242311e-10
1.447499999999999964e+01 1.288580933590845185e-10 -5.034568535513125678e-10
1.450000000000000000e+01 1.218470122554258302e-10 -4.890715272569344024e-10
1.452500000000000036e+01 1.120341708294074246e-10 -4.723186879938397234e-10
1.455000000000000249e+01 1.005339439687139253e-10 -4.540900735810195876e-10
1.457499999999999929e+01 8.868453999620569151e-11 -4.354667160047755600e-10
1.459999999999999964e+01 7.785884793968688541e-11 -4.175630586589974214e-10
1.462500000000000000e+01 6.927164865794062734e-11 -4.013678545415695140e-10
1.465000000000000036e+01 6.381000480423351045e-11 -3.876040241602766683e-10
1.467500000000000249e+01 6.191022529738391868e-11 -3.766268374363239427e-10
1.469999999999999929e+01 6.349822963342859110e-11 -3.683743743373451352e-10
1.472499999999999964e+01 6.800124592153838377e-11 -3.623768674500225725e-10
1.475000000000000000e+01 7.442884787288569712e-11 -3.578233212735058311e-10
1.477500000000000036e+01 8.151174958945688523e-11 -3.536758682733140514e-10
1.480000000000000249e+01 8.787883944208179912e-11 -3.488157667103519903e-10
1.482499999999999929e+01 9.224775300957556547e-11 -3.422006243966665689e-10
1.484999999999999964e+01 9.360256596460956862e-11 -3.330110090193275174e-10
1.487500000000000000e+01 9.133408910123882708e-11 -3.207661853599408023e-10
1.490000000000000036e+01 8.532359548903921740e-11 -3.053930974287062977e-10
1.492500000000000071e+01 7.595870706999045153e-11 -2.872392673210715038e-10
1.494999999999999929e+01 6.407961773683012209e-11 -2.670280801092876560e-10
1.497499999999999964e+01 5.086346372178310224e-11 -2.457629010854180569e-10
