# col1: r[fm],  col2: chargedensity, col3: weak density [fm^-3](normailized to Q=1)
2.101448349307773875e-07 4.494944342104472551e-02 -5.285366038114300280e-02
2.500000000000000139e-02 4.495560012815957157e-02 -5.286111371532153935e-02
5.000000000000000278e-02 4.497405962157032672e-02 -5.288346573792553768e-02
7.499999999999999722e-02 4.500479001262599338e-02 -5.292069249368790140e-02
1.000000000000000056e-01 4.504773813973578928e-02 -5.297275400728598121e-02
1.250000000000000000e-01 4.510282955548015199e-02 -5.303959421425436666e-02
1.499999999999999944e-01 4.516996852354497605e-02 -5.312114087521443290e-02
1.749999999999999889e-01 4.524903803875023750e-02 -5.321730548322627097e-02
2.000000000000000111e-01 4.533989988499263768e-02 -5.332798317536174143e-02
2.250000000000000056e-01 4.544239474609682028e-02 -5.345305265995966421e-02
2.500000000000000000e-01 4.555634238337977898e-02 -5.359237617045051888e-02
2.750000000000000222e-01 4.568154189130792242e-02 -5.374579945520750052e-02
2.999999999999999889e-01 4.581777203921947456e-02 -5.391315181075150703e-02
3.250000000000000111e-01 4.596479170303471168e-02 -5.409424616302650063e-02
3.499999999999999778e-01 4.612234038657422874e-02 -5.428887919862308148e-02
3.750000000000000000e-01 4.629013882795631613e-02 -5.449683154503074528e-02
4.000000000000000222e-01 4.646788968292141914e-02 -5.471786799649331484e-02
4.249999999999999889e-01 4.665527827414656103e-02 -5.495173778004379395e-02
4.500000000000000111e-01 4.685197339387614512e-02 -5.519817485495700365e-02
4.749999999999999778e-01 4.705762814661392651e-02 -5.545689823826816661e-02
5.000000000000000000e-01 4.727188081917178125e-02 -5.572761234916850243e-02
5.250000000000000222e-01 4.749435576692909861e-02 -5.601000736594097251e-02
5.500000000000000444e-01 4.772466430749684740e-02 -5.630375959051040630e-02
5.749999999999999556e-01 4.796240561581373296e-02 -5.660853181747441815e-02
5.999999999999999778e-01 4.820716761770709596e-02 -5.692397370645325971e-02
6.250000000000000000e-01 4.845852788180710774e-02 -5.724972215853467439e-02
6.500000000000000222e-01 4.871605451212698834e-02 -5.758540169930824459e-02
6.750000000000000444e-01 4.897930704539330687e-02 -5.793062487231661478e-02
6.999999999999999556e-01 4.924783735819409508e-02 -5.828499264760059889e-02
7.249999999999999778e-01 4.952119058916374522e-02 -5.864809485032337899e-02
7.500000000000000000e-01 4.979890608079503428e-02 -5.901951061424026701e-02
7.750000000000000222e-01 5.008051834418884157e-02 -5.939880886409638211e-02
8.000000000000000444e-01 5.036555804831406580e-02 -5.978554882998961262e-02
8.249999999999999556e-01 5.065355303338490295e-02 -6.017928059547227732e-02
8.499999999999999778e-01 5.094402934600590627e-02 -6.057954567982366811e-02
8.750000000000000000e-01 5.123651229200561208e-02 -6.098587765365625496e-02
9.000000000000000222e-01 5.153052750155727446e-02 -6.139780278594175050e-02
9.250000000000001554e-01 5.182560200038098530e-02 -6.181484071975066469e-02
9.499999999999999556e-01 5.212126528058952379e-02 -6.223650517354228223e-02
9.749999999999999778e-01 5.241705036505296678e-02 -6.266230466472993976e-02
1.000000000000000000e+00 5.271249485993338008e-02 -6.309174325244452930e-02
1.024999999999999911e+00 5.300714199114461844e-02 -6.352432129686343132e-02
1.050000000000000044e+00 5.330054162176181554e-02 -6.395953623307429337e-02
1.074999999999999956e+00 5.359225124867126461e-02 -6.439688335809895525e-02
1.100000000000000089e+00 5.388183697785442483e-02 -6.483585663031976587e-02
1.125000000000000000e+00 5.416887447851576748e-02 -6.527594948103868089e-02
1.149999999999999911e+00 5.445294991671212337e-02 -6.571665563819807654e-02
1.175000000000000044e+00 5.473366086919077139e-02 -6.615746996236965272e-02
1.199999999999999956e+00 5.501061721782032898e-02 -6.659788929496716914e-02
1.225000000000000089e+00 5.528344202436907828e-02 -6.703741331828924621e-02
1.250000000000000000e+00 5.555177238455592109e-02 -6.747554542649833453e-02
1.274999999999999911e+00 5.581526025939213126e-02 -6.791179360605664739e-02
1.300000000000000044e+00 5.607357328097276744e-02 -6.834567132354307795e-02
1.324999999999999956e+00 5.632639552917959730e-02 -6.877669841823395858e-02
1.350000000000000089e+00 5.657342827530657120e-02 -6.920440199640637280e-02
1.375000000000000000e+00 5.681439068846329959e-02 -6.962831732405205809e-02
1.399999999999999911e+00 5.704902050076328390e-02 -7.004798871459537446e-02
1.425000000000000044e+00 5.727707462772528568e-02 -7.046297040828038150e-02
1.449999999999999956e+00 5.749832974094903904e-02 -7.087282744010954538e-02
1.475000000000000089e+00 5.771258279087904119e-02 -7.127713649353503711e-02
1.500000000000000000e+00 5.791965147824427312e-02 -7.167548673747051180e-02
1.524999999999999911e+00 5.811937467346219716e-02 -7.206748064455480163e-02
1.550000000000000044e+00 5.831161278384131702e-02 -7.245273478890713881e-02
1.574999999999999956e+00 5.849624806874914595e-02 -7.283088062182598021e-02
1.600000000000000089e+00 5.867318490301163397e-02 -7.320156522398001131e-02
1.625000000000000000e+00 5.884234998867969579e-02 -7.356445203260911225e-02
1.649999999999999911e+00 5.900369251498001344e-02 -7.391922154211084950e-02
1.675000000000000044e+00 5.915718426582246975e-02 -7.426557197615774042e-02
1.699999999999999956e+00 5.930281967374338714e-02 -7.460321992920924961e-02
1.725000000000000311e+00 5.944061581870544592e-02 -7.493190097499800861e-02
1.750000000000000000e+00 5.957061236982181401e-02 -7.525137023931667557e-02
1.774999999999999911e+00 5.969287146788882642e-02 -7.556140293425388232e-02
1.800000000000000044e+00 5.980747754662654042e-02 -7.586179485094871056e-02
1.824999999999999956e+00 5.991453709075000855e-02 -7.615236280796386370e-02
1.850000000000000311e+00 6.001417832940630914e-02 -7.643294505251976845e-02
1.875000000000000000e+00 6.010655086406910957e-02 -7.670340161206873342e-02
1.899999999999999911e+00 6.019182523062269891e-02 -7.696361459399228555e-02
1.925000000000000044e+00 6.027019239602529610e-02 -7.721348843154701713e-02
1.949999999999999956e+00 6.034186319054553327e-02 -7.745295007452331071e-02
1.975000000000000089e+00 6.040706767706410796e-02 -7.768194912339076996e-02
2.000000000000000000e+00 6.046605445927900890e-02 -7.790045790595323538e-02
2.024999999999999911e+00 6.051908993083578853e-02 -7.810847149571098491e-02
2.049999999999999822e+00 6.056645746742454761e-02 -7.830600767122386507e-02
2.075000000000000178e+00 6.060845656377328305e-02 -7.849310681579443894e-02
2.100000000000000089e+00 6.064540191726792984e-02 -7.866983175676013629e-02
2.125000000000000000e+00 6.067762245969793994e-02 -7.883626754362867139e-02
2.149999999999999911e+00 6.070546033842222355e-02 -7.899252116423446934e-02
2.174999999999999822e+00 6.072926984812764689e-02 -7.913872119807040251e-02
2.200000000000000178e+00 6.074941631435071959e-02 -7.927501740597996116e-02
2.225000000000000089e+00 6.076627493007770442e-02 -7.940158025549973186e-02
2.250000000000000000e+00 6.078022954703285463e-02 -7.951860038132918529e-02
2.274999999999999911e+00 6.079167142368838150e-02 -7.962628798066957725e-02
2.299999999999999822e+00 6.080099793255241275e-02 -7.972487214351089979e-02
2.325000000000000178e+00 6.080861122986316869e-02 -7.981460011832763879e-02
2.350000000000000089e+00 6.081491689138514983e-02 -7.989573651405490473e-02
2.375000000000000000e+00 6.082032251851730159e-02 -7.996856243962405242e-02
2.399999999999999911e+00 6.082523631933692970e-02 -8.003337458272193061e-02
2.424999999999999822e+00 6.083006566948915422e-02 -8.009048422977758930e-02
2.450000000000000178e+00 6.083521565797655323e-02 -8.014021622946740364e-02
2.475000000000000089e+00 6.084108762291162709e-02 -8.018290790225506004e-02
2.500000000000000000e+00 6.084807768219082508e-02 -8.021890789865780691e-02
2.524999999999999911e+00 6.085657526386553662e-02 -8.024857500906193430e-02
2.549999999999999822e+00 6.086696164077028126e-02 -8.027227692801874870e-02
2.575000000000000178e+00 6.087960847376198276e-02 -8.029038897605744740e-02
2.600000000000000089e+00 6.089487636777082130e-02 -8.030329278216975786e-02
2.625000000000000000e+00 6.091311344479087564e-02 -8.031137493027246110e-02
2.649999999999999911e+00 6.093465393796305279e-02 -8.031502557314533497e-02
2.674999999999999822e+00 6.095981681102386612e-02 -8.031463701757859952e-02
2.700000000000000178e+00 6.098890440759498904e-02 -8.031060228474012908e-02
2.725000000000000089e+00 6.102220113503893650e-02 -8.030331365007732647e-02
2.750000000000000000e+00 6.105997218786709396e-02 -8.029316116738653697e-02
2.774999999999999911e+00 6.110246231591627553e-02 -8.028053118199190985e-02
2.799999999999999822e+00 6.114989464266511882e-02 -8.026580483825711265e-02
2.825000000000000178e+00 6.120246953911344379e-02 -8.024935658689000273e-02
2.850000000000000089e+00 6.126036355857118754e-02 -8.023155269767472120e-02
2.875000000000000000e+00 6.132372843749638036e-02 -8.021274978337439299e-02
2.899999999999999911e+00 6.139269016719085120e-02 -8.019329334058651615e-02
2.924999999999999822e+00 6.146734814073289560e-02 -8.017351631330740802e-02
2.950000000000000178e+00 6.154777437902943238e-02 -8.015373768488483208e-02
2.975000000000000089e+00 6.163401283934947378e-02 -8.013426110392085633e-02
3.000000000000000000e+00 6.172607880918998952e-02 -8.011537354954804957e-02
3.024999999999999911e+00 6.182395838786635539e-02 -8.009734404135489261e-02
3.049999999999999822e+00 6.192760805783054101e-02 -8.008042239909358984e-02
3.075000000000000178e+00 6.203695434741847425e-02 -8.006483805717289071e-02
3.100000000000000089e+00 6.215189358650917428e-02 -8.005079893881994479e-02
3.125000000000000000e+00 6.227229175642810810e-02 -8.003849039468796667e-02
3.149999999999999911e+00 6.239798443531806987e-02 -8.002807421057592241e-02
3.174999999999999822e+00 6.252877684010206549e-02 -8.001968768880748928e-02
3.200000000000000178e+00 6.266444396603496059e-02 -8.001344280766678474e-02
3.225000000000000089e+00 6.280473082465534707e-02 -8.000942546309955383e-02
3.250000000000000000e+00 6.294935278067949336e-02 -8.000769479664725237e-02
3.274999999999999911e+00 6.309799598801227316e-02 -8.000828261328098157e-02
3.299999999999999822e+00 6.325031792458632451e-02 -8.001119289244060240e-02
3.325000000000000178e+00 6.340594802519486373e-02 -8.001640139516705275e-02
3.350000000000000089e+00 6.356448841087804225e-02 -8.002385536975099856e-02
3.375000000000000444e+00 6.372551471279531976e-02 -8.003347335782498573e-02
3.399999999999999911e+00 6.388857698790254003e-02 -8.004514510231225399e-02
3.424999999999999822e+00 6.405320072318973490e-02 -8.005873155813388042e-02
3.450000000000000622e+00 6.421888792475673180e-02 -8.007406500608089950e-02
3.475000000000000533e+00 6.438511828762832900e-02 -8.009094926979197504e-02
3.500000000000000000e+00 6.455135044194984517e-02 -8.010916003534844509e-02
3.524999999999999911e+00 6.471702327105190167e-02 -8.012844527260865046e-02
3.549999999999999822e+00 6.488155729681452377e-02 -8.014852575705126714e-02
3.575000000000000622e+00 6.504435612776814091e-02 -8.016909569057303897e-02
3.600000000000000089e+00 6.520480796540886748e-02 -8.018982341938186986e-02
3.625000000000000000e+00 6.536228716424653806e-02 -8.021035224682970810e-02
3.649999999999999911e+00 6.551615584111029900e-02 -8.023030133872727232e-02
3.674999999999999822e+00 6.566576552919087262e-02 -8.024926671837004366e-02
3.700000000000000622e+00 6.581045887218238410e-02 -8.026682234817317241e-02
3.725000000000000089e+00 6.594957135370529966e-02 -8.028252129446483698e-02
3.750000000000000000e+00 6.608243305695303549e-02 -8.029589697162488326e-02
3.774999999999999911e+00 6.620837044923498504e-02 -8.030646446139103056e-02
3.799999999999999822e+00 6.632670818581658245e-02 -8.031372190279624512e-02
3.825000000000000178e+00 6.643677092721485267e-02 -8.031715194786519241e-02
3.850000000000000089e+00 6.653788516393074892e-02 -8.031622327789891824e-02
3.875000000000000000e+00 6.662938104250980265e-02 -8.031039217492227933e-02
3.899999999999999911e+00 6.671059418683886189e-02 -8.029910414267305008e-02
3.924999999999999822e+00 6.678086750871094213e-02 -8.028179557137161970e-02
3.950000000000000178e+00 6.683955300191606053e-02 -8.025789544043075707e-02
3.975000000000000089e+00 6.688601351442283183e-02 -8.022682705323373742e-02
4.000000000000000000e+00 6.691962449357216625e-02 -8.018800979812128193e-02
4.025000000000000355e+00 6.693977569958073359e-02 -8.014086092976721587e-02
4.049999999999999822e+00 6.694587288301047379e-02 -8.008479736517690184e-02
4.075000000000000178e+00 6.693733942216999189e-02 -8.001923748859961216e-02
4.099999999999999645e+00 6.691361791665517700e-02 -7.994360295969481223e-02
4.125000000000000000e+00 6.687417173339287035e-02 -7.985732051932750708e-02
4.150000000000000355e+00 6.681848650162913739e-02 -7.975982378738770417e-02
4.174999999999999822e+00 6.674607155330948560e-02 -7.965055504703573430e-02
4.200000000000000178e+00 6.665646130526046986e-02 -7.952896700977679645e-02
4.224999999999999645e+00 6.654921657952528324e-02 -7.939452455577331036e-02
4.250000000000000000e+00 6.642392585816675465e-02 -7.924670644382458828e-02
4.275000000000000355e+00 6.628020646885657285e-02 -7.908500698548981411e-02
4.299999999999999822e+00 6.611770569764584271e-02 -7.890893767791180846e-02
4.325000000000000178e+00 6.593610182547435250e-02 -7.871802879002227915e-02
4.349999999999999645e+00 6.573510508522532880e-02 -7.851183089697323647e-02
4.375000000000000000e+00 6.551445853646227502e-02 -7.828991635784419978e-02
4.400000000000000355e+00 6.527393885537459417e-02 -7.805188073191220155e-02
4.424999999999999822e+00 6.501335703788022058e-02 -7.779734412903276108e-02
4.450000000000000178e+00 6.473255901425732650e-02 -7.752595248995294841e-02
4.474999999999999645e+00 6.443142617406756589e-02 -7.723737879265180073e-02
4.500000000000000000e+00 6.410987580046785539e-02 -7.693132418106739256e-02
4.525000000000000355e+00 6.376786141326520885e-02 -7.660751901281986909e-02
4.549999999999999822e+00 6.340537302024082389e-02 -7.626572382276831930e-02
4.575000000000000178e+00 6.302243727636669401e-02 -7.590573019945275057e-02
4.599999999999999645e+00 6.261911755056735751e-02 -7.552736157167262709e-02
4.625000000000000000e+00 6.219551389967741678e-02 -7.513047390265080450e-02
4.650000000000000355e+00 6.175176294923653830e-02 -7.471495628943870815e-02
4.674999999999999822e+00 6.128803768078469605e-02 -7.428073146544277028e-02
4.700000000000000178e+00 6.080454712540429157e-02 -7.382775620421103135e-02
4.724999999999999645e+00 6.030153596342081868e-02 -7.335602162291218753e-02
4.750000000000000000e+00 5.977928403043802907e-02 -7.286555338427835871e-02
4.775000000000000355e+00 5.923810573024630016e-02 -7.235641179616277008e-02
4.799999999999999822e+00 5.867834935558923631e-02 -7.182869180828119204e-02
4.825000000000000178e+00 5.810039631828564644e-02 -7.128252290615205711e-02
4.849999999999999645e+00 5.750466029074535745e-02 -7.071806890271128965e-02
4.875000000000000000e+00 5.689158626145539993e-02 -7.013552762854323441e-02
4.900000000000000355e+00 5.626164950751272320e-02 -6.953513052212174916e-02
4.924999999999999822e+00 5.561535448770963536e-02 -6.891714212188658484e-02
4.950000000000000178e+00 5.495323366001966109e-02 -6.828185946237910753e-02
4.974999999999999645e+00 5.427584622757514882e-02 -6.762961137702649950e-02
5.000000000000000000e+00 5.358377681737674925e-02 -6.696075771048974612e-02
5.025000000000000355e+00 5.287763409604712833e-02 -6.627568844378885216e-02
5.049999999999999822e+00 5.215804932695953383e-02 -6.557482273568850106e-02
5.075000000000000178e+00 5.142567487307161955e-02 -6.485860788408512323e-02
5.099999999999999645e+00 5.068118264980648463e-02 -6.412751821138570896e-02
5.125000000000000000e+00 4.992526253237676570e-02 -6.338205387812120839e-02
5.150000000000000355e+00 4.915862072206705902e-02 -6.262273962929677806e-02
5.174999999999999822e+00 4.838197807618304508e-02 -6.185012347824987711e-02
5.200000000000000178e+00 4.759606840664235006e-02 -6.106477533305972732e-02
5.224999999999999645e+00 4.680163675250650912e-02 -6.026728557082527277e-02
5.250000000000000000e+00 4.599943763210586484e-02 -5.945826356538559676e-02
5.275000000000000355e+00 4.519023328076106349e-02 -5.863833617429226042e-02
5.299999999999999822e+00 4.437479188040981820e-02 -5.780814619103389479e-02
5.325000000000000178e+00 4.355388578767593194e-02 -5.696835076865593150e-02
5.349999999999999645e+00 4.272828976703686721e-02 -5.611961982099639146e-02
5.375000000000000000e+00 4.189877923573287477e-02 -5.526263440776865710e-02
5.400000000000000355e+00 4.106612852691825938e-02 -5.439808510966569893e-02
5.424999999999999822e+00 4.023110917728164176e-02 -5.352667039953792200e-02
5.450000000000000178e+00 3.939448824498784779e-02 -5.264909501552048066e-02
5.474999999999999645e+00 3.855702666334854395e-02 -5.176606834176959021e-02
5.500000000000000000e+00 3.771947763515015595e-02 -5.087830280222090107e-02
5.525000000000000355e+00 3.688258507210235432e-02 -4.998651227252751822e-02
5.549999999999999822e+00 3.604708208344883924e-02 -4.909141051507961290e-02
5.575000000000000178e+00 3.521368951743821668e-02 -4.819370964176185324e-02
5.599999999999999645e+00 3.438311455909816988e-02 -4.729411860887800662e-02
5.625000000000000000e+00 3.355604938759190053e-02 -4.639334174845697462e-02
5.650000000000000355e+00 3.273316989635041696e-02 -4.549207733995717928e-02
5.674999999999999822e+00 3.191513447913568030e-02 -4.459101622618563687e-02
5.700000000000000178e+00 3.110258288516561109e-02 -4.369084047704498153e-02
5.724999999999999645e+00 3.029613514638066635e-02 -4.279222210449751262e-02
5.750000000000000000e+00 2.949639057981232049e-02 -4.189582183188084868e-02
5.775000000000000355e+00 2.870392686779980884e-02 -4.100228792042285436e-02
5.799999999999999822e+00 2.791929921846759283e-02 -4.011225505547436759e-02
5.825000000000000178e+00 2.714303960842420066e-02 -3.922634329461760494e-02
5.849999999999999645e+00 2.637565610908216771e-02 -3.834515707941913570e-02
5.875000000000000000e+00 2.561763229735767797e-02 -3.746928431219379713e-02
5.900000000000000355e+00 2.486942675083023482e-02 -3.659929549874817861e-02
5.924999999999999822e+00 2.413147262677050112e-02 -3.573574295769123971e-02
5.950000000000000178e+00 2.340417732383211907e-02 -3.487916009655857297e-02
5.974999999999999645e+00 2.268792222469144179e-02 -3.403006075470275255e-02
6.000000000000000000e+00 2.198306251754098689e-02 -3.318893861266451750e-02
6.025000000000000355e+00 2.128992709411650641e-02 -3.235626666756385994e-02
6.049999999999999822e+00 2.060881852185876550e-02 -3.153249677392290506e-02
6.075000000000000178e+00 1.994001308786271659e-02 -3.071805924925147951e-02
6.099999999999999645e+00 1.928376091240912790e-02 -2.991336254366889352e-02
6.125000000000000000e+00 1.864028613005778989e-02 -2.911879297278416670e-02
6.150000000000000355e+00 1.800978713645571411e-02 -2.833471451299601415e-02
6.174999999999999822e+00 1.739243689911948443e-02 -2.756146865828039416e-02
6.200000000000000178e+00 1.678838333044958830e-02 -2.679937433740213482e-02
6.224999999999999645e+00 1.619774972109256153e-02 -2.604872789030904939e-02
6.250000000000000000e+00 1.562063523147592600e-02 -2.530980310224535679e-02
6.275000000000000355e+00 1.505711543891542076e-02 -2.458285129387054874e-02
6.299999999999999822e+00 1.450724293716362454e-02 -2.386810146540212924e-02
6.325000000000000178e+00 1.397104798468938938e-02 -2.316576049254420386e-02
6.349999999999999645e+00 1.344853919740937077e-02 -2.247601337173892391e-02
6.375000000000000000e+00 1.293970428110315790e-02 -2.179902351210877970e-02
6.400000000000000355e+00 1.244451079839834808e-02 -2.113493307136455820e-02
6.424999999999999822e+00 1.196290696505644159e-02 -2.048386333294367409e-02
6.450000000000000178e+00 1.149482247035881789e-02 -1.984591512172184311e-02
6.474999999999999645e+00 1.104016931668705924e-02 -1.922116925579501340e-02
6.500000000000000000e+00 1.059884267389045280e-02 -1.860968703203925989e-02
6.525000000000000355e+00 1.017072174469181925e-02 -1.801151074339621752e-02
6.549999999999999822e+00 9.755670638126811081e-03 -1.742666422606423821e-02
6.575000000000000178e+00 9.353539248763864666e-03 -1.685515343496536700e-02
6.599999999999999645e+00 8.964164140122566488e-03 -1.629696704597182605e-02
6.625000000000000000e+00 8.587369431216131457e-03 -1.575207708338145079e-02
6.650000000000000355e+00 8.222967685426702672e-03 -1.522043957101789670e-02
6.674999999999999822e+00 7.870760800935702392e-03 -1.470199520508745292e-02
6.700000000000000178e+00 7.530540901668204140e-03 -1.419667004656591409e-02
6.724999999999999645e+00 7.202091227191646447e-03 -1.370437623043875737e-02
6.750000000000000888e+00 6.885187019287695651e-03 -1.322501268861352511e-02
6.775000000000001243e+00 6.579596402075942908e-03 -1.275846588281597492e-02
6.799999999999999822e+00 6.285081251704215284e-03 -1.230461054331969534e-02
6.825000000000001066e+00 6.001398050844622585e-03 -1.186331040900055929e-02
6.849999999999999645e+00 5.728298722647208290e-03 -1.143441896399675396e-02
6.875000000000000000e+00 5.465531438493635534e-03 -1.101778016622873869e-02
6.900000000000001243e+00 5.212841393926659697e-03 -1.061322916321815781e-02
6.924999999999999822e+00 4.969971547532259226e-03 -1.022059299103634730e-02
6.950000000000001066e+00 4.736663318317178503e-03 -9.839691252804571783e-03
6.974999999999999645e+00 4.512657238207890692e-03 -9.470336773923180088e-03
7.000000000000000000e+00 4.297693557618072376e-03 -9.112336232074783396e-03
7.025000000000001243e+00 4.091512803490656228e-03 -8.765490760975091014e-03
7.049999999999999822e+00 3.893856290692550119e-03 -8.429596527759961738e-03
7.075000000000001066e+00 3.704466589007889346e-03 -8.104445284741123093e-03
7.099999999999999645e+00 3.523087949123661008e-03 -7.789824896973353112e-03
7.125000000000000000e+00 3.349466691837637254e-03 -7.485519847604164313e-03
7.150000000000001243e+00 3.183351565184361180e-03 -7.191311723297503199e-03
7.174999999999999822e+00 3.024494074240898552e-03 -6.906979682115076818e-03
7.200000000000000178e+00 2.872648788057166613e-03 -6.632300906115827163e-03
7.224999999999999645e+00 2.727573627503127648e-03 -6.367051040616956287e-03
7.250000000000000000e+00 2.589030136916983804e-03 -6.111004621588629268e-03
7.275000000000001243e+00 2.456783741377652121e-03 -5.863935492083236813e-03
7.299999999999999822e+00 2.330603990321836357e-03 -5.625617207983142284e-03
7.325000000000000178e+00 2.210264787192895049e-03 -5.395823432748344216e-03
7.349999999999999645e+00 2.095544603944408339e-03 -5.174328320310375186e-03
7.375000000000000000e+00 1.986226678600747433e-03 -4.960906884832807888e-03
7.400000000000001243e+00 1.882099193749941796e-03 -4.755335355776039129e-03
7.424999999999999822e+00 1.782955433822962709e-03 -4.557391516576008578e-03
7.450000000000000178e+00 1.688593919282465857e-03 -4.366855025276427868e-03
7.474999999999999645e+00 1.598818516355371986e-03 -4.183507715625865361e-03
7.500000000000000000e+00 1.513438521628032414e-03 -4.007133877437662854e-03
7.525000000000000355e+00 1.432268721598321673e-03 -3.837520515379618836e-03
7.549999999999999822e+00 1.355129428057572083e-03 -3.674457585769652732e-03
7.575000000000000178e+00 1.281846490876639580e-03 -3.517738211366625879e-03
7.599999999999999645e+00 1.212251290326893079e-03 -3.367158874525408123e-03
7.625000000000000000e+00 1.146180711432553826e-03 -3.222519589404572535e-03
7.650000000000000355e+00 1.083477103003447576e-03 -3.083624054155281909e-03
7.674999999999999822e+00 1.023988223940310071e-03 -2.950279784171747598e-03
7.700000000000000178e+00 9.675671791646137153e-04 -2.822298227549584638e-03
7.724999999999999645e+00 9.140723471464125673e-04 -2.699494863888166930e-03
7.750000000000000000e+00 8.633673005434841724e-04 -2.581689287504186116e-03
7.775000000000000355e+00 8.153207209844791706e-04 -2.468705276017137823e-03
7.799999999999999822e+00 7.698063085857121540e-04 -2.360370845145203476e-03
7.825000000000000178e+00 7.267026864343096443e-04 -2.256518290433013902e-03
7.849999999999999645e+00 6.858933000325848506e-04 -2.156984216537291815e-03
7.875000000000000000e+00 6.472663115959833560e-04 -2.061609554633628792e-03
7.900000000000000355e+00 6.107144891263229349e-04 -1.970239568482671892e-03
7.924999999999999822e+00 5.761350903242880598e-04 -1.882723849705210265e-03
7.950000000000000178e+00 5.434297416270526338e-04 -1.798916302856694380e-03
7.974999999999999645e+00 5.125043129182081615e-04 -1.718675120951858142e-03
8.000000000000000000e+00 4.832687887143768718e-04 -1.641862752156748786e-03
8.025000000000000355e+00 4.556371368464463942e-04 -1.568345858425970133e-03
8.050000000000000711e+00 4.295271757918088669e-04 -1.497995266905868513e-03
8.074999999999999289e+00 4.048604418575677834e-04 -1.430685914941709318e-03
8.099999999999999645e+00 3.815620573575673755e-04 -1.366296789514376319e-03
8.125000000000000000e+00 3.595606007762656292e-04 -1.304710861889857168e-03
8.150000000000000355e+00 3.387879796892419022e-04 -1.245815018196470315e-03
8.175000000000000711e+00 3.191793069428343777e-04 -1.189499986558210237e-03
8.199999999999999289e+00 3.006727803161989552e-04 -1.135660261316486603e-03
8.224999999999999645e+00 2.832095656319257157e-04 -1.084194024777067463e-03
8.250000000000000000e+00 2.667336830746655789e-04 -1.035003066833669943e-03
8.275000000000000355e+00 2.511918963417828074e-04 -9.879927027511992838e-04
8.300000000000000711e+00 2.365336041971583491e-04 -9.430716893455407977e-04
8.324999999999999289e+00 2.227107340277348759e-04 -9.001521397737340200e-04
8.349999999999999645e+00 2.096776371017537504e-04 -8.591494371470867822e-04
8.375000000000000000e+00 1.973909853780469049e-04 -8.199821471956742934e-04
8.400000000000000355e+00 1.858096698917635300e-04 -7.825719302389446026e-04
8.425000000000000711e+00 1.748947009165705891e-04 -7.468434527469025412e-04
8.449999999999999289e+00 1.646091102505835063e-04 -7.127242988016344516e-04
8.474999999999999645e+00 1.549178560725823371e-04 -6.801448817836781239e-04
8.500000000000000000e+00 1.457877308532481249e-04 -6.490383566078345183e-04
8.525000000000000355e+00 1.371872727786257096e-04 -6.193405328157298127e-04
8.550000000000000711e+00 1.290866810549878407e-04 -5.909897887993703202e-04
8.574999999999999289e+00 1.214577353283026825e-04 -5.639269873828762743e-04
8.599999999999999645e+00 1.142737192866264713e-04 -5.380953929342509367e-04
8.625000000000000000e+00 1.075093483421689697e-04 -5.134405901206868985e-04
8.650000000000000355e+00 1.011407011335902704e-04 -4.899104043657706619e-04
8.675000000000000711e+00 9.514515446817129764e-05 -4.674548240207486763e-04
8.699999999999999289e+00 8.950132125150370664e-05 -4.460259242285576314e-04
8.724999999999999645e+00 8.418899093678426269e-05 -4.255777924411326325e-04
8.750000000000000000e+00 7.918907206587254667e-05 -4.060664555479777697e-04
8.775000000000000355e+00 7.448353656194552097e-05 -3.874498085847896157e-04
8.800000000000000711e+00 7.005536555505994265e-05 -3.696875450123636897e-04
8.824999999999999289e+00 6.588849665903691213e-05 -3.527410885826588434e-04
8.849999999999999645e+00 6.196777275165312403e-05 -3.365735268362269922e-04
8.875000000000000000e+00 5.827889242193803123e-05 -3.211495462980266838e-04
8.900000000000000355e+00 5.480836232398398131e-05 -3.064353694530163870e-04
8.925000000000000711e+00 5.154345170712328885e-05 -2.923986935864509424e-04
8.949999999999999289e+00 4.847214937489472281e-05 -2.790086315653318477e-04
8.974999999999999645e+00 4.558312326391579175e-05 -2.662356546180856781e-04
9.000000000000000000e+00 4.286568273866184708e-05 -2.540515371415365828e-04
9.025000000000000355e+00 4.030974358283638022e-05 -2.424293035312079594e-04
9.050000000000000711e+00 3.790579554945251077e-05 -2.313431769971745233e-04
9.074999999999999289e+00 3.564487222583812492e-05 -2.207685302972656378e-04
9.099999999999999645e+00 3.351852289075678921e-05 -2.106818382959537556e-04
9.125000000000000000e+00 3.151878599888294197e-05 -2.010606322435969703e-04
9.150000000000000355e+00 2.963816392744683567e-05 -1.918834556676783187e-04
9.175000000000000711e+00 2.786959866021407377e-05 -1.831298217754700748e-04
9.199999999999999289e+00 2.620644815840621151e-05 -1.747801722841433626e-04
9.224999999999999645e+00 2.464246326589365619e-05 -1.668158376170179088e-04
9.250000000000000000e+00 2.317176510327440559e-05 -1.592189984300160243e-04
9.275000000000000355e+00 2.178882300764205330e-05 -1.519726484565756821e-04
9.300000000000000711e+00 2.048843315858954722e-05 -1.450605586789024536e-04
9.324999999999999289e+00 1.926569808560293391e-05 -1.384672428459639607e-04
9.349999999999999645e+00 1.811600727127210306e-05 -1.321779243623668200e-04
9.375000000000000000e+00 1.703501904728135948e-05 -1.261785045670569020e-04
9.400000000000000355e+00 1.601864392962776051e-05 -1.204555324075471106e-04
9.425000000000000711e+00 1.506302946407971827e-05 -1.149961754962606662e-04
9.449999999999999289e+00 1.416454656363241015e-05 -1.097881925135099889e-04
9.474999999999999645e+00 1.331977722951609233e-05 -1.048199068994730811e-04
9.500000000000000000e+00 1.252550346861903545e-05 -1.000801817589478217e-04
9.525000000000000355e+00 1.177869716369194753e-05 -9.555839588953412244e-05
9.550000000000000711e+00 1.107651062566562185e-05 -9.124442083852473654e-05
9.574999999999999289e+00 1.041626756302523299e-05 -8.712859889636862432e-05
9.599999999999999645e+00 9.795454239900349628e-06 -8.320172194480888507e-05
9.625000000000000000e+00 9.211710656967555513e-06 -7.945501109405575903e-05
9.650000000000000355e+00 8.662821668139788944e-06 -7.588009706339185489e-05
9.675000000000000711e+00 8.146708030740331337e-06 -7.246900128058680218e-05
9.699999999999999289e+00 7.661417465591988964e-06 -6.921411769466391571e-05
9.724999999999999645e+00 7.205115866074438539e-06 -6.610819531137443906e-05
9.750000000000000000e+00 6.776078833643185145e-06 -6.314432146949681892e-05
9.775000000000000355e+00 6.372683727140655683e-06 -6.031590587773802371e-05
9.800000000000000711e+00 5.993402394033927139e-06 -5.761666542679579663e-05
9.824999999999999289e+00 5.636794706997028966e-06 -5.504060978000022429e-05
9.849999999999999645e+00 5.301502965782940122e-06 -5.258202773070493161e-05
9.875000000000000000e+00 4.986247151600199341e-06 -5.023547429769543418e-05
9.900000000000000355e+00 4.689820949182292553e-06 -4.799575851367754442e-05
9.925000000000000711e+00 4.411088390675126364e-06 -4.585793184884867922e-05
9.949999999999999289e+00 4.148980933349527062e-06 -4.381727720347147140e-05
9.974999999999999645e+00 3.902494765420303546e-06 -4.186929840126872327e-05
1.000000000000000000e+01 3.670688143006175865e-06 -4.000971011976095656e-05
1.002500000000000036e+01 3.452678594613636889e-06 -3.823442820350939390e-05
1.005000000000000071e+01 3.247639882614698670e-06 -3.653956032044922901e-05
1.007499999999999929e+01 3.054798676292046610e-06 -3.492139693795077006e-05
1.009999999999999964e+01 2.873430959183621556e-06 -3.337640261168747200e-05
1.012500000000000000e+01 2.702858255355134095e-06 -3.190120759501363992e-05
1.015000000000000036e+01 2.542443806605618270e-06 -3.049259978679384853e-05
1.017500000000000071e+01 2.391588859497271901e-06 -2.914751704113581444e-05
1.019999999999999929e+01 2.249729224318531775e-06 -2.786303986193099038e-05
1.022499999999999964e+01 2.116332247758277603e-06 -2.663638449933661623e-05
1.025000000000000000e+01 1.990894300685983122e-06 -2.546489645515739256e-05
1.027500000000000036e+01 1.872938827864730663e-06 -2.434604439110771984e-05
1.030000000000000071e+01 1.762014945629464201e-06 -2.327741442012648521e-05
1.032499999999999929e+01 1.657696514936384423e-06 -2.225670474832307249e-05
1.034999999999999964e+01 1.559581568834771421e-06 -2.128172062549409343e-05
1.037500000000000000e+01 1.467291941715258131e-06 -2.035036955679306859e-05
1.040000000000000036e+01 1.380472936671595518e-06 -1.946065672782308322e-05
1.042500000000000071e+01 1.298792878176917611e-06 -1.861068060016847093e-05
1.044999999999999929e+01 1.221942427963428361e-06 -1.779862864331855466e-05
1.047499999999999964e+01 1.149633588126893209e-06 -1.702277318104337392e-05
1.050000000000000000e+01 1.081598370321078176e-06 -1.628146734367943023e-05
1.052500000000000036e+01 1.017587165932034326e-06 -1.557314113071285439e-05
1.055000000000000071e+01 9.573669015870343153e-07 -1.489629759885944449e-05
1.057499999999999929e+01 9.007191007716976772e-07 -1.424950919801253632e-05
1.059999999999999964e+01 8.474379909072757152e-07 -1.363141428023230193e-05
1.062500000000000000e+01 7.973287939488476004e-07 -1.304071380511653175e-05
1.065000000000000036e+01 7.502063178935439230e-07 -1.247616825869931371e-05
1.067500000000000071e+01 7.058939298575439793e-07 -1.193659479376558676e-05
1.069999999999999929e+01 6.642229439342962235e-07 -1.142086458818370119e-05
1.072499999999999964e+01 6.250324055681605526e-07 -1.092790040645080365e-05
1.075000000000000000e+01 5.881692059136115699e-07 -1.045667433970181292e-05
1.077500000000000036e+01 5.534884209983966771e-07 -1.000620569214132227e-05
1.080000000000000071e+01 5.208537467877728199e-07 -9.575558978538546421e-06
1.082499999999999929e+01 4.901378952458386150e-07 -9.163841998134054321e-06
1.084999999999999964e+01 4.612228288073718321e-07 -8.770203955187419126e-06
1.087500000000000000e+01 4.339997393424645275e-07 -8.393833604518040619e-06
1.090000000000000036e+01 4.083687182986446579e-07 -8.033957410705690205e-06
1.092500000000000071e+01 3.842381117635665141e-07 -7.689837720662372225e-06
1.094999999999999929e+01 3.615236008557112830e-07 -7.360770959472530994e-06
1.097499999999999964e+01 3.401470880388919512e-07 -7.046085867535572846e-06
1.100000000000000000e+01 3.200354980375777961e-07 -6.745141801853712148e-06
1.102500000000000036e+01 3.011196146544415988e-07 -6.457327125427181611e-06
1.105000000000000071e+01 2.833330702853378209e-07 -6.182057705972756204e-06
1.107499999999999929e+01 2.666115844182381929e-07 -5.918775539058644619e-06
1.109999999999999964e+01 2.508925139097013704e-07 -5.666947502266234793e-06
1.112500000000000000e+01 2.361147361565891435e-07 -5.426064237257327121e-06
1.115000000000000036e+01 2.222188424267558672e-07 -5.195639147242552634e-06
1.117500000000000071e+01 2.091475783950390595e-07 -4.975207489316561395e-06
1.119999999999999929e+01 1.968464380864424802e-07 -4.764325535859958084e-06
1.122499999999999964e+01 1.852642997496447351e-07 -4.562569777245147538e-06
1.125000000000000000e+01 1.743539900331613308e-07 -4.369536139559515409e-06
1.127500000000000036e+01 1.640726762427069997e-07 -4.184839195976041282e-06
1.130000000000000071e+01 1.543820131531705360e-07 -4.008111357740885546e-06
1.132499999999999929e+01 1.452480072027676739e-07 -3.839002039648987635e-06
1.134999999999999964e+01 1.366406015224966089e-07 -3.677176804068684899e-06
1.137500000000000000e+01 1.285330246808984837e-07 -3.522316495686678542e-06
1.140000000000000036e+01 1.209009788586624231e-07 -3.374116385246960982e-06
1.142500000000000071e+01 1.137217648977741996e-07 -3.232285343704165847e-06
1.144999999999999929e+01 1.069734497002831808e-07 -3.096545068180900747e-06
1.147499999999999964e+01 1.006341748311907004e-07 -2.966629377850099471e-06
1.150000000000000000e+01 9.468168493910593709e-08 -2.842283591966938681e-06
1.152500000000000036e+01 8.909312409457682917e-08 -2.723263994632535278e-06
1.155000000000000071e+01 8.384511126773251623e-08 -2.609337382508495925e-06
1.157499999999999929e+01 7.891406849057650510e-08 -2.500280683830608484e-06
1.159999999999999964e+01 7.427674170216872467e-08 -2.395880630879480708e-06
1.162500000000000000e+01 6.991082943842663402e-08 -2.295933464130412751e-06
1.165000000000000036e+01 6.579562181532890503e-08 -2.200244645496058257e-06
1.167500000000000071e+01 6.191255289984429616e-08 -2.108628560083680364e-06
1.169999999999999929e+01 5.824558364945950831e-08 -2.020908190684726460e-06
1.172499999999999964e+01 5.478135763187236170e-08 -1.936914755929262788e-06
1.175000000000000000e+01 5.150910431151667688e-08 -1.856487310734305203e-06
1.177500000000000036e+01 4.842030022328230781e-08 -1.779472315381536375e-06
1.180000000000000071e+01 4.550813175461312779e-08 -1.705723186038697408e-06
1.182499999999999929e+01 4.276683022050747221e-08 -1.635099844105676559e-06
1.184999999999999964e+01 4.019096668446180263e-08 -1.567468283720091572e-06
1.187500000000000000e+01 3.777479843318673866e-08 -1.502700175825108481e-06
1.190000000000000036e+01 3.551175087313244144e-08 -1.440672523834568635e-06
1.192500000000000071e+01 3.339409896045683223e-08 -1.381267380223549205e-06
1.194999999999999929e+01 3.141288423615036456e-08 -1.324371626561714097e-06
1.197499999999999964e+01 2.955807092077148471e-08 -1.269876812333032883e-06
1.200000000000000000e+01 2.781891187430802746e-08 -1.217679041336788238e-06
1.202500000000000036e+01 2.618446720032444152e-08 -1.167678889633775069e-06
1.205000000000000071e+01 2.464419834639926464e-08 -1.119781336275122351e-06
1.207499999999999929e+01 2.318855164429964056e-08 -1.073895687978583860e-06
1.209999999999999964e+01 2.180944819125668194e-08 -1.029935481366986701e-06
1.212500000000000000e+01 2.050061121793982485e-08 -9.878183509656310700e-07
1.215000000000000036e+01 1.925768570275287381e-08 -9.474658573005022553e-07
1.217500000000000071e+01 1.807813426253146080e-08 -9.088032761550230274e-07
1.219999999999999929e+01 1.696092449281423857e-08 -8.717593564437866193e-07
1.222499999999999964e+01 1.590605149518444746e-08 -8.362660594570506745e-07
1.225000000000000000e+01 1.491396134279638563e-08 -8.022582954872596678e-07
1.227500000000000036e+01 1.398495410609576633e-08 -7.696736749613257721e-07
1.230000000000000071e+01 1.311864671902028341e-08 -7.384522897189909372e-07
1.232499999999999929e+01 1.231356673460768286e-08 -7.085365365315625650e-07
1.234999999999999964e+01 1.156692912156865425e-08 -6.798709897362399261e-07
1.237500000000000000e+01 1.087462243943836870e-08 -6.524023236497248292e-07
1.240000000000000036e+01 1.023140172762135706e-08 -6.260792793461040518e-07
1.242500000000000071e+01 9.631257198823126745e-09 -6.008526649393236050e-07
1.244999999999999929e+01 9.067904218704601522e-09 -5.766753747639327160e-07
1.247499999999999964e+01 8.535324302352338682e-09 -5.535024110975473160e-07
1.250000000000000000e+01 8.028280901912469068e-09 -5.312908925174768802e-07
1.252500000000000036e+01 7.542738449551443397e-09 -5.100000357541076182e-07
1.255000000000000071e+01 7.076127404369853775e-09 -4.895911022220843684e-07
1.257499999999999929e+01 6.627420161583015389e-09 -4.700273060439189783e-07
1.259999999999999964e+01 6.197009129935581592e-09 -4.512736862000498797e-07
1.262500000000000000e+01 5.786405629978874066e-09 -4.332969508751941948e-07
1.265000000000000036e+01 5.397802684552387735e-09 -4.160653062263369563e-07
1.267500000000000071e+01 5.033562822929115915e-09 -3.995482842100528650e-07
1.269999999999999929e+01 4.695701569785331733e-09 -3.837165844467403110e-07
1.272499999999999964e+01 4.385436868192470589e-09 -3.685419432808189479e-07
1.275000000000000000e+01 4.102864751660879718e-09 -3.539970396667402631e-07
1.277500000000000036e+01 3.846803394412786881e-09 -3.400554425951304560e-07
1.280000000000000071e+01 3.614824051656083603e-09 -3.266915993103258720e-07
1.282499999999999929e+01 3.403461516784900230e-09 -3.138808582582016268e-07
1.284999999999999964e+01 3.208572198448463212e-09 -3.015995163285887951e-07
1.287500000000000000e+01 3.025788182515485102e-09 -2.898248770043780420e-07
1.290000000000000036e+01 2.851003150820240929e-09 -2.785353050310868705e-07
1.292500000000000071e+01 2.680822630626848825e-09 -2.677102641753465779e-07
1.294999999999999929e+01 2.512916837036758662e-09 -2.573303274355268818e-07
1.297499999999999964e+01 2.346228646900316903e-09 -2.473771532625967090e-07
1.300000000000000000e+01 2.181009786898750365e-09 -2.378334264176572222e-07
1.302500000000000036e+01 2.018682246622182528e-09 -2.286827671978453887e-07
1.305000000000000071e+01 1.861546017699201987e-09 -2.199096172829269266e-07
1.307499999999999929e+01 1.712375034916356266e-09 -2.114991138630962056e-07
1.309999999999999964e+01 1.573957996084223341e-09 -2.034369652290836895e-07
1.312500000000000000e+01 1.448647572336010046e-09 -1.957093409561306435e-07
1.315000000000000036e+01 1.337979472175716293e-09 -1.883027876451271697e-07
1.317500000000000071e+01 1.242412475174867860e-09 -1.812041777866914246e-07
1.319999999999999929e+01 1.161223269491278067e-09 -1.744006947222919961e-07
1.322499999999999964e+01 1.092568213430292120e-09 -1.678798518057034641e-07
1.325000000000000000e+01 1.033701166901156741e-09 -1.616295393577084928e-07
1.327500000000000036e+01 9.813152080621712601e-10 -1.556380892977825446e-07
1.330000000000000071e+01 9.319595723831634927e-10 -1.498943452743647311e-07
1.332499999999999929e+01 8.824734640288743292e-10 -1.443877255464044543e-07
1.334999999999999964e+01 8.303768695213745782e-10 -1.391082671991926814e-07
1.337500000000000000e+01 7.741652391546879172e-10 -1.340466431505913783e-07
1.340000000000000036e+01 7.134687401438585886e-10 -1.291941473120812054e-07
1.342500000000000071e+01 6.490559822958037157e-10 -1.245426479162737305e-07
1.344999999999999929e+01 5.826836138427899076e-10 -1.200845134459835063e-07
1.347499999999999964e+01 5.168143670946014323e-10 -1.158125194827731731e-07
1.350000000000000178e+01 4.542438576168986574e-10 -1.117197473813885282e-07
1.352500000000000213e+01 3.976883752528846723e-10 -1.077994867379785545e-07
1.355000000000000249e+01 3.493906078639419306e-10 -1.040451530606733426e-07
1.357499999999999929e+01 3.107969951222279354e-10 -1.004502298701688975e-07
1.359999999999999964e+01 2.823498751264455927e-10 -9.700824100600898895e-08
1.362500000000000000e+01 2.634213174858850235e-10 -9.371275480893047488e-08
1.365000000000000213e+01 2.523957410373311967e-10 -9.055741739453461808e-08
1.367500000000000249e+01 2.468879751057701251e-10 -8.753600839963661608e-08
1.369999999999999929e+01 2.440650644469056880e-10 -8.464250954305533962e-08
1.372499999999999964e+01 2.410263204467835024e-10 -8.187117475837975417e-08
1.375000000000000000e+01 2.351888294431245900e-10 -7.921659062608075896e-08
1.377500000000000213e+01 2.246255410917449883e-10 -7.667371730421117626e-08
1.380000000000000249e+01 2.083103376323130773e-10 -7.423790303790586089e-08
1.382499999999999929e+01 1.862378029555749465e-10 -7.190486904362245710e-08
1.384999999999999964e+01 1.594029895023652426e-10 -6.967066573040683832e-08
1.387500000000000000e+01 1.296458584006043327e-10 -6.753160519080024151e-08
1.390000000000000213e+01 9.938347045985728060e-11 -6.548417813553779484e-08
1.392500000000000249e+01 7.126803192126406815e-11 -6.352496551471448628e-08
1.394999999999999929e+01 4.781847831543062120e-11 -6.165055575968214622e-08
1.397499999999999964e+01 3.107621142733321532e-11 -5.985747764530722122e-08
1.400000000000000000e+01 2.233156867511401559e-11 -5.814215665088572175e-08
1.402500000000000213e+01 2.195728399418042594e-11 -5.650089932603711136e-08
1.405000000000000249e+01 2.937001527165692471e-11 -5.492990635458007452e-08
1.407499999999999929e+01 4.312330373903889841e-11 -5.342531107871644616e-08
1.409999999999999964e+01 6.111726933978466212e-11 -5.198323680668196405e-08
1.412500000000000000e+01 8.089471629337360145e-11 -5.059986372632133148e-08
1.415000000000000213e+01 9.998196367733894074e-11 -4.927149507169773305e-08
1.417500000000000249e+01 1.162272872212534559e-10 -4.799461235235375101e-08
1.419999999999999929e+01 1.280908830655210729e-10 -4.676591112522477993e-08
1.422499999999999964e+01 1.348475851115222480e-10 -4.558231149448377321e-08
1.425000000000000000e+01 1.366760028841500850e-10 -4.444094109408720061e-08
1.427500000000000036e+01 1.346235475315513880e-10 -4.333909211091777136e-08
1.430000000000000249e+01 1.304537852807644417e-10 -4.227415753052274703e-08
1.432499999999999929e+01 1.263982815742822191e-10 -4.124355469292642514e-08
1.434999999999999964e+01 1.248475235487592299e-10 -4.024464604222066202e-08
1.437500000000000000e+01 1.280230210045247232e-10 -3.927466754569411632e-08
1.440000000000000036e+01 1.376742477938522944e-10 -3.833067441494403324e-08
1.442500000000000249e+01 1.548397637030366005e-10 -3.740951174902747831e-08
1.444999999999999929e+01 1.797022521116752165e-10 -3.650781480167940719e-08
1.447499999999999964e+01 2.115538287603721768e-10 -3.562204009325917366e-08
1.450000000000000000e+01 2.488727457297893145e-10 -3.474852510093689933e-08
1.452500000000000036e+01 2.894976264622190088e-10 -3.388357112401580749e-08
1.455000000000000249e+01 3.308727743660960018e-10 -3.302354163102725153e-08
1.457499999999999929e+01 3.703294933411643756e-10 -3.216496706250415919e-08
1.459999999999999964e+01 4.053649123031920691e-10 -3.130464702303756707e-08
1.462500000000000000e+01 4.338818072998347431e-10 -3.043974169644836966e-08
1.465000000000000036e+01 4.543599423381629122e-10 -2.956784633934635737e-08
1.467500000000000249e+01 4.659404505852808289e-10 -2.868704513035699929e-08
1.469999999999999929e+01 4.684179354894578903e-10 -2.779594342869833458e-08
1.472499999999999964e+01 4.621485297900255971e-10 -2.689368000982110851e-08
1.475000000000000000e+01 4.478939787328353383e-10 -2.597992283348655776e-08
1.477500000000000036e+01 4.266303877911259308e-10 -2.505485311099936423e-08
1.480000000000000249e+01 3.993543160305259175e-10 -2.411914267721590554e-08
1.482499999999999929e+01 3.669179538188817281e-10 -2.317392905609199096e-08
1.484999999999999964e+01 3.299194158541006512e-10 -2.222079118183828735e-08
1.487500000000000000e+01 2.886646210650294373e-10 -2.126172686704933577e-08
1.490000000000000036e+01 2.432052807685611097e-10 -2.029913108260626355e-08
1.492500000000000071e+01 1.934449968649616943e-10 -1.933577228606825068e-08
1.494999999999999929e+01 1.392942163298184382e-10 -1.837476281750857593e-08
1.497499999999999964e+01 8.084655175643065604e-11 -1.741951884417575791e-08
