# raxis[fm], SN, VN, SP, VP
2.101448349307773875e-07 8.723123224424875199e-02 9.151715815377434171e-02 4.782549434852256809e-02 5.194549858139999726e-02
2.500000000000000139e-02 8.723676768742449905e-02 9.152398431580183180e-02 4.783751672047482917e-02 5.195735582422117416e-02
5.000000000000000278e-02 8.722159931021920831e-02 9.151109248006648877e-02 4.785809475132030144e-02 5.197586317197927519e-02
7.499999999999999722e-02 8.719557512654922682e-02 9.148884313699710835e-02 4.789212796344411577e-02 5.200640995373617681e-02
1.000000000000000056e-01 8.715903681206586817e-02 9.145757341579856259e-02 4.793960349074735672e-02 5.204900855141927907e-02
1.250000000000000000e-01 8.711214560779377558e-02 9.141743170368021865e-02 4.800042406964862007e-02 5.210357494270306811e-02
1.499999999999999944e-01 8.705504497424040866e-02 9.136854286367100675e-02 4.807444356958794074e-02 5.216997898704976711e-02
1.749999999999999889e-01 8.698790404093413586e-02 9.131105405986746082e-02 4.816148801288314824e-02 5.224806486363371694e-02
2.000000000000000111e-01 8.691091913675483283e-02 9.124513534397070413e-02 4.826135288112978761e-02 5.233764999718887312e-02
2.250000000000000056e-01 8.682431816513531964e-02 9.117098524761053924e-02 4.837380676198705515e-02 5.243852695319365514e-02
2.500000000000000000e-01 8.672833906132654258e-02 9.108880841595523581e-02 4.849857964306333175e-02 5.255045229233870629e-02
2.750000000000000222e-01 8.662325329111814076e-02 9.099883872842366717e-02 4.863537676004101723e-02 5.267316217121965904e-02
2.999999999999999889e-01 8.650936016264083872e-02 9.090133504975926593e-02 4.878387740661018629e-02 5.280636850589320169e-02
3.250000000000000111e-01 8.638698034614053500e-02 9.079657387357782661e-02 4.894373197326935820e-02 5.294975739915006030e-02
3.499999999999999778e-01 8.625645898592260163e-02 9.068485302725620700e-02 4.911456662794928124e-02 5.310299307558249277e-02
3.750000000000000000e-01 8.611815937634323403e-02 9.056648524873207873e-02 4.929597987908213019e-02 5.326571440292743320e-02
4.000000000000000222e-01 8.597246993180920893e-02 9.044180492318446007e-02 4.948754784147794267e-02 5.343754118275394899e-02
4.249999999999999889e-01 8.581980310253574384e-02 9.031116788757141689e-02 4.968882750978882018e-02 5.361807588637725053e-02
4.500000000000000111e-01 8.566058796748311777e-02 9.017494419251052828e-02 4.989935377476695244e-02 5.380690032009132623e-02
4.749999999999999778e-01 8.549526774470943280e-02 9.003351514520499532e-02 5.011863973572751318e-02 5.400357687340151536e-02
5.000000000000000000e-01 8.532430527450000912e-02 8.988727903386597995e-02 5.034618149003183135e-02 5.420765330100204421e-02
5.250000000000000222e-01 8.514817836365309867e-02 8.973664743062743920e-02 5.058145909593080719e-02 5.441866214536583007e-02
5.500000000000000444e-01 8.496737486867395051e-02 8.958203965588129591e-02 5.082393579462112648e-02 5.463612101743205857e-02
5.749999999999999556e-01 8.478239578472041016e-02 8.942388645256375834e-02 5.107306132779661223e-02 5.485953527792497564e-02
5.999999999999999778e-01 8.459374985612561071e-02 8.926262468165831188e-02 5.132827164281038301e-02 5.508839775929384036e-02
6.250000000000000000e-01 8.440195508456724283e-02 8.909869911476783755e-02 5.158899283738978964e-02 5.532219250842757008e-02
6.500000000000000222e-01 8.420753383884245491e-02 8.893255776063260787e-02 5.185463982448852011e-02 5.556039322045788070e-02
6.750000000000000444e-01 8.401101488087973912e-02 8.876465395466062724e-02 5.212462071149868981e-02 5.580246793847156578e-02
6.999999999999999556e-01 8.381292952552352182e-02 8.859544310019133728e-02 5.239833711205307831e-02 5.604787844979636918e-02
7.249999999999999778e-01 8.361380961326196626e-02 8.842538073577760338e-02 5.267518577085467113e-02 5.629608213923012472e-02
7.500000000000000000e-01 8.341418585520875284e-02 8.825492089602149370e-02 5.295455941134292327e-02 5.654653311736203974e-02
7.750000000000000222e-01 8.321458781264071125e-02 8.808451680758365432e-02 5.323584990885280727e-02 5.679868435305249208e-02
8.000000000000000444e-01 8.301553829068962498e-02 8.791461512610808382e-02 5.351844774509399716e-02 5.705198768826523492e-02
8.249999999999999556e-01 8.281755291272865915e-02 8.774565634625335064e-02 5.380174490033098889e-02 5.730589548822308948e-02
8.499999999999999778e-01 8.262113509940717526e-02 8.757806885868177349e-02 5.408513154821206065e-02 5.755985941905027853e-02
8.750000000000000000e-01 8.242678747274634343e-02 8.741228141938722773e-02 5.436800727678208628e-02 5.781334067454975412e-02
9.000000000000000222e-01 8.223499688915214545e-02 8.724870909400569974e-02 5.464977686683106239e-02 5.806580342528568778e-02
9.250000000000001554e-01 8.204623916901751524e-02 8.708775672985433203e-02 5.492985193661801407e-02 5.831672001723230830e-02
9.499999999999999556e-01 8.186097653593515933e-02 8.692981828627301122e-02 5.520765447914334489e-02 5.856557065079955049e-02
9.749999999999999778e-01 8.167965009809687038e-02 8.677526823038218817e-02 5.548261283078743250e-02 5.881184191581471238e-02
1.000000000000000000e+00 8.150268753623307605e-02 8.662446993732159095e-02 5.575416935085287379e-02 5.905503383874646101e-02
1.024999999999999911e+00 8.133049468546027505e-02 8.647776781299995608e-02 5.602177747088254306e-02 5.929465555241866803e-02
1.050000000000000044e+00 8.116345775650897487e-02 8.633548912863626967e-02 5.628490455682222393e-02 5.953022993988713041e-02
1.074999999999999956e+00 8.100194051105062687e-02 8.619794204041084096e-02 5.654303350732212824e-02 5.976129330057348282e-02
1.100000000000000089e+00 8.084628146037657614e-02 8.606541246060118999e-02 5.679566107847297540e-02 5.998739483261490008e-02
1.125000000000000000e+00 8.069679622846674671e-02 8.593816677324196684e-02 5.704230239286229437e-02 6.020810096941397321e-02
1.149999999999999911e+00 8.055377495240825803e-02 8.581644956559877913e-02 5.728249134571710560e-02 6.042299505379691155e-02
1.175000000000000044e+00 8.041748086118094552e-02 8.570048222336083821e-02 5.751578000704596350e-02 6.063167697140550705e-02
1.199999999999999956e+00 8.028815016338114452e-02 8.559046291117883287e-02 5.774174079410374083e-02 6.083376561613760419e-02
1.225000000000000089e+00 8.016599201050959855e-02 8.548656684848553178e-02 5.795996848342390567e-02 6.102890016259199940e-02
1.250000000000000000e+00 8.005118519669858490e-02 8.538894295324560291e-02 5.817007795466326570e-02 6.121673801570128720e-02
1.274999999999999911e+00 7.994388063419879953e-02 8.529771641862478326e-02 5.837170781368548195e-02 6.139695873436355061e-02
1.300000000000000044e+00 7.984419959899885511e-02 8.521298714219111003e-02 5.856452045600735873e-02 6.156926331632518040e-02
1.324999999999999956e+00 7.975223358781037553e-02 8.513482950081041611e-02 5.874820183638240767e-02 6.173337456477099444e-02
1.350000000000000089e+00 7.966804605827741692e-02 8.506329425132876099e-02 5.892246403610418293e-02 6.188903931296886596e-02
1.375000000000000000e+00 7.959167021494265026e-02 8.499840628856518421e-02 5.908704491267684905e-02 6.203602773612054699e-02
1.399999999999999911e+00 7.952310938640402838e-02 8.494016496200940125e-02 5.924170775404338785e-02 6.217413341731331533e-02
1.425000000000000044e+00 7.946233929059232093e-02 8.488854641035475934e-02 5.938624357885742555e-02 6.230317542098714328e-02
1.449999999999999956e+00 7.940930627827443022e-02 8.484350169228616068e-02 5.952047064157410527e-02 6.242299746750779726e-02
1.475000000000000089e+00 7.936392795181326787e-02 8.480495734811131781e-02 5.964423417690084550e-02 6.253346810987690796e-02
1.500000000000000000e+00 7.932609561702586021e-02 8.477281781529130700e-02 5.975740849388258558e-02 6.263448243929742310e-02
1.524999999999999911e+00 7.929567465786943603e-02 8.474696574702561547e-02 5.985989647963569499e-02 6.272596192098019163e-02
1.550000000000000044e+00 7.927251083681362276e-02 8.472726837293409474e-02 5.995163431992046182e-02 6.280785910462359511e-02
1.574999999999999956e+00 7.925642597472554174e-02 8.471357256734318719e-02 6.003258873290973768e-02 6.288015346705930209e-02
1.600000000000000089e+00 7.924721143115279198e-02 8.470569827151405717e-02 6.010275024600297833e-02 6.294284586822604388e-02
1.625000000000000000e+00 7.924463813393570200e-02 8.470344867960390156e-02 6.016213987049588707e-02 6.299596550549117768e-02
1.649999999999999911e+00 7.924845583530419624e-02 8.470660895394738210e-02 6.021080829366523557e-02 6.303956820062708855e-02
1.675000000000000044e+00 7.925839361883234291e-02 8.471494677600066581e-02 6.024883437763113581e-02 6.307373541425992380e-02
1.699999999999999956e+00 7.927416345025252442e-02 8.472821563455439076e-02 6.027632754653752811e-02 6.309857647967397065e-02
1.725000000000000311e+00 7.929545996054895851e-02 8.474615425710246841e-02 6.029342617927560544e-02 6.311422677789177427e-02
1.750000000000000000e+00 7.932196194662655131e-02 8.476848806298585559e-02 6.030029691931450969e-02 6.312084731678728466e-02
1.774999999999999911e+00 7.935333572507732858e-02 8.479493220369109518e-02 6.029713622530264577e-02 6.311862612947959084e-02
1.800000000000000044e+00 7.938923601774890149e-02 8.482519223585327506e-02 6.028416916229317746e-02 6.310777706765501038e-02
1.824999999999999956e+00 7.942930818294868800e-02 8.485896593629881079e-02 6.026164941376330186e-02 6.308853976459902202e-02
1.850000000000000311e+00 7.947318757203981898e-02 8.489594257466269445e-02 6.022985724791724699e-02 6.306117768282874791e-02
1.875000000000000000e+00 7.952050592138651397e-02 8.493580919651501360e-02 6.018910242900003815e-02 6.302598107695822627e-02
1.899999999999999911e+00 7.957089060416079607e-02 8.497824911596926767e-02 6.013972176271925596e-02 6.298326438342047306e-02
1.925000000000000044e+00 7.962396567638591049e-02 8.502294313758501643e-02 6.008207774321713129e-02 6.293336502271910937e-02
1.949999999999999956e+00 7.967935578131632446e-02 8.506957300840382874e-02 6.001655920879257061e-02 6.287664404288720310e-02
1.975000000000000089e+00 7.973668669152006450e-02 8.511782172868594121e-02 5.994358000248591056e-02 6.281348481425547137e-02
2.000000000000000000e+00 7.979558768771753685e-02 8.516737549585874645e-02 5.986357857663988230e-02 6.274429267458317416e-02
2.024999999999999911e+00 7.985569087339088046e-02 8.521792291795467211e-02 5.977701496123285357e-02 6.266949192944749891e-02
2.049999999999999822e+00 7.991663450753826170e-02 8.526915783776047031e-02 5.968437096572332817e-02 6.258952614002606663e-02
2.075000000000000178e+00 7.997806200826755585e-02 8.532077855307260150e-02 5.958614749884349332e-02 6.250485544598152754e-02
2.100000000000000089e+00 8.003963058112942286e-02 8.537249603023590316e-02 5.948286807105215845e-02 6.241596021687936813e-02
2.125000000000000000e+00 8.010100630966490720e-02 8.542402827896745932e-02 5.937507289699869156e-02 6.232333519448748915e-02
2.149999999999999911e+00 8.016186784658117792e-02 8.547510437367611402e-02 5.926331945901625736e-02 6.222749012965663601e-02
2.174999999999999822e+00 8.022190729931931441e-02 8.552546490459994599e-02 5.914818031344837995e-02 6.212894767828022052e-02
2.200000000000000178e+00 8.028083278043383897e-02 8.557486417004254997e-02 5.903024264684809952e-02 6.202824310284560383e-02
2.225000000000000089e+00 8.033836659985561790e-02 8.562306842757617942e-02 5.891010461031522677e-02 6.192592062774533029e-02
2.250000000000000000e+00 8.039425199045427406e-02 8.566986240058996338e-02 5.878837740970490472e-02 6.182253572364633520e-02
2.274999999999999911e+00 8.044824842597964043e-02 8.571504389982541328e-02 5.866567964779546146e-02 6.171864957040925498e-02
2.299999999999999822e+00 8.050013467508992937e-02 8.575842746985616605e-02 5.854263728511106823e-02 6.161482905737671045e-02
2.325000000000000178e+00 8.054971175559041963e-02 8.579984684695395047e-02 5.841988292960438589e-02 6.151164629049276494e-02
2.350000000000000089e+00 8.059680231567718789e-02 8.583915388724097650e-02 5.829805310645252980e-02 6.140967603026645238e-02
2.375000000000000000e+00 8.064124814534126551e-02 8.587621620019202096e-02 5.817778411583462983e-02 6.130949160630404932e-02
2.399999999999999911e+00 8.068291374848596265e-02 8.591092078880190053e-02 5.805971223265462416e-02 6.121166529423088115e-02
2.424999999999999822e+00 8.072168654174048663e-02 8.594317393920734849e-02 5.794447130424606324e-02 6.111676609124110093e-02
2.450000000000000178e+00 8.075747835509862471e-02 8.597290274113601749e-02 5.783269174870688673e-02 6.102535888975881007e-02
2.475000000000000089e+00 8.079022370977566314e-02 8.600005293285085950e-02 5.772499696870253549e-02 6.093800104182310606e-02
2.500000000000000000e+00 8.081987752704825057e-02 8.602458672710047716e-02 5.762199962669419667e-02 6.085523874546487633e-02
2.524999999999999911e+00 8.084641806687055399e-02 8.604648628993166737e-02 5.752430196824895314e-02 6.077760762077273615e-02
2.549999999999999822e+00 8.086985021953471686e-02 8.606575625358392490e-02 5.743249568474498301e-02 6.070563276741737513e-02
2.575000000000000178e+00 8.089019880959276432e-02 8.608241708261347991e-02 5.734715537151596071e-02 6.063982230291591058e-02
2.600000000000000089e+00 8.090751161107859191e-02 8.609650846468122620e-02 5.726883893806610643e-02 6.058066804313242543e-02
2.625000000000000000e+00 8.092185710690130707e-02 8.610808668975374058e-02 5.719808439704839736e-02 6.052864238955669302e-02
2.649999999999999911e+00 8.093332429379082593e-02 8.611722470525640105e-02 5.713540789006693599e-02 6.048419656491925422e-02
2.674999999999999822e+00 8.094202084606784420e-02 8.612401023376582698e-02 5.708130109438454280e-02 6.044775818715424076e-02
2.700000000000000178e+00 8.094807412406745950e-02 8.612854705434629110e-02 5.703623051264947175e-02 6.041973082995950178e-02
2.725000000000000089e+00 8.095163092429326357e-02 8.613095467875693523e-02 5.700063589550858484e-02 6.040049258538658650e-02
2.750000000000000000e+00 8.095285584289714509e-02 8.613136671529658672e-02 5.697492813480996982e-02 6.039039408044331869e-02
2.774999999999999911e+00 8.095192801587174081e-02 8.612992763263278839e-02 5.695948610306193760e-02 6.038975538666748605e-02
2.799999999999999822e+00 8.094903942456461998e-02 8.612679144074433801e-02 5.695465453789683857e-02 6.039886424022908318e-02
2.825000000000000178e+00 8.094439619655548201e-02 8.612212318982365167e-02 5.696074418687017277e-02 6.041797645363067293e-02
2.850000000000000089e+00 8.093821737281332862e-02 8.611609763217913105e-02 5.697803056220906992e-02 6.044731461000876771e-02
2.875000000000000000e+00 8.093073041576835658e-02 8.610889481168694515e-02 5.700675046798971135e-02 6.048706464032824887e-02
2.899999999999999911e+00 8.092217036269040709e-02 8.610069984692059197e-02 5.704710127429111349e-02 6.053737571293327235e-02
2.924999999999999822e+00 8.091278192406592407e-02 8.609170499678180100e-02 5.709924205984388823e-02 6.059836125799069467e-02
2.950000000000000178e+00 8.090281379487444802e-02 8.608210385726525193e-02 5.716328985600366286e-02 6.067009500968776475e-02
2.975000000000000089e+00 8.089251602611206848e-02 8.607208931574417132e-02 5.723931850274550925e-02 6.075261043101252978e-02
3.000000000000000000e+00 8.088214073776747726e-02 8.606185466354096536e-02 5.732735900141177482e-02 6.084590142628330811e-02
3.024999999999999911e+00 8.087194259773154703e-02 8.605159401593233393e-02 5.742740097406342364e-02 6.094992346193495864e-02
3.049999999999999822e+00 8.086217222766349522e-02 8.604149573610030133e-02 5.753938900448222343e-02 6.106458964040381576e-02
3.075000000000000178e+00 8.085307331195555614e-02 8.603174019790713056e-02 5.766322105995223130e-02 6.118976986122839912e-02
3.100000000000000089e+00 8.084488281353859052e-02 8.602250021390717150e-02 5.779874995095191093e-02 6.132529228200686577e-02
3.125000000000000000e+00 8.083782989990785650e-02 8.601394037141492366e-02 5.794578355730795050e-02 6.147094389031787509e-02
3.149999999999999911e+00 8.083213463554460299e-02 8.600621563950389126e-02 5.810408617136905013e-02 6.162647103646124586e-02
3.174999999999999822e+00 8.082800499731603028e-02 8.599946933957412776e-02 5.827337697687465928e-02 6.179157955467277918e-02
3.200000000000000178e+00 8.082563889447576255e-02 8.599383446496292049e-02 5.845333354928608505e-02 6.196593588492130267e-02
3.225000000000000089e+00 8.082520739164762713e-02 8.598941755899652817e-02 5.864358167813131517e-02 6.214915791165775277e-02
3.250000000000000000e+00 8.082686857753897114e-02 8.598631399547637666e-02 5.884370703850648476e-02 6.234082928642289273e-02
3.274999999999999911e+00 8.083076341353634398e-02 8.598460266017726727e-02 5.905325497075889635e-02 6.254049549951343212e-02
3.299999999999999822e+00 8.083700944683890055e-02 8.598434066965447709e-02 5.927172727961162180e-02 6.274766249764983372e-02
3.325000000000000178e+00 8.084570423637479908e-02 8.598556729552515876e-02 5.949858719489829750e-02 6.296180222952268979e-02
3.350000000000000089e+00 8.085692512591916015e-02 8.598830357207909447e-02 5.973326194626345925e-02 6.318235367661184654e-02
3.375000000000000444e+00 8.087072086367005919e-02 8.599254406717318777e-02 5.997513892507380651e-02 6.340871877779424848e-02
3.399999999999999911e+00 8.088711195654608999e-02 8.599825819062678622e-02 6.022356746703887848e-02 6.364026626220203875e-02
3.424999999999999822e+00 8.090609497554536456e-02 8.600539438251056379e-02 6.047786546400932967e-02 6.387633682412233171e-02
3.450000000000000622e+00 8.092763621853300837e-02 8.601387394669575415e-02 6.073731738082900622e-02 6.411624075362178099e-02
3.475000000000000533e+00 8.095167227860396164e-02 8.602359204675724680e-02 6.100117626927852033e-02 6.435926050018603295e-02
3.500000000000000000e+00 8.097810888835553500e-02 8.603441681308077182e-02 6.126866586365753431e-02 6.460465291669453824e-02
3.524999999999999911e+00 8.100682478952261900e-02 8.604619345519620710e-02 6.153898558950798153e-02 6.485165405617272782e-02
3.549999999999999822e+00 8.103766702371625885e-02 8.605873946659849116e-02 6.181131048906535891e-02 6.509947780093630620e-02
3.575000000000000622e+00 8.107044978753868980e-02 8.607184394035975739e-02 6.208479185273841489e-02 6.534731781631079872e-02
3.600000000000000089e+00 8.110495706467424348e-02 8.608527026347674582e-02 6.235856217962041509e-02 6.559435186400472406e-02
3.625000000000000000e+00 8.114094145936108504e-02 8.609875508311670700e-02 6.263173662230457628e-02 6.583974314874517508e-02
3.649999999999999911e+00 8.117812601512880422e-02 8.611201022338652034e-02 6.290341655971977419e-02 6.608264343773787020e-02
3.674999999999999822e+00 8.121620120583172842e-02 8.612471972319389601e-02 6.317268951849056013e-02 6.632219280433550301e-02
3.700000000000000622e+00 8.125482683865481448e-02 8.613654183079974547e-02 6.343863295403526226e-02 6.655752352708986519e-02
3.725000000000000089e+00 8.129363165268446711e-02 8.614710858955729189e-02 6.370031568553202739e-02 6.678776118869989009e-02
3.750000000000000000e+00 8.133221596879172677e-02 8.615602850654670297e-02 6.395680202966680383e-02 6.701202863275468324e-02
3.774999999999999911e+00 8.137015151821690162e-02 8.616288629202967231e-02 6.420715353878460319e-02 6.722944749692609523e-02
3.799999999999999822e+00 8.140698386688831334e-02 8.616724529890684714e-02 6.445043252251714261e-02 6.743914126327517355e-02
3.825000000000000178e+00 8.144223056690508278e-02 8.616864550323126426e-02 6.468570219351804651e-02 6.764023530374914384e-02
3.850000000000000089e+00 8.147538646814936336e-02 8.616660858620733832e-02 6.491203251136244690e-02 6.783186277235782324e-02
3.875000000000000000e+00 8.150592241772498803e-02 8.616063687786119918e-02 6.512850085781429765e-02 6.801316424474225519e-02
3.899999999999999911e+00 8.153328441743408483e-02 8.615021187136283343e-02 6.533419189111508429e-02 6.818328798252634715e-02
3.924999999999999822e+00 8.155690019701124227e-02 8.613480060855513432e-02 6.552820376710549732e-02 6.834139580485347476e-02
3.950000000000000178e+00 8.157617860887914074e-02 8.611385525628882653e-02 6.570964916634323971e-02 6.848666355731408695e-02
3.975000000000000089e+00 8.159051022023174060e-02 8.608681308364164730e-02 6.587765631751241191e-02 6.861828207510731192e-02
4.000000000000000000e+00 8.159927062175879875e-02 8.605309952743146751e-02 6.603137232009720359e-02 6.873546020128538936e-02
4.025000000000000355e+00 8.160182139254151812e-02 8.601212905531330222e-02 6.616996472607140911e-02 6.883742609732534934e-02
4.049999999999999822e+00 8.159751191024811057e-02 8.596330647916544665e-02 6.629262303232912046e-02 6.892342848349804207e-02
4.075000000000000178e+00 8.158568324535034333e-02 8.590603013384547071e-02 6.639856233712453093e-02 6.899273990535557954e-02
4.099999999999999645e+00 8.156567056868881116e-02 8.583969482594458467e-02 6.648702562173323949e-02 6.904465900450819371e-02
4.125000000000000000e+00 8.153680159698339924e-02 8.576368963650045363e-02 6.655728239096736498e-02 6.907850889218136725e-02
4.150000000000000355e+00 8.149840135621497228e-02 8.567740165511304740e-02 6.660863250292793636e-02 6.909364046222371547e-02
4.174999999999999822e+00 8.144979472741895044e-02 8.558021888648686959e-02 6.664040809971502610e-02 6.908943440205134179e-02
4.200000000000000178e+00 8.139030801645143198e-02 8.547153143554127308e-02 6.665197451691183550e-02 6.906530192875032226e-02
4.224999999999999645e+00 8.131927085954740453e-02 8.535073260010912766e-02 6.664273161075028040e-02 6.902068567368346841e-02
4.250000000000000000e+00 8.123601877904612634e-02 8.521722158591919782e-02 6.661211548884080069e-02 6.895506154833454249e-02
4.275000000000000355e+00 8.113989470991160580e-02 8.507040452730514624e-02 6.655959900314360744e-02 6.886793901856620714e-02
4.299999999999999822e+00 8.103025134479613367e-02 8.490969683196473994e-02 6.648469318994379429e-02 6.875886260868921407e-02
4.325000000000000178e+00 8.090645329711564082e-02 8.473452358793795436e-02 6.638694841578775263e-02 6.862741198943253518e-02
4.349999999999999645e+00 8.076788215203074828e-02 8.454432618017104772e-02 6.626595742956475910e-02 6.847320629021257099e-02
4.375000000000000000e+00 8.061393223461124635e-02 8.433855756710592622e-02 6.612135144532664544e-02 6.829589984760557619e-02
4.400000000000000355e+00 8.044401738697463944e-02 8.411668832469064438e-02 6.595280464555562661e-02 6.809518651857106308e-02
4.424999999999999822e+00 8.025756734272204707e-02 8.387820306566837192e-02 6.576003026308460675e-02 6.787079588971893507e-02
4.450000000000000178e+00 8.005403451667690573e-02 8.362260517889386069e-02 6.554278539102044443e-02 6.762249658281160869e-02
4.474999999999999645e+00 7.983290173844485860e-02 8.334942314780796613e-02 6.530087599743922278e-02 6.735010035541419415e-02
4.500000000000000000e+00 7.959368317435365492e-02 8.305821908927778219e-02 6.503415681382197777e-02 6.705346818420405974e-02
4.525000000000000355e+00 7.933590891397236666e-02 8.274857064717644484e-02 6.474251786815722609e-02 6.673249501159934927e-02
4.549999999999999822e+00 7.905913763484598289e-02 8.242007531490065653e-02 6.442589341906199141e-02 6.638711203365643687e-02
4.575000000000000178e+00 7.876296487327084928e-02 8.207236498825974669e-02 6.408426759140756213e-02 6.601729754880665546e-02
4.599999999999999645e+00 7.844702077149384722e-02 8.170510480660148067e-02 6.371767154042673464e-02 6.562307518026096187e-02
4.625000000000000000e+00 7.811096385609347936e-02 8.131798803598015712e-02 6.332617726487668741e-02 6.520450893163304285e-02
4.650000000000000355e+00 7.775448580063244741e-02 8.091073478534857588e-02 6.290990033970685069e-02 6.476170093877388345e-02
4.674999999999999822e+00 7.737731821327557824e-02 8.048310219773775753e-02 6.246900445114081379e-02 6.429479893751866015e-02
4.700000000000000178e+00 7.697922879833928034e-02 8.003488203317900285e-02 6.200369690167091552e-02 6.380399333291869590e-02
4.724999999999999645e+00 7.656002219521657048e-02 7.956590060341262038e-02 6.151422810931898855e-02 6.328951595176010581e-02
4.750000000000000000e+00 7.611953964821874252e-02 7.907601797821303680e-02 6.100089028722884693e-02 6.275163849702637686e-02
4.775000000000000355e+00 7.565766450616447092e-02 7.856513189663379138e-02 6.046402063486586848e-02 6.219067447406888965e-02
4.799999999999999822e+00 7.517432062769273393e-02 7.803318026704962607e-02 5.990399906912193678e-02 6.160698047284225015e-02
4.825000000000000178e+00 7.466947157694625581e-02 7.748013712809434517e-02 5.932124637786243687e-02 6.100095171982608533e-02
4.849999999999999645e+00 7.414312271253432896e-02 7.690601813646333329e-02 5.871622473856294433e-02 6.037302567442325713e-02
4.875000000000000000e+00 7.359531916370645743e-02 7.631087597072230833e-02 5.808943523928317143e-02 5.972367726361556967e-02
4.900000000000000355e+00 7.302614922501443617e-02 7.569480354236579611e-02 5.744141921277407664e-02 5.905342031043298717e-02
4.924999999999999822e+00 7.243573990011052677e-02 7.505793439835613257e-02 5.677275325725505972e-02 5.836280691341910049e-02
4.950000000000000178e+00 7.182425970495782963e-02 7.440043837570821383e-02 5.608405103153184940e-02 5.765242270014014209e-02
4.974999999999999645e+00 7.119192141390949524e-02 7.372252876079397887e-02 5.537596406805389559e-02 5.692289179941976973e-02
5.000000000000000000e+00 7.053897493184616008e-02 7.302445826827838604e-02 5.464917468691091185e-02 5.617487258783769588e-02
5.025000000000000355e+00 6.986571170889560589e-02 7.230651604069207594e-02 5.390439897368364680e-02 5.540905401084576798e-02
5.049999999999999822e+00 6.917246605080690225e-02 7.156903531708307120e-02 5.314238645534728744e-02 5.462616096380152469e-02
5.075000000000000178e+00 6.845960670335488052e-02 7.081238510165802080e-02 5.236391230071511804e-02 5.382694656189255383e-02
5.099999999999999645e+00 6.772754401452936446e-02 7.003697139943500238e-02 5.156978243771812714e-02 5.301219199850529945e-02
5.125000000000000000e+00 6.697672688786303341e-02 6.924324079090160566e-02 5.076082947115941046e-02 5.218270849974254028e-02
5.150000000000000355e+00 6.620763836485253628e-02 6.843167388746007607e-02 4.993790840420716387e-02 5.133933091773314195e-02
5.174999999999999822e+00 6.542080087039782443e-02 6.760278958191644205e-02 4.910190005154975446e-02 5.048292043735522205e-02
5.200000000000000178e+00 6.461676933547536028e-02 6.675714002591318086e-02 4.825370408416918000e-02 4.961435920280158479e-02
5.224999999999999645e+00 6.379613170390249777e-02 6.589530945043861609e-02 4.739423866414450848e-02 4.873454848244362925e-02
5.250000000000000000e+00 6.295951093403504006e-02 6.501791755642065407e-02 4.652444093062204494e-02 4.784441039652685690e-02
5.275000000000000355e+00 6.210755809714353648e-02 6.412561455853663106e-02 4.564526097566353607e-02 4.694488319845854102e-02
5.299999999999999822e+00 6.124095181060750653e-02 6.321907605287808984e-02 4.475766002103920976e-02 4.603691610622644148e-02
5.325000000000000178e+00 6.036040104209811769e-02 6.229900790505818464e-02 4.386261154247631661e-02 4.512147191008892416e-02
5.349999999999999645e+00 5.946664010614105544e-02 6.136614223404422003e-02 4.296109687533442717e-02 4.419952313877634209e-02
5.375000000000000000e+00 5.856042690059286987e-02 6.042123573283859211e-02 4.205410247479784980e-02 4.327204976154458427e-02
5.400000000000000355e+00 5.764254260912222982e-02 5.946506831587070746e-02 4.114261905864031316e-02 4.234003727347501050e-02
5.424999999999999822e+00 5.671378904121442827e-02 5.849843899690590487e-02 4.022763845962400164e-02 4.140447218886405406e-02
5.450000000000000178e+00 5.577498831820387054e-02 5.752216823701386539e-02 3.931015254168827855e-02 4.046634326852977664e-02
5.474999999999999645e+00 5.482697927119264958e-02 5.653709585770766433e-02 3.839114957398159084e-02 3.952663911011040920e-02
5.500000000000000000e+00 5.387061315623337121e-02 5.554407262516850019e-02 3.747161023395433055e-02 3.858634067561167447e-02
5.525000000000000355e+00 5.290675799604483559e-02 5.454396463103661913e-02 3.655250998037705423e-02 3.764642368345295226e-02
5.549999999999999822e+00 5.193628938595069855e-02 5.353764846437898683e-02 3.563481107225655725e-02 3.670785418724667459e-02
5.575000000000000178e+00 5.096009200313161153e-02 5.252600958868772207e-02 3.471946352491643573e-02 3.577158676611806587e-02
5.599999999999999645e+00 4.997905956137041472e-02 5.150994119165846347e-02 3.380740428645973017e-02 3.483856293469742710e-02
5.625000000000000000e+00 4.899408978247565827e-02 5.049034175837179006e-02 3.289955246798750149e-02 3.390970840307509088e-02
5.650000000000000355e+00 4.800607955093851020e-02 4.946811054412342257e-02 3.199680542744526290e-02 3.298592932906814490e-02
5.674999999999999822e+00 4.701592860046755612e-02 4.844414671254129029e-02 3.110004104642300968e-02 3.206811094601670631e-02
5.700000000000000178e+00 4.602453588967735792e-02 4.741935032729530791e-02 3.021011428869449164e-02 3.115711775868771835e-02
5.724999999999999645e+00 4.503279374417953201e-02 4.639461594460651817e-02 2.932785274405030201e-02 3.025378845452944901e-02
5.750000000000000000e+00 4.404158951343921380e-02 4.537083208032281767e-02 2.845405764153753278e-02 2.935893523702406624e-02
5.775000000000000355e+00 4.305180315296901900e-02 4.434887852223726862e-02 2.758950140264295608e-02 2.847334125277595218e-02
5.799999999999999822e+00 4.206430441378301160e-02 4.332962748989712537e-02 2.673492568300601946e-02 2.759776136126691759e-02
5.825000000000000178e+00 4.107994916432291393e-02 4.231393712901851401e-02 2.589103872923023686e-02 2.673291748618054561e-02
5.849999999999999645e+00 4.009958036621705246e-02 4.130265134859635590e-02 2.505851590545530791e-02 2.587949808610845448e-02
5.875000000000000000e+00 3.912402347874352482e-02 4.029659812313629574e-02 2.423799666535638581e-02 2.503815724181931990e-02
5.900000000000000355e+00 3.815408695391226540e-02 3.929658695965669579e-02 2.343008485954118508e-02 2.420951277727779322e-02
5.924999999999999822e+00 3.719055968176504523e-02 3.830340810682106301e-02 2.263534722991781406e-02 2.339414584074520423e-02
5.950000000000000178e+00 3.623420958479129511e-02 3.731783065621743084e-02 2.185431276744933052e-02 2.259259989197281299e-02
5.974999999999999645e+00 3.528578199565327728e-02 3.634060200331879625e-02 2.108747185582217354e-02 2.180538067370125024e-02
6.000000000000000000e+00 3.434599604845908066e-02 3.537244424152285321e-02 2.033527451383462456e-02 2.103295420693458706e-02
6.025000000000000355e+00 3.341554320128603539e-02 3.441405070365478880e-02 1.959813007392019121e-02 2.027574496933661277e-02
6.049999999999999822e+00 3.249509032563668159e-02 3.346608886344015071e-02 1.887640984254379886e-02 1.953413846320181321e-02
6.075000000000000178e+00 3.158527457173289366e-02 3.252919853096184616e-02 1.817044415958377068e-02 1.880848063904910078e-02
6.099999999999999645e+00 3.068670226827051664e-02 3.160398831460460578e-02 1.748052276580193062e-02 1.809907637289337456e-02
6.125000000000000000e+00 2.979994985223685666e-02 3.069103566870353544e-02 1.680689613389305462e-02 1.740619017758441092e-02
6.150000000000000355e+00 2.892556143032715826e-02 2.979088670248866352e-02 1.614977493166621161e-02 1.673004705621131821e-02
6.174999999999999822e+00 2.806404962779721762e-02 2.890405555793516823e-02 1.550933167976777279e-02 1.607083318178817791e-02
6.200000000000000178e+00 2.721589234358414225e-02 2.803102185336948590e-02 1.488569953296920920e-02 1.542869511260378836e-02
6.224999999999999645e+00 2.638153458472989460e-02 2.717223231464784006e-02 1.427897479912952801e-02 1.480374210358488540e-02
6.250000000000000000e+00 2.556138735539853837e-02 2.632809935629580253e-02 1.368921725414050210e-02 1.419604619651278904e-02
6.275000000000000355e+00 2.475582681935562315e-02 2.549900103547415864e-02 1.311645100969036429e-02 1.360564347129164520e-02
6.299999999999999822e+00 2.396519426639316316e-02 2.468528005449046464e-02 1.256066554815897691e-02 1.303253460939061102e-02
6.325000000000000178e+00 2.318979699510745687e-02 2.388724385065370617e-02 1.202181757525025430e-02 1.247668602895165083e-02
6.349999999999999645e+00 2.242990822907284590e-02 2.310516745198955973e-02 1.149983232678968188e-02 1.193803308964408103e-02
6.375000000000000000e+00 2.168576607772467954e-02 2.233928976848438552e-02 1.099460420871792993e-02 1.141647908580338024e-02
6.400000000000000355e+00 2.095757580060622627e-02 2.158981608715812225e-02 1.050599942416351011e-02 1.091189790187924863e-02
6.424999999999999822e+00 2.024550891762829860e-02 2.085691908471525025e-02 1.003385679472216380e-02 1.042413608049128429e-02
6.450000000000000178e+00 1.954970389316163307e-02 2.014073738964133539e-02 9.577989376652116041e-03 9.953013136271145547e-03
6.474999999999999645e+00 1.887026734967716182e-02 1.944137741358377414e-02 9.138186439484987864e-03 9.498323870724663734e-03
6.500000000000000000e+00 1.820727474292862039e-02 1.875891426683700541e-02 8.714215076707590782e-03 9.059840144194277606e-03
6.525000000000000355e+00 1.756077100640849459e-02 1.809339238516682533e-02 8.305821842421448262e-03 8.637312473457310971e-03
6.549999999999999822e+00 1.693077177762018076e-02 1.744482645471824231e-02 7.912734662311611197e-03 8.230471768130249999e-03
6.575000000000000178e+00 1.631726433014397265e-02 1.681320256711601666e-02 7.534664353319114362e-03 7.839031107595383768e-03
6.599999999999999645e+00 1.572020850399908146e-02 1.619847909455045601e-02 7.171306268993545008e-03 7.462687290264335103e-03
6.625000000000000000e+00 1.513953810883838721e-02 1.560058804022814577e-02 6.822342226148966210e-03 7.101122695591151161e-03
6.650000000000000355e+00 1.457516206206066998e-02 1.501943611530911181e-02 6.487442014514519309e-03 6.754006884031132051e-03
6.674999999999999822e+00 1.402696553534203174e-02 1.445490595973238784e-02 6.166264922376246856e-03 6.420998179519101651e-03
6.700000000000000178e+00 1.349481155194643366e-02 1.390685766238460019e-02 5.858461539063304982e-03 6.101745402524283435e-03
6.724999999999999645e+00 1.297854211017901264e-02 1.337512998092752446e-02 5.563675142597001612e-03 5.795889375467867984e-03
6.750000000000000888e+00 1.247797923517908990e-02 1.285954148891075080e-02 5.281543022946430001e-03 5.503064323870421153e-03
6.775000000000001243e+00 1.199292663473442745e-02 1.235989203964819871e-02 5.011698066285946544e-03 5.222899389856541612e-03
6.799999999999999822e+00 1.152317102565582341e-02 1.187596404758997116e-02 4.753770022155988893e-03 4.955019940649201503e-03
6.825000000000001066e+00 1.106848354700443182e-02 1.140752399995114026e-02 4.507386854116842735e-03 4.699048951824591307e-03
6.849999999999999645e+00 1.062862103842109052e-02 1.095432382648796332e-02 4.272175895986321179e-03 4.454608280277129288e-03
6.875000000000000000e+00 1.020332730518005646e-02 1.051610208032054128e-02 4.047764941489540545e-03 4.221319741847345992e-03
6.900000000000001243e+00 9.792334460557231002e-03 1.009258531118876687e-02 3.833783322326495251e-03 3.998806241307696629e-03
6.924999999999999822e+00 9.395364250147577798e-03 9.683489422452640563e-03 3.629862906632188354e-03 3.786692818181237961e-03
6.950000000000001066e+00 9.012129263780936997e-03 9.288520815392702773e-03 3.435638983357029025e-03 3.584607539443095299e-03
6.974999999999999645e+00 8.641636828085367053e-03 8.908075020059561325e-03 3.250390441120755945e-03 3.392543033217886809e-03
7.000000000000000000e+00 8.281863638768781344e-03 8.537150237187709004e-03 3.073358770346668826e-03 3.208180201366505214e-03
7.025000000000001243e+00 7.935254017348784827e-03 8.179775195598327706e-03 2.905111344817227007e-03 3.032920428490416473e-03
7.049999999999999822e+00 7.601471742394634752e-03 7.835605787905578282e-03 2.745290323657366589e-03 2.866396861134453029e-03
7.075000000000001066e+00 7.280178192274795908e-03 7.504295395883994226e-03 2.593545689609451192e-03 2.708250366277073929e-03
7.099999999999999645e+00 6.971033368351003089e-03 7.185495773853750254e-03 2.449535711946287161e-03 2.558129956652128306e-03
7.125000000000000000e+00 6.673696852410517834e-03 6.878858129438483217e-03 2.312927297532486274e-03 2.415693239629676352e-03
7.150000000000001243e+00 6.387828491771720477e-03 6.584033914413208767e-03 2.183396258575616856e-03 2.280606725732986419e-03
7.174999999999999822e+00 6.113089324319065897e-03 6.300675606828568670e-03 2.060627607000692103e-03 2.152546097760129392e-03
7.200000000000000178e+00 5.849142324078299669e-03 6.028437535192788729e-03 1.944315734800410467e-03 2.031196447469272876e-03
7.224999999999999645e+00 5.595653048238732365e-03 5.766976563088948779e-03 1.834164547471688533e-03 1.916252437369556387e-03
7.250000000000000000e+00 5.352290265564886053e-03 5.515952765972157411e-03 1.729887542781353548e-03 1.807418427166421031e-03
7.275000000000001243e+00 5.118726564276482836e-03 5.275030010350856453e-03 1.631207880063495139e-03 1.704408537015589904e-03
7.299999999999999822e+00 4.894638839147803962e-03 5.043876477677657066e-03 1.537858383427984695e-03 1.606946671185312779e-03
7.325000000000000178e+00 4.679708782328075023e-03 4.822165153337940220e-03 1.449581518971471833e-03 1.514766514570399817e-03
7.349999999999999645e+00 4.473623349837398989e-03 4.609574331470685064e-03 1.366129333766392126e-03 1.427611505155355984e-03
7.375000000000000000e+00 4.276075052852266675e-03 4.405787947695323677e-03 1.287263353644966905e-03 1.345234737319455330e-03
7.400000000000001243e+00 4.086762357451254220e-03 4.210495936696554385e-03 1.212754476311659084e-03 1.267398863811734690e-03
7.424999999999999822e+00 3.905389957906452072e-03 4.023394551517032146e-03 1.142382820899743093e-03 1.193875961016728710e-03
7.450000000000000178e+00 3.731669009952985443e-03 3.844186609143348914e-03 1.075937584715212563e-03 1.124447380069006856e-03
7.474999999999999645e+00 3.565317375965406516e-03 3.672581746923187212e-03 1.013216846850571382e-03 1.058903585344346922e-03
7.500000000000000000e+00 3.406059749488767833e-03 3.508296561504698798e-03 9.540273535451451780e-04 9.970439368479225642e-04
7.525000000000000355e+00 3.253627805376492314e-03 3.351054770347812461e-03 8.981843317840698410e-04 9.386764948108278868e-04
7.549999999999999822e+00 3.107760315375521915e-03 3.200587329964349210e-03 8.455112621934563616e-04 8.836178065634221236e-04
7.575000000000000178e+00 2.968203250998009690e-03 3.056632519158246006e-03 7.958396496942093555e-04 8.316926714873080096e-04
7.599999999999999645e+00 2.834709797573851074e-03 2.918936022907162725e-03 7.490087769947301752e-04 7.827339123180880208e-04
7.625000000000000000e+00 2.707040354023824546e-03 2.787250908246490834e-03 7.048654548021214680e-04 7.365821159668224649e-04
7.650000000000000355e+00 2.584962581938760745e-03 2.661337645037095950e-03 6.632637930503953007e-04 6.930853892980694438e-04
7.674999999999999822e+00 2.468251361420162760e-03 2.540964118109111190e-03 6.240649373032533705e-04 6.520991180100690074e-04
7.700000000000000178e+00 2.356688744089070319e-03 2.425905563884230010e-03 5.871368128989893709e-04 6.134857007489990686e-04
7.724999999999999645e+00 2.250063890279723269e-03 2.315944514017189391e-03 5.523538853843975270e-04 5.771142976565005666e-04
7.750000000000000000e+00 2.148172990549167272e-03 2.210870705405521084e-03 5.195969028652894662e-04 5.428605741789610398e-04
7.775000000000000355e+00 2.050819186704481035e-03 2.110481016753983606e-03 4.887526481221190827e-04 5.106064527888361931e-04
7.799999999999999822e+00 1.957812454295551445e-03 2.014579349607873750e-03 4.597136956225990139e-04 4.802398602049990088e-04
7.825000000000000178e+00 1.868969498306959553e-03 1.922976512254234542e-03 4.323781706840442904e-04 4.516544803654724523e-04
7.849999999999999645e+00 1.784113624483526020e-03 1.835490112431496573e-03 4.066495127434006105e-04 4.247495180752894643e-04
7.875000000000000000e+00 1.703074600360637457e-03 1.751944403559273309e-03 3.824362419754856511e-04 3.994294560293581834e-04
7.900000000000000355e+00 1.625688518560014072e-03 1.672170145445559409e-03 3.596517343887206826e-04 3.756038232973116881e-04
7.924999999999999822e+00 1.551797652981009050e-03 1.596004461502001370e-03 3.382140017685900872e-04 3.531869704373013347e-04
7.950000000000000178e+00 1.481250304986602741e-03 1.523290684991248463e-03 3.180454771686992829e-04 3.320978489817362597e-04
7.974999999999999645e+00 1.413900645763730953e-03 1.453878198149175698e-03 2.990728068502838499e-04 3.122597969600896710e-04
8.000000000000000000e+00 1.349608559173647243e-03 1.387622269275858803e-03 2.812266491287788127e-04 2.936003308143661159e-04
8.025000000000000355e+00 1.288239481546484162e-03 1.324383891787726071e-03 2.644414804773624573e-04 2.760509455043785821e-04
8.050000000000000711e+00 1.229664238314444888e-03 1.264029618125076361e-03 2.486554073656319194e-04 2.595469205391774756e-04
8.074999999999999289e+00 1.173758879528970060e-03 1.206431389655384778e-03 2.338099850850512338e-04 2.440271319376975971e-04
8.099999999999999645e+00 1.120404519495993290e-03 1.151466372184406202e-03 2.198500444190733499e-04 2.294338726708974830e-04
8.125000000000000000e+00 1.069487172728148666e-03 1.099016789827904220e-03 2.067235243783001059e-04 2.157126795841954336e-04
8.150000000000000355e+00 1.020897592601947759e-03 1.048969758633787591e-03 1.943813121372971100e-04 2.028121671459517787e-04
8.175000000000000711e+00 9.745311113389116663e-04 1.001217122825280321e-03 1.827770890197993056e-04 1.906838680195754919e-04
8.199999999999999289e+00 9.302874805051443733e-04 9.556552906231464495e-04 1.718671831943330752e-04 1.792820798118242051e-04
8.224999999999999645e+00 8.880707171229052475e-04 9.121850755104407094e-04 1.616104297651124603e-04 1.685637193097026679e-04
8.250000000000000000e+00 8.477889485598939703e-04 8.707115382155678493e-04 1.519680359141354275e-04 1.584881828057319822e-04
8.275000000000000355e+00 8.093542620682382888e-04 8.311438308909580410e-04 1.429034528106172053e-04 1.490172124595007708e-04
8.300000000000000711e+00 7.726825575842501603e-04 7.933950455193170643e-04 1.343822536985184396e-04 1.401147692413459082e-04
8.324999999999999289e+00 7.376934027426694952e-04 7.573820655016049201e-04 1.263720170994897410e-04 1.317469117210220519e-04
8.349999999999999645e+00 7.043098924807711120e-04 7.230254197871532505e-04 1.188422162976143120e-04 1.238816804238467711e-04
8.375000000000000000e+00 6.724585113497737405e-04 6.902491415615219289e-04 1.117641139776375181e-04 1.164889880973045796e-04
8.400000000000000355e+00 6.420689990085341877e-04 6.589806298926663289e-04 1.051106618881861071e-04 1.095405152110788354e-04
8.425000000000000711e+00 6.130742210626989814e-04 6.291505156431620449e-04 9.885640612276081786e-05 1.030096107757986736e-04
8.449999999999999289e+00 5.854100418849994504e-04 6.006925310864766636e-04 9.297739666288254076e-05 9.687119820613604849e-05
8.474999999999999645e+00 5.590152021516811912e-04 5.735433827239212745e-04 8.745110186676765250e-05 9.110168579357880657e-05
8.500000000000000000e+00 5.338312006893681377e-04 5.476426294691721930e-04 8.225632756294435906e-05 8.567888219476866814e-05
8.525000000000000355e+00 5.098021788037878114e-04 5.229325634936403530e-04 7.737313994859014400e-05 8.058191603224554701e-05
8.550000000000000711e+00 4.868748095232644903e-04 4.993580953594647757e-04 7.278279314705086718e-05 7.579115987640622860e-05
8.574999999999999289e+00 4.649981902164871425e-04 4.768666434056963404e-04 6.846766032070202782e-05 7.128815841710255520e-05
8.599999999999999645e+00 4.441237386428489148e-04 4.554080261592376730e-04 6.441116850535566875e-05 6.705556025216449962e-05
8.625000000000000000e+00 4.242050934470471195e-04 4.349343591861497835e-04 6.059773723765641022e-05 6.307705358736840837e-05
8.650000000000000355e+00 4.051980176983778709e-04 4.153999556006550279e-04 5.701272036288448496e-05 5.933730540187488235e-05
8.675000000000000711e+00 3.870603060496477532e-04 3.967612301336538648e-04 5.364235120836624853e-05 5.582190402835562654e-05
8.699999999999999289e+00 3.697516960283979805e-04 3.789766069146044002e-04 5.047369074476850152e-05 5.251730488871185097e-05
8.724999999999999645e+00 3.532337818525562736e-04 3.620064307534857266e-04 4.749457859945552084e-05 4.941077924566979771e-05
8.750000000000000000e+00 3.374699319245937188e-04 3.458128816227364326e-04 4.469358700309144621e-05 4.649036586839464609e-05
8.775000000000000355e+00 3.224252098953024636e-04 3.303598928963431933e-04 4.205997725576775557e-05 4.374482550147627824e-05
8.800000000000000711e+00 3.080662984628395273e-04 3.156130725954333152e-04 3.958365864443336287e-05 4.116359783307048175e-05
8.824999999999999289e+00 2.943614267495555433e-04 3.015396279578099652e-04 3.725514988856372736e-05 3.873676100798368346e-05
8.849999999999999645e+00 2.812803000804687918e-04 2.881082931868750329e-04 3.506554257552722202e-05 3.645499345992837017e-05
8.875000000000000000e+00 2.687940329914703837e-04 2.752892597187823012e-04 3.300646690862014721e-05 3.430953788209078911e-05
8.900000000000000355e+00 2.568750851261534639e-04 2.630541100153147623e-04 3.107005939514957780e-05 3.229216741472129548e-05
8.925000000000000711e+00 2.454971996042813569e-04 2.513757536971070292e-04 2.924893236608780376e-05 3.039515370403193372e-05
8.949999999999999289e+00 2.346353443250520242e-04 2.402283667841056286e-04 2.753614539388026322e-05 2.861123690979053641e-05
8.974999999999999645e+00 2.242656554425199425e-04 2.295873332802602512e-04 2.592517828124646527e-05 2.693359743991410066e-05
9.000000000000000000e+00 2.143653835826759288e-04 2.194291891816199571e-04 2.440990570724283621e-05 2.535582931545155423e-05
9.025000000000000355e+00 2.049128423474838850e-04 2.097315695007235452e-04 2.298457337707780380e-05 2.387191521359367788e-05
9.050000000000000711e+00 1.958873589042930345e-04 2.004731569638376555e-04 2.164377557990440314e-05 2.247620290462017508e-05
9.074999999999999289e+00 1.872692269686372158e-04 1.916336332601212072e-04 2.038243407313741174e-05 2.116338312865440272e-05
9.099999999999999645e+00 1.790396617932027900e-04 1.831936325859702115e-04 1.919577823567213506e-05 1.992846879776103376e-05
9.125000000000000000e+00 1.711807571672653257e-04 1.751346969136148915e-04 1.807932641983540326e-05 1.876677541267072452e-05
9.150000000000000355e+00 1.636754444846512141e-04 1.674392337593297580e-04 1.702886840704239568e-05 1.767390270148431041e-05
9.175000000000000711e+00 1.565074534511985303e-04 1.600904755432199487e-04 1.604044892374773305e-05 1.664571733399066667e-05
9.199999999999999289e+00 1.496612747022307594e-04 1.530724407473840927e-04 1.511035215241892075e-05 1.567833666306087456e-05
9.224999999999999645e+00 1.431221241209550534e-04 1.463698970696522387e-04 1.423508718107326185e-05 1.476811348467303745e-05
9.250000000000000000e+00 1.368759087662229246e-04 1.399683261233047925e-04 1.341137432309823482e-05 1.391162169322338519e-05
9.275000000000000355e+00 1.309091943864022821e-04 1.338538898131913578e-04 1.263613226603870683e-05 1.310564281589867435e-05
9.300000000000000711e+00 1.252091744194782231e-04 1.280133982479420929e-04 1.190646600016693385e-05 1.234715335352538130e-05
9.324999999999999289e+00 1.197636404342787954e-04 1.224342791442462519e-04 1.121965549602918097e-05 1.163331290504955289e-05
9.349999999999999645e+00 1.145609539471837389e-04 1.171045486679749269e-04 1.057314503448970292e-05 1.096145300415823019e-05
9.375000000000000000e+00 1.095900195506710993e-04 1.120127836083863334e-04 9.964533214141148350e-06 1.032906663082807486e-05
9.400000000000000355e+00 1.048402592993945704e-04 1.071480948875977771e-04 9.391563565916075316e-06 9.733798375121996055e-06
9.425000000000000711e+00 1.003015882770607188e-04 1.025001022857410863e-04 8.852115728331251510e-06 9.173435194821860501e-06
9.449999999999999289e+00 9.596439133247512373e-05 9.805891035388055127e-05 8.344197160685245791e-06 8.645897734077042862e-06
9.474999999999999645e+00 9.181950090477650195e-05 9.381508548675579896e-05 7.865935367765365855e-06 8.149232173673906583e-06
9.500000000000000000e+00 8.785817587989896754e-05 8.975963404905921994e-05 7.415570598431929266e-06 7.681602581371856154e-06
9.525000000000000355e+00 8.407208146113314480e-05 8.588398155548138894e-05 6.991448983361799122e-06 7.241283727185998663e-06
9.550000000000000711e+00 8.045326997354339575e-05 8.217995281885963322e-05 6.592016099659220127e-06 6.826654338277737405e-06
9.574999999999999289e+00 7.699416259440557901e-05 7.863975305731167587e-05 6.215810926941172919e-06 6.436190769421302509e-06
9.599999999999999645e+00 7.368753193621571163e-05 7.525594988618037023e-05 5.861460171218354251e-06 6.068461059191597042e-06
9.625000000000000000e+00 7.052648546130011506e-05 7.202145617117038426e-05 5.527672940617734480e-06 5.722119351453840489e-06
9.650000000000000355e+00 6.750444968287097342e-05 6.892951369661740589e-05 5.213235739546685714e-06 5.395900659009530218e-06
9.675000000000000711e+00 6.461515511178327130e-05 6.597367760679234531e-05 4.917007764392570439e-06 5.088615941397388883e-06
9.699999999999999289e+00 6.185262192659918582e-05 6.314780159392406101e-05 4.637916504888977846e-06 4.799147489769144172e-06
9.724999999999999645e+00 5.921114632396849161e-05 6.044602379485577857e-05 4.374953602761533945e-06 4.526444597876269426e-06
9.750000000000000000e+00 5.668528751433542955e-05 5.786275335037642119e-05 4.127170957563103746e-06 4.269519490096048164e-06
9.775000000000000355e+00 5.426985534354648421e-05 5.539265762152184792e-05 3.893677084200341900e-06 4.027443503334802179e-06
9.800000000000000711e+00 5.195989849317222622e-05 5.303065000252887130e-05 3.673633685475280325e-06 3.799343503690486999e-06
9.824999999999999289e+00 4.975069325834497309e-05 5.077187831840982286e-05 3.466252433056065419e-06 3.584398519273628239e-06
9.849999999999999645e+00 4.763773285180895319e-05 4.861171379084095400e-05 3.270791950726949412e-06 3.381836582002851426e-06
9.875000000000000000e+00 4.561671721374210961e-05 4.654574051186099358e-05 3.086554978160252459e-06 3.190931762303570294e-06
9.900000000000000355e+00 4.368354331571652885e-05 4.456974543017423149e-05 2.912885704044201474e-06 3.011001382876977878e-06
9.925000000000000711e+00 4.183429592509092961e-05 4.267970881958504031e-05 2.749167270119196954e-06 2.841403404063827829e-06
9.949999999999999289e+00 4.006523880587859230e-05 4.087179519712769106e-05 2.594819422983962241e-06 2.681533971029859350e-06
9.974999999999999645e+00 3.837280633889499147e-05 3.914234467376398918e-05 2.449296309063105278e-06 2.530825107902636951e-06
1.000000000000000000e+01 3.675359554705660126e-05 3.748786472192984574e-05 2.312084404516591024e-06 2.388742554932261073e-06
1.002500000000000036e+01 3.520435849574141758e-05 3.590502233873871062e-05 2.182700570518329140e-06 2.254783735317943525e-06
1.005000000000000071e+01 3.372199505512965404e-05 3.439063657855140848e-05 2.060690230644420918e-06 2.128475849385159846e-06
1.007499999999999929e+01 3.230354600944509411e-05 3.294167144150296489e-05 1.945625653442799860e-06 2.009374082107056901e-06
1.009999999999999964e+01 3.094618649299700095e-05 3.155522910569413830e-05 1.837104343691505136e-06 1.897059921252095004e-06
1.012500000000000000e+01 2.964721973731557865e-05 3.022854348091668245e-05 1.734747529729883449e-06 1.791139577541505183e-06
1.015000000000000036e+01 2.840407111539740924e-05 2.895897406528445176e-05 1.638198742455483425e-06 1.691242501082418333e-06
1.017500000000000071e+01 2.721428247008695703e-05 2.774400009911517136e-05 1.547122481032880866e-06 1.597019987308662507e-06
1.019999999999999929e+01 2.607550670984155956e-05 2.658121499380535998e-05 1.461202961135475008e-06 1.508143869301089094e-06
1.022499999999999964e+01 2.498550266343598980e-05 2.546832102787867884e-05 1.380142936856679837e-06 1.424305288589665355e-06
1.025000000000000000e+01 2.394213017619484135e-05 2.440312429532889518e-05 1.303662594424207601e-06 1.345213540842820484e-06
1.027500000000000036e+01 2.294334543871489164e-05 2.338352989105510282e-05 1.231498512187178702e-06 1.270594990389701429e-06
1.030000000000000071e+01 2.198719653789862126e-05 2.240753732709574157e-05 1.163402686041159188e-06 1.200192051931148855e-06
1.032499999999999929e+01 2.107181921698332799e-05 2.147323616603334661e-05 1.099141611612490637e-06 1.133762233762995377e-06
1.034999999999999964e+01 2.019543283633005307e-05 2.057880186005657311e-05 1.038495422649267064e-06 1.071077238620536780e-06
1.037500000000000000e+01 1.935633652565143346e-05 1.972249178763378437e-05 9.812570806473550768e-07 1.011922118824916895e-06
1.040000000000000036e+01 1.855290551669282886e-05 1.890264147853084993e-05 9.272316139484044739e-07 9.560944823187170440e-07
1.042500000000000071e+01 1.778358764863459661e-05 1.811766101549043792e-05 8.762354034115105926e-07 9.034037472618641958e-07
1.044999999999999929e+01 1.704690003813061558e-05 1.736603160656936785e-05 8.280955094173073761e-07 8.536704412421070091e-07
1.047499999999999964e+01 1.634142590561577622e-05 1.664630231813680209e-05 7.826490403698873721e-07 8.067255423727683474e-07
1.050000000000000000e+01 1.566581155159648322e-05 1.595708696279527839e-05 7.397425592228036494e-07 7.624098606547729630e-07
1.052500000000000036e+01 1.501876347406704896e-05 1.529706113385284865e-05 6.992315247249834583e-07 7.205734560768428186e-07
1.055000000000000071e+01 1.439904562093316393e-05 1.466495937811606725e-05 6.609797675209397501e-07 6.810750919195931660e-07
1.057499999999999929e+01 1.380547677131064416e-05 1.405957250194503817e-05 6.248589968535013764e-07 6.437817211638366672e-07
1.059999999999999964e+01 1.323692803930570522e-05 1.347974500367570843e-05 5.907483364441451320e-07 6.085680032037934384e-07
1.062500000000000000e+01 1.269232049419398370e-05 1.292437262615783347e-05 5.585338888234574076e-07 5.753158497164354185e-07
1.065000000000000036e+01 1.217062289181230980e-05 1.239240002376896775e-05 5.281083254307241889e-07 5.439139978061419535e-07
1.067500000000000071e+01 1.167084951150134425e-05 1.188281853849416419e-05 4.993705012178813008e-07 5.142576086669922354e-07
1.069999999999999929e+01 1.119205809387593401e-05 1.139466407978053003e-05 4.722250922342448683e-07 4.862478902351526240e-07
1.072499999999999964e+01 1.073334787451754478e-05 1.092701510330058403e-05 4.465822547900391606e-07 4.597917423687766345e-07
1.075000000000000000e+01 1.029385770881161779e-05 1.047899068372303510e-05 4.223573049529988789e-07 4.348014232008773336e-07
1.077500000000000036e+01 9.872764283862976519e-06 1.004974867715315538e-05 3.994704168347002963e-07 4.111942353185263971e-07
1.080000000000000071e+01 9.469280413274340535e-06 9.638483968989616115e-06 3.778463390739036970e-07 3.888922305476190027e-07
1.082499999999999929e+01 9.082653410780023814e-06 9.244426802976451517e-06 3.574141283792288940e-07 3.678219325728724577e-07
1.084999999999999964e+01 8.712163539041425180e-06 8.866841187687837312e-06 3.381068984771511014e-07 3.479140759354859594e-07
1.087500000000000000e+01 8.357122530037250165e-06 8.505023376842717293e-06 3.198615839240686667e-07 3.291033604407861134e-07
1.090000000000000036e+01 8.016872173640281543e-06 8.158300419693212003e-06 3.026187178114879481e-07 3.113282200082480074e-07
1.092500000000000071e+01 7.690782971302142026e-06 7.826028778468631256e-06 2.863222232990353498e-07 2.945306054440791533e-07
1.094999999999999929e+01 7.378252851574434354e-06 7.507593009577564944e-06 2.709192167378200741e-07 2.786557801783559425e-07
1.097499999999999964e+01 7.078705944557925408e-06 7.202404505437354024e-06 2.563598224152513810e-07 2.636521276347206928e-07
1.100000000000000000e+01 6.791591412664015481e-06 6.909900294212410574e-06 2.425969988259927327e-07 2.494709703871403737e-07
1.102500000000000036e+01 6.516382334896315506e-06 6.629541894670140644e-06 2.295863744682364073e-07 2.360663997950177219e-07
1.105000000000000071e+01 6.252574642158994214e-06 6.360814223497566396e-06 2.172860938842789157e-07 2.233951157324750663e-07
1.107499999999999929e+01 5.999686101352126635e-06 6.103224552834264331e-06 2.056566723180293474e-07 2.114162758153502989e-07
1.109999999999999964e+01 5.757255345650447644e-06 5.856301515377370794e-06 1.946608590479321022e-07 2.000913533098561911e-07
1.112500000000000000e+01 5.524840949096095273e-06 5.619594154934514640e-06 1.842635089578636649e-07 1.893840036386409067e-07
1.115000000000000036e+01 5.302020543336723440e-06 5.392671020425768272e-06 1.744314612175273386e-07 1.792599385608296649e-07
1.117500000000000071e+01 5.088389974422318461e-06 5.175119301050757854e-06 1.651334253392313553e-07 1.696868077408880895e-07
1.119999999999999929e+01 4.883562498005616932e-06 4.966544000884942919e-06 1.563398738390584479e-07 1.606340872973328957e-07
1.122499999999999964e+01 4.687168010937381283e-06 4.766567150984964511e-06 1.480229410533120675e-07 1.520729748371572044e-07
1.125000000000000000e+01 4.498852317665793270e-06 4.574827057227736682e-06 1.401563280598629946e-07 1.439762906203256755e-07
1.127500000000000036e+01 4.318276429928017512e-06 4.390977582287743199e-06 1.327152130588448737e-07 1.363183846110972734e-07
1.130000000000000071e+01 4.145115898015186658e-06 4.214687460154683781e-06 1.256761668071422878e-07 1.290750487821794443e-07
1.132499999999999929e+01 3.979060172213280876e-06 4.045639641631434239e-06 1.190170732677897042e-07 1.222234346451593017e-07
1.134999999999999964e+01 3.819811993006270618e-06 3.883530669402829744e-06 1.127170545932920122e-07 1.157419755513490519e-07
1.137500000000000000e+01 3.667086808697706132e-06 3.728070081221711436e-06 1.067564006052809578e-07 1.096103134646172757e-07
1.140000000000000036e+01 3.520612219311897622e-06 3.578979840073168915e-06 1.011165023585541137e-07 1.038092300615055907e-07
1.142500000000000071e+01 3.380127445365966907e-06 3.435993789979789300e-06 9.577978949823425934e-08 9.832058177591477676e-08
1.144999999999999929e+01 3.245382820474804133e-06 3.298857136174526296e-06 9.072967135198184478e-08 9.312723866472521269e-08
1.147499999999999964e+01 3.116139306719865112e-06 3.167325948673965315e-06 8.595048127448418622e-08 8.821302678172223250e-08
1.150000000000000000e+01 2.992168031668062604e-06 3.041166688116729257e-06 8.142742423516492822e-08 8.356267383941533864e-08
1.152500000000000036e+01 2.873249846057266257e-06 2.920155752786392601e-06 7.714652755082421599e-08 7.916175806303874628e-08
1.155000000000000071e+01 2.759174901215203643e-06 2.804079045889863674e-06 7.309459431123737611e-08 7.499666000587379361e-08
1.157499999999999929e+01 2.649742245323716140e-06 2.692731562145511367e-06 6.925915958749346878e-08 7.105451709271443131e-08
1.159999999999999964e+01 2.544759437662355942e-06 2.585916992870788732e-06 6.562844914371065183e-08 6.732318087429907467e-08
1.162500000000000000e+01 2.444042179964294100e-06 2.483447348619364502e-06 6.219134040926210690e-08 6.379117662638475071e-08
1.165000000000000036e+01 2.347413964157150877e-06 2.385142598584844893e-06 5.893732587204969608e-08 6.044766535766933879e-08
1.167500000000000071e+01 2.254705735722515224e-06 2.290830326057400297e-06 5.585647836686124643e-08 5.728240794954749567e-08
1.169999999999999929e+01 2.165755571963503326e-06 2.200345399184139423e-06 5.293941851392261223e-08 5.428573135243280443e-08
1.172499999999999964e+01 2.080408374490493602e-06 2.113529656279816669e-06 5.017728399376997783e-08 5.144849678004474225e-08
1.175000000000000000e+01 1.998515575305573350e-06 2.030231605094649408e-06 4.756170049310087510e-08 4.876206966905146838e-08
1.177500000000000036e+01 1.919934855843353803e-06 1.950306135373923231e-06 4.508475437963338810e-08 4.621829136380336478e-08
1.180000000000000071e+01 1.844529878409950653e-06 1.873614244104891210e-06 4.273896691184670946e-08 4.380945242637332772e-08
1.182499999999999929e+01 1.772170029437492907e-06 1.800022772902278492e-06 4.051726992792679848e-08 4.152826746988284087e-08
1.184999999999999964e+01 1.702730174021691240e-06 1.729404156945571416e-06 3.841298288540781015e-08 3.936785141913464086e-08
1.187500000000000000e+01 1.636090421241718613e-06 1.661636184963519535e-06 3.641979125754965264e-08 3.732169712137051157e-08
1.190000000000000036e+01 1.572135899777644055e-06 1.596601769775948938e-06 3.453172613460018564e-08 3.538365426033851113e-08
1.192500000000000071e+01 1.510756543355764442e-06 1.534188728905294249e-06 3.274314494737437305e-08 3.354790942625404886e-08
1.194999999999999929e+01 1.451846885581977012e-06 1.474289574804984212e-06 3.104871332742601219e-08 3.180896734015222869e-08
1.197499999999999964e+01 1.395305863747545956e-06 1.416801314278844341e-06 2.944338799133024947e-08 3.016163313972090484e-08
1.200000000000000000e+01 1.341036631196163888e-06 1.361625256672284062e-06 2.792240056894751950e-08 2.860099568151614241e-08
1.202500000000000036e+01 1.288946377876685715e-06 1.308666830443960269e-06 2.648124234562935071e-08 2.712241175278172998e-08
1.205000000000000071e+01 1.238946158713766765e-06 1.257835407746422222e-06 2.511564991222308970e-08 2.572149122170534855e-08
1.207499999999999929e+01 1.190950729443539278e-06 1.209044136649574109e-06 2.382159154026560074e-08 2.439408298854701597e-08
1.209999999999999964e+01 1.144878389587707985e-06 1.162209780673309850e-06 2.259525440046415738e-08 2.313626174061856358e-08
1.212500000000000000e+01 1.100650832242832964e-06 1.117252565298548266e-06 2.143303247995593097e-08 2.194431546984924101e-08
1.215000000000000036e+01 1.058193000385734256e-06 1.074096031146430098e-06 2.033151515579450919e-08 2.081473367961540196e-08
1.217500000000000071e+01 1.017432949402685580e-06 1.032666893530364757e-06 1.928747641493630660e-08 1.974419624551814867e-08
1.219999999999999929e+01 9.783017155677272138e-07 9.928949080964584263e-07 1.829786470391969230e-08 1.872956291341909392e-08
1.222499999999999964e+01 9.407331902059747602e-07 9.547127422808295363e-07 1.735979333037125957e-08 1.776786339286866764e-08
1.225000000000000000e+01 9.046639992920476990e-07 9.180558523293264011e-07 1.647053139145791284e-08 1.685628799259313827e-08
1.227500000000000036e+01 8.700333882407527278e-07 8.828623656307064585e-07 1.562749522501704590e-08 1.599217878503686449e-08
1.230000000000000071e+01 8.367831116620551543e-07 8.490729681278383801e-07 1.482824034140375066e-08 1.517302126983507700e-08
1.232499999999999929e+01 8.048573278617271825e-07 8.166307965841868214e-07 1.407045379789684564e-08 1.439643650579971285e-08
1.234999999999999964e+01 7.742024978782537241e-07 7.854813354906354589e-07 1.335194698826318957e-08 1.366017367175667106e-08
1.237500000000000000e+01 7.447672888571626940e-07 7.555723184078356436e-07 1.267064884875159867e-08 1.296210304647563930e-08
1.240000000000000036e+01 7.165024815711665358e-07 7.268536335500490317e-07 1.202459943525026524e-08 1.230020938138641612e-08
1.242500000000000071e+01 6.893608819051114484e-07 6.992772334223340358e-07 1.141194386652770161e-08 1.167258564374298165e-08
1.244999999999999929e+01 6.632972361315810587e-07 6.727970483348264344e-07 1.083092659068933536e-08 1.107742710879670121e-08
1.247499999999999964e+01 6.382681498107969500e-07 6.473689036219451617e-07 1.027988596690212650e-08 1.051302576936232813e-08
1.250000000000000000e+01 6.142320101578486666e-07 6.229504404067309385e-07 9.757249172446025817e-09 9.977765068222521345e-09
1.252500000000000036e+01 5.911489117235375715e-07 5.995010397529981008e-07 9.261527366253574140e-09 9.470114921907789184e-09
1.255000000000000071e+01 5.689805852475505219e-07 5.769817500594457427e-07 8.791311122994612542e-09 8.988627009451716904e-09
1.257499999999999929e+01 5.476903295421132939e-07 5.553552175522713896e-07 8.345266133848996705e-09 8.531930331481409697e-09
1.259999999999999964e+01 5.272429462762936185e-07 5.345856197418319459e-07 7.922129132780333405e-09 8.098727013561102627e-09
1.262500000000000000e+01 5.076046775352419634e-07 5.146386017146269427e-07 7.520704050549586183e-09 7.687788339717491795e-09
1.265000000000000036e+01 4.887431460335382675e-07 4.954812151377962734e-07 7.139858380824062569e-09 7.297951005386679062e-09
1.267500000000000071e+01 4.706272978660055471e-07 4.770818598571081938e-07 6.778519742179170056e-09 6.928113575841529174e-09
1.269999999999999929e+01 4.532273476884846326e-07 4.594102279760467972e-07 6.435672632909064242e-09 6.577233138270863272e-09
1.272499999999999964e+01 4.365147262224066323e-07 4.424372503101200571e-07 6.110355368154402303e-09 6.244322142824797619e-09
1.275000000000000000e+01 4.204620299818454366e-07 4.261350451113439649e-07 5.801657179334436264e-09 5.928445415619343710e-09
1.277500000000000036e+01 4.050429731288327756e-07 4.104768689659733413e-07 5.508715471142178291e-09 5.628717333983085450e-09
1.280000000000000071e+01 3.902323413643403062e-07 3.954370697719312025e-07 5.230713232082167188e-09 5.344299155886744959e-09
1.282499999999999929e+01 3.760059477673662214e-07 3.809910417054257574e-07 4.966876587262014413e-09 5.074396498889781647e-09
1.284999999999999964e+01 3.623405904985246526e-07 3.671151820920871594e-07 4.716472482294308093e-09 4.818256954583249499e-09
1.287500000000000000e+01 3.492140122874721661e-07 3.537868500994778806e-07 4.478806498958035619e-09 4.575167836386986263e-09
1.290000000000000036e+01 3.366048616284928759e-07 3.409843271732407896e-07 4.253220782922024284e-09 4.344454048758600294e-09
1.292500000000000071e+01 3.244926556107066375e-07 3.286867791427967080e-07 4.039092085938288795e-09 4.125476070568890751e-09
1.294999999999999929e+01 3.128577443126591102e-07 3.168742199237119376e-07 3.835829919211106718e-09 3.917628050787114924e-09
1.297499999999999964e+01 3.016812766950209820e-07 3.055274767494774757e-07 3.642874806154290484e-09 3.720336009710630102e-09
1.300000000000000000e+01 2.909451679268564712e-07 2.946281568666814842e-07 3.459696625909442603e-09 3.533056136072915341e-09
1.302500000000000036e+01 2.806320680846725134e-07 2.841586156312202582e-07 3.285793047673443503e-09 3.355273175138794200e-09
1.305000000000000071e+01 2.707253321657621215e-07 2.741019259457580196e-07 3.120688054108714570e-09 3.186498906339547958e-09
1.307499999999999929e+01 2.612089913601871425e-07 2.644418489818656480e-07 2.963930542226100655e-09 3.026270704625299044e-09
1.309999999999999964e+01 2.520677255272961276e-07 2.551628061312983961e-07 2.815092997821783401e-09 2.874150177459137754e-09
1.312500000000000000e+01 2.432868368263197233e-07 2.462498521347415185e-07 2.673770246149987554e-09 2.729721876918603387e-09
1.315000000000000036e+01 2.348522244517362062e-07 2.376886493379286936e-07 2.539578267809775850e-09 2.592592082539787553e-09
1.317500000000000071e+01 2.267503604268920566e-07 2.294654430272225430e-07 2.412153076630216171e-09 2.462387647912430938e-09
1.319999999999999929e+01 2.189682664112096320e-07 2.215670377992753668e-07 2.291149662352309785e-09 2.338754910790015975e-09
1.322499999999999964e+01 2.114934914781122016e-07 2.139807749210057800e-07 2.176240986656052052e-09 2.221358662521694111e-09
1.325000000000000000e+01 2.043140908226582453e-07 2.066945106378764597e-07 2.067117034368189851e-09 2.109881171228750949e-09
1.327500000000000036e+01 1.974186053599327003e-07 1.996965953905882048e-07 1.963483918220013216e-09 2.004021260285569322e-09
1.330000000000000071e+01 1.907960421767629152e-07 1.929758539021301010e-07 1.865063027380720000e-09 1.903493434627179884e-09
1.332499999999999929e+01 1.844358558009496976e-07 1.865215660985380640e-07 1.771590225779966125e-09 1.808027054591394101e-09
1.334999999999999964e+01 1.783279302536810651e-07 1.803234488283100813e-07 1.682815090770899690e-09 1.717365554711251705e-09
1.337500000000000000e+01 1.724625618525361960e-07 1.743716383471141333e-07 1.598500192337152736e-09 1.631265702749470774e-09
1.340000000000000036e+01 1.668304427335876616e-07 1.686566735357727486e-07 1.518420414774863050e-09 1.549496900491770992e-09
1.342500000000000071e+01 1.614226450626708676e-07 1.631694798208425701e-07 1.442362310926855383e-09 1.471840521976921336e-09
1.344999999999999929e+01 1.562306059072363576e-07 1.579013537686023970e-07 1.370123491220939322e-09 1.398089285510923509e-09
1.347499999999999964e+01 1.512461127412445532e-07 1.528439483243972194e-07 1.301512048608540574e-09 1.328046661068356897e-09
1.350000000000000178e+01 1.464612895568717459e-07 1.479892586705288822e-07 1.236346011021631942e-09 1.261526309351453578e-09
1.352500000000000213e+01 1.418685835579301542e-07 1.433296086770531360e-07 1.174452823280917148e-09 1.198351549416608726e-09
1.355000000000000249e+01 1.374607524109805609e-07 1.388576379209767449e-07 1.115668859463816588e-09 1.138354856274636644e-09
1.357499999999999929e+01 1.332308520311244137e-07 1.345662892503673533e-07 1.059838958433954421e-09 1.081377385263562363e-09
1.359999999999999964e+01 1.291722248805172504e-07 1.304487968709479234e-07 1.006815984657804940e-09 1.027268520679096189e-09
1.362500000000000000e+01 1.252784887585255368e-07 1.264986749336870204e-07 9.564604133707037036e-10 9.758854494510837985e-10
1.365000000000000213e+01 1.215435260634246566e-07 1.227097066028388648e-07 9.086399377848649330e-10 9.270927574268748359e-10
1.367500000000000249e+01 1.179614735063685664e-07 1.190759335847961613e-07 8.632290970288146460e-10 8.807620477430757474e-10
1.369999999999999929e+01 1.145267122591798309e-07 1.155916460989207626e-07 8.201089235874879219e-10 8.367715787119332755e-10
1.372499999999999964e+01 1.112338585183727583e-07 1.122513732723829857e-07 7.791666097277509793e-10 7.950059216756310889e-10
1.375000000000000000e+01 1.080777544685261015e-07 1.090498739418092004e-07 7.402951914782543638e-10 7.553556362868169198e-10
1.377500000000000213e+01 1.050534596288624909e-07 1.059821278452664334e-07 7.033932505892486129e-10 7.177169643224809723e-10
1.380000000000000249e+01 1.021562425676070840e-07 1.030433271888278638e-07 6.683646310929468191e-10 6.819915390488985025e-10
1.382499999999999929e+01 9.938157296937987377e-08 1.002288685726834371e-07 6.351181714441916824e-10 6.480861105003386223e-10
1.384999999999999964e+01 9.672511404147178280e-08 9.753434526237165745e-08 6.035674506587049415e-10 6.159122847670004273e-10
1.387500000000000000e+01 9.418271524550471980e-08 9.495553979134722984e-08 5.736305491537997990e-10 5.853862782429202672e-10
1.390000000000000213e+01 9.175040534157711135e-08 9.248841688173199704e-08 5.452298203860401384e-10 5.564286841564441532e-10
1.392500000000000249e+01 8.942438573252022141e-08 9.012911667062789020e-08 5.182916767985667154e-10 5.289642519469277820e-10
1.394999999999999929e+01 8.720102409646211926e-08 8.787394822995986962e-08 4.927463861996171374e-10 5.029216788808536800e-10
1.397499999999999964e+01 8.507684829639263660e-08 8.571938336830588788e-08 4.685278784324259450e-10 4.782334120650789431e-10
1.400000000000000000e+01 8.304854055594888743e-08 8.366205070372272264e-08 4.455735636109181843e-10 4.548354614365065051e-10
1.402500000000000213e+01 8.111293189108610610e-08 8.169872999703281298e-08 4.238241598893860616e-10 4.326672231343970198e-10
1.405000000000000249e+01 7.926699678776511529e-08 7.982634673550761379e-08 4.032235296836058327e-10 4.116713120613790437e-10
1.407499999999999929e+01 7.750784811621968285e-08 7.804196695731949642e-08 3.837185255950103393e-10 3.917934033499310340e-10
1.409999999999999964e+01 7.583273227282336531e-08 7.634279230759778865e-08 3.652588447787663183e-10 3.729820830457860315e-10
1.412500000000000000e+01 7.423902454091910632e-08 7.472615531730329008e-08 3.477968901750411159e-10 3.551887062924382344e-10
1.415000000000000213e+01 7.272422466239293531e-08 7.318951489652253416e-08 3.312876404177214355e-10 3.383672634443091774e-10
1.417500000000000249e+01 7.128595261215995402e-08 7.173045203420281279e-08 3.156885263537999982e-10 3.224742536913258824e-10
1.419999999999999929e+01 6.992194456803902615e-08 7.034666569665802705e-08 3.009593143695632742e-10 3.074685654164305257e-10
1.422499999999999964e+01 6.863004906888166443e-08 6.903596891756294552e-08 2.870619963058857850e-10 2.933113633259111110e-10
1.425000000000000000e+01 6.740822335413092812e-08 6.779628507248646764e-08 2.739606851552286147e-10 2.799659816745680032e-10
1.427500000000000036e+01 6.625452987828440529e-08 6.662564433131003815e-08 2.616215170516184876e-10 2.673978235678133936e-10
1.430000000000000249e+01 6.516713299405864276e-08 6.552218028220013093e-08 2.500125585332446585e-10 2.555742660323501514e-10
1.432499999999999929e+01 6.414429579834469265e-08 6.448412672111133927e-08 2.391037188834541953e-10 2.444645702698113650e-10
1.434999999999999964e+01 6.318437713530444371e-08 6.350981460106284244e-08 2.288666678625951119e-10 2.340397971467033310e-10
1.437500000000000000e+01 6.228582875124601874e-08 6.259766913571646887e-08 2.192747579917750098e-10 2.242727276499234801e-10
1.440000000000000036e+01 6.144719259616941205e-08 6.174620705204694426e-08 2.103029512041130370e-10 2.151377878064845425e-10
1.442500000000000249e+01 6.066709826712259461e-08 6.095403398714993645e-08 2.019277501823276686e-10 2.066109781333549890e-10
1.444999999999999929e+01 5.994426058873853581e-08 6.021984202447298067e-08 1.941271334950142422e-10 1.986698073466941897e-10
1.447499999999999964e+01 5.927747732656666259e-08 5.954240736498271057e-08 1.868804947546509020e-10 1.912932299297488264e-10
1.450000000000000000e+01 5.866562702904921421e-08 5.892058812904532031e-08 1.801685857350088210e-10 1.844615877783134902e-10
1.452500000000000036e+01 5.810766699416261585e-08 5.835332228496527270e-08 1.739734627179410370e-10 1.781565553565436825e-10
1.455000000000000249e+01 5.760263135699638344e-08 5.783962570036927517e-08 1.682784364838105616e-10 1.723610883733928645e-10
1.457499999999999929e+01 5.714962929472089512e-08 5.737859031282188241e-08 1.630680255923172851e-10 1.670593758697946544e-10
1.459999999999999964e+01 5.674784334559879218e-08 5.696938241625715126e-08 1.583279127629818012e-10 1.622367955524273423e-10
1.462500000000000000e+01 5.639652783887121914e-08 5.661124105999837830e-08 1.540449040685658855e-10 1.578798720666726757e-10
1.465000000000000036e+01 5.609500743252759322e-08 5.630347655730721115e-08 1.502068912805715335e-10 1.539762382562730979e-10
1.467500000000000249e+01 5.584267575616959694e-08 5.604546910061558010e-08 1.468028169905642641e-10 1.505145994266913005e-10
1.469999999999999929e+01 5.563899415631576559e-08 5.583666748073727024e-08 1.438226421943394811e-10 1.474847001863303330e-10
1.472499999999999964e+01 5.548349054167334646e-08 5.567658790752595609e-08 1.412573165880032128e-10 1.448772939360705677e-10
1.475000000000000000e+01 5.537575832607002611e-08 5.556481292962923549e-08 1.390987513092317520e-10 1.426841149195464968e-10
1.477500000000000036e+01 5.531545546687221117e-08 5.550099045111297110e-08 1.373397940773335402e-10 1.408978527159570804e-10
1.480000000000000249e+01 5.530230359690517188e-08 5.548483284293145780e-08 1.359742066479070587e-10 1.395121291023298409e-10
1.482499999999999929e+01 5.533608724797492836e-08 5.551611614730052792e-08 1.349966445112432691e-10 1.385214772091469018e-10
1.484999999999999964e+01 5.541665316429859474e-08 5.559467937323775207e-08 1.344026387692727030e-10 1.379213229024481039e-10
1.487500000000000000e+01 5.554390970424606062e-08 5.572042388163919085e-08 1.341885801275660477e-10 1.377079683285543543e-10
1.490000000000000036e+01 5.571782632895481438e-08 5.589331285841690775e-08 1.343517049590798424e-10 1.378785775715391443e-10
1.492500000000000071e+01 5.593843317649662918e-08 5.611337087434473030e-08 1.348900833465500464e-10 1.384311643452331412e-10
1.494999999999999929e+01 5.620582072041045787e-08 5.638068353039492079e-08 1.358026091091283995e-10 1.393645816823142994e-10
1.497499999999999964e+01 5.652013951154569667e-08 5.669539718748074055e-08 1.370889918595324808e-10 1.406785137228475337e-10
