# raxis[fm], SN, VN, SP, VP
2.101448349307773875e-07 8.906228760968257219e-02 9.378437287182174453e-02 4.827459544400477393e-02 5.260842592897113645e-02
2.500000000000000139e-02 8.906794238307250144e-02 9.379142662742094572e-02 4.828657750809456362e-02 5.262024427385968151e-02
5.000000000000000278e-02 8.905208343848114438e-02 9.377797891219631643e-02 4.830686264749837339e-02 5.263837888332926346e-02
7.499999999999999722e-02 8.902487434700849522e-02 9.375476554344083779e-02 4.834039736958480049e-02 5.266829204828366029e-02
1.000000000000000056e-01 8.898667477060052955e-02 9.372214184395422087e-02 4.838717122345564253e-02 5.270999995654394171e-02
1.250000000000000000e-01 8.893765568982402170e-02 9.368026489566075310e-02 4.844708816472795970e-02 5.276342052227234874e-02
1.499999999999999944e-01 8.887797082988301012e-02 9.362926813574740104e-02 4.852000272805898767e-02 5.282842513632855092e-02
1.749999999999999889e-01 8.880780199394643082e-02 9.356930932358172026e-02 4.860574204058758924e-02 5.290486024730152448e-02
2.000000000000000111e-01 8.872736163987908486e-02 9.350057232124120432e-02 4.870410400290924036e-02 5.299254685909382534e-02
2.250000000000000056e-01 8.863689220125364754e-02 9.342326751290146170e-02 4.881485743850642878e-02 5.309127904171657975e-02
2.500000000000000000e-01 8.853665034372255882e-02 9.333761522210776151e-02 4.893773416142072064e-02 5.320081685320301318e-02
2.750000000000000222e-01 8.842692545169107687e-02 9.324386402174839050e-02 4.907244057899362577e-02 5.332089901863248244e-02
2.999999999999999889e-01 8.830803647526029587e-02 9.314228863701268235e-02 4.921865665022361058e-02 5.345124019557392914e-02
3.250000000000000111e-01 8.818032886178688023e-02 9.303318642586058673e-02 4.937603587111091125e-02 5.359153173541177095e-02
3.499999999999999778e-01 8.804417077709554562e-02 9.291687439400447834e-02 4.954420592860303563e-02 5.374144102731769068e-02
3.750000000000000000e-01 8.789994758319437385e-02 9.279368285806563477e-02 4.972276573470159333e-02 5.390060977634618389e-02
4.000000000000000222e-01 8.774807423149881547e-02 9.266396811293414748e-02 4.991129369861796450e-02 5.406866254077802997e-02
4.249999999999999889e-01 8.758898907196278893e-02 9.252810725117047164e-02 5.010934840729463352e-02 5.424520577949113603e-02
4.500000000000000111e-01 8.742314952205121337e-02 9.238649360249742704e-02 5.031646744072566096e-02 5.442982705502930757e-02
4.749999999999999778e-01 8.725103003901939214e-02 9.223953476319605993e-02 5.053216786932884785e-02 5.462209550830080668e-02
5.000000000000000000e-01 8.707312062421884713e-02 9.208765158440859744e-02 5.075594826674012516e-02 5.482156331461338072e-02
5.250000000000000222e-01 8.688992398220243829e-02 9.193127497873783416e-02 5.098728877794277831e-02 5.502776657939947857e-02
5.500000000000000444e-01 8.670195951608723750e-02 9.177085059835743408e-02 5.122565637802420357e-02 5.524022975476447495e-02
5.749999999999999556e-01 8.650975619154467611e-02 9.160683195115074118e-02 5.147050309637906523e-02 5.545846355956308982e-02
5.999999999999999778e-01 8.631385348004028124e-02 9.143968148356536318e-02 5.172126915483284820e-02 5.568196824651312771e-02
6.250000000000000000e-01 8.611479644967136304e-02 9.126986587419816388e-02 5.197738249736354871e-02 5.591023284991737674e-02
6.500000000000000222e-01 8.591313708818879014e-02 9.109785767204542362e-02 5.223826235247514688e-02 5.614273872952891403e-02
6.750000000000000444e-01 8.570942918409679701e-02 9.092413039898801508e-02 5.250331870317434535e-02 5.637895868658598236e-02
6.999999999999999556e-01 8.550423032659416889e-02 9.074916066807739434e-02 5.277195656740799046e-02 5.661836165011335104e-02
7.249999999999999778e-01 8.529809752967561221e-02 9.057342448526334300e-02 5.304357581071882100e-02 5.686041139790064258e-02
7.500000000000000000e-01 8.509158683550227531e-02 9.039739664153222110e-02 5.331757280766078605e-02 5.710456905975844211e-02
7.750000000000000222e-01 8.488525036190955331e-02 9.022154859994675757e-02 5.359334320171379312e-02 5.735029475129872767e-02
8.000000000000000444e-01 8.467963449505321039e-02 9.004634628484008141e-02 5.387028165165530513e-02 5.759704830004561127e-02
8.249999999999999556e-01 8.447527696834263022e-02 8.987224860923921643e-02 5.414778535717439806e-02 5.784429035311795114e-02
8.499999999999999778e-01 8.427269927322518506e-02 8.969969850643194631e-02 5.442524864427574632e-02 5.809147973755816874e-02
8.750000000000000000e-01 8.407242136636024210e-02 8.952913846647313212e-02 5.470207469523786364e-02 5.833808500462243918e-02
9.000000000000000222e-01 8.387494726363434183e-02 8.936099781756870475e-02 5.497767378226279394e-02 5.858357893144095635e-02
9.250000000000001554e-01 8.368076404322254136e-02 8.919569014764500148e-02 5.525146056957203761e-02 5.882743942391672337e-02
9.499999999999999556e-01 8.349034423311460507e-02 8.903361689072256113e-02 5.552286022490450501e-02 5.906915387882474139e-02
9.749999999999999778e-01 8.330414133389955900e-02 8.887516287112817714e-02 5.579130764555111782e-02 5.930821856054701441e-02
1.000000000000000000e+00 8.312259101715159526e-02 8.872069782358278645e-02 5.605624959903710014e-02 5.954414071491466454e-02
1.024999999999999911e+00 8.294610604276769772e-02 8.857057165795931275e-02 5.631714545300380709e-02 5.977643862289287041e-02
1.050000000000000044e+00 8.277507634603634146e-02 8.842511446044545864e-02 5.657346793873598012e-02 6.000464309974686689e-02
1.074999999999999956e+00 8.260986816474708005e-02 8.828463605354720800e-02 5.682470552254557244e-02 6.022829928552755896e-02
1.100000000000000089e+00 8.245082280925550289e-02 8.814942491414883008e-02 5.707036285902940959e-02 6.044696705968775896e-02
1.125000000000000000e+00 8.229825552146766143e-02 8.801974725606824534e-02 5.730996200184931832e-02 6.066022222778270911e-02
1.149999999999999911e+00 8.215245410146873595e-02 8.789584579359269179e-02 5.754304428183885933e-02 6.086765814016684151e-02
1.175000000000000044e+00 8.201367835475821544e-02 8.777793935453201413e-02 5.776917007329013254e-02 6.106888549946166284e-02
1.199999999999999956e+00 8.188215895579750714e-02 8.766622188012493377e-02 5.798792067699889974e-02 6.126353417693054804e-02
1.225000000000000089e+00 8.175809686368611107e-02 8.756086193747553148e-02 5.819889903950918597e-02 6.145125367437161840e-02
1.250000000000000000e+00 8.164166297511764314e-02 8.746200248698696167e-02 5.840173010662168263e-02 6.163171357192916144e-02
1.274999999999999911e+00 8.153299745617628713e-02 8.736976030081289313e-02 5.859606189019868350e-02 6.180460440334444722e-02
1.300000000000000044e+00 8.143221007116885346e-02 8.728422631379642582e-02 5.878156676263653763e-02 6.196963918269896010e-02
1.324999999999999956e+00 8.133938162340423328e-02 8.720546719578486927e-02 5.895794353717604547e-02 6.212655516344554180e-02
1.350000000000000089e+00 8.125456223879012896e-02 8.713352364148541085e-02 5.912491641208689891e-02 6.227511239676540578e-02
1.375000000000000000e+00 8.117777094793030002e-02 8.706840988420717908e-02 5.928223574129383444e-02 6.241509482163433431e-02
1.399999999999999911e+00 8.110899594042007832e-02 8.701011392138009726e-02 5.942967818563491683e-02 6.254631020074180592e-02
1.425000000000000044e+00 8.104819568569465726e-02 8.695859862415659947e-02 5.956704750631178907e-02 6.266859120604896527e-02
1.449999999999999956e+00 8.099530034836091574e-02 8.691380310422147648e-02 5.969417681225740180e-02 6.278179703491235109e-02
1.475000000000000089e+00 8.095021010331479583e-02 8.687564089032553949e-02 5.981092612652016277e-02 6.288581139492754879e-02
1.500000000000000000e+00 8.091280055962699058e-02 8.684400539954369169e-02 5.991718658716936596e-02 6.298054667395536210e-02
1.524999999999999911e+00 8.088292118630202587e-02 8.681876811028561847e-02 6.001287902998218848e-02 6.306594195487399968e-02
1.550000000000000044e+00 8.086039737514005843e-02 8.679978061071641493e-02 6.009795467473107861e-02 6.314196425911243471e-02
1.574999999999999956e+00 8.084503123337008490e-02 8.678687504048471224e-02 6.017239589505071762e-02 6.320860859552251965e-02
1.600000000000000089e+00 8.083659949388787014e-02 8.677986184696370731e-02 6.023621344316898440e-02 6.326589557395065344e-02
1.625000000000000000e+00 8.083485653942269755e-02 8.677853253268348610e-02 6.028944746664777893e-02 6.331387217790281075e-02
1.649999999999999911e+00 8.083953252086517605e-02 8.678265764541977234e-02 6.033216526289893883e-02 6.335260977778281455e-02
1.675000000000000044e+00 8.085034096543193549e-02 8.679199438069015726e-02 6.036446592099631997e-02 6.338220883399359185e-02
1.699999999999999956e+00 8.086697945697021717e-02 8.680628691394784435e-02 6.038647957188240933e-02 6.340279787685347557e-02
1.725000000000000311e+00 8.088913180618673149e-02 8.682526802644445485e-02 6.039836747454650767e-02 6.341453332255556075e-02
1.750000000000000000e+00 8.091646214689757199e-02 8.684865296564299453e-02 6.040031623059499699e-02 6.341759389781523315e-02
1.774999999999999911e+00 8.094862478196260258e-02 8.687614973440881128e-02 6.039254344243115413e-02 6.341218671374414251e-02
1.800000000000000044e+00 8.098526660082466799e-02 8.690746053772031854e-02 6.037529775301981455e-02 6.339854672922824730e-02
1.824999999999999956e+00 8.102602514930161426e-02 8.694227951778768504e-02 6.034885571510441304e-02 6.337693371351442451e-02
1.850000000000000311e+00 8.107052868884029317e-02 8.698029275972062047e-02 6.031352007003098342e-02 6.334763066287814326e-02
1.875000000000000000e+00 8.111840207025874938e-02 8.702118416417888025e-02 6.026962205186298799e-02 6.331094619084358388e-02
1.899999999999999911e+00 8.116926978795124814e-02 8.706463781794249179e-02 6.021752142396282620e-02 6.326721443694366398e-02
1.925000000000000044e+00 8.122275510417768796e-02 8.711033676075964627e-02 6.015760391385258088e-02 6.321679253114843855e-02
1.949999999999999956e+00 8.127848241334956203e-02 8.715796538056803933e-02 6.009028061085515404e-02 6.316006009850880232e-02
1.975000000000000089e+00 8.133608007313698762e-02 8.720721160519077919e-02 6.001598803016184452e-02 6.309741931382772950e-02
2.000000000000000000e+00 8.139517978514840268e-02 8.725776615454666763e-02 5.993518524703406875e-02 6.302929209002328115e-02
2.024999999999999911e+00 8.145542049802877160e-02 8.730932613909475615e-02 5.984835429928265366e-02 6.295612055389163131e-02
2.049999999999999822e+00 8.151644816479726441e-02 8.736159456583916794e-02 5.975599778504594312e-02 6.287836469166889486e-02
2.075000000000000178e+00 8.157791948338950772e-02 8.741428361398197178e-02 5.965863894206877016e-02 6.279650252113475051e-02
2.100000000000000089e+00 8.163949996241783025e-02 8.746711267576925963e-02 5.955681802613047027e-02 6.271102650480563090e-02
2.125000000000000000e+00 8.170087136590299670e-02 8.751981577653113187e-02 5.945109521123277674e-02 6.262244659846982753e-02
2.149999999999999911e+00 8.176172901012573879e-02 8.757213768958529987e-02 5.934204589516475087e-02 6.253128563288434805e-02
2.174999999999999822e+00 8.182178218113206336e-02 8.762383513414520597e-02 5.923025877098496428e-02 6.243807744160109752e-02
2.200000000000000178e+00 8.188075976173121717e-02 8.767468175960642374e-02 5.911633715246834148e-02 6.234336836495214113e-02
2.225000000000000089e+00 8.193840853690090298e-02 8.772446612079302930e-02 5.900089526826569203e-02 6.224771363408378166e-02
2.250000000000000000e+00 8.199449420266365085e-02 8.777299242212628638e-02 5.888455643495144748e-02 6.215167567267885357e-02
2.274999999999999911e+00 8.204880050634938415e-02 8.782007976305515606e-02 5.876795003783010646e-02 6.205582117247909063e-02
2.299999999999999822e+00 8.210113494474263751e-02 8.786556781202059518e-02 5.865171303851868939e-02 6.196072279966900048e-02
2.325000000000000178e+00 8.215132687356471730e-02 8.790931409932040141e-02 5.853648631286935411e-02 6.186695567553880670e-02
2.350000000000000089e+00 8.219922683543870456e-02 8.795119364924372518e-02 5.842291162805122312e-02 6.177509446784673619e-02
2.375000000000000000e+00 8.224470787753801471e-02 8.799110008949732886e-02 5.831163016591209280e-02 6.168571208795155941e-02
2.399999999999999911e+00 8.228766615902771697e-02 8.802894614617003122e-02 5.820328046592735532e-02 6.159937779471506836e-02
2.424999999999999822e+00 8.232802079134601825e-02 8.806466340015829675e-02 5.809849651670739856e-02 6.151665546248488714e-02
2.450000000000000178e+00 8.236571474216436428e-02 8.809820313362089206e-02 5.799790576664300840e-02 6.143810177581857795e-02
2.475000000000000089e+00 8.240071490414986599e-02 8.812953630435314822e-02 5.790212695976003354e-02 6.136426424408848723e-02
2.500000000000000000e+00 8.243301194156221756e-02 8.815865338265733986e-02 5.781176837373252358e-02 6.129567964109908229e-02
2.524999999999999911e+00 8.246262016156181984e-02 8.818556404509120261e-02 5.772742522984125602e-02 6.123287155351805205e-02
2.549999999999999822e+00 8.248957445877561079e-02 8.821029398022395274e-02 5.764967606452282151e-02 6.117634688234357271e-02
2.575000000000000178e+00 8.251393085973074415e-02 8.823288606528739697e-02 5.757908122144018981e-02 6.112659469889984015e-02
2.600000000000000089e+00 8.253576923615624228e-02 8.825340256507625825e-02 5.751618282546226008e-02 6.108408629891654007e-02
2.625000000000000000e+00 8.255518754096971556e-02 8.827191932042265099e-02 5.746149943893611584e-02 6.104926994458598211e-02
2.649999999999999911e+00 8.257230384010894042e-02 8.828852850491762660e-02 5.741552584710105794e-02 6.102257116034192491e-02
2.674999999999999822e+00 8.258725667911787083e-02 8.830333845018441263e-02 5.737873212960297592e-02 6.100439175863826141e-02
2.700000000000000178e+00 8.260020140396068244e-02 8.831647015266116951e-02 5.735155992449593454e-02 6.099510625919287582e-02
2.725000000000000089e+00 8.261130798616286852e-02 8.832805511712998880e-02 5.733441970990323794e-02 6.099505928910546604e-02
2.750000000000000000e+00 8.262075837591646710e-02 8.833823311583216542e-02 5.732768819573016289e-02 6.100456335052221318e-02
2.774999999999999911e+00 8.262874917048569634e-02 8.834715528839942600e-02 5.733170928055403293e-02 6.102390019893575573e-02
2.799999999999999822e+00 8.263549132422981502e-02 8.835498355097608225e-02 5.734679319659310298e-02 6.105331983869609347e-02
2.825000000000000178e+00 8.264120491365285759e-02 8.836188525104853031e-02 5.737321259049175948e-02 6.109303649860468866e-02
2.850000000000000089e+00 8.264611617936715171e-02 8.836803114980459894e-02 5.741120018149511312e-02 6.114322712536110482e-02
2.875000000000000000e+00 8.265046106366631673e-02 8.837359887514634194e-02 5.746095091165420027e-02 6.120403341095612820e-02
2.899999999999999911e+00 8.265447830584536637e-02 8.837876580403239424e-02 5.752261725110122820e-02 6.127555679723585558e-02
2.924999999999999822e+00 8.265840799126197846e-02 8.838370841605874828e-02 5.759630841218797009e-02 6.135785846128526816e-02
2.950000000000000178e+00 8.266249070524084308e-02 8.838860166064600732e-02 5.768209013892662551e-02 6.145095923474982319e-02
2.975000000000000089e+00 8.266696705956058655e-02 8.839361862850274310e-02 5.777998485315690574e-02 6.155483965642664229e-02
3.000000000000000000e+00 8.267207481784549783e-02 8.839892811291019670e-02 5.788997022156964350e-02 6.166943897004417002e-02
3.024999999999999911e+00 8.267804963488065151e-02 8.840469563124402075e-02 5.801198055313091378e-02 6.179465659832675262e-02
3.049999999999999822e+00 8.268511920523682890e-02 8.841107720218067956e-02 5.814590435152657694e-02 6.193034875229629088e-02
3.075000000000000178e+00 8.269349775357862087e-02 8.841821483421544170e-02 5.829158078255414904e-02 6.207632608074288572e-02
3.100000000000000089e+00 8.270338825759544765e-02 8.842623920347640609e-02 5.844880273621155808e-02 6.223235707862033450e-02
3.125000000000000000e+00 8.271498174288641203e-02 8.843526918570558670e-02 5.861731810635202600e-02 6.239816924526563752e-02
3.149999999999999911e+00 8.272845602223181938e-02 8.844541069464049998e-02 5.879683009818243572e-02 6.257344896484563768e-02
3.174999999999999822e+00 8.274397002673980484e-02 8.845675121237225880e-02 5.898699518616853238e-02 6.275783937862443318e-02
3.200000000000000178e+00 8.276166275690620411e-02 8.846935964002089481e-02 5.918742377429179330e-02 6.295094215718451125e-02
3.225000000000000089e+00 8.278165369514202399e-02 8.848328672053767940e-02 5.939768307731360664e-02 6.315231972457961696e-02
3.250000000000000000e+00 8.280403898904323268e-02 8.849856154007335052e-02 5.961729648921097052e-02 6.336149454856682128e-02
3.274999999999999911e+00 8.282889123122839925e-02 8.851519202111512996e-02 5.984574475134241817e-02 6.357795112864994547e-02
3.299999999999999822e+00 8.285626015898904517e-02 8.853316567175148477e-02 6.008246952837897198e-02 6.380113895814168434e-02
3.325000000000000178e+00 8.288616821306936389e-02 8.855244526672499672e-02 6.032687264128305804e-02 6.403047121856592083e-02
3.350000000000000089e+00 8.291860901975056652e-02 8.857296816174489718e-02 6.057831619484579239e-02 6.426532609923767125e-02
3.375000000000000444e+00 8.295354921762537748e-02 8.859464810775752319e-02 6.083612710608723995e-02 6.450505044580839842e-02
3.399999999999999911e+00 8.299092415873365880e-02 8.861737124525770337e-02 6.109959665969325743e-02 6.474895936154749509e-02
3.424999999999999822e+00 8.303063841102863163e-02 8.864099703850791823e-02 6.136798262985890262e-02 6.499633856986494762e-02
3.450000000000000622e+00 8.307256432968178339e-02 8.866535708024271545e-02 6.164051093054656594e-02 6.524644592046525970e-02
3.475000000000000533e+00 8.311654381517639967e-02 8.869025714834147256e-02 6.191637998088160566e-02 6.549851574773150886e-02
3.500000000000000000e+00 8.316238613972734561e-02 8.871547510022766148e-02 6.219476108129833730e-02 6.575175868531112078e-02
3.524999999999999911e+00 8.320986788355767827e-02 8.874076111196653460e-02 6.247480085631751390e-02 6.600536432437779932e-02
3.549999999999999822e+00 8.325873359750646241e-02 8.876583862396932034e-02 6.275562382481252033e-02 6.625850409207556524e-02
3.575000000000000622e+00 8.330869744731257687e-02 8.879040589130433869e-02 6.303633664074408116e-02 6.651033423390975696e-02
3.600000000000000089e+00 8.335943842262182046e-02 8.881413138389515627e-02 6.331602675658869195e-02 6.675999485208504447e-02
3.625000000000000000e+00 8.341060637899865016e-02 8.883666011658536421e-02 6.359376849743160476e-02 6.700661665483970131e-02
3.649999999999999911e+00 8.346182082928201018e-02 8.885761217693197156e-02 6.386862539914303638e-02 6.724932126652334585e-02
3.674999999999999822e+00 8.351266805443138819e-02 8.887657999740347647e-02 6.413964945304868881e-02 6.748722137698034973e-02
3.700000000000000622e+00 8.356270487368651356e-02 8.889313212926085173e-02 6.440588585999224014e-02 6.771942538586103733e-02
3.725000000000000089e+00 8.361145990777314740e-02 8.890681441050218847e-02 6.466637598730269609e-02 6.794503974334480112e-02
3.750000000000000000e+00 8.365843518517522559e-02 8.891715147875615954e-02 6.492016045152305959e-02 6.816317190728012065e-02
3.774999999999999911e+00 8.370310679718313829e-02 8.892364732557624107e-02 6.516628143117755845e-02 6.837293214431346133e-02
3.799999999999999822e+00 8.374492463731289527e-02 8.892578491954045150e-02 6.540378431449961338e-02 6.857343484594848049e-02
3.825000000000000178e+00 8.378331363502979079e-02 8.892302711983404717e-02 6.563171930151956435e-02 6.876380017619394824e-02
3.850000000000000089e+00 8.381767897381421639e-02 8.891482160844596527e-02 6.584914674866841622e-02 6.894315913062383505e-02
3.875000000000000000e+00 8.384740620369071640e-02 8.890060113275130571e-02 6.605513924068263931e-02 6.911065479279228374e-02
3.899999999999999911e+00 8.387186140819814784e-02 8.887978285982334192e-02 6.624878233165899799e-02 6.926544320801827914e-02
3.924999999999999822e+00 8.389039639876859356e-02 8.885177372540860319e-02 6.642917924484323389e-02 6.940669751160356837e-02
3.950000000000000178e+00 8.390234679744713875e-02 8.881596784241736764e-02 6.659545027876924428e-02 6.953360711354131252e-02
3.975000000000000089e+00 8.390703720517174447e-02 8.877175171039615453e-02 6.674673791283225466e-02 6.964538249860706409e-02
4.000000000000000000e+00 8.390377941023327568e-02 8.871850147585813584e-02 6.688220517498999484e-02 6.974125321688913470e-02
4.025000000000000355e+00 8.389188226890087474e-02 8.865559233268126282e-02 6.700104407992332756e-02 6.982047597396623395e-02
4.049999999999999822e+00 8.387064767698416967e-02 8.858239524342280402e-02 6.710247314417241982e-02 6.988233203075018551e-02
4.075000000000000178e+00 8.383937383647652175e-02 8.849827887359856815e-02 6.718573953412126931e-02 6.992612896781749687e-02
4.099999999999999645e+00 8.379735761063974997e-02 8.840261130558786651e-02 6.725012103519402429e-02 6.995120221518044690e-02
4.125000000000000000e+00 8.374390035216930372e-02 8.829476549933840124e-02 6.729493073008904758e-02 6.995691947593062066e-02
4.150000000000000355e+00 8.367830593228024749e-02 8.817411838750782715e-02 6.731951518035769744e-02 6.994267935321306362e-02
4.174999999999999822e+00 8.359988388506477131e-02 8.804005155987124076e-02 6.732325644982847801e-02 6.990791218123917905e-02
4.200000000000000178e+00 8.350795280459057113e-02 8.789195558303052047e-02 6.730557466397639466e-02 6.985208312085423865e-02
4.224999999999999645e+00 8.340184123071045508e-02 8.772922973037526606e-02 6.726592790730512306e-02 6.977469140252642865e-02
4.250000000000000000e+00 8.328089408277203343e-02 8.755128791749232364e-02 6.720381665954293371e-02 6.967527458020000841e-02
4.275000000000000355e+00 8.314447031039141900e-02 8.735755763905413140e-02 6.711878141719210267e-02 6.955340701366295730e-02
4.299999999999999822e+00 8.299194468883386300e-02 8.714748114529986822e-02 6.701040332052740633e-02 6.940870031131590734e-02
4.325000000000000178e+00 8.282270823434140228e-02 8.692051309292146699e-02 6.687830363764926678e-02 6.924080115549713366e-02
4.349999999999999645e+00 8.263617825401133044e-02 8.667613065228492453e-02 6.672215075843403176e-02 6.904939833918173619e-02
4.375000000000000000e+00 8.243179841802050767e-02 8.641383614103483046e-02 6.654165926990102120e-02 6.883422385108664554e-02
4.400000000000000355e+00 8.220903860017791942e-02 8.613315472464330713e-02 6.633658878690952554e-02 6.859505041534361136e-02
4.424999999999999822e+00 8.196739682123992121e-02 8.583363723215238494e-02 6.610674455416692963e-02 6.833169283430604035e-02
4.450000000000000178e+00 8.170639814741244289e-02 8.551485918747460391e-02 6.585197540948664607e-02 6.804400642983932102e-02
4.474999999999999645e+00 8.142559922133513206e-02 8.517642244800384399e-02 6.557217598819289894e-02 6.773188717034851758e-02
4.500000000000000000e+00 8.112459261582634362e-02 8.481796119234194520e-02 6.526728932862270460e-02 6.739527563035327407e-02
4.525000000000000355e+00 8.080300545921245692e-02 8.443914213321583595e-02 6.493730443031031641e-02 6.703415608096180422e-02
4.549999999999999822e+00 8.046049966415999566e-02 8.403966305456339603e-02 6.458225531651831663e-02 6.664855440036628054e-02
4.575000000000000178e+00 8.009677585907205855e-02 8.361925523587623865e-02 6.420222265114189364e-02 6.623853878454137589e-02
4.599999999999999645e+00 7.971157511452822697e-02 8.317768981210850454e-02 6.379733400627612960e-02 6.580422373121870561e-02
4.625000000000000000e+00 7.930467293043989840e-02 8.271476848329374632e-02 6.336775789943414894e-02 6.534576170785506843e-02
4.650000000000000355e+00 7.887588910638552997e-02 8.223033174567995207e-02 6.291371009831316086e-02 6.486334840389895717e-02
4.674999999999999822e+00 7.842508248083975009e-02 8.172426046421968349e-02 6.243544852045929128e-02 6.435722303821951595e-02
4.700000000000000178e+00 7.795215567732158291e-02 8.119646771719739309e-02 6.193327580564972346e-02 6.382766073632832604e-02
4.724999999999999645e+00 7.745706149727771272e-02 8.064692449725978374e-02 6.140754287598342714e-02 6.327499209260639690e-02
4.750000000000000000e+00 7.693977904379918631e-02 8.007562710584811838e-02 6.085862893706514565e-02 6.269957611546535248e-02
4.775000000000000355e+00 7.640033524220500583e-02 7.948260611449385615e-02 6.028695738510239654e-02 6.210180574011087834e-02
4.799999999999999822e+00 7.583880416945151803e-02 7.886794287020294780e-02 5.969299420550532032e-02 6.148212057630780131e-02
4.825000000000000178e+00 7.525530275273810410e-02 7.823175845180480037e-02 5.907724302423051493e-02 6.084099657947614898e-02
4.849999999999999645e+00 7.464999260631739741e-02 7.757421861036332966e-02 5.844024585147805650e-02 6.017894922901426830e-02
4.875000000000000000e+00 7.402307780256467407e-02 7.689553024909560885e-02 5.778258029395610257e-02 5.949652974824185675e-02
4.900000000000000355e+00 7.337480452639599804e-02 7.619593947156595715e-02 5.710485803487811568e-02 5.879432248424325963e-02
4.924999999999999822e+00 7.270545977303186080e-02 7.547573535910066800e-02 5.640772267040822935e-02 5.807294688511661224e-02
4.950000000000000178e+00 7.201536944057386480e-02 7.473524371585364701e-02 5.569184775702554213e-02 5.733305182299497371e-02
4.974999999999999645e+00 7.130490414030639379e-02 7.397483196386848980e-02 5.495794020410674219e-02 5.657531841617214480e-02
5.000000000000000000e+00 7.057447476849196266e-02 7.319490865341388153e-02 5.420673584579311505e-02 5.580045882924345585e-02
5.025000000000000355e+00 6.982452756280906059e-02 7.239592038941876362e-02 5.343899442195931132e-02 5.500921290075412584e-02
5.049999999999999822e+00 6.905554631318937264e-02 7.157834841073175414e-02 5.265550102282758743e-02 5.420234471009660604e-02
5.075000000000000178e+00 6.826805509712824405e-02 7.074271297594293684e-02 5.185706733308579480e-02 5.338064517183020719e-02
5.099999999999999645e+00 6.746261072958124883e-02 6.988957085695059190e-02 5.104452493426463872e-02 5.254492960531267909e-02
5.125000000000000000e+00 6.663980587741108463e-02 6.901951144960148665e-02 5.021872711030892639e-02 5.169603370897282030e-02
5.150000000000000355e+00 6.580026532072870415e-02 6.813315849942389035e-02 4.938054511102778210e-02 5.083481427563236316e-02
5.174999999999999822e+00 6.494464024921402234e-02 6.723116465197256919e-02 4.853086289313225665e-02 4.996214427980757988e-02
5.200000000000000178e+00 6.407361417765372602e-02 6.631421075073737348e-02 4.767058148948294383e-02 4.907891152466719448e-02
5.224999999999999645e+00 6.318790098231592822e-02 6.538301079511711633e-02 4.680061705107301656e-02 4.818602216713213648e-02
5.250000000000000000e+00 6.228823457206646153e-02 6.443830124624078115e-02 4.592189180136076881e-02 4.728439185115192872e-02
5.275000000000000355e+00 6.137537429746648537e-02 6.348084166972406406e-02 4.503533780716823670e-02 4.637494528856656723e-02
5.299999999999999822e+00 6.045010230403383839e-02 6.251141630371927216e-02 4.414189485894213366e-02 4.545861728795576318e-02
5.325000000000000178e+00 5.951322005338727239e-02 6.153082799769390987e-02 4.324250685026086172e-02 4.453634739178091717e-02
5.349999999999999645e+00 5.856554871868080436e-02 6.053990057010372877e-02 4.233812167299200180e-02 4.360908117789902977e-02
5.375000000000000000e+00 5.760792369239174648e-02 5.953947322165793060e-02 4.142968675635301523e-02 4.267776554564787356e-02
5.400000000000000355e+00 5.664119357415903222e-02 5.853039846504148880e-02 4.051814760744716637e-02 4.174334665466904876e-02
5.424999999999999822e+00 5.566622301863203420e-02 5.751354302413607539e-02 3.960444965314019461e-02 4.080677000992258274e-02
5.450000000000000178e+00 5.468388466948471971e-02 5.648978445840545370e-02 3.868953158017798821e-02 3.986897741953056989e-02
5.474999999999999645e+00 5.369505663222125941e-02 5.546000714282101063e-02 3.777432318163831404e-02 3.893090378954765923e-02
5.500000000000000000e+00 5.270062566711675861e-02 5.442510087949428699e-02 3.685974755024472999e-02 3.799347544285389122e-02
5.525000000000000355e+00 5.170148306959285872e-02 5.338596168736261388e-02 3.594671735088490749e-02 3.705761042443238285e-02
5.549999999999999822e+00 5.069851942575078624e-02 5.234348608414621240e-02 3.503613033927574505e-02 3.612421370322470987e-02
5.575000000000000178e+00 4.969262566729569508e-02 5.129856935869998164e-02 3.412886996816594937e-02 3.519417544559159949e-02
5.599999999999999645e+00 4.868469277828669367e-02 5.025210676613760252e-02 3.322580480314407669e-02 3.426837151040355856e-02
5.625000000000000000e+00 4.767560489194552775e-02 4.920498824629779971e-02 3.232778316403398661e-02 3.334765928167063298e-02
5.650000000000000355e+00 4.666624254867538651e-02 4.815809820889507126e-02 3.143563514835565065e-02 3.243287720622236442e-02
5.674999999999999822e+00 4.565747846109481645e-02 4.711231469639416691e-02 3.055016901846890551e-02 3.152484366920393910e-02
5.700000000000000178e+00 4.465017236096580078e-02 4.606850258486699240e-02 2.967216742533664020e-02 3.062435181269043336e-02
5.724999999999999645e+00 4.364517443289477744e-02 4.502751545579913861e-02 2.880238955843341872e-02 2.973217057932253313e-02
5.750000000000000000e+00 4.264332058563116007e-02 4.399019436733350719e-02 2.794156749669327033e-02 2.884904366990467470e-02
5.775000000000000355e+00 4.164543279813567866e-02 4.295736349285041861e-02 2.709040612009673207e-02 2.797568598578066210e-02
5.799999999999999822e+00 4.065231875563466574e-02 4.192983272846358828e-02 2.624958264877447212e-02 2.711278517141024053e-02
5.825000000000000178e+00 3.966476541054549804e-02 4.090839327270579667e-02 2.541974200966831687e-02 2.626099855330153027e-02
5.849999999999999645e+00 3.868353920925717004e-02 3.989381553047897239e-02 2.460149707300071653e-02 2.542095155618920993e-02
5.875000000000000000e+00 3.770938659454355080e-02 3.888684746281593357e-02 2.379542895640041067e-02 2.459323645569263736e-02
5.900000000000000355e+00 3.674303261148738342e-02 3.788821537551523982e-02 2.300208562706198070e-02 2.377841261540847989e-02
5.924999999999999822e+00 3.578517658801114165e-02 3.689862191187678886e-02 2.222197946066447119e-02 2.297700542996287607e-02
5.950000000000000178e+00 3.483649163612379668e-02 3.591874206409969433e-02 2.145558687545940854e-02 2.218950362630035117e-02
5.974999999999999645e+00 3.389762659556466717e-02 3.494922420194781360e-02 2.070334967184770530e-02 2.141635990552884228e-02
6.000000000000000000e+00 3.296920472236133243e-02 3.399069214583251564e-02 1.996567439606408353e-02 2.065799257009709108e-02
6.025000000000000355e+00 3.205182030783226832e-02 3.304374122204575132e-02 1.924293051993409068e-02 1.991478324332167718e-02
6.049999999999999822e+00 3.114603702218539383e-02 3.210893586816535028e-02 1.853544959903293335e-02 1.918707550910565482e-02
6.075000000000000178e+00 3.025238951155403630e-02 3.118681012947849274e-02 1.784352678329659270e-02 1.847517567668515229e-02
6.099999999999999645e+00 2.937138325974813016e-02 3.027786892798681531e-02 1.716742108896756117e-02 1.777935392900484302e-02
6.125000000000000000e+00 2.850349111328091475e-02 2.938258367183398806e-02 1.650735375831426446e-02 1.709984192953965462e-02
6.150000000000000355e+00 2.764915630702478172e-02 2.850139887225222601e-02 1.586351092314941535e-02 1.643683800940820561e-02
6.174999999999999822e+00 2.680878846937500073e-02 2.763472305976719806e-02 1.523604186096739511e-02 1.579050180519644617e-02
6.200000000000000178e+00 2.598276573564686082e-02 2.678293118144252707e-02 1.462506053919213414e-02 1.516095607475705272e-02
6.224999999999999645e+00 2.517143349279971076e-02 2.594636859786709701e-02 1.403064600228914362e-02 1.454829049562068530e-02
6.250000000000000000e+00 2.437510587215132099e-02 2.512534679626086606e-02 1.345284425058304416e-02 1.395255956445744412e-02
6.275000000000000355e+00 2.359406459016749960e-02 2.432014591390263547e-02 1.289166809128941375e-02 1.337378504633248907e-02
6.299999999999999822e+00 2.282855872844137893e-02 2.353101302218378599e-02 1.234709818898785047e-02 1.281195581095796558e-02
6.325000000000000178e+00 2.207880597155736924e-02 2.275816280130927433e-02 1.181908461067913453e-02 1.226702913338870507e-02
6.349999999999999645e+00 2.134499311739460753e-02 2.200177895347381340e-02 1.130754811082793250e-02 1.173893247052015809e-02
6.375000000000000000e+00 2.062727603525808806e-02 2.126201501385445794e-02 1.081238120569839693e-02 1.122756504949027311e-02
6.400000000000000355e+00 1.992577956209892406e-02 2.053899287881669200e-02 1.033344912351286636e-02 1.073279793425923299e-02
6.424999999999999822e+00 1.924059909887478742e-02 1.983280401910685053e-02 9.870591911391113360e-03 1.025447575894117801e-02
6.450000000000000178e+00 1.857180114081437988e-02 1.914351151827440103e-02 9.423625619807945997e-03 9.792419052209884109e-03
6.474999999999999645e+00 1.791942386485227690e-02 1.847114982943343434e-02 8.992343759039728504e-03 9.346425054995118054e-03
6.500000000000000000e+00 1.728347790089283104e-02 1.781572560648808298e-02 8.576518924475973193e-03 8.916269293734981755e-03
6.525000000000000355e+00 1.666394725062350993e-02 1.717721869745672189e-02 8.175904203922723656e-03 8.501707197466254126e-03
6.549999999999999822e+00 1.606079047892347567e-02 1.655558310718885373e-02 7.790234911211345141e-03 8.102475601375789052e-03
6.575000000000000178e+00 1.547394166422300446e-02 1.595074821173635138e-02 7.419230232588212327e-03 7.718294494443558688e-03
6.599999999999999645e+00 1.490331140287066980e-02 1.536261973217665014e-02 7.062594666741812098e-03 7.348868561081456190e-03
6.625000000000000000e+00 1.434878801822586473e-02 1.479108077157575279e-02 6.720019618754480631e-03 6.993888662264838643e-03
6.650000000000000355e+00 1.381023868176677917e-02 1.423599310691167456e-02 6.391184986730248131e-03 6.653033478426377545e-03
6.674999999999999822e+00 1.328751046794375210e-02 1.369719826267565797e-02 6.075760596020375777e-03 6.325971008038288462e-03
6.700000000000000178e+00 1.278043199689358513e-02 1.317451883585901533e-02 5.773407875400322041e-03 6.012360103483953624e-03
6.724999999999999645e+00 1.228881432798707707e-02 1.266775973314526044e-02 5.483781136900321880e-03 5.711851919967854060e-03
6.750000000000000888e+00 1.181245180215344075e-02 1.217670920207867061e-02 5.206528805317312165e-03 5.424091274448210494e-03
6.775000000000001243e+00 1.135112381573469970e-02 1.170114007886514755e-02 4.941295014012066743e-03 5.148718015055467334e-03
6.799999999999999822e+00 1.090459589219597292e-02 1.124081108470381674e-02 4.687720747054518328e-03 4.885368317863805765e-03
6.825000000000001066e+00 1.047262087708927467e-02 1.079546811537359513e-02 4.445445100238015930e-03 4.633675979933447181e-03
6.849999999999999645e+00 1.005494015112827488e-02 1.036484542510697666e-02 4.214106422875891003e-03 4.393273603555648658e-03
6.875000000000000000e+00 9.651284771228252693e-03 9.948666708173042883e-03 3.993343377964892783e-03 4.163793648661887059e-03
6.900000000000001243e+00 9.261376693954874451e-03 9.546646387737698497e-03 3.782795990729897681e-03 3.944869548210859674e-03
6.924999999999999822e+00 8.884929825028897374e-03 9.158490671666436045e-03 3.582106546644339435e-03 3.736136642039353684e-03
6.950000000000001066e+00 8.521651188553169484e-03 8.783898737820412458e-03 3.390920513861540083e-03 3.537233130113923412e-03
6.974999999999999645e+00 8.170621642448194777e-03 8.423183968571446023e-03 3.208525512809629662e-03 3.348162623201330831e-03
7.000000000000000000e+00 7.829902206231769204e-03 8.071753333286820972e-03 3.034174034932026181e-03 3.166613661020923742e-03
7.025000000000001243e+00 7.501748360964134374e-03 7.733272339432701800e-03 2.868441743358415407e-03 2.993996839569856416e-03
7.049999999999999822e+00 7.185827591029455078e-03 7.407399449506787970e-03 2.710979894517620212e-03 2.829954512679146075e-03
7.075000000000001066e+00 6.881806456073269289e-03 7.093792122536361072e-03 2.561447221879739090e-03 2.674136394573467784e-03
7.099999999999999645e+00 6.589351441344748310e-03 6.792107649266748357e-03 2.419510378324744512e-03 2.526200014481544149e-03
7.125000000000000000e+00 6.308129620527580701e-03 6.502003989942997490e-03 2.284844227830561993e-03 2.385811131719783786e-03
7.150000000000001243e+00 6.037809489859734258e-03 6.223140428346045534e-03 2.157132227365202159e-03 2.252644032089921259e-03
7.174999999999999822e+00 5.778061686148292832e-03 5.955178338790240861e-03 2.036066682378186513e-03 2.126381838255771758e-03
7.200000000000000178e+00 5.528559529095838920e-03 5.697781862424248188e-03 1.921348891069301484e-03 2.006716745496974885e-03
7.224999999999999645e+00 5.288979647360613975e-03 5.450618469842865958e-03 1.812689336210967627e-03 1.893350182560876813e-03
7.250000000000000000e+00 5.059002500965298701e-03 5.213359467068931150e-03 1.709807772490205737e-03 1.785992922355650759e-03
7.275000000000001243e+00 4.838312850539525957e-03 4.985680556993999681e-03 1.612433281161461873e-03 1.684365185302460393e-03
7.299999999999999822e+00 4.626600199820612991e-03 4.767262244423398597e-03 1.520304288000474914e-03 1.588196664750396057e-03
7.325000000000000178e+00 4.423559194497844564e-03 4.557790259039929195e-03 1.433168541646086345e-03 1.497226522126612934e-03
7.349999999999999645e+00 4.228889953338108541e-03 4.356955906446062336e-03 1.350783091011797856e-03 1.411203363502212685e-03
7.375000000000000000e+00 4.042298419088651527e-03 4.164456410633121664e-03 1.272914186242278534e-03 1.329885180887260951e-03
7.400000000000001243e+00 3.863496583022077782e-03 3.979995174840439930e-03 1.199337163443846754e-03 1.253039241295123701e-03
7.424999999999999822e+00 3.692202744423708338e-03 3.803282031929470196e-03 1.129836339952025462e-03 1.180441978551015347e-03
7.450000000000000178e+00 3.528141664543359406e-03 3.634033433178732956e-03 1.064204833544610523e-03 1.111878844346434738e-03
7.474999999999999645e+00 3.371044758615553746e-03 3.471972613676261536e-03 1.002244408477700674e-03 1.047144142525506007e-03
7.500000000000000000e+00 3.220650241304569023e-03 3.316829768024632911e-03 9.437653000285761489e-04 9.860408641619051052e-04
7.525000000000000355e+00 3.076703175799315720e-03 3.168342107448506896e-03 8.885859988421426813e-04 9.283804789836677500e-04
7.549999999999999822e+00 2.938955589137417276e-03 3.026253969239698499e-03 8.365330402553842939e-04 8.739827351172247240e-04
7.575000000000000178e+00 2.807166499890607035e-03 2.890316851344565136e-03 7.874407884762461363e-04 8.226754311279156281e-04
7.599999999999999645e+00 2.681101932253909022e-03 2.760289445387200183e-03 7.411512102646574708e-04 7.742941980371687190e-04
7.625000000000000000e+00 2.560534924873570251e-03 2.635937638057091626e-03 6.975136413301830530e-04 7.286822647829400675e-04
7.650000000000000355e+00 2.445245499917874429e-03 2.517034481146832470e-03 6.563845413370935147e-04 6.856902150009318558e-04
7.674999999999999822e+00 2.335020624586600039e-03 2.403360168881124581e-03 6.176272475773707553e-04 6.451757446078377383e-04
7.700000000000000178e+00 2.229654150263807224e-03 2.294701956823595734e-03 5.811117463174589369e-04 6.070034110322549466e-04
7.724999999999999645e+00 2.128946752790184405e-03 2.190854111748900823e-03 5.467144240825821044e-04 5.710443964107257946e-04
7.750000000000000000e+00 2.032705841131650544e-03 2.091617832213686461e-03 5.143178232433510142e-04 5.371762602926688154e-04
7.775000000000000355e+00 1.940745453926379788e-03 1.996801139135793036e-03 4.838104070888222781e-04 5.052826946119823174e-04
7.799999999999999822e+00 1.852886146442400727e-03 1.906218762565826778e-03 4.550863159254413520e-04 4.752532802799407747e-04
7.825000000000000178e+00 1.768954877759566302e-03 1.819692014555651747e-03 4.280451364256013919e-04 4.469832450443501264e-04
7.849999999999999645e+00 1.688784886665845161e-03 1.737048680529974971e-03 4.025916722987280764e-04 4.203732343021825092e-04
7.875000000000000000e+00 1.612215552273932925e-03 1.658122870103360827e-03 3.786357175554572142e-04 3.953290767301619198e-04
7.900000000000000355e+00 1.539092261524448299e-03 1.582754882326740768e-03 3.560918376696545640e-04 3.717615596942170459e-04
7.924999999999999822e+00 1.469266254946903537e-03 1.510791056442294241e-03 3.348791528252264356e-04 3.495862086221937764e-04
7.950000000000000178e+00 1.402594482474289967e-03 1.442083614106199740e-03 3.149211296438180494e-04 3.287230698733364497e-04
7.974999999999999645e+00 1.338939451414379329e-03 1.376490510145719683e-03 2.961453783855019588e-04 3.090965033573399366e-04
8.000000000000000000e+00 1.278169072674436788e-03 1.313875273460163523e-03 2.784834566361761880e-04 2.906349793601484353e-04
8.025000000000000355e+00 1.220156505289918866e-03 1.254106847928423930e-03 2.618706793572015551e-04 2.732708824455894105e-04
8.050000000000000711e+00 1.164780000426925014e-03 1.197059434046604531e-03 2.462459348311281143e-04 2.569403221253663554e-04
8.074999999999999289e+00 1.111922743656317946e-03 1.142612327236338602e-03 2.315515076700419702e-04 2.415829493812418941e-04
8.099999999999999645e+00 1.061472698567734844e-03 1.090649755489210646e-03 2.177329086380237310e-04 2.271417798703697657e-04
8.125000000000000000e+00 1.013322452264081314e-03 1.041060721914313170e-03 2.047387108632492229e-04 2.135630247728006743e-04
8.150000000000000355e+00 9.673690615865918789e-04 9.937388463512654164e-04 1.925203927120359385e-04 2.007959277126338503e-04
8.175000000000000711e+00 9.235138995702245638e-04 9.485822079697087345e-04 1.810321868069887934e-04 1.887926081184530998e-04
8.199999999999999289e+00 8.816625058679081802e-04 9.054931907754536474e-04 1.702309359750215289e-04 1.775079114484611452e-04
8.224999999999999645e+00 8.417244381957419194e-04 8.643783314563876835e-04 1.600759549994379026e-04 1.668992657404631656e-04
8.250000000000000000e+00 8.036131267563377447e-04 8.251481688926544681e-04 1.505288987749281589e-04 1.569265443204295447e-04
8.275000000000000355e+00 7.672457320577010832e-04 7.877170978408990724e-04 1.415536361841768090e-04 1.475519348253331614e-04
8.300000000000000711e+00 7.325430039720270221e-04 7.520032240583046819e-04 1.331161299227864956e-04 1.387398139074061539e-04
8.324999999999999289e+00 6.994291464440025420e-04 7.179282235507046962e-04 1.251843222937694443e-04 1.304566280921951016e-04
8.349999999999999645e+00 6.678316841655724178e-04 6.854172065557302164e-04 1.177280260271855423e-04 1.226707804289018581e-04
8.375000000000000000e+00 6.376813320319744743e-04 6.543985820164991687e-04 1.107188205938748393e-04 1.153525220796875627e-04
8.400000000000000355e+00 6.089118694271912231e-04 6.248039277092084457e-04 1.041299536097071011e-04 1.084738495676146932e-04
8.425000000000000711e+00 5.814600172188929845e-04 5.965678639184127151e-04 9.793624731796064515e-05 1.020084071992971792e-04
8.449999999999999289e+00 5.552653188472738777e-04 5.696279298814966316e-04 9.211400966727521940e-05 9.593139420006938339e-05
8.474999999999999645e+00 5.302700246249625543e-04 5.439244647495613096e-04 8.664094998043029574e-05 9.021947668727911150e-05
8.500000000000000000e+00 5.064189797907032303e-04 5.194004915337424675e-04 8.149609905211409289e-05 8.485070412978682820e-05
8.525000000000000355e+00 4.836595170219383359e-04 4.960016059276854510e-04 7.665973347977706354e-05 7.980443029959188059e-05
8.550000000000000711e+00 4.619413514387456189e-04 4.736758682181012076e-04 7.211330394050333224e-05 7.506123834306496192e-05
8.574999999999999289e+00 4.412164792265689897e-04 4.523736982983779975e-04 6.783936717569715358e-05 7.060286969224694245e-05
8.599999999999999645e+00 4.214390808096951050e-04 4.320477753490660033e-04 6.382152203299308417e-05 6.641215702810921177e-05
8.625000000000000000e+00 4.025654265153620561e-04 4.126529401580256010e-04 6.004434861672563930e-05 6.247296070276016345e-05
8.650000000000000355e+00 3.845537862612799225e-04 3.941461020674338271e-04 5.649335096057116808e-05 5.877010879155644663e-05
8.675000000000000711e+00 3.673643421887570542e-04 3.764861484515548006e-04 5.315490287858605658e-05 5.528934036018023088e-05
8.699999999999999289e+00 3.509591047736887199e-04 3.596338577510440650e-04 5.001619668649187866e-05 5.201725183927373257e-05
8.724999999999999645e+00 3.353018326481497905e-04 3.435518164419370515e-04 4.706519498477949989e-05 4.894124650132281013e-05
8.750000000000000000e+00 3.203579548385699824e-04 3.282043386955072048e-04 4.429058509749787451e-05 4.604948671215111091e-05
8.775000000000000355e+00 3.060944960769459338e-04 3.135573892971516507e-04 4.168173599950318083e-05 4.333084893372626107e-05
8.800000000000000711e+00 2.924800058405624815e-04 2.995785097211196390e-04 3.922865782786269604e-05 4.077488122476010063e-05
8.824999999999999289e+00 2.794844896492932078e-04 2.862367472623296395e-04 3.692196369725816443e-05 3.837176323882650575e-05
8.849999999999999645e+00 2.670793431817145816e-04 2.735025869135456074e-04 3.475283358810379863e-05 3.611226847454811038e-05
8.875000000000000000e+00 2.552372894467773738e-04 2.613478860255747846e-04 3.271298050027960898e-05 3.398772869490279057e-05
8.900000000000000355e+00 2.439323185100485038e-04 2.497458120947128758e-04 3.079461850552648222e-05 3.199000050884942927e-05
8.925000000000000711e+00 2.331396295690212018e-04 2.386707828369744337e-04 2.899043260875341124e-05 3.011143381087780127e-05
8.949999999999999289e+00 2.228355756251743742e-04 2.280984087599539553e-04 2.729355046449663804e-05 2.834484208100177595e-05
8.974999999999999645e+00 2.129976105700001924e-04 2.180054384557663337e-04 2.569751569232084145e-05 2.668347446356856049e-05
9.000000000000000000e+00 2.036042385172640154e-04 2.083697060257136381e-04 2.419626278030731370e-05 2.512098944023774302e-05
9.025000000000000355e+00 1.946349654202937369e-04 1.991700811252624379e-04 2.278409350020516475e-05 2.365143012017501928e-05
9.050000000000000711e+00 1.860702526242470276e-04 1.903864208559921352e-04 2.145565470304933622e-05 2.226920095500648354e-05
9.074999999999999289e+00 1.778914726770064307e-04 1.819995238495955819e-04 2.020591744646163288e-05 2.096904584476557397e-05
9.099999999999999645e+00 1.700808670324455932e-04 1.739910866991198292e-04 1.903015733400694308e-05 1.974602758157530596e-05
9.125000000000000000e+00 1.626215055543000023e-04 1.663436618753325123e-04 1.792393605648572169e-05 1.859550845735227567e-05
9.150000000000000355e+00 1.554972480175129861e-04 1.590406178910209773e-04 1.688308406414197710e-05 1.751313209745451952e-05
9.175000000000000711e+00 1.486927072105014968e-04 1.520661011532025038e-04 1.590368423155122952e-05 1.649480636446821761e-05
9.199999999999999289e+00 1.421932137427278479e-04 1.454049995268482439e-04 1.498205653337217767e-05 1.553668728246283582e-05
9.224999999999999645e+00 1.359847824322510878e-04 1.390429075249649277e-04 1.411474363548233162e-05 1.463516393662355486e-05
9.250000000000000000e+00 1.300540803083568057e-04 1.329660931360533813e-04 1.329849736328579198e-05 1.378684428088074018e-05
9.275000000000000355e+00 1.243883960143472801e-04 1.271614662378382516e-04 1.253026597792292440e-05 1.298854182013970359e-05
9.300000000000000711e+00 1.189756106471037971e-04 1.216165483760057331e-04 1.180718222646127541e-05 1.223726307773014952e-05
9.324999999999999289e+00 1.138041699256696690e-04 1.163194439759636546e-04 1.112655213275265136e-05 1.153019584187444188e-05
9.349999999999999645e+00 1.088630576573866278e-04 1.112588128786337464e-04 1.048584443483473030e-05 1.086469811470024560e-05
9.375000000000000000e+00 1.041417704450054598e-04 1.064238441714745927e-04 9.882680691046301992e-06 1.023828773337905164e-05
9.400000000000000355e+00 9.963029355252241181e-05 1.018042312274633677e-04 9.314825986913249941e-06 9.648632631355701041e-06
9.425000000000000711e+00 9.531907791955806706e-05 9.739014791498177756e-05 8.780180200332925858e-06 9.093541690434531801e-06
9.449999999999999289e+00 9.119901823605839372e-05 9.317222592648335413e-05 8.276769795050710078e-06 8.570956148498178547e-06
9.474999999999999645e+00 8.726143204479419081e-05 8.914153316216442101e-05 7.802740121226588106e-06 8.078941529641684249e-06
9.500000000000000000e+00 8.349803983672634438e-05 8.528955314034390191e-05 7.356348186960439935e-06 7.615680072852537300e-06
9.525000000000000355e+00 7.990094607430825414e-05 8.160816537628174229e-05 6.935955862191438276e-06 7.179463618529466309e-06
9.550000000000000711e+00 7.646262110510297823e-05 7.808962668987447762e-05 6.540023506881720210e-06 6.768686932395985909e-06
9.574999999999999289e+00 7.317588393073331296e-05 7.472655338198761561e-05 6.167103983882146218e-06 6.381841437022780846e-06
9.599999999999999645e+00 7.003388579892769585e-05 7.151190427016032483e-05 5.815837044120067332e-06 6.017509329036962662e-06
9.625000000000000000e+00 6.703009455610800668e-05 6.843896452744879322e-05 5.484944044607068398e-06 5.674358057025214519e-06
9.650000000000000355e+00 6.415827975486778137e-05 6.550133027643201234e-05 5.173222992283621622e-06 5.351135130979606793e-06
9.675000000000000711e+00 6.141249846407177736e-05 6.269289393321394001e-05 4.879543895938709995e-06 5.046663256034732599e-06
9.699999999999999289e+00 5.878708173908158612e-05 6.000783022936742199e-05 4.602844399965348221e-06 4.759835761565516637e-06
9.724999999999999645e+00 5.627662174983162039e-05 5.744058290948267831e-05 4.342125686290492179e-06 4.489612314115877239e-06
9.750000000000000000e+00 5.387595951141098025e-05 5.498585205900828621e-05 4.096448617475298917e-06 4.235014886726792496e-06
9.775000000000000355e+00 5.158017319824902087e-05 5.263858203207932499e-05 3.864930128943876832e-06 3.995123977582220091e-06
9.800000000000000711e+00 4.938456701383772435e-05 5.039394996053594441e-05 3.646739835032866083e-06 3.769075062931309767e-06
9.824999999999999289e+00 4.728466059183169368e-05 4.824735480444443804e-05 3.441096840515016302e-06 3.556055263373724234e-06
9.849999999999999645e+00 4.527617890038779496e-05 4.619440693171537361e-05 3.247266753028065815e-06 3.355300216391571709e-06
9.875000000000000000e+00 4.335504262010362767e-05 4.423091818593481744e-05 3.064558874102836952e-06 3.166091140834540167e-06
9.900000000000000355e+00 4.151735898568208486e-05 4.235289242940251620e-05 2.892323557784221682e-06 2.987752078095884153e-06
9.925000000000000711e+00 3.975941306575218588e-05 4.055651654479196168e-05 2.729949738829477461e-06 2.819647303496506822e-06
9.949999999999999289e+00 3.807765944724021733e-05 3.883815185512890465e-05 2.576862606860053046e-06 2.661178897571812494e-06
9.974999999999999645e+00 3.646871432300783917e-05 3.719432595906821881e-05 2.432521422784720965e-06 2.511784463454997617e-06
1.000000000000000000e+01 3.492934795310113666e-05 3.562172495397094202e-05 2.296417468353692152e-06 2.370934985497023892e-06
1.002500000000000036e+01 3.345647748290501408e-05 3.411718602511019103e-05 2.168072120104552796e-06 2.238132815689966713e-06
1.005000000000000071e+01 3.204716010433648606e-05 3.267769039484032213e-05 2.047035044360794650e-06 2.112909787148540946e-06
1.007499999999999929e+01 3.069858653797609627e-05 3.130035660202273363e-05 1.932882496030472628e-06 1.994825439519306161e-06
1.009999999999999964e+01 2.940807483017138704e-05 2.998243410209821655e-05 1.825215725553343634e-06 1.883465353577943756e-06
1.012500000000000000e+01 2.817306444038133450e-05 2.872129717471210981e-05 1.723659480678744531e-06 1.778439587164515099e-06
1.015000000000000036e+01 2.699111060822795622e-05 2.751443911765165872e-05 1.627860599069870499e-06 1.679381206530536944e-06
1.017500000000000071e+01 2.585987898761390709e-05 2.635946671440186627e-05 1.537486686763203030e-06 1.585944905830616685e-06
1.019999999999999929e+01 2.477714053750339793e-05 2.525409496826039712e-05 1.452224878561999455e-06 1.497805712631079620e-06
1.022499999999999964e+01 2.374076665299612211e-05 2.419614208693948731e-05 1.371780671209137958e-06 1.414657771034637722e-06
1.025000000000000000e+01 2.274872452495796971e-05 2.318352470227104723e-05 1.295876827714340219e-06 1.336213198757985253e-06
1.027500000000000036e+01 2.179907271988466497e-05 2.221425331577708435e-05 1.224252347349900534e-06 1.262201012498980576e-06
1.030000000000000071e+01 2.088995696875143053e-05 2.128642796148673321e-05 1.156661500409282056e-06 1.192366119811389833e-06
1.032499999999999929e+01 2.001960615458337427e-05 2.039823407339017730e-05 1.092872919252366550e-06 1.126468371833467154e-06
1.034999999999999964e+01 1.918632848862432131e-05 1.954793854946389330e-05 1.032668744982574728e-06 1.064281673237341205e-06
1.037500000000000000e+01 1.838850786548160710e-05 1.873388599820047717e-05 9.758438247716976085e-07 1.005593145710369442e-06
1.040000000000000036e+01 1.762460039155355385e-05 1.795449516443249887e-05 9.222049583273643886e-07 9.502023418737000263e-07
1.042500000000000071e+01 1.689313107550282020e-05 1.720825552368010792e-05 8.715701904252056851e-07 8.979205074157524330e-07
1.044999999999999929e+01 1.619269067470574514e-05 1.649372403609916860e-05 8.237681444064886906e-07 8.485698872742803275e-07
1.047499999999999964e+01 1.552193268899974916e-05 1.580952205370347299e-05 7.786373967491915031e-07 8.019830733964377987e-07
1.050000000000000000e+01 1.487957049534667876e-05 1.515433237193179862e-05 7.360258892617768263e-07 7.580023922434997174e-07
1.052500000000000036e+01 1.426437461687652197e-05 1.452689642033702925e-05 6.957903757265115897e-07 7.164793287048143336e-07
1.055000000000000071e+01 1.367517011941656369e-05 1.392601158458779495e-05 6.577959030115406535e-07 6.772739848945117133e-07
1.057499999999999929e+01 1.311083412981486807e-05 1.335052865424024595e-05 6.219153225357151170e-07 6.402545717106425278e-07
1.059999999999999964e+01 1.257029346980408973e-05 1.279934938963166795e-05 5.880288306067830595e-07 6.052969303918224409e-07
1.062500000000000000e+01 1.205252240035070399e-05 1.227142420259548816e-05 5.560235369321826159e-07 5.722840829391145053e-07
1.065000000000000036e+01 1.155654047080627528e-05 1.176574994535277490e-05 5.257930586549273842e-07 5.411058095431248283e-07
1.067500000000000071e+01 1.108141046824064097e-05 1.128136780251976989e-05 4.972371386659759674e-07 5.116582512723350408e-07
1.069999999999999929e+01 1.062623646187208228e-05 1.081736128133141140e-05 4.702612866606424835e-07 4.838435365131220632e-07
1.072499999999999964e+01 1.019016193823534055e-05 1.037285429518174378e-05 4.447764415681084356e-07 4.575694297010638988e-07
1.075000000000000000e+01 9.772368022909375487e-06 9.947009336348840988e-06 4.206986541317859813e-07 4.327490010250211776e-07
1.077500000000000036e+01 9.372071784450638202e-06 9.539025733584340633e-06 3.979487880861339175e-07 4.093003157590959158e-07
1.080000000000000071e+01 8.988524616626676411e-06 9.148137990241220246e-06 3.764522393462094524e-07 3.871461419966198656e-07
1.082499999999999929e+01 8.621010695556717131e-06 8.773614199479964123e-06 3.561386721083955590e-07 3.662136760564730519e-07
1.084999999999999964e+01 8.268845507882284279e-06 8.414754532784899814e-06 3.369417702035940700e-07 3.464342841024172302e-07
1.087500000000000000e+01 7.931374446763666102e-06 8.070889798154461261e-06 3.187990031549096792e-07 3.277432590006016169e-07
1.090000000000000036e+01 7.607971472502795903e-06 7.741380064965177745e-06 3.016514060604597520e-07 3.100795915055252307e-07
1.092500000000000071e+01 7.298037834669054456e-06 7.425613352069073679e-06 2.854433728773048955e-07 2.933857551554729128e-07
1.094999999999999929e+01 7.001000852868233855e-06 7.123004376237476720e-06 2.701224617949172002e-07 2.776075040303186518e-07
1.097499999999999964e+01 6.716312753443631349e-06 6.832993358209997568e-06 2.556392117490315278e-07 2.626936823111842289e-07
1.100000000000000000e+01 6.443449559389767186e-06 6.555044883480625338e-06 2.419469698767256170e-07 2.485960449718847952e-07
1.102500000000000036e+01 6.181910031045754727e-06 6.288646815260081798e-06 2.290017292610650548e-07 2.352690891488251372e-07
1.105000000000000071e+01 5.931214655320220351e-06 6.033309257415608915e-06 2.167619763205290575e-07 2.226698955245071905e-07
1.107499999999999929e+01 5.690904680737717463e-06 5.788563564645976454e-06 2.051885468606901817e-07 2.107579790435995025e-07
1.109999999999999964e+01 5.460541196574757174e-06 5.553961397806400925e-06 1.942444906976461200e-07 1.994951482372510779e-07
1.112500000000000000e+01 5.239704254008440227e-06 5.329073822538130673e-06 1.838949444468951672e-07 1.888453730654291636e-07
1.115000000000000036e+01 5.027992027013395781e-06 5.113490448760032832e-06 1.741070113456214167e-07 1.787746603415545963e-07
1.117500000000000071e+01 4.825020011472487078e-06 4.906818609400773034e-06 1.648496483863893957e-07 1.692509364802742099e-07
1.119999999999999929e+01 4.630420260561204191e-06 4.708682576476506665e-06 1.560935599868173483e-07 1.602439371535990474e-07
1.122499999999999964e+01 4.443840654728947241e-06 4.518722812671408914e-06 1.478110977589573831e-07 1.517251033641115584e-07
1.125000000000000000e+01 4.264944204705831996e-06 4.336595256873995552e-06 1.399761663215055716e-07 1.436674835883745131e-07
1.127500000000000036e+01 4.093408385999018487e-06 4.161970642079775407e-06 1.325641345192023493e-07 1.360456417486058071e-07
1.130000000000000071e+01 3.928924503389451596e-06 3.994533844104653452e-06 1.255517516477089770e-07 1.288355703809456085e-07
1.132499999999999929e+01 3.771197084051053644e-06 3.833983259681293581e-06 1.189170688406068794e-07 1.220146089772835645e-07
1.134999999999999964e+01 3.619943298026543048e-06 3.680030212689089499e-06 1.126393647540803628e-07 1.155613670521834296e-07
1.137500000000000000e+01 3.474892404664962733e-06 3.532398387014793878e-06 1.066990756994910861e-07 1.094556516343166786e-07
1.140000000000000036e+01 3.335785223984672595e-06 3.390823285018191597e-06 1.010777298221322133e-07 1.036783990426886889e-07
1.142500000000000071e+01 3.202373631683253400e-06 3.255051710289484445e-06 9.575788503731779274e-08 9.821161056522624475e-08
1.144999999999999929e+01 3.074420076769512633e-06 3.124841273597724714e-06 9.072307066531777824e-08 9.303829192255196877e-08
1.147499999999999964e+01 2.951697120775284362e-06 2.999959921015064754e-06 8.595773228763163833e-08 8.814239620332975928e-08
1.150000000000000000e+01 2.833986997552345149e-06 2.880185483165762585e-06 8.144717981480703829e-08 8.350877005345807209e-08
1.152500000000000036e+01 2.721081192684809244e-06 2.765305244600610718e-06 7.717753866815755806e-08 7.912310302610145552e-08
1.155000000000000071e+01 2.612780041656898738e-06 2.655115532404521985e-06 7.313570363139027874e-08 7.497187986340280102e-08
1.157499999999999929e+01 2.508892345901439036e-06 2.549421323175495541e-06 6.930929545529422508e-08 7.104233547973890032e-08
1.159999999999999964e+01 2.409235005906426453e-06 2.448035867473444710e-06 6.568661994358999706e-08 6.732241262634500909e-08
1.162500000000000000e+01 2.313632670621724191e-06 2.350780331011123151e-06 6.225662927770962871e-08 6.380072187809128673e-08
1.165000000000000036e+01 2.221917402391905713e-06 2.257483451760322807e-06 5.900888573830274466e-08 6.046650400584523751e-08
1.167500000000000071e+01 2.133928356753659810e-06 2.167981212283708038e-06 5.593352730581694548e-08 5.730959445791212377e-08
1.169999999999999929e+01 2.049511476388175447e-06 2.082116526620080167e-06 5.302123538846963930e-08 5.432038987791033653e-08
1.172499999999999964e+01 1.968519198577451004e-06 1.999738940991810259e-06 5.026320437072830536e-08 5.148981660129160375e-08
1.175000000000000000e+01 1.890810175590694865e-06 1.920704347748983252e-06 4.765111281701176725e-08 4.880930089829657255e-08
1.177500000000000036e+01 1.816249007400251522e-06 1.844874711986179038e-06 4.517709638763912158e-08 4.627074092608607004e-08
1.180000000000000071e+01 1.744705986143599939e-06 1.772117810189231355e-06 4.283372227464256070e-08 4.386648028940731344e-08
1.182499999999999929e+01 1.676056851836620371e-06 1.702306980389512023e-06 4.061396510341796592e-08 4.158928310850368665e-08
1.184999999999999964e+01 1.610182558823121734e-06 1.635320883344417660e-06 3.851118417280888816e-08 3.943231050149823588e-08
1.187500000000000000e+01 1.546969052462678556e-06 1.571043274202287279e-06 3.651910203817490513e-08 3.738909840303563680e-08
1.190000000000000036e+01 1.486307055607899172e-06 1.509362784190970564e-06 3.463178428910749155e-08 3.545353667335028934e-08
1.192500000000000071e+01 1.428091864426834365e-06 1.450172711885675128e-06 3.284362043843931228e-08 3.361984935155402429e-08
1.194999999999999929e+01 1.372223153155728269e-06 1.393370823618656781e-06 3.114930593735046683e-08 3.188257605220516727e-08
1.197499999999999964e+01 1.318604787378960068e-06 1.338859162625557221e-06 2.954382520488232132e-08 3.023655441280026092e-08
1.200000000000000000e+01 1.267144645453525969e-06 1.286543866531869325e-06 2.802243559341036254e-08 2.867690354785413880e-08
1.202500000000000036e+01 1.217754447719190946e-06 1.236334992809196631e-06 2.658065225877813735e-08 2.719900840327041101e-08
1.205000000000000071e+01 1.170349593142048749e-06 1.188146351844648980e-06 2.521423393038399506e-08 2.579850504050786439e-08
1.207499999999999929e+01 1.124849003060789438e-06 1.141895347282602786e-06 2.391916939987082917e-08 2.447126671341281821e-08
1.209999999999999964e+01 1.081174971719578277e-06 1.097502823311129863e-06 2.269166484475924719e-08 2.321339074108765379e-08
1.212500000000000000e+01 1.039253023289489920e-06 1.054892918590158760e-06 2.152813184524095112e-08 2.202118613629211648e-08
1.215000000000000036e+01 9.990117750836742855e-07 1.013992926520739248e-06 2.042517605101436493e-08 2.089116191622620841e-08
1.217500000000000071e+01 9.603828066960260728e-07 9.747331615744260594e-07 1.937958648855283713e-08 1.982001606080033922e-08
1.219999999999999929e+01 9.233005348012393226e-07 9.370468314152364442e-07 1.838832549239066808e-08 1.880462510220741410e-08
1.222499999999999964e+01 8.877020933631697802e-07 9.008699145566767748e-07 1.744851918361387156e-08 1.784203430430206502e-08
1.225000000000000000e+01 8.535272190130903820e-07 8.661410433077415459e-07 1.655744847031582598e-08 1.692944837862286000e-08
1.227500000000000036e+01 8.207181413711541536e-07 8.328013917746379506e-07 1.571254056605870385e-08 1.606422272450447520e-08
1.230000000000000071e+01 7.892194780910009132e-07 8.007945686950033575e-07 1.491136098484327143e-08 1.524385516347754823e-08
1.232499999999999929e+01 7.589781344206444412e-07 7.700665148905160388e-07 1.415160597487351215e-08 1.446597813776014473e-08
1.234999999999999964e+01 7.299432070814039129e-07 7.405654051353107880e-07 1.343109536367583439e-08 1.372835133341846904e-08
1.237500000000000000e+01 7.020658922738818171e-07 7.122415542458260107e-07 1.274776581591335607e-08 1.302885471876323933e-08
1.240000000000000036e+01 6.752993976307688673e-07 6.850473272051432815e-07 1.209966445926645001e-08 1.236548197185040848e-08
1.242500000000000071e+01 6.495988579439231168e-07 6.589370531466027684e-07 1.148494287315790800e-08 1.173633427503937076e-08
1.244999999999999929e+01 6.249212544979240394e-07 6.338669430257795792e-07 1.090185139803293925e-08 1.113961445531510314e-08
1.247499999999999964e+01 6.012253378550097380e-07 6.097950108187894528e-07 1.034873375697163129e-08 1.057362143891425962e-08
1.250000000000000000e+01 5.784715539407607293e-07 5.866809980943952876e-07 9.824021999910410935e-09 1.003674502600844170e-08
1.252500000000000036e+01 5.566219732842830780e-07 5.644863018121700470e-07 9.326231702410574379e-09 9.527460954115443982e-09
1.255000000000000071e+01 5.356402232770233023e-07 5.431739052041650530e-07 8.853957432348367647e-09 9.044326223868135649e-09
1.257499999999999929e+01 5.154914233187051388e-07 5.227083116069762539e-07 8.405868481190128336e-09 8.585974692837545775e-09
1.259999999999999964e+01 4.961421227240849660e-07 5.030554811155553828e-07 7.980704818949396583e-09 8.151112911394013497e-09
1.262500000000000000e+01 4.775602412718835704e-07 4.841827699360108180e-07 7.577273274919778002e-09 7.738516186656801134e-09
1.265000000000000036e+01 4.597150122795821250e-07 4.660588723192274645e-07 7.194443928745718901e-09 7.347024863897351481e-09
1.267500000000000071e+01 4.425769280963258672e-07 4.486537649648509746e-07 6.831146695821089039e-09 6.975540811605631783e-09
1.269999999999999929e+01 4.261176879080281411e-07 4.319386537869098862e-07 6.486368103827137243e-09 6.623024098474105105e-09
1.272499999999999964e+01 4.103101477553029087e-07 4.158859229397559276e-07 6.159148250196037706e-09 6.288489857750081412e-09
1.275000000000000000e+01 3.951282726687452143e-07 4.004690860065931508e-07 5.848577920603019547e-09 5.971005322042890315e-09
1.277500000000000036e+01 3.805470908301232399e-07 3.856627392564432052e-07 5.553795863714786814e-09 5.669687018926754303e-09
1.280000000000000071e+01 3.665426496717056762e-07 3.714425168814072027e-07 5.273986218207038064e-09 5.383698119392164349e-09
1.282499999999999929e+01 3.530919738308367286e-07 3.577850481271119176e-07 5.008376080995935734e-09 5.112245934575431133e-09
1.284999999999999964e+01 3.401730248805834649e-07 3.446679162369938755e-07 4.756233205522010040e-09 4.854579546798732718e-09
1.287500000000000000e+01 3.277646627585684443e-07 3.320696191307053126e-07 4.516863830786875362e-09 4.609987572884550282e-09
1.290000000000000036e+01 3.158466088227843957e-07 3.199695317427403929e-07 4.289610621617587575e-09 4.377796047837246851e-09
1.292500000000000071e+01 3.043994104639322039e-07 3.083478699505694676e-07 4.073850722454939555e-09 4.157366421704268612e-09
1.294999999999999929e+01 2.934044072075733832e-07 2.971856560230218207e-07 3.868993921495925516e-09 3.948093667855828503e-09
1.297499999999999964e+01 2.828436982429761964e-07 2.864646855249419326e-07 3.674480913535102792e-09 3.749404495973064836e-09
1.300000000000000000e+01 2.727001113173512490e-07 2.761674956153210324e-07 3.489781652876131007e-09 3.560755660100849155e-09
1.302500000000000036e+01 2.629571729374113415e-07 2.662773346794897144e-07 3.314393796335010177e-09 3.381632356927597057e-09
1.305000000000000071e+01 2.535990798225847064e-07 2.567781332386190851e-07 3.147841234691498006e-09 3.211546712923302777e-09
1.307499999999999929e+01 2.446106715565248035e-07 2.476544760818545722e-07 2.989672701096183169e-09 3.050036354538281370e-09
1.309999999999999964e+01 2.359774043861992253e-07 2.388915755691508579e-07 2.839460452469469316e-09 2.896663053413791287e-09
1.312500000000000000e+01 2.276853261199538232e-07 2.304752460554144801e-07 2.696799026589744081e-09 2.751011446136531397e-09
1.315000000000000036e+01 2.197210520776868073e-07 2.223918793880048902e-07 2.561304063981217111e-09 2.612687824202611673e-09
1.317500000000000071e+01 2.120717420487782040e-07 2.146284214320751590e-07 2.432611191334349929e-09 2.481318987211393538e-09
1.319999999999999929e+01 2.047250782152616116e-07 2.071723495804504956e-07 2.310374969274276571e-09 2.356551159109980019e-09
1.322499999999999964e+01 1.976692439994440881e-07 2.000116512064577520e-07 2.194267893150718982e-09 2.238048963320738138e-09
1.325000000000000000e+01 1.908929037970110787e-07 1.931348030196669291e-07 2.083979448589851758e-09 2.125494451184662472e-09
1.327500000000000036e+01 1.843851835584548789e-07 1.865307512869380899e-07 1.979215220283998734e-09 2.018586185347294695e-09
1.330000000000000071e+01 1.781356521828269623e-07 1.801888928817282158e-07 1.879696044257488450e-09 1.917038370589160846e-09
1.332499999999999929e+01 1.721343036902210350e-07 1.740990571272803565e-07 1.785157209586346669e-09 1.820580031857268694e-09
1.334999999999999964e+01 1.663715401400475554e-07 1.682514884004255207e-07 1.695347700229807766e-09 1.728954236936198675e-09
1.337500000000000000e+01 1.608381552639181092e-07 1.626368294638233479e-07 1.610029477114690038e-09 1.641917359050777241e-09
1.340000000000000036e+01 1.555253187834062411e-07 1.572461054963921322e-07 1.528976802449939031e-09 1.559238380965784139e-09
1.342500000000000071e+01 1.504245613840102161e-07 1.520707087927056952e-07 1.451975596414914468e-09 1.480698236262850810e-09
1.344999999999999929e+01 1.455277603180144247e-07 1.471023841034208229e-07 1.378822828405222656e-09 1.406089184148681885e-09
1.347499999999999964e+01 1.408271256102030360e-07 1.423332145901055835e-07 1.309325943981668594e-09 1.335214219436165327e-09
1.350000000000000178e+01 1.363151868413238391e-07 1.377556083689554951e-07 1.243302319192710634e-09 1.267886513971528644e-09
1.352500000000000213e+01 1.319847804853901621e-07 1.333622856189231909e-07 1.180578744150082017e-09 1.203928886424560002e-09
1.355000000000000249e+01 1.278290377779475913e-07 1.291462662309116329e-07 1.120990936903066313e-09 1.143173301877080340e-09
1.357499999999999929e+01 1.238413730933815775e-07 1.251008579756865189e-07 1.064383080358233590e-09 1.085460398011587071e-09
1.359999999999999964e+01 1.200154728103330987e-07 1.212196451691128863e-07 1.010607384325201898e-09 1.030639035392942237e-09
1.362500000000000000e+01 1.163452846451678022e-07 1.174964778142789031e-07 9.595236717912507479e-10 9.785658726517359750e-10
1.365000000000000213e+01 1.128250074342888451e-07 1.139254612008988120e-07 9.109989871189670525e-10 9.291049641348519190e-10
1.367500000000000249e+01 1.094490813469754983e-07 1.105009459432892456e-07 8.649072248749084837e-10 8.821273795157545574e-10
1.369999999999999929e+01 1.062121785111695297e-07 1.072175184390066014e-07 8.211287780489392020e-10 8.375108427966222276e-10
1.372499999999999964e+01 1.031091940354119620e-07 1.040699917309888101e-07 7.795502051701811869e-10 7.951393911670491481e-10
1.375000000000000000e+01 1.001352374108748402e-07 1.010533967568275570e-07 7.400639148828228283e-10 7.549030511838144559e-10
1.377500000000000213e+01 9.728562427810204047e-08 9.816297396949130451e-08 7.025678684228799781e-10 7.166975333868227497e-10
1.380000000000000249e+01 9.455586854373601938e-08 9.539416531447054065e-08 6.669652966230050342e-10 6.804239423747553934e-10
1.382499999999999929e+01 9.194167483318112530e-08 9.274260654899957288e-08 6.331644324258572787e-10 6.459885027089485709e-10
1.384999999999999964e+01 8.943893126575465379e-08 9.020411988965690230e-08 6.010782573284136855e-10 6.133022987498845777e-10
1.387500000000000000e+01 8.704370253942280717e-08 8.777470697518802210e-08 5.706242624649945999e-10 5.822810293768102090e-10
1.390000000000000213e+01 8.475222331282892630e-08 8.545054213199349646e-08 5.417242204417514095e-10 5.528447749244793383e-10
1.392500000000000249e+01 8.256089187285052034e-08 8.322796593030025773e-08 5.143039714145952486e-10 5.249177769013725523e-10
1.394999999999999929e+01 8.046626407640090820e-08 8.110347901951379833e-08 4.882932195576100037e-10 4.984282298841410289e-10
1.397499999999999964e+01 7.846504755572266637e-08 7.907373623176719891e-08 4.636253397808916988e-10 4.733080837595499671e-10
1.400000000000000000e+01 7.655409617689165016e-08 7.713554094319868449e-08 4.402371959651972869e-10 4.494928568894108683e-10
1.402500000000000213e+01 7.473040474167249546e-08 7.528583968290705394e-08 4.180689686921716657e-10 4.269214596060813415e-10
1.405000000000000249e+01 7.299110392332497784e-08 7.352171697998779507e-08 3.970639913954373690e-10 4.055360268548993278e-10
1.407499999999999929e+01 7.133345542737639319e-08 7.184039043949885904e-08 3.771685961776767335e-10 3.852817597030877273e-10
1.409999999999999964e+01 6.975484736877606196e-08 7.023920603859153972e-08 3.583319680343534219e-10 3.661067760162587936e-10
1.412500000000000000e+01 6.825278985722672211e-08 6.871563363445941162e-08 3.405060059223802442e-10 3.479619686090247589e-10
1.415000000000000213e+01 6.682491078283808929e-08 6.726726267608976085e-08 3.236451924712868569e-10 3.308008712870897590e-10
1.417500000000000249e+01 6.546895179463311652e-08 6.589179811219390832e-08 3.077064702792959901e-10 3.145795323642227995e-10
1.419999999999999929e+01 6.418276446475836616e-08 6.458705648803765914e-08 2.926491249950999349e-10 2.992563948863600426e-10
1.422499999999999964e+01 6.296430663157908465e-08 6.335096222421895547e-08 2.784346749623103223e-10 2.847921835958524001e-10
1.425000000000000000e+01 6.181163891514168363e-08 6.218154407075043277e-08 2.650267666293146889e-10 2.711497979682547614e-10
1.427500000000000036e+01 6.072292139880472264e-08 6.107693173011574489e-08 2.523910762277982199e-10 2.582942112975348776e-10
1.430000000000000249e+01 5.969641047111269653e-08 6.003535264327996683e-08 2.404952167023661676e-10 2.461923755218133826e-10
1.432499999999999929e+01 5.873045582226058852e-08 5.905512893287140130e-08 2.293086497064263534e-10 2.348131312155868093e-10
1.434999999999999964e+01 5.782349758980255132e-08 5.813467449809113308e-08 2.188026029672038074e-10 2.241271227926999105e-10
1.437500000000000000e+01 5.697406364844475729e-08 5.727249225609903808e-08 2.089499921827034999e-10 2.141067186495266737e-10
1.440000000000000036e+01 5.618076703907946689e-08 5.646717152492315574e-08 1.997253472769419824e-10 2.047259357594271399e-10
1.442500000000000249e+01 5.544230353240582972e-08 5.571738554316235454e-08 1.911047433207500576e-10 1.959603687732926329e-10
1.444999999999999929e+01 5.475744932272744695e-08 5.502188912197493046e-08 1.830657352343967171e-10 1.877871233577995898e-10
1.447499999999999964e+01 5.412505884775399916e-08 5.437951642510041114e-08 1.755872965045368769e-10 1.801847533824764913e-10
1.450000000000000000e+01 5.354406273041678574e-08 5.378917887285375728e-08 1.686497618329441662e-10 1.731332021528848985e-10
1.452500000000000036e+01 5.301346583892899159e-08 5.324986316623842455e-08 1.622347730083046614e-10 1.666137471445040635e-10
1.455000000000000249e+01 5.253234546151925296e-08 5.276062942754164958e-08 1.563252284057154462e-10 1.606089482388201115e-10
1.457499999999999929e+01 5.209984959245228300e-08 5.232060945395725641e-08 1.509052357581398483e-10 1.551025993486309280e-10
1.459999999999999964e+01 5.171519532614245554e-08 5.192900508097658097e-08 1.459600680093935339e-10 1.500796832689299281e-10
1.462500000000000000e+01 5.137766735632894835e-08 5.158508665245794768e-08 1.414761219745731751e-10 1.455263294591847159e-10
1.465000000000000036e+01 5.108661657746779169e-08 5.128819159447121472e-08 1.374408801351662589e-10 1.414297747927835041e-10
1.467500000000000249e+01 5.084145878564073264e-08 5.103772309016292287e-08 1.338428751808735217e-10 1.377783272781673839e-10
1.469999999999999929e+01 5.064167347648721698e-08 5.083314885308680770e-08 1.306716570094022967e-10 1.345613323509359681e-10
1.472499999999999964e+01 5.048680273779121107e-08 5.067399999660055999e-08 1.279177624197451213e-10 1.317691417939878347e-10
1.475000000000000000e+01 5.037645023447072890e-08 5.055986999701765889e-08 1.255726872309375495e-10 1.293930851965390399e-10
1.477500000000000036e+01 5.031028028394087756e-08 5.049041374843960932e-08 1.236288607818305437e-10 1.274254438360176472e-10
1.480000000000000249e+01 5.028801701990127949e-08 5.046534670728557382e-08 1.220796227262845416e-10 1.258594269084379346e-10
1.482499999999999929e+01 5.030944364277440928e-08 5.048444412469783456e-08 1.209192020524760270e-10 1.246891500307544185e-10
1.484999999999999964e+01 5.037440175514820651e-08 5.054754036514567564e-08 1.201426982601415348e-10 1.239096159474717820e-10
1.487500000000000000e+01 5.048279078068915324e-08 5.065452830965679050e-08 1.197460646315802143e-10 1.235166973770057913e-10
1.490000000000000036e+01 5.063456746514196301e-08 5.080535884225724211e-08 1.197260935514682828e-10 1.235071219463399161e-10
1.492500000000000071e+01 5.082974545816033357e-08 5.100004041833603295e-08 1.200804037843675992e-10 1.238784591378615255e-10
1.494999999999999929e+01 5.106839497481103474e-08 5.123863871374659902e-08 1.208074297135561656e-10 1.246291092090381144e-10
1.497499999999999964e+01 5.135064253573790946e-08 5.152127635360360224e-08 1.219064125708943052e-10 1.257582941704516784e-10
