# col1: r[fm],  col2: chargedensity, col3: weak density [fm^-3](normailized to Q=1)
2.101448349307773875e-07 5.677790855785589536e-02 -8.549395213086363743e-02
2.500000000000000139e-02 5.678105862673522852e-02 -8.549156332715021622e-02
5.000000000000000278e-02 5.679050201242176465e-02 -8.548440437146517801e-02
7.499999999999999722e-02 5.680621822335299442e-02 -8.547249757507151269e-02
1.000000000000000056e-01 5.682817301524063086e-02 -8.545587994212062999e-02
1.250000000000000000e-01 5.685631826717610360e-02 -8.543460290590085271e-02
1.499999999999999944e-01 5.689059183413869292e-02 -8.540873197524086191e-02
1.749999999999999889e-01 5.693091739895204950e-02 -8.537834630515403478e-02
2.000000000000000111e-01 5.697720434948080892e-02 -8.534353820776027777e-02
2.250000000000000056e-01 5.702934770725923835e-02 -8.530441262018899351e-02
2.500000000000000000e-01 5.708722813179262223e-02 -8.526108654553916921e-02
2.750000000000000222e-01 5.715071202069985784e-02 -8.521368848114974082e-02
2.999999999999999889e-01 5.721965172008879746e-02 -8.516235784562625755e-02
3.250000000000000111e-01 5.729388585265320771e-02 -8.510724441257179473e-02
3.499999999999999778e-01 5.737323976361582978e-02 -8.504850775512216854e-02
3.750000000000000000e-01 5.745752607750993779e-02 -8.498631670155960827e-02
4.000000000000000222e-01 5.754654535253233422e-02 -8.492084879881436899e-02
4.249999999999999889e-01 5.764008681435547204e-02 -8.485228977786786475e-02
4.500000000000000111e-01 5.773792914822861028e-02 -8.478083301315887665e-02
4.749999999999999778e-01 5.783984132711669085e-02 -8.470667896719762113e-02
5.000000000000000000e-01 5.794558345450728787e-02 -8.463003461173680686e-02
5.250000000000000222e-01 5.805490760315002580e-02 -8.455111281795638090e-02
5.500000000000000444e-01 5.816755863501353596e-02 -8.447013171002955290e-02
5.749999999999999556e-01 5.828327499266284378e-02 -8.438731397891814645e-02
5.999999999999999778e-01 5.840178945752823314e-02 -8.430288615602912761e-02
6.250000000000000000e-01 5.852282987560251948e-02 -8.421707784916261652e-02
6.500000000000000222e-01 5.864611985547557582e-02 -8.413012094573661670e-02
6.750000000000000444e-01 5.877137944689932864e-02 -8.404224879035723794e-02
6.999999999999999556e-01 5.889832581002046180e-02 -8.395369534526200828e-02
7.249999999999999778e-01 5.902667388593364067e-02 -8.386469434290844127e-02
7.500000000000000000e-01 5.915613707835035151e-02 -8.377547844001018151e-02
7.750000000000000222e-01 5.928642795416259881e-02 -8.368627838170318578e-02
8.000000000000000444e-01 5.941725896781620275e-02 -8.359732218338243592e-02
8.249999999999999556e-01 5.954834321108475048e-02 -8.350883433626078711e-02
8.499999999999999778e-01 5.967939518645699881e-02 -8.342103504105220779e-02
8.750000000000000000e-01 5.981013159930328310e-02 -8.333413947256732013e-02
9.000000000000000222e-01 5.994027216158358262e-02 -8.324835707659593298e-02
9.250000000000001554e-01 6.006954039832677894e-02 -8.316389089936725154e-02
9.499999999999999556e-01 6.019766444754692108e-02 -8.308093694920724859e-02
9.749999999999999778e-01 6.032437784465798092e-02 -8.299968358977198590e-02
1.000000000000000000e+00 6.044942028367759901e-02 -8.292031096440180549e-02
1.024999999999999911e+00 6.057253834935998060e-02 -8.284299045163398545e-02
1.050000000000000044e+00 6.069348621660336507e-02 -8.276788415262600895e-02
1.074999999999999956e+00 6.081202631574183365e-02 -8.269514441204839361e-02
1.100000000000000089e+00 6.092792996438600728e-02 -8.262491337477828601e-02
1.125000000000000000e+00 6.104097796808397730e-02 -8.255732258134973467e-02
1.149999999999999911e+00 6.115096119308274791e-02 -8.249249260550363394e-02
1.175000000000000044e+00 6.125768111479657635e-02 -8.243053273727828090e-02
1.199999999999999956e+00 6.136095034525806957e-02 -8.237154071488002327e-02
1.225000000000000089e+00 6.146059314192467427e-02 -8.231560250809094592e-02
1.250000000000000000e+00 6.155644589890574281e-02 -8.226279215526914601e-02
1.274999999999999911e+00 6.164835762015809933e-02 -8.221317165515437675e-02
1.300000000000000044e+00 6.173619037268477522e-02 -8.216679091379743005e-02
1.324999999999999956e+00 6.181981971646300505e-02 -8.212368774607836652e-02
1.350000000000000089e+00 6.189913510687945070e-02 -8.208388793054549604e-02
1.375000000000000000e+00 6.197404026497162904e-02 -8.204740531574725160e-02
1.399999999999999911e+00 6.204445351079885401e-02 -8.201424197588259857e-02
1.425000000000000044e+00 6.211030805576844838e-02 -8.198438841345627448e-02
1.449999999999999956e+00 6.217155225063242946e-02 -8.195782380667371303e-02
1.475000000000000089e+00 6.222814978701642075e-02 -8.193451629949978499e-02
1.500000000000000000e+00 6.228007985158592885e-02 -8.191442333257126229e-02
1.524999999999999911e+00 6.232733723313590990e-02 -8.189749201343199392e-02
1.550000000000000044e+00 6.236993238386138311e-02 -8.188365952478557364e-02
1.574999999999999956e+00 6.240789143672292177e-02 -8.187285356958123872e-02
1.600000000000000089e+00 6.244125618109758191e-02 -8.186499285173171048e-02
1.625000000000000000e+00 6.247008399879570850e-02 -8.185998759109179568e-02
1.649999999999999911e+00 6.249444776206976998e-02 -8.185774007101336014e-02
1.675000000000000044e+00 6.251443569452823368e-02 -8.185814521636650132e-02
1.699999999999999956e+00 6.253015119501334484e-02 -8.186109119941722967e-02
1.725000000000000311e+00 6.254171262363514283e-02 -8.186646007043790751e-02
1.750000000000000000e+00 6.254925304840099065e-02 -8.187412840944544024e-02
1.774999999999999911e+00 6.255291995034682750e-02 -8.188396799506648949e-02
1.800000000000000044e+00 6.255287488483478320e-02 -8.189584648625398977e-02
1.824999999999999956e+00 6.254929309676257598e-02 -8.190962811244469066e-02
1.850000000000000311e+00 6.254236308782309961e-02 -8.192517436775939577e-02
1.875000000000000000e+00 6.253228613460344587e-02 -8.194234470499003886e-02
1.899999999999999911e+00 6.251927575713979446e-02 -8.196099722536179244e-02
1.925000000000000044e+00 6.250355713844631123e-02 -8.198098936036937734e-02
1.949999999999999956e+00 6.248536649640396012e-02 -8.200217854231664494e-02
1.975000000000000089e+00 6.246495041013514632e-02 -8.202442286050055931e-02
2.000000000000000000e+00 6.244256510352372974e-02 -8.204758170023759845e-02
2.024999999999999911e+00 6.241847568882711444e-02 -8.207151636211060253e-02
2.049999999999999822e+00 6.239295537335710906e-02 -8.209609065890491331e-02
2.075000000000000178e+00 6.236628463200739880e-02 -8.212117148771456987e-02
2.100000000000000089e+00 6.233875034803401660e-02 -8.214662937464002612e-02
2.125000000000000000e+00 6.231064492403014937e-02 -8.217233898940823345e-02
2.149999999999999911e+00 6.228226536456616530e-02 -8.219817962714601189e-02
2.174999999999999822e+00 6.225391233157356180e-02 -8.222403565447045093e-02
2.200000000000000178e+00 6.222588917331276642e-02 -8.224979691705212870e-02
2.225000000000000089e+00 6.219850092772363087e-02 -8.227535910588255896e-02
2.250000000000000000e+00 6.217205330113679401e-02 -8.230062407964948423e-02
2.274999999999999911e+00 6.214685162370948285e-02 -8.232550014088774182e-02
2.299999999999999822e+00 6.212319978350375888e-02 -8.234990226392656376e-02
2.325000000000000178e+00 6.210139914178473830e-02 -8.237375227306518999e-02
2.350000000000000089e+00 6.208174743280660962e-02 -8.239697896985695436e-02
2.375000000000000000e+00 6.206453765199831246e-02 -8.241951820883390567e-02
2.399999999999999911e+00 6.205005693698759789e-02 -8.244131292143030976e-02
2.424999999999999822e+00 6.203858544625904387e-02 -8.246231308824131245e-02
2.450000000000000178e+00 6.203039524039945241e-02 -8.248247566006459974e-02
2.475000000000000089e+00 6.202574917083771011e-02 -8.250176442841573865e-02
2.500000000000000000e+00 6.202489978076167892e-02 -8.252014984638048056e-02
2.524999999999999911e+00 6.202808822253230714e-02 -8.253760880078910012e-02
2.549999999999999822e+00 6.203554319548094942e-02 -8.255412433678309403e-02
2.575000000000000178e+00 6.204747990752962350e-02 -8.256968533592191906e-02
2.600000000000000089e+00 6.206409906368609564e-02 -8.258428614906676568e-02
2.625000000000000000e+00 6.208558588418219837e-02 -8.259792618540225118e-02
2.649999999999999911e+00 6.211210915488424994e-02 -8.261060945912968023e-02
2.674999999999999822e+00 6.214382031261496409e-02 -8.262234409559350568e-02
2.700000000000000178e+00 6.218085256817843659e-02 -8.263314179888273103e-02
2.725000000000000089e+00 6.222332007013845617e-02 -8.264301728326968466e-02
2.750000000000000000e+00 6.227131711271456649e-02 -8.265198767119574796e-02
2.774999999999999911e+00 6.232491739147524162e-02 -8.266007186085946867e-02
2.799999999999999822e+00 6.238417331075851030e-02 -8.266728986678807678e-02
2.825000000000000178e+00 6.244911534689103622e-02 -8.267366213705652778e-02
2.850000000000000089e+00 6.251975147126492827e-02 -8.267920885103839657e-02
2.875000000000000000e+00 6.259606663715200359e-02 -8.268394920172519869e-02
2.899999999999999911e+00 6.267802233379074495e-02 -8.268790066672720984e-02
2.924999999999999822e+00 6.276555621079434044e-02 -8.269107827207822226e-02
2.950000000000000178e+00 6.285858177534081603e-02 -8.269349385291983878e-02
2.975000000000000089e+00 6.295698816397134190e-02 -8.269515531505347572e-02
3.000000000000000000e+00 6.306063999019158317e-02 -8.269606590124099765e-02
3.024999999999999911e+00 6.316937726850313517e-02 -8.269622346602704954e-02
3.049999999999999822e+00 6.328301541502008576e-02 -8.269561976275864590e-02
3.075000000000000178e+00 6.340134532448317428e-02 -8.269423974640903452e-02
3.100000000000000089e+00 6.352413352327136720e-02 -8.269206089576773555e-02
3.125000000000000000e+00 6.365112239791884119e-02 -8.268905255854192005e-02
3.149999999999999911e+00 6.378203049864292207e-02 -8.268517532291168315e-02
3.174999999999999822e+00 6.391655291743376932e-02 -8.268038041908107316e-02
3.200000000000000178e+00 6.405436174030153251e-02 -8.267460915435198565e-02
3.225000000000000089e+00 6.419510657327349989e-02 -8.266779238519911255e-02
3.250000000000000000e+00 6.433841514164352626e-02 -8.265985002973233464e-02
3.274999999999999911e+00 6.448389396177196808e-02 -8.265069062377995712e-02
3.299999999999999822e+00 6.463112908440621363e-02 -8.264021092361835408e-02
3.325000000000000178e+00 6.477968690804994378e-02 -8.262829555810101423e-02
3.350000000000000089e+00 6.492911506037823965e-02 -8.261481673262451031e-02
3.375000000000000444e+00 6.507894334511472867e-02 -8.259963398701365700e-02
3.399999999999999911e+00 6.522868475120409404e-02 -8.258259400903734948e-02
3.424999999999999822e+00 6.537783652057621575e-02 -8.256353050489652345e-02
3.450000000000000622e+00 6.552588127035394172e-02 -8.254226412767352861e-02
3.475000000000000533e+00 6.567228816503353772e-02 -8.251860246441204694e-02
3.500000000000000000e+00 6.581651413398892370e-02 -8.249234008221949244e-02
3.524999999999999911e+00 6.595800512961515205e-02 -8.246325863354794783e-02
3.549999999999999822e+00 6.609619742151813526e-02 -8.243112702061713981e-02
3.575000000000000622e+00 6.623051892234643745e-02 -8.239570161877968202e-02
3.600000000000000089e+00 6.636039054110592916e-02 -8.235672655848780277e-02
3.625000000000000000e+00 6.648522756005142975e-02 -8.231393406538102531e-02
3.649999999999999911e+00 6.660444103147168671e-02 -8.226704485786692778e-02
3.674999999999999822e+00 6.671743919083593377e-02 -8.221576860139613585e-02
3.700000000000000622e+00 6.682362888282894486e-02 -8.215980441843233339e-02
3.725000000000000089e+00 6.692241699676140798e-02 -8.209884145288492974e-02
3.750000000000000000e+00 6.701321190770909153e-02 -8.203255948750817761e-02
3.774999999999999911e+00 6.709542491953332521e-02 -8.196062961248656853e-02
3.799999999999999822e+00 6.716847170570038050e-02 -8.188271494313248411e-02
3.825000000000000178e+00 6.723177374359085023e-02 -8.179847138433504750e-02
3.850000000000000089e+00 6.728475973781268549e-02 -8.170754843913299870e-02
3.875000000000000000e+00 6.732686702794055122e-02 -8.160959005855474013e-02
3.899999999999999911e+00 6.735754297612436825e-02 -8.150423552968366625e-02
3.924999999999999822e+00 6.737624633015504294e-02 -8.139112039877303972e-02
3.950000000000000178e+00 6.738244855783845355e-02 -8.126987742615288113e-02
3.975000000000000089e+00 6.737563514889390037e-02 -8.114013756963300850e-02
4.000000000000000000e+00 6.735530688102490948e-02 -8.100153099310426763e-02
4.025000000000000355e+00 6.732098104727068932e-02 -8.085368809705935356e-02
4.049999999999999822e+00 6.727219264219150285e-02 -8.069624056777982557e-02
4.075000000000000178e+00 6.720849550482850543e-02 -8.052882244195462558e-02
4.099999999999999645e+00 6.712946341668052375e-02 -8.035107118349503474e-02
4.125000000000000000e+00 6.703469115312983562e-02 -8.016262876928331726e-02
4.150000000000000355e+00 6.692379548683106971e-02 -7.996314278053821833e-02
4.174999999999999822e+00 6.679641614155186480e-02 -7.975226749639854895e-02
4.200000000000000178e+00 6.665221669485443812e-02 -7.952966498622777991e-02
4.224999999999999645e+00 6.649088542786395217e-02 -7.929500619703869213e-02
4.250000000000000000e+00 6.631213612022120174e-02 -7.904797203233952796e-02
4.275000000000000355e+00 6.611570878820867414e-02 -7.878825441862705170e-02
4.299999999999999822e+00 6.590137036399901227e-02 -7.851555735571140449e-02
4.325000000000000178e+00 6.566891531403028226e-02 -7.822959794705590386e-02
4.349999999999999645e+00 6.541816619467381855e-02 -7.793010740636237277e-02
4.375000000000000000e+00 6.514897414361964234e-02 -7.761683203672441189e-02
4.400000000000000355e+00 6.486121930574736960e-02 -7.728953417880286836e-02
4.424999999999999822e+00 6.455481119264386280e-02 -7.694799312464048469e-02
4.450000000000000178e+00 6.422968897533594401e-02 -7.659200599391371989e-02
4.474999999999999645e+00 6.388582171018904188e-02 -7.622138856960537778e-02
4.500000000000000000e+00 6.352320849824372173e-02 -7.583597609026165864e-02
4.525000000000000355e+00 6.314187857849638819e-02 -7.543562399616120240e-02
4.549999999999999822e+00 6.274189135575888865e-02 -7.502020862686412106e-02
4.575000000000000178e+00 6.232333636376077846e-02 -7.458962786773108700e-02
4.599999999999999645e+00 6.188633316409344887e-02 -7.414380174310160332e-02
4.625000000000000000e+00 6.143103118146896191e-02 -7.368267295391237037e-02
4.650000000000000355e+00 6.095760947561217058e-02 -7.320620735762736753e-02
4.674999999999999822e+00 6.046627644995940243e-02 -7.271439438845316017e-02
4.700000000000000178e+00 5.995726949724154708e-02 -7.220724741594096441e-02
4.724999999999999645e+00 5.943085458201289445e-02 -7.168480404023548636e-02
4.750000000000000000e+00 5.888732576026985133e-02 -7.114712632243014312e-02
4.775000000000000355e+00 5.832700463649381772e-02 -7.059430094872665151e-02
4.799999999999999822e+00 5.775023975873922605e-02 -7.002643932737338817e-02
4.825000000000000178e+00 5.715740595275251024e-02 -6.944367761766202796e-02
4.849999999999999645e+00 5.654890359651577186e-02 -6.884617669058530620e-02
4.875000000000000000e+00 5.592515783702426552e-02 -6.823412202108783409e-02
4.900000000000000355e+00 5.528661775148818042e-02 -6.760772351216176590e-02
4.924999999999999822e+00 5.463375545546397816e-02 -6.696721525134065323e-02
4.950000000000000178e+00 5.396706516064274373e-02 -6.631285520041679815e-02
4.974999999999999645e+00 5.328706218513852566e-02 -6.564492481944668445e-02
5.000000000000000000e+00 5.259428191913405326e-02 -6.496372862631417944e-02
5.025000000000000355e+00 5.188927874866601508e-02 -6.426959369329958427e-02
5.049999999999999822e+00 5.117262494019961944e-02 -6.356286908225564081e-02
5.075000000000000178e+00 5.044490948848449202e-02 -6.284392522013833304e-02
5.099999999999999645e+00 4.970673693004429988e-02 -6.211315321678301943e-02
5.125000000000000000e+00 4.895872612456204226e-02 -6.137096412697029546e-02
5.150000000000000355e+00 4.820150900641633623e-02 -6.061778815899785539e-02
5.174999999999999822e+00 4.743572930871221838e-02 -5.985407383216315158e-02
5.200000000000000178e+00 4.666204126234069910e-02 -5.908028708577325178e-02
5.224999999999999645e+00 4.588110827287784910e-02 -5.829691034252147686e-02
5.250000000000000000e+00 4.509360157847351613e-02 -5.750444152929675562e-02
5.275000000000000355e+00 4.430019889224500601e-02 -5.670339305871299751e-02
5.299999999999999822e+00 4.350158303304030305e-02 -5.589429077484334846e-02
5.325000000000000178e+00 4.269844054873006556e-02 -5.507767286681050645e-02
5.349999999999999645e+00 4.189146033639042088e-02 -5.425408875400674485e-02
5.375000000000000000e+00 4.108133226382736092e-02 -5.342409794679120472e-02
5.400000000000000355e+00 4.026874579685863625e-02 -5.258826888653580361e-02
5.424999999999999822e+00 3.945438863661408085e-02 -5.174717776886926524e-02
5.450000000000000178e+00 3.863894537086532549e-02 -5.090140735390823179e-02
5.474999999999999645e+00 3.782309614308010381e-02 -5.005154576718080089e-02
5.500000000000000000e+00 3.700751534255853487e-02 -4.919818529484808883e-02
5.525000000000000355e+00 3.619287031869217880e-02 -4.834192117673703076e-02
5.549999999999999822e+00 3.537982012212858435e-02 -4.748335040061408413e-02
5.575000000000000178e+00 3.456901427545889388e-02 -4.662307050107171447e-02
5.599999999999999645e+00 3.376109157598649463e-02 -4.576167836636634012e-02
5.625000000000000000e+00 3.295667893318261071e-02 -4.489976905653621925e-02
5.650000000000000355e+00 3.215639024357608983e-02 -4.403793463613795561e-02
5.674999999999999822e+00 3.136082530602343765e-02 -4.317676302495301183e-02
5.700000000000000178e+00 3.057056878052555673e-02 -4.231683687002479877e-02
5.724999999999999645e+00 2.978618919394875400e-02 -4.145873244237265054e-02
5.750000000000000000e+00 2.900823799612468890e-02 -4.060301856168049145e-02
5.775000000000000355e+00 2.823724866981084172e-02 -3.975025555216695622e-02
5.799999999999999822e+00 2.747373589786073628e-02 -3.890099423270202555e-02
5.825000000000000178e+00 2.671819479067653533e-02 -3.805577494404698696e-02
5.849999999999999645e+00 2.597110017660369738e-02 -3.721512661586500598e-02
5.875000000000000000e+00 2.523290595740351056e-02 -3.637956587588809382e-02
5.900000000000000355e+00 2.450404453035074162e-02 -3.554959620335372550e-02
5.924999999999999822e+00 2.378492627789424024e-02 -3.472570712855004016e-02
5.950000000000000178e+00 2.307593912524586593e-02 -3.390837348005504986e-02
5.974999999999999645e+00 2.237744816577402068e-02 -3.309805468103196174e-02
6.000000000000000000e+00 2.168979535370643003e-02 -3.229519409575789396e-02
6.025000000000000355e+00 2.101329926341953536e-02 -3.150021842742186523e-02
6.049999999999999822e+00 2.034825491450175522e-02 -3.071353716812065537e-02
6.075000000000000178e+00 1.969493366181306743e-02 -2.993554210190279771e-02
6.099999999999999645e+00 1.905358314988267812e-02 -2.916660686164150931e-02
6.125000000000000000e+00 1.842442733113965406e-02 -2.840708654044033984e-02
6.150000000000000355e+00 1.780766654760516238e-02 -2.765731735817429301e-02
6.174999999999999822e+00 1.720347767572826675e-02 -2.691761638362404063e-02
6.200000000000000178e+00 1.661201433397765936e-02 -2.618828131246577623e-02
6.224999999999999645e+00 1.603340715257672508e-02 -2.546959030112777925e-02
6.250000000000000000e+00 1.546776410437701241e-02 -2.476180185622044519e-02
6.275000000000000355e+00 1.491517089532310228e-02 -2.406515477890714891e-02
6.299999999999999822e+00 1.437569141230110766e-02 -2.337986816322049077e-02
6.325000000000000178e+00 1.384936822544320309e-02 -2.270614144697486250e-02
6.349999999999999645e+00 1.333622314124750449e-02 -2.204415451360239656e-02
6.375000000000000000e+00 1.283625780223929258e-02 -2.139406784297259376e-02
6.400000000000000355e+00 1.234945432841708449e-02 -2.075602270906773406e-02
6.424999999999999822e+00 1.187577599544643349e-02 -2.013014142228535669e-02
6.450000000000000178e+00 1.141516794452355002e-02 -1.951652761413227508e-02
6.474999999999999645e+00 1.096755791903504702e-02 -1.891526656215021529e-02
6.500000000000000000e+00 1.053285702356779319e-02 -1.832642555305175058e-02
6.525000000000000355e+00 1.011096050142803147e-02 -1.775005428222120596e-02
6.549999999999999822e+00 9.701748527536614708e-03 -1.718618528790902267e-02
6.575000000000000178e+00 9.305087014294473671e-03 -1.663483441858683298e-02
6.599999999999999645e+00 8.920828428666262647e-03 -1.609600133199698413e-02
6.625000000000000000e+00 8.548812619224546022e-03 -1.556967002439444032e-02
6.650000000000000355e+00 8.188867652165207969e-03 -1.505580938832743430e-02
6.674999999999999822e+00 7.840810655299589038e-03 -1.455437379702416260e-02
6.700000000000000178e+00 7.504448668741204274e-03 -1.406530371306323642e-02
6.724999999999999645e+00 7.179579500455208693e-03 -1.358852631852635988e-02
6.750000000000000888e+00 6.865992584081823287e-03 -1.312395616330177227e-02
6.775000000000001243e+00 6.563469835566535827e-03 -1.267149582767735684e-02
6.799999999999999822e+00 6.271786504228918716e-03 -1.223103659488210607e-02
6.825000000000001066e+00 5.990712013093982963e-03 -1.180245912886253995e-02
6.849999999999999645e+00 5.720010782698857314e-03 -1.138563415236068348e-02
6.875000000000000000e+00 5.459443032265930834e-03 -1.098042312033029738e-02
6.900000000000001243e+00 5.208765552168185924e-03 -1.058667888391386439e-02
6.924999999999999822e+00 4.967732442028915084e-03 -1.020424634060097639e-02
6.950000000000001066e+00 4.736095809592754009e-03 -9.832963066791336471e-03
6.974999999999999645e+00 4.513606426627976738e-03 -9.472659929755360836e-03
7.000000000000000000e+00 4.300014339488979036e-03 -9.123161676870905970e-03
7.025000000000001243e+00 4.095069433478619111e-03 -8.784287500962882286e-03
7.049999999999999822e+00 3.898521951673595675e-03 -8.455851581507247208e-03
7.075000000000001066e+00 3.710122970291210819e-03 -8.137663602324412410e-03
7.099999999999999645e+00 3.529624833863740947e-03 -7.829529247115728924e-03
7.125000000000000000e+00 3.356781554353196247e-03 -7.531250674740829799e-03
7.150000000000001243e+00 3.191349178824752324e-03 -7.242626976467436695e-03
7.174999999999999822e+00 3.033086130372812314e-03 -6.963454617527688705e-03
7.200000000000000178e+00 2.881753526677457641e-03 -6.693527865199582448e-03
7.224999999999999645e+00 2.737115479911048869e-03 -6.432639205319699155e-03
7.250000000000000000e+00 2.598939380797329630e-03 -6.180579748664737257e-03
7.275000000000001243e+00 2.466996168555071756e-03 -5.937139628068930329e-03
7.299999999999999822e+00 2.341060587347687256e-03 -5.702108386526982299e-03
7.325000000000000178e+00 2.220911428824159234e-03 -5.475275355928193970e-03
7.349999999999999645e+00 2.106331759474602914e-03 -5.256430025530721070e-03
7.375000000000000000e+00 1.997109130911620904e-03 -5.045362398856950356e-03
7.400000000000001243e+00 1.893035770874772162e-03 -4.841863337406200271e-03
7.424999999999999822e+00 1.793908752751894979e-03 -4.645724889451180624e-03
7.450000000000000178e+00 1.699530141698610188e-03 -4.456740602212356205e-03
7.474999999999999645e+00 1.609707115967647312e-03 -4.274705815874266755e-03
7.500000000000000000e+00 1.524252062760177509e-03 -4.099417938192168216e-03
7.525000000000000355e+00 1.442982648699236243e-03 -3.930676698803926318e-03
7.549999999999999822e+00 1.365721865811190183e-03 -3.768284382768904463e-03
7.575000000000000178e+00 1.292298054604456041e-03 -3.612046043265866417e-03
7.599999999999999645e+00 1.222544906388516213e-03 -3.461769693759336828e-03
7.625000000000000000e+00 1.156301447335207275e-03 -3.317266480261013388e-03
7.650000000000000355e+00 1.093412006928759419e-03 -3.178350834551364572e-03
7.674999999999999822e+00 1.033726173385146520e-03 -3.044840609377461732e-03
7.700000000000000178e+00 9.770987383742567312e-04 -2.916557196709056773e-03
7.724999999999999645e+00 9.233896329956883548e-04 -2.793325630125788068e-03
7.750000000000000000e+00 8.724638564984767142e-04 -2.674974672341336353e-03
7.775000000000000355e+00 8.241913987583514766e-04 -2.561336888766617154e-03
7.799999999999999822e+00 7.784471570905931743e-04 -2.452248707895277741e-03
7.825000000000000178e+00 7.351108476298158110e-04 -2.347550469181092312e-03
7.849999999999999645e+00 6.940669112816665737e-04 -2.247086458985146466e-03
7.875000000000000000e+00 6.552044141599771979e-04 -2.150704935110809776e-03
7.900000000000000355e+00 6.184169424615096550e-04 -2.058258140422144708e-03
7.924999999999999822e+00 5.836024918783721399e-04 -1.969602306054237927e-03
7.950000000000000178e+00 5.506633518721214563e-04 -1.884597644765747529e-03
7.974999999999999645e+00 5.195059853921059866e-04 -1.803108335044213391e-03
8.000000000000000000e+00 4.900409048714808764e-04 -1.725002496640731364e-03
8.025000000000000355e+00 4.621825455383579782e-04 -1.650152158270248469e-03
8.050000000000000711e+00 4.358491372069921675e-04 -1.578433218255888152e-03
8.074999999999999289e+00 4.109625757463789713e-04 -1.509725398912574587e-03
8.099999999999999645e+00 3.874482953571854672e-04 -1.443912195453038189e-03
8.125000000000000000e+00 3.652351426314709741e-04 -1.380880820158075480e-03
8.150000000000000355e+00 3.442552531439490703e-04 -1.320522142486838055e-03
8.175000000000000711e+00 3.244439310577052144e-04 -1.262730625719480455e-03
8.199999999999999289e+00 3.057395319537494090e-04 -1.207404260632262763e-03
8.224999999999999645e+00 2.880833488453708431e-04 -1.154444496614334638e-03
8.250000000000000000e+00 2.714195011421589778e-04 -1.103756170554640297e-03
8.275000000000000355e+00 2.556948262041385737e-04 -1.055247433763621635e-03
8.300000000000000711e+00 2.408587730834086131e-04 -1.008829677152235692e-03
8.324999999999999289e+00 2.268632980861246581e-04 -9.644174548710787026e-04
8.349999999999999645e+00 2.136627618907368761e-04 -9.219284066133549924e-04
8.375000000000000000e+00 2.012138281079766679e-04 -8.812831788026032152e-04
8.400000000000000355e+00 1.894753633394795540e-04 -8.424053449126947144e-04
8.425000000000000711e+00 1.784083389584176661e-04 -8.052213251968427148e-04
8.449999999999999289e+00 1.679757349723360064e-04 -7.696603061267238239e-04
8.474999999999999645e+00 1.581424464164260199e-04 -7.356541598565111400e-04
8.500000000000000000e+00 1.488751927531075834e-04 -7.031373640257435227e-04
8.525000000000000355e+00 1.401424307179183638e-04 -6.720469221973674433e-04
8.550000000000000711e+00 1.319142709586190515e-04 -6.423222851944914704e-04
8.574999999999999289e+00 1.241623986772939314e-04 -6.139052735536014134e-04
8.599999999999999645e+00 1.168599983233496340e-04 -5.867400012586237220e-04
8.625000000000000000e+00 1.099816822202548329e-04 -5.607728008645689608e-04
8.650000000000000355e+00 1.035034228618585405e-04 -5.359521500675353510e-04
8.675000000000000711e+00 9.740248850364793354e-05 -5.122285997348636480e-04
8.699999999999999289e+00 9.165738161262071502e-05 -4.895547033789468929e-04
8.724999999999999645e+00 8.624777973244635086e-05 -4.678849480425100100e-04
8.750000000000000000e+00 8.115447836636582250e-05 -4.471756865624735536e-04
8.775000000000000355e+00 7.635933557004235346e-05 -4.273850711912715347e-04
8.800000000000000711e+00 7.184521806599135818e-05 -4.084729885757400962e-04
8.824999999999999289e+00 6.759594882279717880e-05 -3.904009961195697531e-04
8.849999999999999645e+00 6.359625616719081825e-05 -3.731322597809103568e-04
8.875000000000000000e+00 5.983172459869380783e-05 -3.566314933776496021e-04
8.900000000000000355e+00 5.628874754144743147e-05 -3.408648994851094642e-04
8.925000000000000711e+00 5.295448228892678727e-05 -3.258001120127129659e-04
8.949999999999999289e+00 4.981680737271741374e-05 -3.114061405363638163e-04
8.974999999999999645e+00 4.686428252169140925e-05 -2.976533164433600048e-04
9.000000000000000000e+00 4.408611128284925268e-05 -2.845132409189743503e-04
9.025000000000000355e+00 4.147210626388872571e-05 -2.719587347717667466e-04
9.050000000000000711e+00 3.901265684598156897e-05 -2.599637900626689782e-04
9.074999999999999289e+00 3.669869911861641236e-05 -2.485035234744993864e-04
9.099999999999999645e+00 3.452168771938676561e-05 -2.375541313374182183e-04
9.125000000000000000e+00 3.247356922905245624e-05 -2.270928462141414024e-04
9.150000000000000355e+00 3.054675677930460950e-05 -2.170978949473757811e-04
9.175000000000000711e+00 2.873410557548618536e-05 -2.075484580805981379e-04
9.199999999999999289e+00 2.702888911193799718e-05 -1.984246305799562216e-04
9.224999999999999645e+00 2.542477595251068642e-05 -1.897073838070896035e-04
9.250000000000000000e+00 2.391580704998980231e-05 -1.813785287165406250e-04
9.275000000000000355e+00 2.249637367187541721e-05 -1.734206802735948911e-04
9.300000000000000711e+00 2.116119607380138675e-05 -1.658172231058029176e-04
9.324999999999999289e+00 1.990530310691198583e-05 -1.585522784116967011e-04
9.349999999999999645e+00 1.872401295645516903e-05 -1.516106721520036184e-04
9.375000000000000000e+00 1.761291518576712205e-05 -1.449779045421117495e-04
9.400000000000000355e+00 1.656785420689869552e-05 -1.386401208506397853e-04
9.425000000000000711e+00 1.558491422500949005e-05 -1.325840834900032035e-04
9.449999999999999289e+00 1.466040561902218084e-05 -1.267971453635770231e-04
9.474999999999999645e+00 1.379085263821976513e-05 -1.212672244134893135e-04
9.500000000000000000e+00 1.297298222482168890e-05 -1.159827792961252996e-04
9.525000000000000355e+00 1.220371372551147858e-05 -1.109327861013702921e-04
9.550000000000000711e+00 1.148014923636562249e-05 -1.061067160277804331e-04
9.574999999999999289e+00 1.079956433762117376e-05 -1.014945139298194785e-04
9.599999999999999645e+00 1.015939901489405482e-05 -9.708657766407156420e-05
9.625000000000000000e+00 9.557248625805941098e-06 -9.287373817752336955e-05
9.650000000000000355e+00 8.990854846489577070e-06 -8.884724030014010902e-05
9.675000000000000711e+00 8.458096610783218914e-06 -8.499872422348358060e-05
9.699999999999999289e+00 7.956981125309711922e-06 -8.132020766436590142e-05
9.724999999999999645e+00 7.485635097068629683e-06 -7.780406872520375305e-05
9.750000000000000000e+00 7.042296339866185907e-06 -7.444302946952594598e-05
9.775000000000000355e+00 6.625305928625294357e-06 -7.123014023103547716e-05
9.800000000000000711e+00 6.233101046962804000e-06 -6.815876466829602924e-05
9.824999999999999289e+00 5.864208627383192374e-06 -6.522256556555893750e-05
9.849999999999999645e+00 5.517239822106495884e-06 -6.241549136524070956e-05
9.875000000000000000e+00 5.190885274902351271e-06 -5.973176340166112119e-05
9.900000000000000355e+00 4.883911099719674422e-06 -5.716586379082581930e-05
9.925000000000000711e+00 4.595155419548261372e-06 -5.471252391978783053e-05
9.949999999999999289e+00 4.323525285476327614e-06 -5.236671347274845118e-05
9.974999999999999645e+00 4.067993785795269558e-06 -5.012362993051694312e-05
1.000000000000000000e+01 3.827597169051641690e-06 -4.797868848533771107e-05
1.002500000000000036e+01 3.601431840667283060e-06 -4.592751232339838184e-05
1.005000000000000071e+01 3.388651145028225226e-06 -4.396592324136946669e-05
1.007499999999999929e+01 3.188461906087830683e-06 -4.208993257886344696e-05
1.009999999999999964e+01 3.000120761192241018e-06 -4.029573246383624682e-05
1.012500000000000000e+01 2.822930376691544989e-06 -3.857968738066803506e-05
1.015000000000000036e+01 2.656235672680465921e-06 -3.693832607918897759e-05
1.017500000000000071e+01 2.499420203308858989e-06 -3.536833384652990635e-05
1.019999999999999929e+01 2.351902836206549408e-06 -3.386654516179609482e-05
1.022499999999999964e+01 2.213134850872221202e-06 -3.242993674700446612e-05
1.025000000000000000e+01 2.082597535097593686e-06 -3.105562101724875402e-05
1.027500000000000036e+01 1.959800306653841578e-06 -2.974083992056360121e-05
1.030000000000000071e+01 1.844279332128053230e-06 -2.848295914526736955e-05
1.032499999999999929e+01 1.735596563483581568e-06 -2.727946266129794919e-05
1.034999999999999964e+01 1.633339072777466510e-06 -2.612794755418447836e-05
1.037500000000000000e+01 1.537118541737141742e-06 -2.502611910657652751e-05
1.040000000000000036e+01 1.446570758466548565e-06 -2.397178608327747549e-05
1.042500000000000071e+01 1.361354988695965878e-06 -2.296285618146775209e-05
1.044999999999999929e+01 1.281153121218661555e-06 -2.199733161705593138e-05
1.047499999999999964e+01 1.205668531659482317e-06 -2.107330482994778577e-05
1.050000000000000000e+01 1.134624659302125103e-06 -2.018895430348369234e-05
1.052500000000000036e+01 1.067763341126023544e-06 -1.934254050499909427e-05
1.055000000000000071e+01 1.004842989039844939e-06 -1.853240196350552899e-05
1.057499999999999929e+01 9.456367247235422311e-07 -1.775695150611195281e-05
1.059999999999999964e+01 8.899305981398260557e-07 -1.701467267597147394e-05
1.062500000000000000e+01 8.375220094545235240e-07 -1.630411635164625905e-05
1.065000000000000036e+01 7.882184308564559463e-07 -1.562389758092837833e-05
1.067500000000000071e+01 7.418364885612698088e-07 -1.497269263286117943e-05
1.069999999999999929e+01 6.982014210180638361e-07 -1.434923626106558143e-05
1.072499999999999964e+01 6.571468834441459086e-07 -1.375231916104996136e-05
1.075000000000000000e+01 6.185150277545045193e-07 -1.318078559578487049e-05
1.077500000000000036e+01 5.821567559472753270e-07 -1.263353115803530263e-05
1.080000000000000071e+01 5.479320284872250061e-07 -1.210950063616559413e-05
1.082499999999999929e+01 5.157101088885214928e-07 -1.160768595206372792e-05
1.084999999999999964e+01 4.853696414494417493e-07 -1.112712414548279731e-05
1.087500000000000000e+01 4.567984882919621805e-07 -1.066689538743536455e-05
1.090000000000000036e+01 4.298932904921519934e-07 -1.022612101523487283e-05
1.092500000000000071e+01 4.045587603272373812e-07 -9.803961591884908632e-06
1.094999999999999929e+01 3.807067520307720148e-07 -9.399615001486879900e-06
1.097499999999999964e+01 3.582551911694221592e-07 -9.012314598868621172e-06
1.100000000000000000e+01 3.371269636746553335e-07 -8.641327434992116937e-06
1.102500000000000036e+01 3.172488720092059740e-07 -8.285952579457377446e-06
1.105000000000000071e+01 2.985507573289424158e-07 -7.945519557711807626e-06
1.107499999999999929e+01 2.809648642985689607e-07 -7.619386914069910731e-06
1.109999999999999964e+01 2.644254928859862968e-07 -7.306940903222115877e-06
1.112500000000000000e+01 2.488689433511716625e-07 -7.007594303904187154e-06
1.115000000000000036e+01 2.342337225151991104e-07 -6.720785340038478868e-06
1.117500000000000071e+01 2.204609460631936017e-07 -6.445976688098337901e-06
1.119999999999999929e+01 2.074948479264595381e-07 -6.182654545611300158e-06
1.122499999999999964e+01 1.952832965675316399e-07 -5.930327735112081221e-06
1.125000000000000000e+01 1.837782206228046354e-07 -5.688526820422230813e-06
1.127500000000000036e+01 1.729358623009500483e-07 -5.456803217635644145e-06
1.130000000000000071e+01 1.627168035850353208e-07 -5.234728290617352302e-06
1.132499999999999929e+01 1.530857439387663963e-07 -5.021892429313306160e-06
1.134999999999999964e+01 1.440110440958309046e-07 -4.817904117375186965e-06
1.137500000000000000e+01 1.354640835385890076e-07 -4.622389002511936245e-06
1.140000000000000036e+01 1.274185051841872237e-07 -4.434988987654584377e-06
1.142500000000000071e+01 1.198494359936768693e-07 -4.255361362781858182e-06
1.144999999999999929e+01 1.127327748564007033e-07 -4.083177996053538777e-06
1.147499999999999964e+01 1.060446292215534302e-07 -3.918124598890247183e-06
1.150000000000000000e+01 9.976096081925468992e-08 -3.759900073422668109e-06
1.152500000000000036e+01 9.385747190824668747e-08 -3.608215943353535829e-06
1.155000000000000071e+01 8.830973063144126558e-08 -3.462795861590726103e-06
1.157499999999999929e+01 8.309350200969111194e-08 -3.323375181300761799e-06
1.159999999999999964e+01 7.818522416253592165e-08 -3.189700572085605906e-06
1.162500000000000000e+01 7.356255114109728672e-08 -3.061529660479567453e-06
1.165000000000000036e+01 6.920487668767329698e-08 -2.938630674353531018e-06
1.167500000000000071e+01 6.509375792446742118e-08 -2.820782073692045651e-06
1.169999999999999929e+01 6.121317378579467457e-08 -2.707772155518272820e-06
1.172499999999999964e+01 5.754957734180389672e-08 -2.599398627383336452e-06
1.175000000000000000e+01 5.409173071612888780e-08 -2.495468151034614273e-06
1.177500000000000036e+01 5.083034182987453339e-08 -2.395795864657180072e-06
1.180000000000000071e+01 4.775754951769841285e-08 -2.300204897332274395e-06
1.182499999999999929e+01 4.486632395557487249e-08 -2.208525892608083277e-06
1.184999999999999964e+01 4.214986026337367038e-08 -2.120596558787448499e-06
1.187500000000000000e+01 3.960104296570948134e-08 -2.036261261622448374e-06
1.190000000000000036e+01 3.721204837535890977e-08 -1.955370671078453003e-06
1.192500000000000071e+01 3.497413207158519796e-08 -1.877781467982848167e-06
1.194999999999999929e+01 3.287762276369198949e-08 -1.803356109913968128e-06
1.197499999999999964e+01 3.091211534834887669e-08 -1.731962649238410373e-06
1.200000000000000000e+01 2.906682903726992604e-08 -1.663474590727693820e-06
1.202500000000000036e+01 2.733107454309211028e-08 -1.597770772668049209e-06
1.205000000000000071e+01 2.569476053559019781e-08 -1.534735253818987874e-06
1.207499999999999929e+01 2.414886561418713372e-08 -1.474257189645443382e-06
1.209999999999999964e+01 2.268580818033211717e-08 -1.416230684435176322e-06
1.212500000000000000e+01 2.129966202471928371e-08 -1.360554610796583490e-06
1.215000000000000036e+01 1.998618763406823226e-08 -1.307132394089136594e-06
1.217500000000000071e+01 1.874267527522429146e-08 -1.255871765434153810e-06
1.219999999999999929e+01 1.756762195051725256e-08 -1.206684492461112553e-06
1.222499999999999964e+01 1.646028695147751114e-08 -1.159486101036404794e-06
1.225000000000000000e+01 1.542018680445343629e-08 -1.114195603279072047e-06
1.227500000000000036e+01 1.444659785698773754e-08 -1.070735247152892658e-06
1.230000000000000071e+01 1.353813270141867379e-08 -1.029030300581071193e-06
1.232499999999999929e+01 1.269244550399369434e-08 -9.890088789896065847e-07
1.234999999999999964e+01 1.190610284055832531e-08 -9.506018199382778605e-07
1.237500000000000000e+01 1.117463335465268471e-08 -9.137426026835898839e-07
1.240000000000000036e+01 1.049274495192979482e-08 -8.783673051982635339e-07
1.242500000000000071e+01 9.854675422711109273e-09 -8.444145868061011272e-07
1.244999999999999929e+01 9.254624766125485172e-09 -8.118256820342765556e-07
1.247499999999999964e+01 8.687207176850164553e-09 -7.805443906209371589e-07
1.250000000000000000e+01 8.147859016389039613e-09 -7.505170500814567952e-07
1.252500000000000036e+01 7.633146269138483515e-09 -7.216924805652797678e-07
1.255000000000000071e+01 7.140929756810715643e-09 -6.940218963022981832e-07
1.257499999999999929e+01 6.670366639792060771e-09 -6.674587833366187829e-07
1.259999999999999964e+01 6.221749667095100842e-09 -6.419587484468074680e-07
1.262500000000000000e+01 5.796207891970666504e-09 -6.174793486549474327e-07
1.265000000000000036e+01 5.395311323024600945e-09 -5.939799137852262545e-07
1.267500000000000071e+01 5.020634494964019429e-09 -5.714213758158784161e-07
1.269999999999999929e+01 4.673338801742529108e-09 -5.497661180663452640e-07
1.272499999999999964e+01 4.353829899994156814e-09 -5.289778547922498871e-07
1.275000000000000000e+01 4.061535375316927419e-09 -5.090215477905629958e-07
1.277500000000000036e+01 3.794830648421653381e-09 -4.898633617990693193e-07
1.280000000000000071e+01 3.551120346833852617e-09 -4.714706554406348171e-07
1.282499999999999929e+01 3.327060964214192009e-09 -4.538119999887353758e-07
1.284999999999999964e+01 3.118891457032389113e-09 -4.368572148027969304e-07
1.287500000000000000e+01 2.922824227101806118e-09 -4.205774064943111549e-07
1.290000000000000036e+01 2.735441364398198391e-09 -4.049449988880236212e-07
1.292500000000000071e+01 2.554041261483910559e-09 -3.899337426267338324e-07
1.294999999999999929e+01 2.376888367693556609e-09 -3.755186965387040588e-07
1.297499999999999964e+01 2.203332929705233469e-09 -3.616761772291728064e-07
1.300000000000000000e+01 2.033785958538078683e-09 -3.483836780990956563e-07
1.302500000000000036e+01 1.869554748290199771e-09 -3.356197634546124006e-07
1.305000000000000071e+01 1.712563376578757092e-09 -3.233639470326828483e-07
1.307499999999999929e+01 1.564998001236568486e-09 -3.115965665360614186e-07
1.309999999999999964e+01 1.428926488720442608e-09 -3.002986663504837451e-07
1.312500000000000000e+01 1.305944677452760483e-09 -2.894518996291688678e-07
1.315000000000000036e+01 1.196897098270776219e-09 -2.790384581569437775e-07
1.317500000000000071e+01 1.101709047590158406e-09 -2.690410347800972516e-07
1.319999999999999929e+01 1.019351077580502761e-09 -2.594428186900244360e-07
1.322499999999999964e+01 9.479384787294185129e-10 -2.502275195188481637e-07
1.325000000000000000e+01 8.849498175857146194e-10 -2.413794124253238758e-07
1.327500000000000036e+01 8.275325237071195085e-10 -2.328833936984699372e-07
1.330000000000000071e+01 7.728521215396224931e-10 -2.247250352529790060e-07
1.332499999999999929e+01 7.184364143413123635e-10 -2.168906268376467366e-07
1.334999999999999964e+01 6.624673749000740790e-10 -2.093671967762340897e-07
1.337500000000000000e+01 6.039814878480453163e-10 -2.021425052915459247e-07
1.340000000000000036e+01 5.429523684932984576e-10 -1.952050084428954319e-07
1.342500000000000071e+01 4.802461159292013815e-10 -1.885437949727690504e-07
1.344999999999999929e+01 4.174573812169471205e-10 -1.821485021535333430e-07
1.347499999999999964e+01 3.566503838814918688e-10 -1.760092196886319876e-07
1.350000000000000178e+01 3.000417146708702302e-10 -1.701163923818534164e-07
1.352500000000000213e+01 2.496691432121801557e-10 -1.644607323901384918e-07
1.355000000000000249e+01 2.070918666962585594e-10 -1.590331505402402940e-07
1.357499999999999929e+01 1.731626119207075604e-10 -1.538247135350737110e-07
1.359999999999999964e+01 1.479014764512271018e-10 -1.488266302350619340e-07
1.362500000000000000e+01 1.304870864760043579e-10 -1.440302662966414586e-07
1.365000000000000213e+01 1.193642627164656477e-10 -1.394271825471101679e-07
1.367500000000000249e+01 1.124515949544854142e-10 -1.350091893383394613e-07
1.369999999999999929e+01 1.074188591575187984e-10 -1.307684070726798117e-07
1.372499999999999964e+01 1.019952563950541693e-10 -1.266973223776037306e-07
1.375000000000000000e+01 9.426589155472843863e-11 -1.227888302056001160e-07
1.377500000000000213e+01 8.291622344008206472e-11 -1.190362542043716756e-07
1.380000000000000249e+01 6.739204374697110191e-11 -1.154333408489470841e-07
1.382499999999999929e+01 4.795462282484126726e-11 -1.119742265147478313e-07
1.384999999999999964e+01 2.562527202790128418e-11 -1.086533804336869461e-07
1.387500000000000000e+01 2.028805506433671402e-12 -1.054655298483408306e-07
1.390000000000000213e+01 -2.084109381588368103e-11 -1.024055760182641292e-07
1.392500000000000249e+01 -4.090132500602049000e-11 -9.946851102132551208e-08
1.394999999999999929e+01 -5.626492747505419003e-11 -9.664934506259711276e-08
1.397499999999999964e+01 -6.549391645555137919e-11 -9.394305250126319221e-08
1.400000000000000000e+01 -6.778575731742631352e-11 -9.134454224565189751e-08
1.402500000000000213e+01 -6.306952317636729911e-11 -8.884865474675564743e-08
1.405000000000000249e+01 -5.200051077850652502e-11 -8.645018422883368216e-08
1.407499999999999929e+01 -3.585611082960174070e-11 -8.414392139777060964e-08
1.409999999999999964e+01 -1.634905115910380477e-11 -8.192470911935659441e-08
1.412500000000000000e+01 4.614971552754956292e-12 -7.978750191357125242e-08
1.415000000000000213e+01 2.520130413950628904e-11 -7.772741969275755883e-08
1.417500000000000249e+01 4.389581170634627901e-11 -7.573978704460108581e-08
1.419999999999999929e+01 5.970635886275729942e-11 -7.382015146778113209e-08
1.422499999999999964e+01 7.229004501962245288e-11 -7.196427687933352004e-08
1.425000000000000000e+01 8.199051047686471475e-11 -7.016811215476447950e-08
1.427500000000000036e+01 8.978201015044150556e-11 -6.842773792532361484e-08
1.430000000000000249e+01 9.712948408729873316e-11 -6.673929788222600648e-08
1.432499999999999929e+01 1.057847434317948713e-10 -6.509892303395619236e-08
1.434999999999999964e+01 1.175467289990553494e-10 -6.350265852085899524e-08
1.437500000000000000e+01 1.340176606806029796e-10 -6.194640248368255403e-08
1.440000000000000036e+01 1.563862898596204251e-10 -6.042586526590092812e-08
1.442500000000000249e+01 1.852646878377809189e-10 -5.893655501641102582e-08
1.444999999999999929e+01 2.205968621954683662e-10 -5.747379288400728756e-08
1.447499999999999964e+01 2.616471965346729327e-10 -5.603275785037135706e-08
1.450000000000000000e+01 3.070657895888697987e-10 -5.460855825094636258e-08
1.452500000000000036e+01 3.550178190223777625e-10 -5.319632451081162902e-08
1.455000000000000249e+01 4.033563640402116131e-10 -5.179131589124064382e-08
1.457499999999999929e+01 4.498137300276483472e-10 -5.038903329430613976e-08
1.459999999999999964e+01 4.921857280359367047e-10 -4.898533031429063958e-08
1.462500000000000000e+01 5.284864582762983444e-10 -4.757651581975154866e-08
1.465000000000000036e+01 5.570573419829419498e-10 -4.615944299527138782e-08
1.467500000000000249e+01 5.766223919254899544e-10 -4.473158182018772219e-08
1.469999999999999929e+01 5.862906952855989370e-10 -4.329107393243965034e-08
1.472499999999999964e+01 5.855153742239147833e-10 -4.183677062117575322e-08
1.475000000000000000e+01 5.740246771826280157e-10 -4.036825577548229390e-08
1.477500000000000036e+01 5.517443664513515658e-10 -3.888585619397778641e-08
1.480000000000000249e+01 5.187307222624098322e-10 -3.739064139429191307e-08
1.482499999999999929e+01 4.751303241366367418e-10 -3.588441430607444083e-08
1.484999999999999964e+01 4.211768297646811055e-10 -3.436969299919242105e-08
1.487500000000000000e+01 3.572272472169884328e-10 -3.284968229264931175e-08
1.490000000000000036e+01 2.838319090703049502e-10 -3.132823294303890621e-08
1.492500000000000071e+01 2.018248644983518888e-10 -2.980978538736724607e-08
1.494999999999999929e+01 1.124159581629917432e-10 -2.829929497900451714e-08
1.497499999999999964e+01 1.726334711203151355e-11 -2.680213634783467972e-08
