# col1: r[fm],  col2: chargedensity, col3: weak density [fm^-3](normailized to Q=1)
2.101448349307773875e-07 5.621135437831173420e-02 -8.338770833804415306e-02
2.500000000000000139e-02 5.621460144135737719e-02 -8.338538756223196069e-02
5.000000000000000278e-02 5.622433564007796314e-02 -8.337843238077284613e-02
7.499999999999999722e-02 5.624053597558695966e-02 -8.336686417875993627e-02
1.000000000000000056e-01 5.626316736156446174e-02 -8.335071842422171751e-02
1.250000000000000000e-01 5.629218050542141027e-02 -8.333004441543620522e-02
1.499999999999999944e-01 5.632751176749812433e-02 -8.330490494248864175e-02
1.749999999999999889e-01 5.636908302098720541e-02 -8.327537587684889775e-02
2.000000000000000111e-01 5.641680153796560515e-02 -8.324154570464185887e-02
2.250000000000000056e-01 5.647055992729631269e-02 -8.320351501992215293e-02
2.500000000000000000e-01 5.653023614822180049e-02 -8.316139599362817880e-02
2.750000000000000222e-01 5.659569361943669191e-02 -8.311531183208194229e-02
2.999999999999999889e-01 5.666678143771709114e-02 -8.306539623612634038e-02
3.250000000000000111e-01 5.674333471336830137e-02 -8.301179286853506423e-02
3.499999999999999778e-01 5.682517502248497776e-02 -8.295465483353743619e-02
3.750000000000000000e-01 5.691211096898838445e-02 -8.289414416852371181e-02
4.000000000000000222e-01 5.700393884324328475e-02 -8.283043134458184520e-02
4.249999999999999889e-01 5.710044335929554543e-02 -8.276369476975813100e-02
4.500000000000000111e-01 5.720139844977843030e-02 -8.269412028704674344e-02
4.749999999999999778e-01 5.730656809649625760e-02 -8.262190065822734575e-02
5.000000000000000000e-01 5.741570717558841519e-02 -8.254723502480672270e-02
5.250000000000000222e-01 5.752856229880041333e-02 -8.247032833840949040e-02
5.500000000000000444e-01 5.764487263637194797e-02 -8.239139075484032404e-02
5.749999999999999556e-01 5.776437071191367623e-02 -8.231063698848281596e-02
5.999999999999999778e-01 5.788678316484274083e-02 -8.222828562643992589e-02
6.250000000000000000e-01 5.801183148093608938e-02 -8.214455840457961233e-02
6.500000000000000222e-01 5.813923269585617032e-02 -8.205967945016810761e-02
6.750000000000000444e-01 5.826870007971785698e-02 -8.197387449783205549e-02
6.999999999999999556e-01 5.839994381265609796e-02 -8.188737008703503295e-02
7.249999999999999778e-01 5.853267166182937048e-02 -8.180039274999893750e-02
7.500000000000000000e-01 5.866658966942236292e-02 -8.171316819904367312e-02
7.750000000000000222e-01 5.880140285919909643e-02 -8.162592052172286394e-02
8.000000000000000444e-01 5.893681596631953484e-02 -8.153887139102722337e-02
8.249999999999999556e-01 5.907253419185282128e-02 -8.145223929647836536e-02
8.499999999999999778e-01 5.920826398009778474e-02 -8.136623880033282130e-02
8.750000000000000000e-01 5.934371381383739263e-02 -8.128107982154619826e-02
9.000000000000000222e-01 5.947859502031860313e-02 -8.119696694877751031e-02
9.250000000000001554e-01 5.961262257927479880e-02 -8.111409878266756524e-02
9.499999999999999556e-01 5.974551592379858528e-02 -8.103266730698621689e-02
9.749999999999999778e-01 5.987699972530772380e-02 -8.095285728802822933e-02
1.000000000000000000e+00 6.000680465509892342e-02 -8.087484570182154608e-02
1.024999999999999911e+00 6.013466811684359953e-02 -8.079880118921939358e-02
1.050000000000000044e+00 6.026033494657542788e-02 -8.072488353967006980e-02
1.074999999999999956e+00 6.038355807896420013e-02 -8.065324320527340884e-02
1.100000000000000089e+00 6.050409918069300091e-02 -8.058402084751251082e-02
1.125000000000000000e+00 6.062172925332708073e-02 -8.051734691968084889e-02
1.149999999999999911e+00 6.073622920903098965e-02 -8.045334128842308863e-02
1.175000000000000044e+00 6.084739042278338589e-02 -8.039211289792057291e-02
1.199999999999999956e+00 6.095501526437645257e-02 -8.033375948006518663e-02
1.225000000000000089e+00 6.105891761256481559e-02 -8.027836731350437849e-02
1.250000000000000000e+00 6.115892335241106953e-02 -8.022601103375943954e-02
1.274999999999999911e+00 6.125487085535868959e-02 -8.017675349579860000e-02
1.300000000000000044e+00 6.134661144006139238e-02 -8.013064568957511957e-02
1.324999999999999956e+00 6.143400981070858830e-02 -8.008772670820774042e-02
1.350000000000000089e+00 6.151694446866319554e-02 -8.004802376776665174e-02
1.375000000000000000e+00 6.159530809277477537e-02 -8.001155227708513229e-02
1.399999999999999911e+00 6.166900788378267689e-02 -7.997831595568324903e-02
1.425000000000000044e+00 6.173796586874499837e-02 -7.994830699776030170e-02
1.449999999999999956e+00 6.180211916233459279e-02 -7.992150628027094861e-02
1.475000000000000089e+00 6.186142018299507078e-02 -7.989788361329226707e-02
1.500000000000000000e+00 6.191583682319009435e-02 -7.987739803116165882e-02
1.524999999999999911e+00 6.196535257414725884e-02 -7.985999812314659163e-02
1.550000000000000044e+00 6.200996660645122921e-02 -7.984562240263712307e-02
1.574999999999999956e+00 6.204969380846978716e-02 -7.983419971397576198e-02
1.600000000000000089e+00 6.208456478484561392e-02 -7.982564967602588657e-02
1.625000000000000000e+00 6.211462581714612824e-02 -7.981988316141185036e-02
1.649999999999999911e+00 6.213993878828176498e-02 -7.981680281005332223e-02
1.675000000000000044e+00 6.216058107156550300e-02 -7.981630357518920693e-02
1.699999999999999956e+00 6.217664538441314975e-02 -7.981827329958626760e-02
1.725000000000000311e+00 6.218823960580439209e-02 -7.982259331910683542e-02
1.750000000000000000e+00 6.219548655586355085e-02 -7.982913909032106348e-02
1.774999999999999911e+00 6.219852373538366230e-02 -7.983778083844050855e-02
1.800000000000000044e+00 6.219750302287716665e-02 -7.984838422155965398e-02
1.824999999999999956e+00 6.219259032682025734e-02 -7.986081100703908142e-02
1.850000000000000311e+00 6.218396519115271942e-02 -7.987491975585314652e-02
1.875000000000000000e+00 6.217182035274810420e-02 -7.989056651084637528e-02
1.899999999999999911e+00 6.215636125039217946e-02 -7.990760548506137262e-02
1.925000000000000044e+00 6.213780548570309314e-02 -7.992588974658869361e-02
1.949999999999999956e+00 6.211638223728153940e-02 -7.994527189669452250e-02
1.975000000000000089e+00 6.209233163010222101e-02 -7.996560473827210580e-02
2.000000000000000000e+00 6.206590406267117888e-02 -7.998674193189690695e-02
2.024999999999999911e+00 6.203735949473758449e-02 -8.000853863692403145e-02
2.049999999999999822e+00 6.200696669835400326e-02 -8.003085213513819185e-02
2.075000000000000178e+00 6.197500247485807079e-02 -8.005354243445414464e-02
2.100000000000000089e+00 6.194175083995694109e-02 -8.007647285008755167e-02
2.125000000000000000e+00 6.190750217861468868e-02 -8.009951056049974261e-02
2.149999999999999911e+00 6.187255237096239008e-02 -8.012252713529517678e-02
2.174999999999999822e+00 6.183720189005288692e-02 -8.014539903215479877e-02
2.200000000000000178e+00 6.180175487204481177e-02 -8.016800805985042910e-02
2.225000000000000089e+00 6.176651815936384793e-02 -8.019024180442790861e-02
2.250000000000000000e+00 6.173180031757815461e-02 -8.021199401578402166e-02
2.274999999999999911e+00 6.169791062712118995e-02 -8.023316495209247001e-02
2.299999999999999822e+00 6.166515805156137092e-02 -8.025366167985001353e-02
2.325000000000000178e+00 6.163385018478872990e-02 -8.027339832769198047e-02
2.350000000000000089e+00 6.160429218018764752e-02 -8.029229629254104605e-02
2.375000000000000000e+00 6.157678566551585270e-02 -8.031028439707500743e-02
2.399999999999999911e+00 6.155162764773866590e-02 -8.032729899789774197e-02
2.424999999999999822e+00 6.152910941242652199e-02 -8.034328404415135017e-02
2.450000000000000178e+00 6.150951542247767162e-02 -8.035819108659679466e-02
2.475000000000000089e+00 6.149312222088097746e-02 -8.037197923741343231e-02
2.500000000000000000e+00 6.148019734200407121e-02 -8.038461508112451637e-02
2.524999999999999911e+00 6.147099823553062864e-02 -8.039607253715852497e-02
2.549999999999999822e+00 6.146577120673583916e-02 -8.040633267462873879e-02
2.575000000000000178e+00 6.146475037634893668e-02 -8.041538347997326253e-02
2.600000000000000089e+00 6.146815666287246127e-02 -8.042321957817291644e-02
2.625000000000000000e+00 6.147619678995892151e-02 -8.042984190837333680e-02
2.649999999999999911e+00 6.148906232132300004e-02 -8.043525735489653883e-02
2.674999999999999822e+00 6.150692872570067554e-02 -8.043947833484266230e-02
2.700000000000000178e+00 6.152995447454278483e-02 -8.044252234375287580e-02
2.725000000000000089e+00 6.155828017541541824e-02 -8.044441146112052410e-02
2.750000000000000000e+00 6.159202774442102540e-02 -8.044517181788206350e-02
2.774999999999999911e+00 6.163129962129512002e-02 -8.044483302837189542e-02
2.799999999999999822e+00 6.167617803111087593e-02 -8.044342758956160577e-02
2.825000000000000178e+00 6.172672429668742133e-02 -8.044099025070547415e-02
2.850000000000000089e+00 6.178297820580962857e-02 -8.043755735676144658e-02
2.875000000000000000e+00 6.184495743720840738e-02 -8.043316616913864792e-02
2.899999999999999911e+00 6.191265704892566502e-02 -8.042785416743834792e-02
2.924999999999999822e+00 6.198604903222199730e-02 -8.042165833590528279e-02
2.950000000000000178e+00 6.206508193361772591e-02 -8.041461443830523470e-02
2.975000000000000089e+00 6.214968054704327061e-02 -8.040675628490263904e-02
3.000000000000000000e+00 6.223974567746795583e-02 -8.039811499515402138e-02
3.024999999999999911e+00 6.233515397682987125e-02 -8.038871825966874274e-02
3.049999999999999822e+00 6.243575785264517813e-02 -8.037858960494098648e-02
3.075000000000000178e+00 6.254138544935620991e-02 -8.036774766432820682e-02
3.100000000000000089e+00 6.265184070229319613e-02 -8.035620545875288290e-02
3.125000000000000000e+00 6.276690346405688903e-02 -8.034396969062850002e-02
3.149999999999999911e+00 6.288632970315082005e-02 -8.033104005455131424e-02
3.174999999999999822e+00 6.300985177475959542e-02 -8.031740856834197750e-02
3.200000000000000178e+00 6.313717876363196535e-02 -8.030305892805131296e-02
3.225000000000000089e+00 6.326799689903964130e-02 -8.028796589054405797e-02
3.250000000000000000e+00 6.340197004170501638e-02 -8.027209468723045527e-02
3.274999999999999911e+00 6.353874024239414275e-02 -8.025540047241774833e-02
3.299999999999999822e+00 6.367792837154934160e-02 -8.023782780959629046e-02
3.325000000000000178e+00 6.381913481889842088e-02 -8.021931019876243907e-02
3.350000000000000089e+00 6.396194026144681744e-02 -8.019976964761495186e-02
3.375000000000000444e+00 6.410590649768155291e-02 -8.017911628916402078e-02
3.399999999999999911e+00 6.425057734523417774e-02 -8.015724804796886538e-02
3.424999999999999822e+00 6.439547959871373684e-02 -8.013405035689573352e-02
3.450000000000000622e+00 6.454012404397964364e-02 -8.010939592597628167e-02
3.475000000000000533e+00 6.468400652480271740e-02 -8.008314456465827347e-02
3.500000000000000000e+00 6.482660905768515558e-02 -8.005514305848822343e-02
3.524999999999999911e+00 6.496740099057467244e-02 -8.002522510104907727e-02
3.549999999999999822e+00 6.510584020129557559e-02 -7.999321128179397167e-02
3.575000000000000622e+00 6.524137433170178191e-02 -7.995890913025945068e-02
3.600000000000000089e+00 6.537344205379060080e-02 -7.992211321700165572e-02
3.625000000000000000e+00 6.550147436425443614e-02 -7.988260531145570387e-02
3.649999999999999911e+00 6.562489590414916085e-02 -7.984015459676685467e-02
3.674999999999999822e+00 6.574312630048578798e-02 -7.979451794146431853e-02
3.700000000000000622e+00 6.585558152658381459e-02 -7.974544022764222528e-02
3.725000000000000089e+00 6.596167527795451790e-02 -7.969265473507235187e-02
3.750000000000000000e+00 6.606082036031896143e-02 -7.963588358040316062e-02
3.774999999999999911e+00 6.615243008613497233e-02 -7.957483821031112459e-02
3.799999999999999822e+00 6.623591967574449235e-02 -7.950921994716785013e-02
3.825000000000000178e+00 6.631070765900204389e-02 -7.943872058549338033e-02
3.850000000000000089e+00 6.637621727304511554e-02 -7.936302303718989481e-02
3.875000000000000000e+00 6.643187785176002391e-02 -7.928180202330728510e-02
3.899999999999999911e+00 6.647712620250249838e-02 -7.919472480989271646e-02
3.924999999999999822e+00 6.651140796576575365e-02 -7.910145198532265998e-02
3.950000000000000178e+00 6.653417895374236224e-02 -7.900163827641298875e-02
3.975000000000000089e+00 6.654490646408178778e-02 -7.889493340053944925e-02
4.000000000000000000e+00 6.654307056556672817e-02 -7.878098295097317461e-02
4.025000000000000355e+00 6.652816535287951749e-02 -7.865942931262778770e-02
4.049999999999999822e+00 6.649970016805856199e-02 -7.852991260541400398e-02
4.075000000000000178e+00 6.645720078661489227e-02 -7.839207165239218955e-02
4.099999999999999645e+00 6.640021056655685816e-02 -7.824554496988875285e-02
4.125000000000000000e+00 6.632829155873819216e-02 -7.808997177669821377e-02
4.150000000000000355e+00 6.624102557699731997e-02 -7.792499301942013012e-02
4.174999999999999822e+00 6.613801522650611386e-02 -7.775025241088620587e-02
4.200000000000000178e+00 6.601888488861804016e-02 -7.756539747852390920e-02
4.224999999999999645e+00 6.588328166033670386e-02 -7.737008061938817349e-02
4.250000000000000000e+00 6.573087624635637338e-02 -7.716396015848489554e-02
4.275000000000000355e+00 6.556136380149438225e-02 -7.694670140692345950e-02
4.299999999999999822e+00 6.537446472127873831e-02 -7.671797771637550722e-02
4.325000000000000178e+00 6.516992537849150557e-02 -7.647747152629877365e-02
4.349999999999999645e+00 6.494751880361299134e-02 -7.622487540040327747e-02
4.375000000000000000e+00 6.470704530735339743e-02 -7.595989304889626259e-02
4.400000000000000355e+00 6.444833304377875494e-02 -7.568224033313518395e-02
4.424999999999999822e+00 6.417123851290626457e-02 -7.539164624943364701e-02
4.450000000000000178e+00 6.387564700201762979e-02 -7.508785388889444024e-02
4.474999999999999645e+00 6.356147296528381896e-02 -7.477062137027311317e-02
4.500000000000000000e+00 6.322866034156952864e-02 -7.443972274299479053e-02
4.525000000000000355e+00 6.287718281046755786e-02 -7.409494885754906723e-02
4.549999999999999822e+00 6.250704398668821549e-02 -7.373610820056471227e-02
4.575000000000000178e+00 6.211827755289672792e-02 -7.336302769192459827e-02
4.599999999999999645e+00 6.171094733097191171e-02 -7.297555344131818889e-02
4.625000000000000000e+00 6.128514729147674367e-02 -7.257355146165919701e-02
4.650000000000000355e+00 6.084100150092888737e-02 -7.215690833682639194e-02
4.674999999999999822e+00 6.037866400627284885e-02 -7.172553184122845704e-02
4.700000000000000178e+00 5.989831865582860571e-02 -7.127935150876248127e-02
4.724999999999999645e+00 5.940017885595434005e-02 -7.081831914883517098e-02
4.750000000000000000e+00 5.888448726273240452e-02 -7.034240930725475793e-02
4.775000000000000355e+00 5.835151540817699878e-02 -6.985161966997990857e-02
4.799999999999999822e+00 5.780156326075499423e-02 -6.934597140792364556e-02
4.825000000000000178e+00 5.723495872038846660e-02 -6.882550946125270963e-02
4.849999999999999645e+00 5.665205704853137902e-02 -6.829030276188075010e-02
4.875000000000000000e+00 5.605324023434504060e-02 -6.774044439311713295e-02
4.900000000000000355e+00 5.543891629839628465e-02 -6.717605168569112939e-02
4.924999999999999822e+00 5.480951853563330312e-02 -6.659726624961070929e-02
4.950000000000000178e+00 5.416550469963069686e-02 -6.600425394153199010e-02
4.974999999999999645e+00 5.350735613022806342e-02 -6.539720476750364442e-02
5.000000000000000000e+00 5.283557682671591316e-02 -6.477633272111495144e-02
5.025000000000000355e+00 5.215069246867049674e-02 -6.414187555721870271e-02
5.049999999999999822e+00 5.145324938643307949e-02 -6.349409450153198353e-02
5.075000000000000178e+00 5.074381348311057804e-02 -6.283327389655042616e-02
5.099999999999999645e+00 5.002296910988247164e-02 -6.215972078435257064e-02
5.125000000000000000e+00 4.929131789637321986e-02 -6.147376442703456068e-02
5.150000000000000355e+00 4.854947753791834936e-02 -6.077575576570596466e-02
5.174999999999999822e+00 4.779808054173243642e-02 -6.006606681919768320e-02
5.200000000000000178e+00 4.703777293428020728e-02 -5.934509002388335674e-02
5.224999999999999645e+00 4.626921293254224882e-02 -5.861323751628809420e-02
5.250000000000000000e+00 4.549306958232320064e-02 -5.787094036044276163e-02
5.275000000000000355e+00 4.471002136723751380e-02 -5.711864772222852160e-02
5.299999999999999822e+00 4.392075479247537634e-02 -5.635682599322779096e-02
5.325000000000000178e+00 4.312596294785858708e-02 -5.558595786684400464e-02
5.349999999999999645e+00 4.232634405500426689e-02 -5.480654136966406353e-02
5.375000000000000000e+00 4.152260000359514480e-02 -5.401908885120386417e-02
5.400000000000000355e+00 4.071543488180224407e-02 -5.322412593530383151e-02
5.424999999999999822e+00 3.990555350582010441e-02 -5.242219043652462940e-02
5.450000000000000178e+00 3.909365995328301785e-02 -5.161383124494545865e-02
5.474999999999999645e+00 3.828045610506529417e-02 -5.079960718279862009e-02
5.500000000000000000e+00 3.746664019967334280e-02 -4.998008583639446112e-02
5.525000000000000355e+00 3.665290540415980930e-02 -4.915584236681800473e-02
5.549999999999999822e+00 3.583993840526856350e-02 -4.832745830291600153e-02
5.575000000000000178e+00 3.502841802438942664e-02 -4.749552032015544323e-02
5.599999999999999645e+00 3.421901385987612815e-02 -4.666061900901718323e-02
5.625000000000000000e+00 3.341238496036245259e-02 -4.582334763669033278e-02
5.650000000000000355e+00 3.260917853288186619e-02 -4.498430090595005593e-02
5.674999999999999822e+00 3.181002868981840787e-02 -4.414407371521353318e-02
5.700000000000000178e+00 3.101555523895167116e-02 -4.330325992387021317e-02
5.724999999999999645e+00 3.022636252105201718e-02 -4.246245112705240854e-02
5.750000000000000000e+00 2.944303829958652002e-02 -4.162223544403964581e-02
5.775000000000000355e+00 2.866615270707374014e-02 -4.078319632446675280e-02
5.799999999999999822e+00 2.789625725244506207e-02 -3.994591137642324041e-02
5.825000000000000178e+00 2.713388389342954315e-02 -3.911095122039472821e-02
5.849999999999999645e+00 2.637954417748496899e-02 -3.827887837281123556e-02
5.875000000000000000e+00 2.563372845418207882e-02 -3.745024616274155588e-02
5.900000000000000355e+00 2.489690516125851391e-02 -3.662559768502841179e-02
5.924999999999999822e+00 2.416952018584510309e-02 -3.580546479290561135e-02
5.950000000000000178e+00 2.345199630169153213e-02 -3.499036713289689626e-02
5.974999999999999645e+00 2.274473268263083742e-02 -3.418081122457735516e-02
6.000000000000000000e+00 2.204810449206245221e-02 -3.337728958758819781e-02
6.025000000000000355e+00 2.136246254792805235e-02 -3.258027991814153174e-02
6.049999999999999822e+00 2.068813306249919423e-02 -3.179024431712082488e-02
6.075000000000000178e+00 2.002541745627645087e-02 -3.100762857177323875e-02
6.099999999999999645e+00 1.937459224537341554e-02 -3.023286149287926147e-02
6.125000000000000000e+00 1.873590900187260475e-02 -2.946635430915936146e-02
6.150000000000000355e+00 1.810959438673620178e-02 -2.870850012051993222e-02
6.174999999999999822e+00 1.749585025486817894e-02 -2.795967341153283992e-02
6.200000000000000178e+00 1.689485383181060785e-02 -2.722022962628079315e-02
6.224999999999999645e+00 1.630675796127985244e-02 -2.649050480537782151e-02
6.250000000000000000e+00 1.573169142229633236e-02 -2.577081528559775972e-02
6.275000000000000355e+00 1.516975931405334030e-02 -2.506145746213051320e-02
6.299999999999999822e+00 1.462104350593808333e-02 -2.436270761305099619e-02
6.325000000000000178e+00 1.408560314932693833e-02 -2.367482178516104249e-02
6.349999999999999645e+00 1.356347524699676177e-02 -2.299803573997253464e-02
6.375000000000000000e+00 1.305467527530313268e-02 -2.233256495826711069e-02
6.400000000000000355e+00 1.255919785375081942e-02 -2.167860470141652271e-02
6.424999999999999822e+00 1.207701745627712264e-02 -2.103633012748549677e-02
6.450000000000000178e+00 1.160808915852449413e-02 -2.040589646007219191e-02
6.474999999999999645e+00 1.115234941560174983e-02 -1.978743920785812002e-02
6.500000000000000000e+00 1.070971686529983286e-02 -1.918107443291851288e-02
6.525000000000000355e+00 1.028009315238891108e-02 -1.858689906596062286e-02
6.549999999999999822e+00 9.863363770398181005e-03 -1.800499126677015949e-02
6.575000000000000178e+00 9.459398918079186397e-03 -1.743541082822295391e-02
6.599999999999999645e+00 9.068054368476682198e-03 -1.687819962222204123e-02
6.625000000000000000e+00 8.689172349086317360e-03 -1.633338208582208601e-02
6.650000000000000355e+00 8.322582431892011981e-03 -1.580096574558756406e-02
6.674999999999999822e+00 7.968102432097366045e-03 -1.528094177789277898e-02
6.700000000000000178e+00 7.625539314083241808e-03 -1.477328560242401403e-02
6.724999999999999645e+00 7.294690102558683276e-03 -1.427795750561318584e-02
6.750000000000000888e+00 6.975342796083527051e-03 -1.379490329015698423e-02
6.775000000000001243e+00 6.667277279217743644e-03 -1.332405494620883535e-02
6.799999999999999822e+00 6.370266228602552115e-03 -1.286533133932270950e-02
6.825000000000001066e+00 6.084076007423357829e-03 -1.241863890983876430e-02
6.849999999999999645e+00 5.808467542057392345e-03 -1.198387237817387201e-02
6.875000000000000000e+00 5.543197174368761325e-03 -1.156091545045452237e-02
6.900000000000001243e+00 5.288017483152272422e-03 -1.114964151912998212e-02
6.924999999999999822e+00 5.042678068674164536e-03 -1.074991435362545808e-02
6.950000000000001066e+00 4.806926295108555208e-03 -1.036158877672986589e-02
6.974999999999999645e+00 4.580507986871086741e-03 -9.984511323220581977e-03
7.000000000000000000e+00 4.363168076318126032e-03 -9.618520878156407161e-03
7.025000000000001243e+00 4.154651201899335448e-03 -9.263449293263094353e-03
7.049999999999999822e+00 3.954702257486327442e-03 -8.919121980816704237e-03
7.075000000000001066e+00 3.763066895119618858e-03 -8.585358485337668891e-03
7.099999999999999645e+00 3.579491984693357418e-03 -8.261973034178200781e-03
7.125000000000000000e+00 3.403726035030469124e-03 -7.948775068666202870e-03
7.150000000000001243e+00 3.235519581325647410e-03 -7.645569757833398962e-03
7.174999999999999822e+00 3.074625544018631893e-03 -7.352158496881940238e-03
7.200000000000000178e+00 2.920799563823950600e-03 -7.068339392445767595e-03
7.224999999999999645e+00 2.773800316939242089e-03 -6.793907736401843221e-03
7.250000000000000000e+00 2.633389813470513909e-03 -6.528656469522289840e-03
7.275000000000001243e+00 2.499333680963198873e-03 -6.272376635688294184e-03
7.299999999999999822e+00 2.371401433734015695e-03 -6.024857826764924533e-03
7.325000000000000178e+00 2.249366727583425839e-03 -5.785888617625687888e-03
7.349999999999999645e+00 2.133007598539694502e-03 -5.555256990271185968e-03
7.375000000000000000e+00 2.022106683624545938e-03 -5.332750745551132800e-03
7.400000000000001243e+00 1.916451421290328366e-03 -5.118157900708721932e-03
7.424999999999999822e+00 1.815834229171947589e-03 -4.911267070834242528e-03
7.450000000000000178e+00 1.720052657104190414e-03 -4.711867832343847283e-03
7.474999999999999645e+00 1.628909513923963714e-03 -4.519751066775412260e-03
7.500000000000000000e+00 1.542212967329807238e-03 -4.334709283488503463e-03
7.525000000000000355e+00 1.459776616918420514e-03 -4.156536920237392102e-03
7.549999999999999822e+00 1.381419541363499435e-03 -3.985030621012717461e-03
7.575000000000000178e+00 1.306966321458824087e-03 -3.819989490980599256e-03
7.599999999999999645e+00 1.236247041342792684e-03 -3.661215328751281188e-03
7.625000000000000000e+00 1.169097270606600947e-03 -3.508512836553103788e-03
7.650000000000000355e+00 1.105358030140779274e-03 -3.361689809153300089e-03
7.674999999999999822e+00 1.044875744500028047e-03 -3.220557302543516909e-03
7.700000000000000178e+00 9.875021832948078452e-04 -3.084929783497502263e-03
7.724999999999999645e+00 9.330943936996072925e-04 -2.954625261119480425e-03
7.750000000000000000e+00 8.815146256647344485e-04 -2.829465401450974218e-03
7.775000000000000355e+00 8.326302508976117164e-04 -2.709275626112682672e-03
7.799999999999999822e+00 7.863136762034598354e-04 -2.593885195846864101e-03
7.825000000000000178e+00 7.424422513955700013e-04 -2.483127279716704997e-03
7.849999999999999645e+00 7.008981717370512668e-04 -2.376839010627791130e-03
7.875000000000000000e+00 6.615683747746198317e-04 -2.274861527775342077e-03
7.900000000000000355e+00 6.243444314661102199e-04 -2.177040006594700792e-03
7.924999999999999822e+00 5.891224316643743587e-04 -2.083223676800626759e-03
7.950000000000000178e+00 5.558028642650416837e-04 -1.993265829138006224e-03
7.974999999999999645e+00 5.242904926093687251e-04 -1.907023811522250535e-03
8.000000000000000000e+00 4.944942260096884482e-04 -1.824359015310465576e-03
8.025000000000000355e+00 4.663269884913323875e-04 -1.745136852501915628e-03
8.050000000000000711e+00 4.397055859880645828e-04 -1.669226724707726555e-03
8.074999999999999289e+00 4.145505732681909134e-04 -1.596501984747175683e-03
8.099999999999999645e+00 3.907861218003192967e-04 -1.526839891717050347e-03
8.125000000000000000e+00 3.683398896010173880e-04 -1.460121560341337121e-03
8.150000000000000355e+00 3.471428938633894928e-04 -1.396231905344305548e-03
8.175000000000000711e+00 3.271293868774846972e-04 -1.335059581508053501e-03
8.199999999999999289e+00 3.082367354561212774e-04 -1.276496919983992426e-03
8.224999999999999645e+00 2.904053038083355127e-04 -1.220439861336215272e-03
8.250000000000000000e+00 2.735783395881492830e-04 -1.166787885712162543e-03
8.275000000000000355e+00 2.577018627093169531e-04 -1.115443940468796840e-03
8.300000000000000711e+00 2.427245564685203674e-04 -1.066314365536254107e-03
8.324999999999999289e+00 2.285976605575658197e-04 -1.019308816775750569e-03
8.349999999999999645e+00 2.152748656574332130e-04 -9.743401875839510567e-04
8.375000000000000000e+00 2.027122094712820828e-04 -9.313245290073973249e-04
8.400000000000000355e+00 1.908679742424454256e-04 -8.901809686517138170e-04
8.425000000000000711e+00 1.797025859879945731e-04 -8.508316286949394510e-04
8.449999999999999289e+00 1.691785158313133990e-04 -8.132015433349465286e-04
8.474999999999999645e+00 1.592601839171551767e-04 -7.772185760118142939e-04
8.500000000000000000e+00 1.499138664266779614e-04 -7.428133367437000272e-04
8.525000000000000355e+00 1.411076061742755046e-04 -7.099190998963871057e-04
8.550000000000000711e+00 1.328111271690965824e-04 -6.784717226739692131e-04
8.574999999999999289e+00 1.249957533761684482e-04 -6.484095645727640462e-04
8.599999999999999645e+00 1.176343317358160824e-04 -6.196734079877042230e-04
8.625000000000000000e+00 1.107011593193856560e-04 -5.922063801050582834e-04
8.650000000000000355e+00 1.041719143372873095e-04 -5.659538761631339142e-04
8.675000000000000711e+00 9.802359059274089723e-05 -5.408634841187554346e-04
8.699999999999999289e+00 9.223443490485172666e-05 -5.168849107253406343e-04
8.724999999999999645e+00 8.678388701491434481e-05 -4.939699090104062535e-04
8.750000000000000000e+00 8.165252153815447046e-05 -4.720722071367039778e-04
8.775000000000000355e+00 7.682199162026750864e-05 -4.511474386397119505e-04
8.800000000000000711e+00 7.227497408869964081e-05 -4.311530740521746403e-04
8.824999999999999289e+00 6.799511603337271798e-05 -4.120483539490938122e-04
8.849999999999999645e+00 6.396698288990838291e-05 -3.937942234695426661e-04
8.875000000000000000e+00 6.017600821200692879e-05 -3.763532683905672100e-04
8.900000000000000355e+00 5.660844539344563314e-05 -3.596896528393784816e-04
8.925000000000000711e+00 5.325132162587332946e-05 -3.437690587313213552e-04
8.949999999999999289e+00 5.009239435422795062e-05 -3.285586270115395933e-04
8.974999999999999645e+00 4.712011042224076448e-05 -3.140269007589720955e-04
9.000000000000000000e+00 4.432356799731464409e-05 -3.001437701847421572e-04
9.025000000000000355e+00 4.169248124208347565e-05 -2.868804195260611796e-04
9.050000000000000711e+00 3.921714757672978827e-05 -2.742092758057621026e-04
9.074999999999999289e+00 3.688841726843980858e-05 -2.621039593998295675e-04
9.099999999999999645e+00 3.469766500641855388e-05 -2.505392363342961895e-04
9.125000000000000000e+00 3.263676308270718139e-05 -2.394909722208628158e-04
9.150000000000000355e+00 3.069805580434579383e-05 -2.289360877382230503e-04
9.175000000000000711e+00 2.887433480973248127e-05 -2.188525155733714420e-04
9.199999999999999289e+00 2.715881504336933977e-05 -2.092191587521571893e-04
9.224999999999999645e+00 2.554511124698560239e-05 -2.000158503085068486e-04
9.250000000000000000e+00 2.402721493649370170e-05 -1.912233142638890770e-04
9.275000000000000355e+00 2.259947193832199434e-05 -1.828231279093992803e-04
9.300000000000000711e+00 2.125656064173946205e-05 -1.747976853991830204e-04
9.324999999999999289e+00 1.999347117527495052e-05 -1.671301626737196086e-04
9.349999999999999645e+00 1.880548572972639597e-05 -1.598044837334028248e-04
9.375000000000000000e+00 1.768816022668683513e-05 -1.528052882768489234e-04
9.400000000000000355e+00 1.663730747483899603e-05 -1.461179007054738796e-04
9.425000000000000711e+00 1.564898187527990036e-05 -1.397283004781189365e-04
9.449999999999999289e+00 1.471946564394060578e-05 -1.336230937795066800e-04
9.474999999999999645e+00 1.384525642699477957e-05 -1.277894864468750828e-04
9.500000000000000000e+00 1.302305610684311849e-05 -1.222152580830766463e-04
9.525000000000000355e+00 1.224976054223678915e-05 -1.168887372737652692e-04
9.550000000000000711e+00 1.152244996345374546e-05 -1.117987778225851519e-04
9.574999999999999289e+00 1.083837975433341112e-05 -1.069347359216558658e-04
9.599999999999999645e+00 1.019497139543129425e-05 -1.022864481846706534e-04
9.625000000000000000e+00 9.589803410073241614e-06 -9.784421048501423161e-05
9.650000000000000355e+00 9.020602237861847597e-06 -9.359875755919624886e-05
9.675000000000000711e+00 8.485233046841216694e-06 -8.954124335436777359e-05
9.699999999999999289e+00 7.981690574371455357e-06 -8.566322211486805248e-05
9.724999999999999645e+00 7.508090147202647653e-06 -8.195663021494392370e-05
9.750000000000000000e+00 7.062659066031804930e-06 -7.841376875126305568e-05
9.775000000000000355e+00 6.643728544818781659e-06 -7.502728690905639353e-05
9.800000000000000711e+00 6.249726370719774089e-06 -7.179016611002673673e-05
9.824999999999999289e+00 5.879170401003332295e-06 -6.869570493941972312e-05
9.849999999999999645e+00 5.530662946089202198e-06 -6.573750483586096518e-05
9.875000000000000000e+00 5.202886013002348572e-06 -6.290945651266319238e-05
9.900000000000000355e+00 4.894597311278897239e-06 -6.020572706556545850e-05
9.925000000000000711e+00 4.604626863963530962e-06 -5.762074771133048723e-05
9.949999999999999289e+00 4.331874027436106660e-06 -5.514920209566891136e-05
9.974999999999999645e+00 4.075304710548618273e-06 -5.278601510855154816e-05
1.000000000000000000e+01 3.833948597075850784e-06 -5.052634214988663990e-05
1.002500000000000036e+01 3.606896213475662216e-06 -4.836555879840383199e-05
1.005000000000000071e+01 3.393295740721395075e-06 -4.629925084959123977e-05
1.007499999999999929e+01 3.192349536326538010e-06 -4.432320470325786654e-05
1.009999999999999964e+01 3.003310401386117471e-06 -4.243339809549244858e-05
1.012500000000000000e+01 2.825477688079482445e-06 -4.062599118178219045e-05
1.015000000000000036e+01 2.658193387641890950e-06 -3.889731798609212592e-05
1.017500000000000071e+01 2.500838361732121046e-06 -3.724387823427333219e-05
1.019999999999999929e+01 2.352828878811226838e-06 -3.566232958843824560e-05
1.022499999999999964e+01 2.213613592422408171e-06 -3.414948029291744493e-05
1.025000000000000000e+01 2.082671054230287730e-06 -3.270228223273466661e-05
1.027500000000000036e+01 1.959507797695383402e-06 -3.131782439394118584e-05
1.030000000000000071e+01 1.843656966703223256e-06 -2.999332670336241112e-05
1.032499999999999929e+01 1.734677405715900788e-06 -2.872613421485776649e-05
1.034999999999999964e+01 1.632153082110074337e-06 -2.751371160197343455e-05
1.037500000000000000e+01 1.535692683254445945e-06 -2.635363791340173859e-05
1.040000000000000036e+01 1.444929224129913096e-06 -2.524360154876844112e-05
1.042500000000000071e+01 1.359519516384545895e-06 -2.418139541765929661e-05
1.044999999999999929e+01 1.279143384091143919e-06 -2.316491225352493533e-05
1.047499999999999964e+01 1.203502560119858093e-06 -2.219214006521206704e-05
1.050000000000000000e+01 1.132319253005009572e-06 -2.126115772058352670e-05
1.052500000000000036e+01 1.065334429615577009e-06 -2.037013066756610216e-05
1.055000000000000071e+01 1.002305906430193375e-06 -1.951730680653253111e-05
1.057499999999999929e+01 9.430063753454251752e-07 -1.870101253303715151e-05
1.059999999999999964e+01 8.872215045976843703e-07 -1.791964897113285733e-05
1.062500000000000000e+01 8.347482499830727199e-07 -1.717168841473308156e-05
1.065000000000000036e+01 7.853934872017424066e-07 -1.645567098808976099e-05
1.067500000000000071e+01 7.389730367959203924e-07 -1.577020152785186733e-05
1.069999999999999929e+01 6.953111043160241595e-07 -1.511394667924168377e-05
1.072499999999999964e+01 6.542401070698093106e-07 -1.448563218927772478e-05
1.075000000000000000e+01 6.156008122214373493e-07 -1.388404037215629101e-05
1.077500000000000036e+01 5.792426752262700352e-07 -1.330800771668487604e-05
1.080000000000000071e+01 5.450242475713001581e-07 -1.275642260403514319e-05
1.082499999999999929e+01 5.128135207231602099e-07 -1.222822310607090073e-05
1.084999999999999964e+01 4.824880892198134449e-07 -1.172239483975648534e-05
1.087500000000000000e+01 4.539350472270614551e-07 -1.123796886111886015e-05
1.090000000000000036e+01 4.270505752179708236e-07 -1.077401959143884874e-05
1.092500000000000071e+01 4.017392205613703171e-07 -1.032966277788575457e-05
1.094999999999999929e+01 3.779129212409998079e-07 -9.904053499050279613e-06
1.097499999999999964e+01 3.554898595551122868e-07 -9.496384231920083094e-06
1.100000000000000000e+01 3.343932573544171416e-07 -9.105882999906205169e-06
1.102500000000000036e+01 3.145502331411872822e-07 -8.731811621196904348e-06
1.105000000000000071e+01 2.958908333012026285e-07 -8.373464073257584384e-06
1.107499999999999929e+01 2.783473261978233163e-07 -8.030164983122740506e-06
1.109999999999999964e+01 2.618538125740092836e-07 -7.701268245341435771e-06
1.112500000000000000e+01 2.463461634839001125e-07 -7.386155761030244623e-06
1.115000000000000036e+01 2.317622540522550533e-07 -7.084236283762074996e-06
1.117500000000000071e+01 2.180424233282978873e-07 -6.794944352050249277e-06
1.119999999999999929e+01 2.051300627443642403e-07 -6.517739284660344416e-06
1.122499999999999964e+01 1.929722216648848085e-07 -6.252104214586687280e-06
1.125000000000000000e+01 1.815201199640535219e-07 -5.997545140063346650e-06
1.127500000000000036e+01 1.707294739652332070e-07 -5.753589976099475885e-06
1.130000000000000071e+01 1.605605709809139222e-07 -5.519787597137012530e-06
1.132499999999999929e+01 1.509780647382421375e-07 -5.295706869225488008e-06
1.134999999999999964e+01 1.419505041772506165e-07 -5.080935677827447490e-06
1.137500000000000000e+01 1.334496456852814212e-07 -4.875079963671603504e-06
1.140000000000000036e+01 1.254496288024377236e-07 -4.677762783367213893e-06
1.142500000000000071e+01 1.179261138267949011e-07 -4.488623413014091042e-06
1.144999999999999929e+01 1.108554841594737561e-07 -4.307316511801723992e-06
1.147499999999999964e+01 1.042142065345292226e-07 -4.133511358814391066e-06
1.150000000000000000e+01 9.797841970174936992e-08 -3.966891170375221226e-06
1.152500000000000036e+01 9.212379049964271685e-08 -3.807152498393589956e-06
1.155000000000000071e+01 8.662563952397972788e-08 -3.654004703068633270e-06
1.157499999999999929e+01 8.145930239513148507e-08 -3.507169487116096053e-06
1.159999999999999964e+01 7.660066156756412744e-08 -3.366380474188432403e-06
1.162500000000000000e+01 7.202676200147417872e-08 -3.231382811988013641e-06
1.165000000000000036e+01 6.771641474630782775e-08 -3.101932781021303421e-06
1.167500000000000071e+01 6.365069633432088776e-08 -2.977797392765866398e-06
1.169999999999999929e+01 5.981326842705778641e-08 -2.858753966086050222e-06
1.172499999999999964e+01 5.619046862492900290e-08 -2.744589676876952034e-06
1.175000000000000000e+01 5.277115615777193674e-08 -2.635101082718045803e-06
1.177500000000000036e+01 4.954633054667809998e-08 -2.530093630490638440e-06
1.180000000000000071e+01 4.650857261167127608e-08 -2.429381159745679878e-06
1.182499999999999929e+01 4.365138117370672155e-08 -2.332785417541833283e-06
1.184999999999999964e+01 4.096849225773162962e-08 -2.240135600945357294e-06
1.187500000000000000e+01 3.845326881109909617e-08 -2.151267941521956222e-06
1.190000000000000036e+01 3.609823822368322306e-08 -2.066025342302520381e-06
1.192500000000000071e+01 3.389483355729417375e-08 -1.984257072189640858e-06
1.194999999999999929e+01 3.183336583791307432e-08 -1.905818516776691379e-06
1.197499999999999964e+01 2.990322282584575260e-08 -1.830570978567806062e-06
1.200000000000000000e+01 2.809325895460840963e-08 -1.758381514611195509e-06
1.202500000000000036e+01 2.639231571037105692e-08 -1.689122796373776957e-06
1.205000000000000071e+01 2.478979506403519100e-08 -1.622672975412958899e-06
1.207499999999999929e+01 2.327620278926651552e-08 -1.558915539496961804e-06
1.209999999999999964e+01 2.184358423906448130e-08 -1.497739146928483836e-06
1.212500000000000000e+01 2.048579136023572259e-08 -1.439037431460738541e-06
1.215000000000000036e+01 1.919854412473623137e-08 -1.382708775847348548e-06
1.217500000000000071e+01 1.797927852970105428e-08 -1.328656057708091411e-06
1.219999999999999929e+01 1.682680291800990976e-08 -1.276786376491360765e-06
1.222499999999999964e+01 1.574081052297492425e-08 -1.227010773968369648e-06
1.225000000000000000e+01 1.472131515650393121e-08 -1.179243962490787078e-06
1.227500000000000036e+01 1.376808667503477668e-08 -1.133404075101577551e-06
1.230000000000000071e+01 1.288016167839847488e-08 -1.089412449259490504e-06
1.232499999999999929e+01 1.205549353219863853e-08 -1.047193452114555777e-06
1.234999999999999964e+01 1.129078572521228260e-08 -1.006674350314815204e-06
1.237500000000000000e+01 1.058152683732078758e-08 -9.677852219217862926e-07
1.240000000000000036e+01 9.922217487003797422e-09 -9.304589031447680151e-07
1.242500000000000071e+01 9.306753560162668459e-09 -8.946309586206658725e-07
1.244999999999999929e+01 8.728909191216591717e-09 -8.602396617090668643e-07
1.247499999999999964e+01 8.182850291475226966e-09 -8.272259708269225543e-07
1.250000000000000000e+01 7.663606357263551792e-09 -7.955334893335390035e-07
1.252500000000000036e+01 7.167435277851333714e-09 -7.651083996840233253e-07
1.255000000000000071e+01 6.692031618044448540e-09 -7.358993668881202342e-07
1.257499999999999929e+01 6.236551175696174537e-09 -7.078574113536818022e-07
1.259999999999999964e+01 5.801450355224905951e-09 -6.809357560162334048e-07
1.262500000000000000e+01 5.388164336680976288e-09 -6.550896567304396507e-07
1.265000000000000036e+01 4.998669880932622928e-09 -6.302762276450651157e-07
1.267500000000000071e+01 4.634993730071475650e-09 -6.064542743363150406e-07
1.269999999999999929e+01 4.298734168594738703e-09 -5.835841466765878888e-07
1.272499999999999964e+01 3.990660470664054573e-09 -5.616276209895941802e-07
1.275000000000000000e+01 3.710443327850832574e-09 -5.405478172820270068e-07
1.277500000000000036e+01 3.456550583731119872e-09 -5.203091527885899762e-07
1.280000000000000071e+01 3.226319442402554431e-09 -5.008773284551654008e-07
1.282499999999999929e+01 3.016191974594600759e-09 -4.822193408243402737e-07
1.284999999999999964e+01 2.822078534989473328e-09 -4.643035087440719782e-07
1.287500000000000000e+01 2.639796811897498952e-09 -4.470995028050346384e-07
1.290000000000000036e+01 2.465524599522325323e-09 -4.305783655311026082e-07
1.292500000000000071e+01 2.296203554615886489e-09 -4.147125121333274783e-07
1.294999999999999929e+01 2.129838864058729229e-09 -3.994757048368607778e-07
1.297499999999999964e+01 1.965654900213303452e-09 -3.848429978126793186e-07
1.300000000000000000e+01 1.804087359462671899e-09 -3.707906542345256787e-07
1.302500000000000036e+01 1.646615059974157393e-09 -3.572960410344140902e-07
1.305000000000000071e+01 1.495456599898759582e-09 -3.443375102734635203e-07
1.307499999999999929e+01 1.353175181292224354e-09 -3.318942780146670073e-07
1.309999999999999964e+01 1.222246888747209727e-09 -3.199463120047620377e-07
1.312500000000000000e+01 1.104651895580094288e-09 -3.084742383715739017e-07
1.315000000000000036e+01 1.001544000198192961e-09 -2.974592749268503226e-07
1.317500000000000071e+01 9.130423725427833882e-10 -2.868831951058477067e-07
1.319999999999999929e+01 8.381719772481369259e-10 -2.767283224970629331e-07
1.322499999999999964e+01 7.749583367606311931e-10 -2.669775517633944086e-07
1.325000000000000000e+01 7.206611675388357690e-10 -2.576143884734320965e-07
1.327500000000000036e+01 6.721125314063049261e-10 -2.486229978353228537e-07
1.330000000000000071e+01 6.261114849063011365e-10 -2.399882515512605584e-07
1.332499999999999929e+01 5.798201178727453950e-10 -2.316957624442757912e-07
1.334999999999999964e+01 5.311066058419063016e-10 -2.237318985371771598e-07
1.337500000000000000e+01 4.787889849220201172e-10 -2.160837713830585613e-07
1.340000000000000036e+01 4.227476248037400579e-10 -2.087391971472475993e-07
1.342500000000000071e+01 3.638929431610346645e-10 -2.016866329440314677e-07
1.344999999999999929e+01 3.039948311832233544e-10 -1.949150943952866577e-07
1.347499999999999964e+01 2.453991579010464956e-10 -1.884140630486408397e-07
1.350000000000000178e+01 1.906717679736605647e-10 -1.821733937132129075e-07
1.352500000000000213e+01 1.422196430481927139e-10 -1.761832317213287590e-07
1.355000000000000249e+01 1.019413158786683426e-10 -1.704339487770886186e-07
1.357499999999999929e+01 7.095376682455952337e-11 -1.649161034545715823e-07
1.359999999999999964e+01 4.943185086268667396e-11 -1.596204289829775664e-07
1.362500000000000000e+01 3.658039683420185127e-11 -1.545378472922923871e-07
1.365000000000000213e+01 3.074061881787842048e-11 -1.496595046695109670e-07
1.367500000000000249e+01 2.961418718223379729e-11 -1.449768215845147797e-07
1.369999999999999929e+01 3.057247417085615640e-11 -1.404815473771752462e-07
1.372499999999999964e+01 3.100739166842481136e-11 -1.361658100133008017e-07
1.375000000000000000e+01 2.867533003211683214e-11 -1.320221519371565988e-07
1.377500000000000213e+01 2.198736601150249042e-11 -1.280435451194648342e-07
1.380000000000000249e+01 1.020710711325491829e-11 -1.242233813813012969e-07
1.382499999999999929e+01 -6.469297605454610448e-12 -1.205554375672386751e-07
1.384999999999999964e+01 -2.695993913057911294e-11 -1.170338186079370554e-07
1.387500000000000000e+01 -4.946224331477766138e-11 -1.136528846229139534e-07
1.390000000000000213e+01 -7.171199943151428992e-11 -1.104071703232040940e-07
1.392500000000000249e+01 -9.129952185358218740e-11 -1.072913060128567981e-07
1.394999999999999929e+01 -1.059991023785326674e-10 -1.042999492288806781e-07
1.397499999999999964e+01 -1.140668437501108313e-10 -1.014277345034920288e-07
1.400000000000000000e+01 -1.144671164286724414e-10 -9.866924628323872582e-08
1.402500000000000213e+01 -1.069982968661837204e-10 -9.601901681489405508e-08
1.405000000000000249e+01 -9.230268693673916611e-11 -9.347154742944087618e-08
1.407499999999999929e+01 -7.176149619600109605e-11 -9.102134854476551771e-08
1.409999999999999964e+01 -4.729135832090028648e-11 -8.866299116895351783e-08
1.412500000000000000e+01 -2.107185038695556849e-11 -8.639116128314048013e-08
1.415000000000000213e+01 4.757734021373413674e-12 -8.420070813884474102e-08
1.417500000000000249e+01 2.839074220288092821e-11 -8.208667845803458398e-08
1.419999999999999929e+01 4.859532794846225016e-11 -8.004433052064492569e-08
1.422499999999999964e+01 6.487467792710348435e-11 -7.806912493258456760e-08
1.425000000000000000e+01 7.752524121734923007e-11 -7.615669209011736327e-08
1.427500000000000036e+01 8.758694671450203015e-11 -7.430277956549909364e-08
1.430000000000000249e+01 9.669400574095572820e-11 -7.250318548394115069e-08
1.432499999999999929e+01 1.068477746371335589e-10 -7.075368592524091043e-08
1.434999999999999964e+01 1.201429362765293221e-10 -6.904996545123485093e-08
1.437500000000000000e+01 1.384834180180192945e-10 -6.738755970793537646e-08
1.440000000000000036e+01 1.633246425399382050e-10 -6.576181790816351498e-08
1.442500000000000249e+01 1.954738812591414777e-10 -6.416789088632396739e-08
1.444999999999999929e+01 2.349716364153656992e-10 -6.260074780078463197e-08
1.447499999999999964e+01 2.810653360393235339e-10 -6.105522159701733654e-08
1.450000000000000000e+01 3.322740038855179879e-10 -5.952608060096967638e-08
1.452500000000000036e+01 3.865306772759454928e-10 -5.800812126253379348e-08
1.455000000000000249e+01 4.413798926379061732e-10 -5.649627548142741819e-08
1.457499999999999929e+01 4.942017306766115756e-10 -5.498572517022799487e-08
1.459999999999999964e+01 5.424323746979026694e-10 -5.347201683367976644e-08
1.462500000000000000e+01 5.837539902025811492e-10 -5.195116979291579791e-08
1.465000000000000036e+01 6.162333199942390536e-10 -5.041977313933297048e-08
1.467500000000000249e+01 6.383975981788219308e-10 -4.887506819308814942e-08
1.469999999999999929e+01 6.492467877129222001e-10 -4.731501492618810503e-08
1.472499999999999964e+01 6.482110643187768194e-10 -4.573834229219755329e-08
1.475000000000000000e+01 6.350704418276305988e-10 -4.414458332602908796e-08
1.477500000000000036e+01 6.098583285674070411e-10 -4.253409624914903031e-08
1.480000000000000249e+01 5.727718371895273157e-10 -4.090807265787044711e-08
1.482499999999999929e+01 5.241088970722257824e-10 -3.926853314437299968e-08
1.484999999999999964e+01 4.642460260850188572e-10 -3.761830977377884698e-08
1.487500000000000000e+01 3.936620868501599385e-10 -3.596101382723954856e-08
1.490000000000000036e+01 3.130039088578614254e-10 -3.430098647904610017e-08
1.492500000000000071e+01 2.231806925670122352e-10 -3.264322971257761074e-08
1.494999999999999929e+01 1.254672417180219664e-10 -3.099331516221104074e-08
1.497499999999999964e+01 2.159234906434571948e-11 -2.935726949000932346e-08
