# col1: r[fm],  col2: chargedensity, col3: weak density [fm^-3](normailized to Q=1)
2.101448349307773875e-07 5.631320922337058887e-02 -7.934377982602364154e-02
2.500000000000000139e-02 5.631629877329480394e-02 -7.934187609302105482e-02
5.000000000000000278e-02 5.632556068762208795e-02 -7.933617054159265713e-02
7.499999999999999722e-02 5.634097473350359320e-02 -7.932668006789327098e-02
1.000000000000000056e-01 5.636250710501061745e-02 -7.931343267922080775e-02
1.250000000000000000e-01 5.639011030949180742e-02 -7.929646727251339622e-02
1.499999999999999944e-01 5.642372303346496892e-02 -7.927583333942490873e-02
1.749999999999999889e-01 5.646327001020979425e-02 -7.925159061160821916e-02
2.000000000000000111e-01 5.650866191384115722e-02 -7.922380866168307612e-02
2.250000000000000056e-01 5.655979530498390917e-02 -7.919256647594413723e-02
2.500000000000000000e-01 5.661655265124199837e-02 -7.915795201417012705e-02
2.750000000000000222e-01 5.667880244167677189e-02 -7.912006177002281482e-02
2.999999999999999889e-01 5.674639940889548290e-02 -7.907900034268684764e-02
3.250000000000000111e-01 5.681918486566236298e-02 -7.903488002688835445e-02
3.499999999999999778e-01 5.689698715582672262e-02 -7.898782042458094010e-02
3.750000000000000000e-01 5.697962221249052578e-02 -7.893794807777093636e-02
4.000000000000000222e-01 5.706689421032949683e-02 -7.888539611850296784e-02
4.249999999999999889e-01 5.715859629435907086e-02 -7.883030392924697538e-02
4.500000000000000111e-01 5.725451136455458889e-02 -7.877281680503039896e-02
4.749999999999999778e-01 5.735441289477240939e-02 -7.871308560777200147e-02
5.000000000000000000e-01 5.745806576535085475e-02 -7.865126640341861541e-02
5.250000000000000222e-01 5.756522709138730404e-02 -7.858752007358589531e-02
5.500000000000000444e-01 5.767564703262776510e-02 -7.852201189529611769e-02
5.749999999999999556e-01 5.778906957568679531e-02 -7.845491108485914966e-02
5.999999999999999778e-01 5.790523328440888573e-02 -7.838639030468790014e-02
6.250000000000000000e-01 5.802387201904784381e-02 -7.831662513459669572e-02
6.500000000000000222e-01 5.814471562910887570e-02 -7.824579351163672702e-02
6.750000000000000444e-01 5.826749062779048444e-02 -7.817407514456094220e-02
6.999999999999999556e-01 5.839192085774740082e-02 -7.810165091042291230e-02
7.249999999999999778e-01 5.851772815829185681e-02 -7.802870224152189116e-02
7.500000000000000000e-01 5.864463304322823506e-02 -7.795541051090706941e-02
7.750000000000000222e-01 5.877235539648957563e-02 -7.788195642401472829e-02
8.000000000000000444e-01 5.890061518992410761e-02 -7.780851942286791390e-02
8.249999999999999556e-01 5.902913322434895360e-02 -7.773527710778517508e-02
8.499999999999999778e-01 5.915763189173973285e-02 -7.766240467992167884e-02
8.750000000000000000e-01 5.928583595352962532e-02 -7.759007440638582276e-02
9.000000000000000222e-01 5.941347332775260420e-02 -7.751845510830923658e-02
9.250000000000001554e-01 5.954027587638485719e-02 -7.744771167122316280e-02
9.499999999999999556e-01 5.966598018381013419e-02 -7.737800457648656705e-02
9.749999999999999778e-01 5.979032831783195889e-02 -7.730948945234215886e-02
1.000000000000000000e+00 5.991306856594599828e-02 -7.724231664341624226e-02
1.024999999999999911e+00 6.003395614145605463e-02 -7.717663079804527870e-02
1.050000000000000044e+00 6.015275385619798382e-02 -7.711257047360031702e-02
1.074999999999999956e+00 6.026923275884452785e-02 -7.705026776086014439e-02
1.100000000000000089e+00 6.038317273972962362e-02 -7.698984792932556109e-02
1.125000000000000000e+00 6.049436310463938288e-02 -7.693142909605925339e-02
1.149999999999999911e+00 6.060260312091791252e-02 -7.687512192108812703e-02
1.175000000000000044e+00 6.070770253946761175e-02 -7.682102933256641786e-02
1.199999999999999956e+00 6.080948209581497205e-02 -7.676924628475835510e-02
1.225000000000000089e+00 6.090777399246024432e-02 -7.671985955148061254e-02
1.250000000000000000e+00 6.100242236340304436e-02 -7.667294755700568287e-02
1.274999999999999911e+00 6.109328372023486997e-02 -7.662858024565102899e-02
1.300000000000000044e+00 6.118022737771916519e-02 -7.658681899045094443e-02
1.324999999999999956e+00 6.126313585554059304e-02 -7.654771654052457130e-02
1.350000000000000089e+00 6.134190525204010619e-02 -7.651131700609140052e-02
1.375000000000000000e+00 6.141644558536166892e-02 -7.647765587959945432e-02
1.399999999999999911e+00 6.148668109754563266e-02 -7.644676009115852766e-02
1.425000000000000044e+00 6.155255051767342944e-02 -7.641864809640416811e-02
1.449999999999999956e+00 6.161400728110737191e-02 -7.639332999504247490e-02
1.475000000000000089e+00 6.167101970303488084e-02 -7.637080767858228647e-02
1.500000000000000000e+00 6.172357110576502659e-02 -7.635107500609998599e-02
1.524999999999999911e+00 6.177165990037218612e-02 -7.633411800722259000e-02
1.550000000000000044e+00 6.181529962420121566e-02 -7.631991511180399868e-02
1.574999999999999956e+00 6.185451893633577697e-02 -7.630843740594638047e-02
1.600000000000000089e+00 6.188936157333652793e-02 -7.629964891405292826e-02
1.625000000000000000e+00 6.191988626737555956e-02 -7.629350690647675182e-02
1.649999999999999911e+00 6.194616662838044185e-02 -7.628996223205893046e-02
1.675000000000000044e+00 6.196829099104914085e-02 -7.628895967446010229e-02
1.699999999999999956e+00 6.198636222672282425e-02 -7.629043833072372827e-02
1.725000000000000311e+00 6.200049751924211622e-02 -7.629433201002149001e-02
1.750000000000000000e+00 6.201082810318507554e-02 -7.630056965007243897e-02
1.774999999999999911e+00 6.201749896239358573e-02 -7.630907574834897011e-02
1.800000000000000044e+00 6.202066848650653053e-02 -7.631977080491876564e-02
1.824999999999999956e+00 6.202050808335338866e-02 -7.633257177364295709e-02
1.850000000000000311e+00 6.201720174550447162e-02 -7.634739251846334174e-02
1.875000000000000000e+00 6.201094556996188806e-02 -7.636414427164672780e-02
1.899999999999999911e+00 6.200194723082096820e-02 -7.638273609108812978e-02
1.925000000000000044e+00 6.199042540562986481e-02 -7.640307531406731467e-02
1.949999999999999956e+00 6.197660915701808798e-02 -7.642506800516030152e-02
1.975000000000000089e+00 6.196073727185842650e-02 -7.644861939629074565e-02
2.000000000000000000e+00 6.194305756069880958e-02 -7.647363431713202764e-02
2.024999999999999911e+00 6.192382612041798934e-02 -7.650001761421190705e-02
2.049999999999999822e+00 6.190330656301547968e-02 -7.652767455712432276e-02
2.075000000000000178e+00 6.188176921318196133e-02 -7.655651123021942062e-02
2.100000000000000089e+00 6.185949027687061286e-02 -7.658643490803940246e-02
2.125000000000000000e+00 6.183675098259046321e-02 -7.661735441262754187e-02
2.149999999999999911e+00 6.181383669665675012e-02 -7.664918045068830343e-02
2.174999999999999822e+00 6.179103601324994338e-02 -7.668182592845544654e-02
2.200000000000000178e+00 6.176863981992167935e-02 -7.671520624206358552e-02
2.225000000000000089e+00 6.174694033918649155e-02 -7.674923954123588632e-02
2.250000000000000000e+00 6.172623014706712929e-02 -7.678384696421199085e-02
2.274999999999999911e+00 6.170680116989743502e-02 -7.681895284204300067e-02
2.299999999999999822e+00 6.168894366128575141e-02 -7.685448487066472156e-02
2.325000000000000178e+00 6.167294516183296355e-02 -7.689037424950224964e-02
2.350000000000000089e+00 6.165908944490421095e-02 -7.692655578573372177e-02
2.375000000000000000e+00 6.164765545239164063e-02 -7.696296796371600302e-02
2.399999999999999911e+00 6.163891622490628303e-02 -7.699955297942119581e-02
2.424999999999999822e+00 6.163313783115081240e-02 -7.703625674002884116e-02
2.450000000000000178e+00 6.163057830132515069e-02 -7.707302882904704111e-02
2.475000000000000089e+00 6.163148656930784314e-02 -7.710982243749207876e-02
2.500000000000000000e+00 6.163610142806653924e-02 -7.714659426174577672e-02
2.524999999999999911e+00 6.164465050233274013e-02 -7.718330436874544509e-02
2.549999999999999822e+00 6.165734924209689133e-02 -7.721991602916604414e-02
2.575000000000000178e+00 6.167439994000702141e-02 -7.725639551924950998e-02
2.600000000000000089e+00 6.169599077535900533e-02 -7.729271189194922287e-02
2.625000000000000000e+00 6.172229488709457534e-02 -7.732883671810766857e-02
2.649999999999999911e+00 6.175346947811183318e-02 -7.736474379848794214e-02
2.674999999999999822e+00 6.178965495324459378e-02 -7.740040884764227969e-02
2.700000000000000178e+00 6.183097409346485079e-02 -7.743580915081846316e-02
2.725000000000000089e+00 6.187753126916888113e-02 -7.747092319537024485e-02
2.750000000000000000e+00 6.192941169576145904e-02 -7.750573027843032925e-02
2.774999999999999911e+00 6.198668073509587539e-02 -7.754021009290300304e-02
2.799999999999999822e+00 6.204938324659329402e-02 -7.757434229411559745e-02
2.825000000000000178e+00 6.211754299200190205e-02 -7.760810604970999615e-02
2.850000000000000089e+00 6.219116209772690418e-02 -7.764147957554230761e-02
2.875000000000000000e+00 6.227022057845327946e-02 -7.767443966047994641e-02
2.899999999999999911e+00 6.235467592539902654e-02 -7.770696118303646593e-02
2.924999999999999822e+00 6.244446276201086332e-02 -7.773901662277335478e-02
2.950000000000000178e+00 6.253949256929099143e-02 -7.777057556933521243e-02
2.975000000000000089e+00 6.263965348228084373e-02 -7.780160423188774155e-02
3.000000000000000000e+00 6.274481015858673905e-02 -7.783206495161458516e-02
3.024999999999999911e+00 6.285480371926673027e-02 -7.786191571982227499e-02
3.049999999999999822e+00 6.296945176194919391e-02 -7.789110970411095014e-02
3.075000000000000178e+00 6.308854844574816878e-02 -7.791959478501062075e-02
3.100000000000000089e+00 6.321186464737749144e-02 -7.794731310545663372e-02
3.125000000000000000e+00 6.333914818783144274e-02 -7.797420063548279878e-02
3.149999999999999911e+00 6.347012412905654599e-02 -7.800018675453841699e-02
3.174999999999999822e+00 6.360449514013925831e-02 -7.802519385387030049e-02
3.200000000000000178e+00 6.374194193262724961e-02 -7.804913696143690738e-02
3.225000000000000089e+00 6.388212376463413278e-02 -7.807192339182313090e-02
3.250000000000000000e+00 6.402467901330903544e-02 -7.809345242358427253e-02
3.274999999999999911e+00 6.416922581505869749e-02 -7.811361500635952138e-02
3.299999999999999822e+00 6.431536277257994538e-02 -7.813229349995109985e-02
3.325000000000000178e+00 6.446266972731334866e-02 -7.814936144736896184e-02
3.350000000000000089e+00 6.461070859538688149e-02 -7.816468338360192669e-02
3.375000000000000444e+00 6.475902426453726546e-02 -7.817811468160586197e-02
3.399999999999999911e+00 6.490714554891544030e-02 -7.818950143671477004e-02
3.424999999999999822e+00 6.505458619816631427e-02 -7.819868039040150931e-02
3.450000000000000622e+00 6.520084595676038652e-02 -7.820547889405471409e-02
3.475000000000000533e+00 6.534541166927883282e-02 -7.820971491321225544e-02
3.500000000000000000e+00 6.548775842723809915e-02 -7.821119707250537290e-02
3.524999999999999911e+00 6.562735075307085664e-02 -7.820972474142616482e-02
3.549999999999999822e+00 6.576364381704614959e-02 -7.820508816092709703e-02
3.575000000000000622e+00 6.589608468316854317e-02 -7.819706861078652704e-02
3.600000000000000089e+00 6.602411358040143063e-02 -7.818543861761732827e-02
3.625000000000000000e+00 6.614716519586004428e-02 -7.816996220333836953e-02
3.649999999999999911e+00 6.626466998686986187e-02 -7.815039517386000723e-02
3.674999999999999822e+00 6.637605550894636053e-02 -7.812648544763875491e-02
3.700000000000000622e+00 6.648074775680062887e-02 -7.809797342362924388e-02
3.725000000000000089e+00 6.657817251540787407e-02 -7.806459238799764999e-02
3.750000000000000000e+00 6.666775671800295733e-02 -7.802606895876494641e-02
3.774999999999999911e+00 6.674892980761940042e-02 -7.798212356732801831e-02
3.799999999999999822e+00 6.682112509850762772e-02 -7.793247097557530478e-02
3.825000000000000178e+00 6.688378113349836840e-02 -7.787682082708416442e-02
3.850000000000000089e+00 6.693634303316850498e-02 -7.781487823067689824e-02
3.875000000000000000e+00 6.697826383255446603e-02 -7.774634437443245227e-02
3.899999999999999911e+00 6.700900580117297167e-02 -7.767091716811179436e-02
3.924999999999999822e+00 6.702804174225705791e-02 -7.758829191186170093e-02
3.950000000000000178e+00 6.703485626739216774e-02 -7.749816198901274267e-02
3.975000000000000089e+00 6.702894704311664065e-02 -7.740021958077773767e-02
4.000000000000000000e+00 6.700982600649543763e-02 -7.729415640067416327e-02
4.025000000000000355e+00 6.697702054713847164e-02 -7.717966444652755997e-02
4.049999999999999822e+00 6.693007465356939911e-02 -7.705643676794518560e-02
4.075000000000000178e+00 6.686855002220797040e-02 -7.692416824716907797e-02
4.099999999999999645e+00 6.679202712748215365e-02 -7.678255639121230047e-02
4.125000000000000000e+00 6.670010625170860741e-02 -7.663130213314688077e-02
4.150000000000000355e+00 6.659240847337882796e-02 -7.647011064034424377e-02
4.174999999999999822e+00 6.646857661236980908e-02 -7.629869212737322437e-02
4.200000000000000178e+00 6.632827613040334636e-02 -7.611676267114583783e-02
4.224999999999999645e+00 6.617119598483971188e-02 -7.592404502577834724e-02
4.250000000000000000e+00 6.599704943366439813e-02 -7.572026943451977410e-02
4.275000000000000355e+00 6.580557478935035454e-02 -7.550517443600601730e-02
4.299999999999999822e+00 6.559653611919409599e-02 -7.527850766203433852e-02
4.325000000000000178e+00 6.536972388975667569e-02 -7.504002662403251589e-02
4.349999999999999645e+00 6.512495555319805507e-02 -7.478949948542083781e-02
4.375000000000000000e+00 6.486207607356740679e-02 -7.452670581713044529e-02
4.400000000000000355e+00 6.458095839148117467e-02 -7.425143733364594767e-02
4.424999999999999822e+00 6.428150382604255753e-02 -7.396349860706986912e-02
4.450000000000000178e+00 6.396364241329288713e-02 -7.366270775685103411e-02
4.474999999999999645e+00 6.362733318088530099e-02 -7.334889711296412040e-02
4.500000000000000000e+00 6.327256435899879239e-02 -7.302191385046130634e-02
4.525000000000000355e+00 6.289935352773229349e-02 -7.268162059343237502e-02
4.549999999999999822e+00 6.250774770132108693e-02 -7.232789598649655427e-02
4.575000000000000178e+00 6.209782334950313815e-02 -7.196063523201458312e-02
4.599999999999999645e+00 6.166968635624923978e-02 -7.157975059125108730e-02
4.625000000000000000e+00 6.122347191589074672e-02 -7.118517184774800222e-02
4.650000000000000355e+00 6.075934436647618953e-02 -7.077684673119936931e-02
4.674999999999999822e+00 6.027749696000739982e-02 -7.035474130015800798e-02
4.700000000000000178e+00 5.977815156909407207e-02 -6.991884028196981848e-02
4.724999999999999645e+00 5.926155832955420227e-02 -6.946914736842797755e-02
4.750000000000000000e+00 5.872799521860352229e-02 -6.900568546577492968e-02
4.775000000000000355e+00 5.817776756852015979e-02 -6.852849689785588116e-02
4.799999999999999822e+00 5.761120751603360235e-02 -6.803764356143802983e-02
4.825000000000000178e+00 5.702867338813916859e-02 -6.753320703294911354e-02
4.849999999999999645e+00 5.643054902554185681e-02 -6.701528862614371251e-02
4.875000000000000000e+00 5.581724304543975168e-02 -6.648400940046364505e-02
4.900000000000000355e+00 5.518918804582052806e-02 -6.593951012010758339e-02
4.924999999999999822e+00 5.454683975382319111e-02 -6.538195116404942053e-02
4.950000000000000178e+00 5.389067612098290272e-02 -6.481151238744216336e-02
4.974999999999999645e+00 5.322119636831439127e-02 -6.422839293500351432e-02
5.000000000000000000e+00 5.253891998420289616e-02 -6.363281100710793670e-02
5.025000000000000355e+00 5.184438567798269060e-02 -6.302500357940749032e-02
5.049999999999999822e+00 5.113815029192337464e-02 -6.240522607688124557e-02
5.075000000000000178e+00 5.042078767416036805e-02 -6.177375200328221599e-02
5.099999999999999645e+00 4.969288751494262135e-02 -6.113087252702095742e-02
5.125000000000000000e+00 4.895505414847192704e-02 -6.047689602460751268e-02
5.150000000000000355e+00 4.820790532260678385e-02 -5.981214758287652783e-02
5.174999999999999822e+00 4.745207093882138072e-02 -5.913696846134607055e-02
5.200000000000000178e+00 4.668819176504366425e-02 -5.845171551620928496e-02
5.224999999999999645e+00 4.591691812433551512e-02 -5.775676058762402310e-02
5.250000000000000000e+00 4.513890856278415104e-02 -5.705248985213803858e-02
5.275000000000000355e+00 4.435482850040933095e-02 -5.633930314225662345e-02
5.299999999999999822e+00 4.356534886929965683e-02 -5.561761323531125983e-02
5.325000000000000178e+00 4.277114474352931850e-02 -5.488784511391080201e-02
5.349999999999999645e+00 4.197289396562955965e-02 -5.415043520034175384e-02
5.375000000000000000e+00 4.117127577446909326e-02 -5.340583056732579187e-02
5.400000000000000355e+00 4.036696943932565479e-02 -5.265448812754128238e-02
5.424999999999999822e+00 3.956065290471294515e-02 -5.189687380427535773e-02
5.450000000000000178e+00 3.875300145019196230e-02 -5.113346168550374909e-02
5.474999999999999645e+00 3.794468636898375852e-02 -5.036473316361013419e-02
5.500000000000000000e+00 3.713637366876237217e-02 -4.959117606286803787e-02
5.525000000000000355e+00 3.632872279759728762e-02 -4.881328375673311265e-02
5.549999999999999822e+00 3.552238539768030195e-02 -4.803155427694012075e-02
5.575000000000000178e+00 3.471800408925207471e-02 -4.724648941637886457e-02
5.599999999999999645e+00 3.391621128705767096e-02 -4.645859382773707275e-02
5.625000000000000000e+00 3.311762805170766905e-02 -4.566837411994315726e-02
5.650000000000000355e+00 3.232286297848670914e-02 -4.487633795451389379e-02
5.674999999999999822e+00 3.153251112639015447e-02 -4.408299314399360957e-02
5.700000000000000178e+00 3.074715299043859554e-02 -4.328884675475355714e-02
5.724999999999999645e+00 2.996735352055729038e-02 -4.249440421648575245e-02
5.750000000000000000e+00 2.919366119045926911e-02 -4.170016844076036844e-02
5.775000000000000355e+00 2.842660711999303244e-02 -4.090663895101317310e-02
5.799999999999999822e+00 2.766670425427261368e-02 -4.011431102628158080e-02
5.825000000000000178e+00 2.691444660259561389e-02 -3.932367486091889464e-02
5.849999999999999645e+00 2.617030853968086920e-02 -3.853521474239202105e-02
5.875000000000000000e+00 2.543474417115633782e-02 -3.774940824911769688e-02
5.900000000000000355e+00 2.470818676455408675e-02 -3.696672547013835769e-02
5.924999999999999822e+00 2.399104824637776287e-02 -3.618762824828812563e-02
5.950000000000000178e+00 2.328371876517089378e-02 -3.541256944837632009e-02
5.974999999999999645e+00 2.258656631998565492e-02 -3.464199225182586217e-02
6.000000000000000000e+00 2.189993645327743821e-02 -3.387632947915571874e-02
6.025000000000000355e+00 2.122415200705878718e-02 -3.311600294169208397e-02
6.049999999999999822e+00 2.055951294113162603e-02 -3.236142282391916286e-02
6.075000000000000178e+00 1.990629621236165298e-02 -3.161298709793213674e-02
6.099999999999999645e+00 1.926475571421212840e-02 -3.087108097150715463e-02
6.125000000000000000e+00 1.863512227605345836e-02 -3.013607637133863468e-02
6.150000000000000355e+00 1.801760372204195756e-02 -2.940833146299465586e-02
6.174999999999999822e+00 1.741238498953947764e-02 -2.868819020908551856e-02
6.200000000000000178e+00 1.681962830707087533e-02 -2.797598196702278522e-02
6.224999999999999645e+00 1.623947343164516485e-02 -2.727202112756055286e-02
6.250000000000000000e+00 1.567203794488305699e-02 -2.657660679506216109e-02
6.275000000000000355e+00 1.511741760681740813e-02 -2.589002251014362391e-02
6.299999999999999822e+00 1.457568676549987272e-02 -2.521253601502322986e-02
6.325000000000000178e+00 1.404689881973057372e-02 -2.454439906158994641e-02
6.349999999999999645e+00 1.353108673140692407e-02 -2.388584726191354118e-02
6.375000000000000000e+00 1.302826358325460607e-02 -2.323709998068428095e-02
6.400000000000000355e+00 1.253842317714526540e-02 -2.259836026891249433e-02
6.424999999999999822e+00 1.206154066788738682e-02 -2.196981483814468977e-02
6.450000000000000178e+00 1.159757322734702653e-02 -2.135163407446847086e-02
6.474999999999999645e+00 1.114646073402193217e-02 -2.074397209166888370e-02
6.500000000000000000e+00 1.070812648373214819e-02 -2.014696682304027361e-02
6.525000000000000355e+00 1.028247791784607339e-02 -1.956074015152116027e-02
6.549999999999999822e+00 9.869407366342225832e-03 -1.898539807796120402e-02
6.575000000000000178e+00 9.468792803910901570e-03 -1.842103092741329343e-02
6.599999999999999645e+00 9.080498618110645348e-03 -1.786771359332956291e-02
6.625000000000000000e+00 8.704376389204383779e-03 -1.732550581939817577e-02
6.650000000000000355e+00 8.340265681623933863e-03 -1.679445251847376530e-02
6.674999999999999822e+00 7.987994846988677108e-03 -1.627458412762096754e-02
6.700000000000000178e+00 7.647381838220061040e-03 -1.576591699772778715e-02
6.724999999999999645e+00 7.318235033570835539e-03 -1.526845381548144059e-02
6.750000000000000888e+00 7.000354068393722408e-03 -1.478218405478028998e-02
6.775000000000001243e+00 6.693530671311808712e-03 -1.430708445394069349e-02
6.799999999999999822e+00 6.397549500247541945e-03 -1.384311951440475932e-02
6.825000000000001066e+00 6.112188972661668392e-03 -1.339024201613148168e-02
6.849999999999999645e+00 5.837222083480796478e-03 -1.294839354450946084e-02
6.875000000000000000e+00 5.572417203670818574e-03 -1.251750502350917719e-02
6.900000000000001243e+00 5.317538852330793743e-03 -1.209749724992343484e-02
6.924999999999999822e+00 5.072348435575984096e-03 -1.168828142392496459e-02
6.950000000000001066e+00 4.836604946349458423e-03 -1.128975967178922658e-02
6.974999999999999645e+00 4.610065620592179204e-03 -1.090182555744678879e-02
7.000000000000000000e+00 4.392486546813526016e-03 -1.052436458048523239e-02
7.025000000000001243e+00 4.183623227909763140e-03 -1.015725465925364571e-02
7.049999999999999822e+00 3.983231095919017792e-03 -9.800366598748028180e-03
7.075000000000001066e+00 3.791065982125196854e-03 -9.453564543906424478e-03
7.099999999999999645e+00 3.606884546380592117e-03 -9.116706419744737694e-03
7.125000000000000000e+00 3.430444670587316953e-03 -8.789644360361659886e-03
7.150000000000001243e+00 3.261505821881807016e-03 -8.472225129201522639e-03
7.174999999999999822e+00 3.099829391164998955e-03 -8.164290533062562236e-03
7.200000000000000178e+00 2.945179012230557305e-03 -7.865677832187882579e-03
7.224999999999999645e+00 2.797320865923293848e-03 -7.576220148399424523e-03
7.250000000000000000e+00 2.656023972610291328e-03 -7.295746872675999695e-03
7.275000000000001243e+00 2.521060474898086448e-03 -7.024084072895951311e-03
7.299999999999999822e+00 2.392205911122411571e-03 -6.761054901724476186e-03
7.325000000000000178e+00 2.269239478815632260e-03 -6.506480003894660885e-03
7.349999999999999645e+00 2.151944286248444471e-03 -6.260177921471416981e-03
7.375000000000000000e+00 2.040107589344065941e-03 -6.021965495148003979e-03
7.400000000000001243e+00 1.933521010839416715e-03 -5.791658259247278902e-03
7.424999999999999822e+00 1.831980738536359002e-03 -5.569070827900562959e-03
7.450000000000000178e+00 1.735287699827101505e-03 -5.354017269861756183e-03
7.474999999999999645e+00 1.643247710331709709e-03 -5.146311469569310286e-03
7.500000000000000000e+00 1.555671595363649446e-03 -4.945767472364235619e-03
7.525000000000000355e+00 1.472375283936885665e-03 -4.752199812174699375e-03
7.549999999999999822e+00 1.393179876032327657e-03 -4.565423820439789768e-03
7.575000000000000178e+00 1.317911684749249008e-03 -4.385255915525427400e-03
7.599999999999999645e+00 1.246402255691642525e-03 -4.211513872341986903e-03
7.625000000000000000e+00 1.178488366420887227e-03 -4.044017072272909456e-03
7.650000000000000355e+00 1.114012009016012274e-03 -3.882586733842989784e-03
7.674999999999999822e+00 1.052820358724736649e-03 -3.727046124781032213e-03
7.700000000000000178e+00 9.947657313964335373e-04 -3.577220756263314438e-03
7.724999999999999645e+00 9.397055319189060460e-04 -3.432938560170114683e-03
7.750000000000000000e+00 8.875021953073306121e-04 -3.294030050163559813e-03
7.775000000000000355e+00 8.380231214939941418e-04 -3.160328467323610807e-03
7.799999999999999822e+00 7.911406043162247381e-04 -3.031669910982077391e-03
7.825000000000000178e+00 7.467317547588480211e-04 -2.907893455295903345e-03
7.849999999999999645e+00 7.046784182196804899e-04 -2.788841252018273240e-03
7.875000000000000000e+00 6.648670854516939817e-04 -2.674358619873058208e-03
7.900000000000000355e+00 6.271887968902287039e-04 -2.564294120921955123e-03
7.924999999999999822e+00 5.915390402723292836e-04 -2.458499624333811487e-03
7.950000000000000178e+00 5.578176417563393162e-04 -2.356830358017832257e-03
7.974999999999999645e+00 5.259286511005870166e-04 -2.259144948655647783e-03
8.000000000000000000e+00 4.957802218050241360e-04 -2.165305450749800947e-03
8.025000000000000355e+00 4.672844874081056232e-04 -2.075177365384804542e-03
8.050000000000000711e+00 4.403574353223141651e-04 -1.988629649459461041e-03
8.074999999999999289e+00 4.149187796606488275e-04 -1.905534716186933503e-03
8.099999999999999645e+00 3.908918344452132665e-04 -1.825768427666618881e-03
8.125000000000000000e+00 3.682033884081080291e-04 -1.749210080308478792e-03
8.150000000000000355e+00 3.467835823192726391e-04 -1.675742383839044563e-03
8.175000000000000711e+00 3.265657894425879216e-04 -1.605251434545993186e-03
8.199999999999999289e+00 3.074864993728059544e-04 -1.537626683333299937e-03
8.224999999999999645e+00 2.894852051840769475e-04 -1.472760899071793618e-03
8.250000000000000000e+00 2.725042935633729024e-04 -1.410550127649927736e-03
8.275000000000000355e+00 2.564889374350984882e-04 -1.350893647064032709e-03
8.300000000000000711e+00 2.413869905211003992e-04 -1.293693918842285517e-03
8.324999999999999289e+00 2.271488833219366063e-04 -1.238856536073216184e-03
8.349999999999999645e+00 2.137275201369152910e-04 -1.186290168307280440e-03
8.375000000000000000e+00 2.010781769367522929e-04 -1.135906503614934155e-03
8.400000000000000355e+00 1.891584001314483543e-04 -1.087620188110043681e-03
8.425000000000000711e+00 1.779279065022818548e-04 -1.041348763277288696e-03
8.449999999999999289e+00 1.673484847577022929e-04 -9.970126014681413799e-04
8.474999999999999645e+00 1.573838993021623139e-04 -9.545348399465221042e-04
8.500000000000000000e+00 1.479997968576880741e-04 -9.138413138675339402e-04
8.525000000000000355e+00 1.391636165446154196e-04 -8.748604885583317935e-04
8.550000000000000711e+00 1.308445039171595966e-04 -8.375233914399852000e-04
8.574999999999999289e+00 1.230132292771775890e-04 -8.017635438851008437e-04
8.599999999999999645e+00 1.156421103804564587e-04 -7.675168932527814090e-04
8.625000000000000000e+00 1.087049394319434994e-04 -7.347217452858022853e-04
8.650000000000000355e+00 1.021769140681891871e-04 -7.033186970001366204e-04
8.675000000000000711e+00 9.603457187179981560e-05 -6.732505701502297830e-04
8.699999999999999289e+00 9.025572787156499097e-05 -6.444623453182399828e-04
8.724999999999999645e+00 8.481941446243956341e-05 -6.169010966544849744e-04
8.750000000000000000e+00 7.970582323072772401e-05 -5.905159272903936747e-04
8.775000000000000355e+00 7.489624828134075431e-05 -5.652579054518009922e-04
8.800000000000000711e+00 7.037303081819182846e-05 -5.410800013176434668e-04
8.824999999999999289e+00 6.611950490264887346e-05 -5.179370246913920497e-04
8.849999999999999645e+00 6.211994448398313522e-05 -4.957855635758814895e-04
8.875000000000000000e+00 5.835951193693293747e-05 -4.745839237616847599e-04
8.900000000000000355e+00 5.482420843649809167e-05 -4.542920695507572095e-04
8.925000000000000711e+00 5.150082653758079437e-05 -4.348715657388328194e-04
8.949999999999999289e+00 4.837690530387614077e-05 -4.162855209703308023e-04
8.974999999999999645e+00 4.544068825156583156e-05 -3.984985325597171970e-04
9.000000000000000000e+00 4.268108425172101062e-05 -3.814766328452809038e-04
9.025000000000000355e+00 4.008763138842073783e-05 -3.651872371084137936e-04
9.050000000000000711e+00 3.765046361866709830e-05 -3.495990930578927970e-04
9.074999999999999289e+00 3.536027994555337897e-05 -3.346822318481731929e-04
9.099999999999999645e+00 3.320831571583261868e-05 -3.204079205767411224e-04
9.125000000000000000e+00 3.118631559970158748e-05 -3.067486161907015158e-04
9.150000000000000355e+00 2.928650780990095141e-05 -2.936779207280234465e-04
9.175000000000000711e+00 2.750157916807277714e-05 -2.811705378241588721e-04
9.199999999999999289e+00 2.582465072011566850e-05 -2.692022304283466665e-04
9.224999999999999645e+00 2.424925372531144959e-05 -2.577497796932920688e-04
9.250000000000000000e+00 2.276930597879300424e-05 -2.467909450238281671e-04
9.275000000000000355e+00 2.137908855515643268e-05 -2.363044252909257193e-04
9.300000000000000711e+00 2.007322316560778130e-05 -2.262698212341982646e-04
9.324999999999999289e+00 1.884665038872766180e-05 -2.166675990860538544e-04
9.349999999999999645e+00 1.769460905798522223e-05 -2.074790554527050331e-04
9.375000000000000000e+00 1.661261706585618890e-05 -1.986862834810703793e-04
9.400000000000000355e+00 1.559645377954022049e-05 -1.902721403270967956e-04
9.425000000000000711e+00 1.464214416736701745e-05 -1.822202159223033663e-04
9.449999999999999289e+00 1.374594462174529576e-05 -1.745148030139749931e-04
9.474999999999999645e+00 1.290433035056895588e-05 -1.671408684333403787e-04
9.500000000000000000e+00 1.211398410978933162e-05 -1.600840255282350781e-04
9.525000000000000355e+00 1.137178597880544349e-05 -1.533305076844115433e-04
9.550000000000000711e+00 1.067480384655233370e-05 -1.468671428542656229e-04
9.574999999999999289e+00 1.002028428352260267e-05 -1.406813290140006452e-04
9.599999999999999645e+00 9.405643521299891170e-06 -1.347610104793443679e-04
9.625000000000000000e+00 8.828458339758334211e-06 -1.290946550245549221e-04
9.650000000000000355e+00 8.286456761074280922e-06 -1.236712317674127184e-04
9.675000000000000711e+00 7.777508555699249711e-06 -1.184801898015105584e-04
9.699999999999999289e+00 7.299615663716545957e-06 -1.135114375739164366e-04
9.724999999999999645e+00 6.850902712713626542e-06 -1.087553230190007193e-04
9.750000000000000000e+00 6.429607860618808767e-06 -1.042026144662026811e-04
9.775000000000000355e+00 6.034074203174802275e-06 -9.984448234006600164e-05
9.800000000000000711e+00 5.662741960766081762e-06 -9.567248166515348316e-05
9.824999999999999289e+00 5.314141602302352228e-06 -9.167853537756134711e-05
9.849999999999999645e+00 4.986887983845775723e-06 -8.785491843029153845e-05
9.875000000000000000e+00 4.679675488119931690e-06 -8.419424266409591712e-05
9.900000000000000355e+00 4.391274060855173063e-06 -8.068944240067131254e-05
9.925000000000000711e+00 4.120525963736736584e-06 -7.733376070349136811e-05
9.949999999999999289e+00 3.866343011336769289e-06 -7.412073624471244172e-05
9.974999999999999645e+00 3.627704037940686143e-06 -7.104419071527073057e-05
1.000000000000000000e+01 3.403652351523019730e-06 -6.809821671982017421e-05
1.002500000000000036e+01 3.193292974435627474e-06 -6.527716610763536944e-05
1.005000000000000071e+01 2.995789536898813684e-06 -6.257563870377055317e-05
1.007499999999999929e+01 2.810360770861544754e-06 -5.998847141977355432e-05
1.009999999999999964e+01 2.636276636647922202e-06 -5.751072773797841615e-05
1.012500000000000000e+01 2.472854191628255799e-06 -5.513768757601085436e-05
1.015000000000000036e+01 2.319453368604005029e-06 -5.286483754684128284e-05
1.017500000000000071e+01 2.175472864289270643e-06 -5.068786163369052807e-05
1.019999999999999929e+01 2.040346341451299622e-06 -4.860263229782262067e-05
1.022499999999999964e+01 1.913539122118063488e-06 -4.660520203122125267e-05
1.025000000000000000e+01 1.794545498301362265e-06 -4.469179535637354502e-05
1.027500000000000036e+01 1.682886718290694835e-06 -4.285880126337255513e-05
1.030000000000000071e+01 1.578109630734823921e-06 -4.110276606218018304e-05
1.032499999999999929e+01 1.479785895887014996e-06 -3.942038661684849250e-05
1.034999999999999964e+01 1.387511613600959648e-06 -3.780850392050515819e-05
1.037500000000000000e+01 1.300907178806968819e-06 -3.626409696595962533e-05
1.040000000000000036e+01 1.219617162154646339e-06 -3.478427686740326904e-05
1.042500000000000071e+01 1.143310027646097016e-06 -3.336628119385873052e-05
1.044999999999999929e+01 1.071677537796208625e-06 -3.200746848383695652e-05
1.047499999999999964e+01 1.004433754479762334e-06 -3.070531292192557951e-05
1.050000000000000000e+01 9.413136118699558021e-07 -2.945739917027430778e-05
1.052500000000000036e+01 8.820711072041576005e-07 -2.826141735925844682e-05
1.055000000000000071e+01 8.264772161781454142e-07 -2.711515825083200487e-05
1.057499999999999929e+01 7.743176842430750871e-07 -2.601650859366156661e-05
1.059999999999999964e+01 7.253908674848554043e-07 -2.496344669082016114e-05
1.062500000000000000e+01 6.795057943465720707e-07 -2.395403819817898947e-05
1.065000000000000036e+01 6.364805932220087908e-07 -2.298643216541049964e-05
1.067500000000000071e+01 5.961413849060056915e-07 -2.205885732262943423e-05
1.069999999999999929e+01 5.583216798664205671e-07 -2.116961860545137896e-05
1.072499999999999964e+01 5.228622565336373106e-07 -2.031709390121708232e-05
1.075000000000000000e+01 4.896114373315408978e-07 -1.949973099074790364e-05
1.077500000000000036e+01 4.584256317767655190e-07 -1.871604465429243857e-05
1.080000000000000071e+01 4.291699872540435278e-07 -1.796461390835855918e-05
1.082499999999999929e+01 4.017189812847676422e-07 -1.724407934176857410e-05
1.084999999999999964e+01 3.759568049953287094e-07 -1.655314052459097235e-05
1.087500000000000000e+01 3.517774233562654059e-07 -1.589055347157397350e-05
1.090000000000000036e+01 3.290842482280078064e-07 -1.525512815129634295e-05
1.092500000000000071e+01 3.077894184451596858e-07 -1.464572604217094357e-05
1.094999999999999929e+01 2.878127385290990382e-07 -1.406125774517467840e-05
1.097499999999999964e+01 2.690803768376582633e-07 -1.350068066976000650e-05
1.100000000000000000e+01 2.515234580401496947e-07 -1.296299681288228995e-05
1.102500000000000036e+01 2.350766996814268900e-07 -1.244725065102834601e-05
1.105000000000000071e+01 2.196772364508920207e-07 -1.195252716180570036e-05
1.107499999999999929e+01 2.052637499277125909e-07 -1.147794998544779688e-05
1.109999999999999964e+01 1.917759799111788974e-07 -1.102267972858164364e-05
1.112500000000000000e+01 1.791546420321367115e-07 -1.058591240384919112e-05
1.115000000000000036e+01 1.673417223335173052e-07 -1.016687799086873479e-05
1.117500000000000071e+01 1.562810704056740265e-07 -9.764839097564233139e-06
1.119999999999999929e+01 1.459191750836845762e-07 -9.379089697055302693e-06
1.122499999999999964e+01 1.362059856374511557e-07 -9.008953914560280065e-06
1.125000000000000000e+01 1.270956392603384907e-07 -8.653784841177326786e-06
1.127500000000000036e+01 1.185469727032673690e-07 -8.312963356574630034e-06
1.130000000000000071e+01 1.105237291045025713e-07 -7.985896949887710757e-06
1.132499999999999929e+01 1.029944158523537689e-07 -7.672018536212914320e-06
1.134999999999999964e+01 9.593181926701802462e-08 -7.370785274248435144e-06
1.137500000000000000e+01 8.931222998658859630e-08 -7.081677397313030723e-06
1.140000000000000036e+01 8.311447284613959605e-08 -6.804197074706942362e-06
1.142500000000000071e+01 7.731886116979560693e-08 -6.537867322186255297e-06
1.144999999999999929e+01 7.190620468893597578e-08 -6.282230979308042594e-06
1.147499999999999964e+01 6.685699161461538644e-08 -6.036849767621567346e-06
1.150000000000000000e+01 6.215084024754769536e-08 -5.801303437745750168e-06
1.152500000000000036e+01 5.776627779154456817e-08 -5.575189006214333783e-06
1.155000000000000071e+01 5.368085890955808430e-08 -5.358120075570346749e-06
1.157499999999999929e+01 4.987159053551829012e-08 -5.149726224577118544e-06
1.159999999999999964e+01 4.631558874283557668e-08 -4.949652450598493477e-06
1.162500000000000000e+01 4.299086355935387381e-08 -4.757558643695515688e-06
1.165000000000000036e+01 3.987711253421152653e-08 -4.573119072220193877e-06
1.167500000000000071e+01 3.695640519424123506e-08 -4.396021862506851629e-06
1.169999999999999929e+01 3.421365810207451245e-08 -4.225968460320679270e-06
1.172499999999999964e+01 3.163683109416225365e-08 -4.062673068157214617e-06
1.175000000000000000e+01 2.921681516004291162e-08 -3.905862059529345472e-06
1.177500000000000036e+01 2.694702565147788267e-08 -3.755273377972792091e-06
1.180000000000000071e+01 2.482275507446310445e-08 -3.610655933680072302e-06
1.182499999999999929e+01 2.284037216880499837e-08 -3.471769013910575756e-06
1.184999999999999964e+01 2.099647399429911797e-08 -3.338381724094009083e-06
1.187500000000000000e+01 1.928710271587247486e-08 -3.210272474727785836e-06
1.190000000000000036e+01 1.770712844234568396e-08 -3.087228525340691356e-06
1.192500000000000071e+01 1.624987530960020017e-08 -2.969045591132500273e-06
1.194999999999999929e+01 1.490703366738803864e-08 -2.855527511597278054e-06
1.197499999999999964e+01 1.366886162265641451e-08 -2.746485974186358292e-06
1.200000000000000000e+01 1.252463965923039738e-08 -2.641740280704531989e-06
1.202500000000000036e+01 1.146330825786559060e-08 -2.541117140656349771e-06
1.205000000000000071e+01 1.047419465492744215e-08 -2.444450474191808256e-06
1.207499999999999929e+01 9.547724436148481340e-09 -2.351581208362895258e-06
1.209999999999999964e+01 8.676017580902356817e-09 -2.262357053359372886e-06
1.212500000000000000e+01 7.853286232480738476e-09 -2.176632250275542715e-06
1.215000000000000036e+01 7.075980133917683472e-09 -2.094267287767365717e-06
1.217500000000000071e+01 6.342661291401158606e-09 -2.015128590918439664e-06
1.219999999999999929e+01 5.653626970092976334e-09 -1.939088191109998912e-06
1.222499999999999964e+01 5.010334501487239094e-09 -1.866023389608584320e-06
1.225000000000000000e+01 4.414707773848875672e-09 -1.795816429739201854e-06
1.227500000000000036e+01 3.868420423191601922e-09 -1.728354192440414676e-06
1.230000000000000071e+01 3.372252513457358975e-09 -1.663527927802755589e-06
1.232499999999999929e+01 2.925606022237492791e-09 -1.601233031264262509e-06
1.234999999999999964e+01 2.526241484332452479e-09 -1.541368867982286967e-06
1.237500000000000000e+01 2.170266911315795663e-09 -1.483838643252009221e-06
1.240000000000000036e+01 1.852375193932775468e-09 -1.428549311629579267e-06
1.242500000000000071e+01 1.566292243708012072e-09 -1.375411513127602484e-06
1.244999999999999929e+01 1.305369961416841936e-09 -1.324339522306238382e-06
1.247499999999999964e+01 1.063239342081549861e-09 -1.275251195461285442e-06
1.250000000000000000e+01 8.344321762861513425e-10 -1.228067902480540185e-06
1.252500000000000036e+01 6.148856048818935996e-10 -1.182714433217343646e-06
1.255000000000000071e+01 4.022611786481311752e-10 -1.139118872695196240e-06
1.257499999999999929e+01 1.960366291769913073e-10 -1.097212444733470275e-06
1.259999999999999964e+01 -2.639610805439793714e-12 -1.056929328730809941e-06
1.262500000000000000e+01 -1.913084460101617887e-10 -1.018206458735523997e-06
1.265000000000000036e+01 -3.667228517653340492e-10 -9.809833169839425338e-07
1.267500000000000071e+01 -5.254599679077699254e-10 -9.452017353441294891e-07
1.269999999999999929e+01 -6.645380207133206821e-10 -9.108057174384574092e-07
1.272499999999999964e+01 -7.819541136270272167e-10 -8.777412918262179015e-07
1.275000000000000000e+01 -8.770710331318297618e-10 -8.459564026736412372e-07
1.277500000000000036e+01 -9.508028957551749922e-10 -8.154008396878784560e-07
1.280000000000000071e+01 -1.005577764279439480e-09 -7.860262040599946546e-07
1.282499999999999929e+01 -1.045086190178240405e-09 -7.577859027984847993e-07
1.284999999999999964e+01 -1.073853753986770179e-09 -7.306351604176378554e-07
1.287500000000000000e+01 -1.096699188036751396e-09 -7.045310352021343729e-07
1.290000000000000036e+01 -1.118154377568947593e-09 -6.794324272373860716e-07
1.292500000000000071e+01 -1.141926555832435756e-09 -6.553000671370104674e-07
1.294999999999999929e+01 -1.170476016961639390e-09 -6.320964776617079427e-07
1.297499999999999964e+01 -1.204765761946217325e-09 -6.097859046627970088e-07
1.300000000000000000e+01 -1.244215040108303483e-09 -5.883342185014104466e-07
1.302500000000000036e+01 -1.286860443048097832e-09 -5.677087914902043316e-07
1.305000000000000071e+01 -1.329699662411735036e-09 -5.478783605775149380e-07
1.307499999999999929e+01 -1.369168464287814889e-09 -5.288128866826652197e-07
1.309999999999999964e+01 -1.401683892524877026e-09 -5.104834227871664863e-07
1.312500000000000000e+01 -1.424178681517631011e-09 -4.928620017819364404e-07
1.315000000000000036e+01 -1.434554173055334425e-09 -4.759215525045864811e-07
1.317500000000000071e+01 -1.431991219343047358e-09 -4.596358486505701453e-07
1.319999999999999929e+01 -1.417078907589269099e-09 -4.439794908738616955e-07
1.322499999999999964e+01 -1.391746387042416882e-09 -4.289279180642137611e-07
1.325000000000000000e+01 -1.359010202667418530e-09 -4.144574400098396622e-07
1.327500000000000036e+01 -1.322574559691610689e-09 -4.005452809876753575e-07
1.330000000000000071e+01 -1.286341400845890567e-09 -3.871696226893358974e-07
1.332499999999999929e+01 -1.253898668913382928e-09 -3.743096352753874254e-07
1.334999999999999964e+01 -1.228057034829346976e-09 -3.619454873427453400e-07
1.337500000000000000e+01 -1.210497642539932661e-09 -3.500583287925430752e-07
1.340000000000000036e+01 -1.201577391703787186e-09 -3.386302445565391273e-07
1.342500000000000071e+01 -1.200315967305647012e-09 -3.276441814092025304e-07
1.344999999999999929e+01 -1.204563741542869415e-09 -3.170838538905689370e-07
1.347499999999999964e+01 -1.211324981364523721e-09 -3.069336383901424998e-07
1.350000000000000178e+01 -1.217190005457530485e-09 -2.971784661082781926e-07
1.352500000000000213e+01 -1.218815854704155315e-09 -2.878037257696311121e-07
1.355000000000000249e+01 -1.213389317448326021e-09 -2.787951856720286732e-07
1.357499999999999929e+01 -1.199009598886375070e-09 -2.701389419924994000e-07
1.359999999999999964e+01 -1.174939882594298095e-09 -2.618213966530838226e-07
1.362500000000000000e+01 -1.141695605320773881e-09 -2.538292641292773654e-07
1.365000000000000213e+01 -1.100960048153397354e-09 -2.461496025819894586e-07
1.367500000000000249e+01 -1.055341404467852741e-09 -2.387698615696889877e-07
1.369999999999999929e+01 -1.008006833455431472e-09 -2.316779363928363029e-07
1.372499999999999964e+01 -9.622451027697830040e-10 -2.248622183809444013e-07
1.375000000000000000e+01 -9.210182592428694812e-10 -2.183116311679121995e-07
1.377500000000000213e+01 -8.865632670994628255e-10 -2.120156449929304977e-07
1.380000000000000249e+01 -8.600967000348183482e-10 -2.059642642728805929e-07
1.382499999999999929e+01 -8.416607458960580569e-10 -2.001479873748016823e-07
1.384999999999999964e+01 -8.301289873257467468e-10 -1.945577413839834353e-07
1.387500000000000000e+01 -8.233684363837147376e-10 -1.891847981232497440e-07
1.390000000000000213e+01 -8.185333105879212320e-10 -1.840206802236131588e-07
1.392500000000000249e+01 -8.124486221941559004e-10 -1.790570673567660866e-07
1.394999999999999929e+01 -8.020303458605219436e-10 -1.742857127624724211e-07
1.397499999999999964e+01 -7.846850018195411955e-10 -1.696983787019184521e-07
1.400000000000000000e+01 -7.586353191040252735e-10 -1.652867969599942843e-07
1.402500000000000213e+01 -7.231297064053137824e-10 -1.610426571006327234e-07
1.405000000000000249e+01 -6.785096750207862906e-10 -1.569576214530524297e-07
1.407499999999999929e+01 -6.261290316524111559e-10 -1.530233622754655926e-07
1.409999999999999964e+01 -5.681386659299158377e-10 -1.492316135673442247e-07
1.412500000000000000e+01 -5.071685307489322052e-10 -1.455742281615011883e-07
1.415000000000000213e+01 -4.459515219313791466e-10 -1.420432300321258262e-07
1.417500000000000249e+01 -3.869407998307824279e-10 -1.386308525185406116e-07
1.419999999999999929e+01 -3.319718391511894101e-10 -1.353295551055895211e-07
1.422499999999999964e+01 -2.820134820383688478e-10 -1.321320143227843305e-07
1.425000000000000000e+01 -2.370394556353570587e-10 -1.290310879117256548e-07
1.427500000000000036e+01 -1.960352447460964367e-10 -1.260197550418374429e-07
1.430000000000000249e+01 -1.571371252755040586e-10 -1.230910387749450228e-07
1.432499999999999929e+01 -1.178830863793614388e-10 -1.202379196219683440e-07
1.434999999999999964e+01 -7.554152059393874091e-11 -1.174532506108086600e-07
1.437500000000000000e+01 -2.747472305063951485e-11 -1.147296847671979752e-07
1.440000000000000036e+01 2.850862043824728256e-11 -1.120596250499892129e-07
1.442500000000000249e+01 9.385447167996826789e-11 -1.094352049356046802e-07
1.444999999999999929e+01 1.690518272373023513e-10 -1.068483051383056965e-07
1.447499999999999964e+01 2.535295337988595100e-10 -1.042906087784608902e-07
1.450000000000000000e+01 3.456678089759662436e-10 -1.017536940448644244e-07
1.452500000000000036e+01 4.429160151397493088e-10 -9.922916039475912876e-08
1.455000000000000249e+01 5.419955597493389017e-10 -9.670878192206954030e-08
1.457499999999999929e+01 6.391578840433551591e-10 -9.418467985810430933e-08
1.459999999999999964e+01 7.304634110773928938e-10 -9.164950538568972373e-08
1.462500000000000000e+01 8.120482248647786715e-10 -8.909662393500004781e-08
1.465000000000000036e+01 8.803508941163229731e-10 -8.652029284643352283e-08
1.467500000000000249e+01 9.322809500189483331e-10 -8.391582541861193675e-08
1.469999999999999929e+01 9.653215413198863674e-10 -8.127973570205602096e-08
1.472499999999999964e+01 9.775699358271824593e-10 -7.860985974918383870e-08
1.475000000000000000e+01 9.677289812027829930e-10 -7.590545008362164185e-08
1.477500000000000036e+01 9.350689805658589166e-10 -7.316724094726046965e-08
1.480000000000000249e+01 8.793817661231559906e-10 -7.039748224048711263e-08
1.482499999999999929e+01 8.009467882979612015e-10 -6.759994020029904957e-08
1.484999999999999964e+01 7.005233016485981480e-10 -6.477986281137998458e-08
1.487500000000000000e+01 5.793741741058038231e-10 -6.194390796084153363e-08
1.490000000000000036e+01 4.393171572804829046e-10 -5.910003265784364202e-08
1.492500000000000071e+01 2.827901294493074257e-10 -5.625734232751259663e-08
1.494999999999999929e+01 1.129097871626758862e-10 -5.342590053087253226e-08
1.497499999999999964e+01 -6.650041649427361712e-11 -5.061650123974247060e-08
