# col1: r[fm],  col2: chargedensity, col3: weak density [fm^-3](normailized to Q=1)
2.101448349307773875e-07 4.489285443807495418e-02 -5.309257584340323910e-02
2.500000000000000139e-02 4.489898533470351727e-02 -5.310023112830719594e-02
5.000000000000000278e-02 4.491736741947362221e-02 -5.312318880878027366e-02
7.499999999999999722e-02 4.494796887232908877e-02 -5.316142434632560587e-02
1.000000000000000056e-01 4.499073664645295706e-02 -5.321489679255599764e-02
1.250000000000000000e-01 4.504559645599334750e-02 -5.328354871862213404e-02
1.499999999999999944e-01 4.511245277374738988e-02 -5.336730612743583596e-02
1.749999999999999889e-01 4.519118885197816182e-02 -5.346607835856032748e-02
2.000000000000000111e-01 4.528166678108001136e-02 -5.357975799694233293e-02
2.250000000000000056e-01 4.538372760098677988e-02 -5.370822079702827767e-02
2.500000000000000000e-01 4.549719147904107003e-02 -5.385132563323345722e-02
2.750000000000000222e-01 4.562185796564106888e-02 -5.400891448629849961e-02
2.999999999999999889e-01 4.575750633560500547e-02 -5.418081247293086988e-02
3.250000000000000111e-01 4.590389601917490431e-02 -5.436682792350822080e-02
3.499999999999999778e-01 4.606076712231045589e-02 -5.456675250977314345e-02
3.750000000000000000e-01 4.622784103180177517e-02 -5.478036142164303263e-02
4.000000000000000222e-01 4.640482109712547321e-02 -5.500741358974618050e-02
4.249999999999999889e-01 4.659139337819248605e-02 -5.524765194829651255e-02
4.500000000000000111e-01 4.678722744639953607e-02 -5.550080373158106095e-02
4.749999999999999778e-01 4.699197722580115283e-02 -5.576658079675148733e-02
5.000000000000000000e-01 4.720528186175181745e-02 -5.604467996578190586e-02
5.250000000000000222e-01 4.742676660589845855e-02 -5.633478338031914362e-02
5.500000000000000444e-01 4.765604370871541484e-02 -5.663655886457498456e-02
5.749999999999999556e-01 4.789271331357813910e-02 -5.694966029321534701e-02
5.999999999999999778e-01 4.813636434935340130e-02 -5.727372796318217635e-02
6.250000000000000000e-01 4.838657542132053513e-02 -5.760838897033197792e-02
6.500000000000000222e-01 4.864291570265428383e-02 -5.795325759349367195e-02
6.750000000000000444e-01 4.890494583047023253e-02 -5.830793568988464765e-02
6.999999999999999556e-01 4.917221881142692930e-02 -5.867201310666508851e-02
7.249999999999999778e-01 4.944428094204728064e-02 -5.904506811371154629e-02
7.500000000000000000e-01 4.972067274831487582e-02 -5.942666786245893312e-02
7.750000000000000222e-01 5.000092994784683526e-02 -5.981636887496123711e-02
8.000000000000000444e-01 5.028458443623062823e-02 -6.021371756626119065e-02
8.249999999999999556e-01 5.057116529716890185e-02 -6.061825080188008863e-02
8.499999999999999778e-01 5.086019983413440221e-02 -6.102949649088421080e-02
8.750000000000000000e-01 5.115121461951707693e-02 -6.144697421370524937e-02
9.000000000000000222e-01 5.144373655592197891e-02 -6.187019588280680271e-02
9.250000000000001554e-01 5.173729394346736343e-02 -6.229866643349316058e-02
9.499999999999999556e-01 5.203141754668514501e-02 -6.273188454169922879e-02
9.749999999999999778e-01 5.232564165492405162e-02 -6.316934336548836459e-02
1.000000000000000000e+00 5.261950513091121634e-02 -6.361053130718619109e-02
1.024999999999999911e+00 5.291255244321540346e-02 -6.405493279352666991e-02
1.050000000000000044e+00 5.320433467961093593e-02 -6.450202907178832767e-02
1.074999999999999956e+00 5.349441053959864967e-02 -6.495129902055744864e-02
1.100000000000000089e+00 5.378234730544156905e-02 -6.540221997436729273e-02
1.125000000000000000e+00 5.406772179189454214e-02 -6.585426856194480372e-02
1.149999999999999911e+00 5.435012127526595710e-02 -6.630692155808744215e-02
1.175000000000000044e+00 5.462914440251610132e-02 -6.675965674925569970e-02
1.199999999999999956e+00 5.490440208079153811e-02 -6.721195381280374581e-02
1.225000000000000089e+00 5.517551834718643217e-02 -6.766329520940433939e-02
1.250000000000000000e+00 5.544213121770801000e-02 -6.811316708770789874e-02
1.274999999999999911e+00 5.570389351353142310e-02 -6.856106019967496412e-02
1.300000000000000044e+00 5.596047366177741428e-02 -6.900647082441051239e-02
1.324999999999999956e+00 5.621155646735059158e-02 -6.944890169777527544e-02
1.350000000000000089e+00 5.645684385192174110e-02 -6.988786294461742099e-02
1.375000000000000000e+00 5.669605555597213853e-02 -7.032287301019013448e-02
1.399999999999999911e+00 5.692892979995486935e-02 -7.075345958722382977e-02
1.425000000000000044e+00 5.715522390103544570e-02 -7.117916053519232622e-02
1.449999999999999956e+00 5.737471484249140330e-02 -7.159952478852990576e-02
1.475000000000000089e+00 5.758719979358994934e-02 -7.201411325087622717e-02
1.500000000000000000e+00 5.779249657852875144e-02 -7.242249967279401623e-02
1.524999999999999911e+00 5.799044409372227510e-02 -7.282427151076791005e-02
1.550000000000000044e+00 5.818090267326214704e-02 -7.321903076559910239e-02
1.574999999999999956e+00 5.836375440272242865e-02 -7.360639479852108813e-02
1.600000000000000089e+00 5.853890338158826423e-02 -7.398599712345041435e-02
1.625000000000000000e+00 5.870627593447096115e-02 -7.435748817375262276e-02
1.649999999999999911e+00 5.886582077096725457e-02 -7.472053604175048214e-02
1.675000000000000044e+00 5.901750909358771668e-02 -7.507482718896406337e-02
1.699999999999999956e+00 5.916133465269514391e-02 -7.542006712478589725e-02
1.725000000000000311e+00 5.929731374693830714e-02 -7.575598105100037061e-02
1.750000000000000000e+00 5.942548516731249036e-02 -7.608231446930095732e-02
1.774999999999999911e+00 5.954591008278609793e-02 -7.639883374878043976e-02
1.800000000000000044e+00 5.965867186543642037e-02 -7.670532665028796659e-02
1.824999999999999956e+00 5.976387585324313689e-02 -7.700160280458387407e-02
1.850000000000000311e+00 5.986164904908392037e-02 -7.728749414136931728e-02
1.875000000000000000e+00 5.995213975501275522e-02 -7.756285526651271467e-02
1.899999999999999911e+00 6.003551714152603747e-02 -7.782756378510752304e-02
1.925000000000000044e+00 6.011197075216512253e-02 -7.808152056834677390e-02
1.949999999999999956e+00 6.018170994439935723e-02 -7.832464996254835665e-02
1.975000000000000089e+00 6.024496326822594006e-02 -7.855689993898155865e-02
2.000000000000000000e+00 6.030197778427118932e-02 -7.877824218340193085e-02
2.024999999999999911e+00 6.035301832336256722e-02 -7.898867212438208385e-02
2.049999999999999822e+00 6.039836668956802268e-02 -7.918820889962688292e-02
2.075000000000000178e+00 6.043832080859449368e-02 -7.937689525949026548e-02
2.100000000000000089e+00 6.047319382324212872e-02 -7.955479740688620183e-02
2.125000000000000000e+00 6.050331313738432221e-02 -7.972200477273504171e-02
2.149999999999999911e+00 6.052901940973833689e-02 -7.987862972603655687e-02
2.174999999999999822e+00 6.055066549856336078e-02 -8.002480721764548832e-02
2.200000000000000178e+00 6.056861535841407546e-02 -8.016069435686599964e-02
2.225000000000000089e+00 6.058324289020841635e-02 -8.028646992010005090e-02
2.250000000000000000e+00 6.059493074614868968e-02 -8.040233379098643551e-02
2.274999999999999911e+00 6.060406909144380738e-02 -8.050850633175177240e-02
2.299999999999999822e+00 6.061105432528906406e-02 -8.060522768584962860e-02
2.325000000000000178e+00 6.061628776411996655e-02 -8.069275701237112186e-02
2.350000000000000089e+00 6.062017429071853147e-02 -8.077137165313970357e-02
2.375000000000000000e+00 6.062312097326164745e-02 -8.084136623383611497e-02
2.399999999999999911e+00 6.062553565882024958e-02 -8.090305170090406062e-02
2.424999999999999822e+00 6.062782554611304692e-02 -8.095675429634971443e-02
2.450000000000000178e+00 6.063039574247655605e-02 -8.100281447285145875e-02
2.475000000000000089e+00 6.063364781003913184e-02 -8.104158575184274016e-02
2.500000000000000000e+00 6.063797830599911010e-02 -8.107343352741799847e-02
2.524999999999999911e+00 6.064377732174199009e-02 -8.109873381905992329e-02
2.549999999999999822e+00 6.065142702533039137e-02 -8.111787197630669632e-02
2.575000000000000178e+00 6.066130021170526576e-02 -8.113124133859477005e-02
2.600000000000000089e+00 6.067375886478983821e-02 -8.113924185364498887e-02
2.625000000000000000e+00 6.068915273561678592e-02 -8.114227865792092431e-02
2.649999999999999911e+00 6.070781794062173747e-02 -8.114076062289488078e-02
2.674999999999999822e+00 6.073007558436129688e-02 -8.113509887110299801e-02
2.700000000000000178e+00 6.075623041110828765e-02 -8.112570526626271261e-02
2.725000000000000089e+00 6.078656949002080034e-02 -8.111299088204176888e-02
2.750000000000000000e+00 6.082136093883769301e-02 -8.109736445439720554e-02
2.774999999999999911e+00 6.086085269128135161e-02 -8.107923082272422421e-02
2.799999999999999822e+00 6.090527131350693957e-02 -8.105898936534344790e-02
2.825000000000000178e+00 6.095482087499601992e-02 -8.103703243509960408e-02
2.850000000000000089e+00 6.100968187922822805e-02 -8.101374380102176198e-02
2.875000000000000000e+00 6.107001025927253496e-02 -8.098949710210527619e-02
2.899999999999999911e+00 6.113593644312625974e-02 -8.096465431931153256e-02
2.924999999999999822e+00 6.120756449321795856e-02 -8.093956427185067248e-02
2.950000000000000178e+00 6.128497132401036773e-02 -8.091456114372631847e-02
2.975000000000000089e+00 6.136820600113093022e-02 -8.088996304639506363e-02
3.000000000000000000e+00 6.145728912495639074e-02 -8.086607062324027706e-02
3.024999999999999911e+00 6.155221230112199737e-02 -8.084316570140201441e-02
3.049999999999999822e+00 6.165293770003501400e-02 -8.082150999634575561e-02
3.075000000000000178e+00 6.175939770716496607e-02 -8.080134387441048616e-02
3.100000000000000089e+00 6.187149466565417671e-02 -8.078288517844399441e-02
3.125000000000000000e+00 6.198910071263053628e-02 -8.076632812151220142e-02
3.149999999999999911e+00 6.211205771048482205e-02 -8.075184225354918588e-02
3.174999999999999822e+00 6.224017727426605501e-02 -8.073957150568059071e-02
3.200000000000000178e+00 6.237324089621539003e-02 -8.072963331679305909e-02
3.225000000000000089e+00 6.251100016827247641e-02 -8.072211784672167489e-02
3.250000000000000000e+00 6.265317710312193200e-02 -8.071708728017090717e-02
3.274999999999999911e+00 6.279946455398967287e-02 -8.071457522517137828e-02
3.299999999999999822e+00 6.294952673294634815e-02 -8.071458620949575891e-02
3.325000000000000178e+00 6.310299982694414500e-02 -8.071709527802220507e-02
3.350000000000000089e+00 6.325949271022075771e-02 -8.072204769354832110e-02
3.375000000000000444e+00 6.341858775109097957e-02 -8.072935874304167092e-02
3.399999999999999911e+00 6.357984171053927824e-02 -8.073891365077374982e-02
3.424999999999999822e+00 6.374278672946778745e-02 -8.075056759925015870e-02
3.450000000000000622e+00 6.390693140097314373e-02 -8.076414585832820958e-02
3.475000000000000533e+00 6.407176192363946143e-02 -8.077944402242215327e-02
3.500000000000000000e+00 6.423674333155886262e-02 -8.079622835524233326e-02
3.524999999999999911e+00 6.440132079662035103e-02 -8.081423624110149750e-02
3.549999999999999822e+00 6.456492099852519095e-02 -8.083317674144559206e-02
3.575000000000000622e+00 6.472695355797239425e-02 -8.085273125492205282e-02
3.600000000000000089e+00 6.488681252847749992e-02 -8.087255427897471760e-02
3.625000000000000000e+00 6.504387794231038245e-02 -8.089227427064048237e-02
3.649999999999999911e+00 6.519751740603413337e-02 -8.091149460390523185e-02
3.674999999999999822e+00 6.534708774107519935e-02 -8.092979462065044705e-02
3.700000000000000622e+00 6.549193666464077357e-02 -8.094673077187669596e-02
3.725000000000000089e+00 6.563140450612520160e-02 -8.096183784553225016e-02
3.750000000000000000e+00 6.576482595391967834e-02 -8.097463027690096626e-02
3.774999999999999911e+00 6.589153182728507696e-02 -8.098460353713025917e-02
3.799999999999999822e+00 6.601085086768959664e-02 -8.099123559511256509e-02
3.825000000000000178e+00 6.612211154378473676e-02 -8.099398844759024552e-02
3.850000000000000089e+00 6.622464386402586445e-02 -8.099230971204679497e-02
3.875000000000000000e+00 6.631778119085932066e-02 -8.098563427668718784e-02
3.899999999999999911e+00 6.640086205041241529e-02 -8.097338600160822186e-02
3.924999999999999822e+00 6.647323193174384248e-02 -8.095497946511480414e-02
3.950000000000000178e+00 6.653424506992593190e-02 -8.092982174905521964e-02
3.975000000000000089e+00 6.658326620752530456e-02 -8.089731425701469913e-02
4.000000000000000000e+00 6.661967232939187966e-02 -8.085685455921690079e-02
4.025000000000000355e+00 6.664285436603081814e-02 -8.080783825802390075e-02
4.049999999999999822e+00 6.665221886118198602e-02 -8.074966086797885634e-02
4.075000000000000178e+00 6.664718959953913613e-02 -8.068171970439658169e-02
4.099999999999999645e+00 6.662720919078571336e-02 -8.060341577455978901e-02
4.125000000000000000e+00 6.659174060629204084e-02 -8.051415566561812009e-02
4.150000000000000355e+00 6.654026866491265235e-02 -8.041335342331333569e-02
4.174999999999999822e+00 6.647230146435112452e-02 -8.030043241566735268e-02
4.200000000000000178e+00 6.638737175454702266e-02 -8.017482717577799345e-02
4.224999999999999645e+00 6.628503824950891798e-02 -8.003598521788082842e-02
4.250000000000000000e+00 6.616488687400329249e-02 -7.988336882086323476e-02
4.275000000000000355e+00 6.602653194153534910e-02 -7.971645677347197201e-02
4.299999999999999822e+00 6.586961726014964325e-02 -7.953474607554340825e-02
4.325000000000000178e+00 6.569381716274906580e-02 -7.933775358971700831e-02
4.349999999999999645e+00 6.549883745888135378e-02 -7.912501763826168544e-02
4.375000000000000000e+00 6.528441630526710115e-02 -7.889609953985673996e-02
4.400000000000000355e+00 6.505032499272160595e-02 -7.865058508141112292e-02
4.424999999999999822e+00 6.479636864752996717e-02 -7.838808592026898225e-02
4.450000000000000178e+00 6.452238684574067296e-02 -7.810824091242817013e-02
4.474999999999999645e+00 6.422825413921787185e-02 -7.781071736267287930e-02
4.500000000000000000e+00 6.391388049261173543e-02 -7.749521219279120743e-02
4.525000000000000355e+00 6.357921163065310965e-02 -7.716145302429892883e-02
4.549999999999999822e+00 6.322422929534469993e-02 -7.680919917232402472e-02
4.575000000000000178e+00 6.284895141271551466e-02 -7.643824254752394631e-02
4.599999999999999645e+00 6.245343216883835619e-02 -7.604840846311404501e-02
4.625000000000000000e+00 6.203776199481174369e-02 -7.563955634428995434e-02
4.650000000000000355e+00 6.160206746040602227e-02 -7.521158033754454797e-02
4.674999999999999822e+00 6.114651107609925251e-02 -7.476440981761703353e-02
4.700000000000000178e+00 6.067129100331349056e-02 -7.429800979008606421e-02
4.724999999999999645e+00 6.017664067282609691e-02 -7.381238118792975145e-02
4.750000000000000000e+00 5.966282831158583461e-02 -7.330756106073681166e-02
4.775000000000000355e+00 5.913015637851256473e-02 -7.278362265565535560e-02
4.799999999999999822e+00 5.857896091028509666e-02 -7.224067538960902979e-02
4.825000000000000178e+00 5.800961077861058190e-02 -7.167886471278334115e-02
4.849999999999999645e+00 5.742250686098039625e-02 -7.109837186387450714e-02
4.875000000000000000e+00 5.681808112742811612e-02 -7.049941351808579337e-02
4.900000000000000355e+00 5.619679564627533264e-02 -6.988224132933913701e-02
4.924999999999999822e+00 5.555914151225565395e-02 -6.924714136862870906e-02
4.950000000000000178e+00 5.490563770072726113e-02 -6.859443346087024107e-02
4.974999999999999645e+00 5.423682985191080608e-02 -6.792447042299308568e-02
5.000000000000000000e+00 5.355328898922698255e-02 -6.723763720637589147e-02
5.025000000000000355e+00 5.285561017587305649e-02 -6.653434994705134664e-02
5.049999999999999822e+00 5.214441111379299748e-02 -6.581505492740430396e-02
5.075000000000000178e+00 5.142033068919357741e-02 -6.508022745337088688e-02
5.099999999999999645e+00 5.068402746877036236e-02 -6.433037065142536981e-02
5.125000000000000000e+00 4.993617815085777539e-02 -6.356601418992061103e-02
5.150000000000000355e+00 4.917747597583276009e-02 -6.278771292963754302e-02
5.174999999999999822e+00 4.840862910028533028e-02 -6.199604550869418362e-02
5.200000000000000178e+00 4.763035893972331070e-02 -6.119161286726683413e-02
5.224999999999999645e+00 4.684339848488724978e-02 -6.037503671787493309e-02
5.250000000000000000e+00 4.604849059708585046e-02 -5.954695796726345441e-02
5.275000000000000355e+00 4.524638628829513731e-02 -5.870803509617310983e-02
5.299999999999999822e+00 4.443784299205331273e-02 -5.785894250349979395e-02
5.325000000000000178e+00 4.362362283139813168e-02 -5.700036882149994016e-02
5.349999999999999645e+00 4.280449089020511161e-02 -5.613301520878827972e-02
5.375000000000000000e+00 4.198121349427178656e-02 -5.525759362788865148e-02
5.400000000000000355e+00 4.115455650835759399e-02 -5.437482511404333890e-02
5.424999999999999822e+00 4.032528365513118884e-02 -5.348543804185940803e-02
5.450000000000000178e+00 3.949415486162542038e-02 -5.259016639618584177e-02
5.474999999999999645e+00 3.866192463838292320e-02 -5.168974805338673317e-02
5.500000000000000000e+00 3.782934049602981741e-02 -5.078492307891330215e-02
5.525000000000000355e+00 3.699714140358421888e-02 -4.987643204680471121e-02
5.549999999999999822e+00 3.616605629241850806e-02 -4.896501438647011401e-02
5.575000000000000178e+00 3.533680260948288826e-02 -4.805140676183852072e-02
5.599999999999999645e+00 3.451008492317171605e-02 -4.713634148771080751e-02
5.625000000000000000e+00 3.368659358507410800e-02 -4.622054498790986038e-02
5.650000000000000355e+00 3.286700345078543556e-02 -4.530473629959899662e-02
5.674999999999999822e+00 3.205197266293457331e-02 -4.438962562791175931e-02
5.700000000000000178e+00 3.124214149957292921e-02 -4.347591295480031370e-02
5.724999999999999645e+00 3.043813129103448492e-02 -4.256428670575319873e-02
5.750000000000000000e+00 2.964054340827291731e-02 -4.165542247774107337e-02
5.775000000000000355e+00 2.884995832548705244e-02 -4.074998183142181096e-02
5.799999999999999822e+00 2.806693475953534953e-02 -3.984861115026427231e-02
5.825000000000000178e+00 2.729200888821627785e-02 -3.895194056884133949e-02
5.849999999999999645e+00 2.652569364896277884e-02 -3.806058297210562769e-02
5.875000000000000000e+00 2.576847811889320175e-02 -3.717513306700600401e-02
5.900000000000000355e+00 2.502082697651985405e-02 -3.629616652735442872e-02
5.924999999999999822e+00 2.428318004477946976e-02 -3.542423921241924512e-02
5.950000000000000178e+00 2.355595191447048056e-02 -3.455988645932954462e-02
5.974999999999999645e+00 2.283953164669620672e-02 -3.370362244903468696e-02
6.000000000000000000e+00 2.213428255255350460e-02 -3.285593964528107924e-02
6.025000000000000355e+00 2.144054204809014638e-02 -3.201730830585444720e-02
6.049999999999999822e+00 2.075862158247485101e-02 -3.118817606517416963e-02
6.075000000000000178e+00 2.008880663736615710e-02 -3.036896758721750397e-02
6.099999999999999645e+00 1.943135679559150966e-02 -2.956008428766985704e-02
6.125000000000000000e+00 1.878650587740941791e-02 -2.876190412412766087e-02
6.150000000000000355e+00 1.815446214277592965e-02 -2.797478145310369063e-02
6.174999999999999822e+00 1.753540855811715551e-02 -2.719904695247945398e-02
6.200000000000000178e+00 1.692950312608487023e-02 -2.643500760790762349e-02
6.224999999999999645e+00 1.633687927661195416e-02 -2.568294676148109162e-02
6.250000000000000000e+00 1.575764631728081983e-02 -2.494312422075551164e-02
6.275000000000000355e+00 1.519188994058621837e-02 -2.421577642595502608e-02
6.299999999999999822e+00 1.463967278514194045e-02 -2.350111667291636744e-02
6.325000000000000178e+00 1.410103504730373693e-02 -2.279933538906515900e-02
6.349999999999999645e+00 1.357599513911557886e-02 -2.211060045948975983e-02
6.375000000000000000e+00 1.306455038799791968e-02 -2.143505760000785285e-02
6.400000000000000355e+00 1.256667777324741928e-02 -2.077283077403077258e-02
6.424999999999999822e+00 1.208233469425069352e-02 -2.012402265002738791e-02
6.450000000000000178e+00 1.161145976536218094e-02 -1.948871509647959188e-02
6.474999999999999645e+00 1.115397363265988734e-02 -1.886696971139431231e-02
6.500000000000000000e+00 1.070977980825128448e-02 -1.825882838367054103e-02
6.525000000000000355e+00 1.027876551841085985e-02 -1.766431388389113136e-02
6.549999999999999822e+00 9.860802562522044679e-03 -1.708343048237550080e-02
6.575000000000000178e+00 9.455748180493947844e-03 -1.651616459256029582e-02
6.599999999999999645e+00 9.063445926942770639e-03 -1.596248543793048549e-02
6.625000000000000000e+00 8.683726550892535700e-03 -1.542234574077485688e-02
6.650000000000000355e+00 8.316408880000401502e-03 -1.489568243097114976e-02
6.674999999999999822e+00 7.961300708307200366e-03 -1.438241737280671929e-02
6.700000000000000178e+00 7.618199686248184992e-03 -1.388245810752452430e-02
6.724999999999999645e+00 7.286894211152367649e-03 -1.339569860887289583e-02
6.750000000000000888e+00 6.967164315764498399e-03 -1.292202004846856878e-02
6.775000000000001243e+00 6.658782551519568972e-03 -1.246129156730545542e-02
6.799999999999999822e+00 6.361514862479673155e-03 -1.201337104930596741e-02
6.825000000000001066e+00 6.075121445111353324e-03 -1.157810589247514760e-02
6.849999999999999645e+00 5.799357588535186507e-03 -1.115533377302475003e-02
6.875000000000000000e+00 5.533974489601830964e-03 -1.074488339782223197e-02
6.900000000000001243e+00 5.278720037201921865e-03 -1.034657524071534718e-02
6.924999999999999822e+00 5.033339560623338073e-03 -9.960222258683388424e-03
6.950000000000001066e+00 4.797576537524717022e-03 -9.585630584364438281e-03
6.974999999999999645e+00 4.571173258152308114e-03 -9.222600192267959435e-03
7.000000000000000000e+00 4.353871443711286940e-03 -8.870925536853983134e-03
7.025000000000001243e+00 4.145412818216537287e-03 -8.530396161591041748e-03
7.049999999999999822e+00 3.945539634571899011e-03 -8.200797279021324396e-03
7.075000000000001066e+00 3.753995156948612515e-03 -7.881910322705409921e-03
7.099999999999999645e+00 3.570524102643127338e-03 -7.573513472628317159e-03
7.125000000000000000e+00 3.394873047403694759e-03 -7.275382156174643039e-03
7.150000000000001243e+00 3.226790798668997037e-03 -6.987289527097814007e-03
7.174999999999999822e+00 3.066028741232681726e-03 -6.709006924996978316e-03
7.200000000000000178e+00 2.912341159551707064e-03 -6.440304317687921103e-03
7.224999999999999645e+00 2.765485540299732290e-03 -6.180950728533553089e-03
7.250000000000000000e+00 2.625222857905496615e-03 -5.930714650325260781e-03
7.275000000000001243e+00 2.491317844809666504e-03 -5.689364446733607278e-03
7.299999999999999822e+00 2.363539247126458191e-03 -5.456668741729628694e-03
7.325000000000000178e+00 2.241660065416564880e-03 -5.232396796777444639e-03
7.349999999999999645e+00 2.125457779458723127e-03 -5.016318875067317731e-03
7.375000000000000000e+00 2.014714555320919372e-03 -4.808206591637755045e-03
7.400000000000001243e+00 1.909217432725173564e-03 -4.607833247958804945e-03
7.424999999999999822e+00 1.808758490684728897e-03 -4.414974149427849763e-03
7.450000000000000178e+00 1.713134989652825672e-03 -4.229406904265470453e-03
7.474999999999999645e+00 1.622149488913821784e-03 -4.050911702476188252e-03
7.500000000000000000e+00 1.535609938603093964e-03 -3.879271573828577211e-03
7.525000000000000355e+00 1.453329746484526919e-03 -3.714272624178469127e-03
7.549999999999999822e+00 1.375127820359307472e-03 -3.555704249864898112e-03
7.575000000000000178e+00 1.300828587650897962e-03 -3.403359330314285804e-03
7.599999999999999645e+00 1.230261994244256441e-03 -3.257034399357372923e-03
7.625000000000000000e+00 1.163263485008567697e-03 -3.116529796068297480e-03
7.650000000000000355e+00 1.099673968581540940e-03 -2.981649796158266762e-03
7.674999999999999822e+00 1.039339768942180347e-03 -2.852202725089006494e-03
7.700000000000000178e+00 9.821125660737001131e-04 -2.728001054117205806e-03
7.724999999999999645e+00 9.278493276608850912e-04 -2.608861480451547549e-03
7.750000000000000000e+00 8.764122333308151970e-04 -2.494604992616575399e-03
7.775000000000000355e+00 8.276685924905124265e-04 -2.385056921995603110e-03
7.799999999999999822e+00 7.814907563946902908e-04 -2.280046981389611052e-03
7.825000000000000178e+00 7.377560247372868737e-04 -2.179409291302768139e-03
7.849999999999999645e+00 6.963465468334926892e-04 -2.082982394563864803e-03
7.875000000000000000e+00 6.571492173592754279e-04 -1.990609259827389593e-03
7.900000000000000355e+00 6.200555666405442720e-04 -1.902137274473306421e-03
7.924999999999999822e+00 5.849616456151622958e-04 -1.817418227437544824e-03
7.950000000000000178e+00 5.517679057976563814e-04 -1.736308282549666598e-03
7.974999999999999645e+00 5.203790748195690104e-04 -1.658667943017576307e-03
8.000000000000000000e+00 4.907040283578812659e-04 -1.584362007768692990e-03
8.025000000000000355e+00 4.626556594616924151e-04 -1.513259520419254220e-03
8.050000000000000711e+00 4.361507464143237985e-04 -1.445233711686357177e-03
8.074999999999999289e+00 4.111098203052244060e-04 -1.380161936073214576e-03
8.099999999999999645e+00 3.874570334285151242e-04 -1.317925603642218198e-03
8.125000000000000000e+00 3.651200294798970128e-04 -1.258410107643738928e-03
8.150000000000000355e+00 3.440298163098055406e-04 -1.201504748694959702e-03
8.175000000000000711e+00 3.241206417353268321e-04 -1.147102656110990729e-03
8.199999999999999289e+00 3.053298726474608198e-04 -1.095100706889472631e-03
8.224999999999999645e+00 2.875978774053692842e-04 -1.045399442750395399e-03
8.250000000000000000e+00 2.708679113122878330e-04 -9.979029855450151192e-04
8.275000000000000355e+00 2.550860048384291537e-04 -9.525189512784187386e-04
8.300000000000000711e+00 2.402008542046743717e-04 -9.091583629451958958e-04
8.324999999999999289e+00 2.261637139663494843e-04 -8.677355623569779457e-04
8.349999999999999645e+00 2.129282913285383111e-04 -8.281681211431811017e-04
8.375000000000000000e+00 2.004506420646725814e-04 -7.903767511265138209e-04
8.400000000000000355e+00 1.886890680744228031e-04 -7.542852143059476005e-04
8.425000000000000711e+00 1.776040167796938071e-04 -7.198202327138937583e-04
8.449999999999999289e+00 1.671579826943664446e-04 -6.869113984432661298e-04
8.474999999999999645e+00 1.573154115950249024e-04 -6.554910841574405813e-04
8.500000000000000000e+00 1.480426077538413425e-04 -6.254943543973906506e-04
8.525000000000000355e+00 1.393076446670053520e-04 -5.968588779829730236e-04
8.550000000000000711e+00 1.310802796274403419e-04 -5.695248417710914880e-04
8.574999999999999289e+00 1.233318723610352043e-04 -5.434348659844723652e-04
8.599999999999999645e+00 1.160353077892129360e-04 -5.185339212670036059e-04
8.625000000000000000e+00 1.091649228183488906e-04 -4.947692475609494342e-04
8.650000000000000355e+00 1.026964369090703044e-04 -4.720902748442789426e-04
8.675000000000000711e+00 9.660688606448808772e-05 -4.504485457189631769e-04
8.699999999999999289e+00 9.087455980879657912e-05 -4.297976398076805687e-04
8.724999999999999645e+00 8.547894071323183687e-05 -4.100930998990006304e-04
8.750000000000000000e+00 8.040064606442894090e-05 -3.912923597807429110e-04
8.775000000000000355e+00 7.562137135291095952e-05 -3.733546737148322981e-04
8.800000000000000711e+00 7.112383537384768203e-05 -3.562410475317373689e-04
8.824999999999999289e+00 6.689172686110110035e-05 -3.399141713528330984e-04
8.849999999999999645e+00 6.290965270087498678e-05 -3.243383539796264509e-04
8.875000000000000000e+00 5.916308787594716962e-05 -3.094794590143163391e-04
8.900000000000000355e+00 5.563832736187535792e-05 -2.953048427924907207e-04
8.925000000000000711e+00 5.232244022441621766e-05 -2.817832942131989109e-04
8.949999999999999289e+00 4.920322615023768625e-05 -2.688849765431239758e-04
8.974999999999999645e+00 4.626917458470558613e-05 -2.565813712512940588e-04
9.000000000000000000e+00 4.350942656054883193e-05 -2.448452239011717911e-04
9.025000000000000355e+00 4.091373919262780218e-05 -2.336504920919952591e-04
9.050000000000000711e+00 3.847245270252160147e-05 -2.229722954054577644e-04
9.074999999999999289e+00 3.617645973740438278e-05 -2.127868672817256760e-04
9.099999999999999645e+00 3.401717667397005320e-05 -2.030715087241881627e-04
9.125000000000000000e+00 3.198651655935880645e-05 -1.938045437183291524e-04
9.150000000000000355e+00 3.007686334144804642e-05 -1.849652762475095292e-04
9.175000000000000711e+00 2.828104707948125970e-05 -1.765339487974744643e-04
9.199999999999999289e+00 2.659231989663756306e-05 -1.684917022598460832e-04
9.224999999999999645e+00 2.500433252839253358e-05 -1.608205371698356531e-04
9.250000000000000000e+00 2.351111142153706199e-05 -1.535032762411945076e-04
9.275000000000000355e+00 2.210703643471047692e-05 -1.465235281877866054e-04
9.300000000000000711e+00 2.078681926978002850e-05 -1.398656528427261170e-04
9.324999999999999289e+00 1.954548281422525572e-05 -1.335147275996007910e-04
9.349999999999999645e+00 1.837834159235187016e-05 -1.274565152046363528e-04
9.375000000000000000e+00 1.728098350622912866e-05 -1.216774329229678271e-04
9.400000000000000355e+00 1.624925299940116314e-05 -1.161645230881324417e-04
9.425000000000000711e+00 1.527923570526114661e-05 -1.109054250231773070e-04
9.449999999999999289e+00 1.436724455817921557e-05 -1.058883482979451320e-04
9.474999999999999645e+00 1.350980726084150721e-05 -1.011020472632608865e-04
9.500000000000000000e+00 1.270365492785758242e-05 -9.653579678251957116e-05
9.525000000000000355e+00 1.194571167313207883e-05 -9.217936906703875697e-05
9.550000000000000711e+00 1.123308488383272273e-05 -8.802301151567331011e-05
9.574999999999999289e+00 1.056305592979239534e-05 -8.405742546197763189e-05
9.599999999999999645e+00 9.933071092304694252e-06 -8.027374574324361496e-05
9.625000000000000000e+00 9.340732555414561457e-06 -7.666352102334322469e-05
9.650000000000000355e+00 8.783789377262894864e-06 -7.321869482301222561e-05
9.675000000000000711e+00 8.260128438660369697e-06 -6.993158723394504262e-05
9.699999999999999289e+00 7.767765439943381329e-06 -6.679487731387449964e-05
9.724999999999999645e+00 7.304836075638947047e-06 -6.380158617593927094e-05
9.750000000000000000e+00 6.869587552146129277e-06 -6.094506079516400133e-05
9.775000000000000355e+00 6.460370622413740402e-06 -5.821895855675717320e-05
9.800000000000000711e+00 6.075632293115243963e-06 -5.561723256528354546e-05
9.824999999999999289e+00 5.713909317443352570e-06 -5.313411772170456652e-05
9.849999999999999645e+00 5.373822526948834328e-06 -5.076411755867971370e-05
9.875000000000000000e+00 5.054071987452210298e-06 -4.850199180610485007e-05
9.900000000000000355e+00 4.753432896767526191e-06 -4.634274464110578657e-05
9.925000000000000711e+00 4.470752084937530659e-06 -4.428161356238161160e-05
9.949999999999999289e+00 4.204944938724687010e-06 -4.231405881975368240e-05
9.974999999999999645e+00 3.954992556056026923e-06 -4.043575332728861272e-05
1.000000000000000000e+01 3.719938944894433312e-06 -3.864257299282572694e-05
1.002500000000000036e+01 3.498888112854903306e-06 -3.693058740719097697e-05
1.005000000000000071e+01 3.291000944068792156e-06 -3.529605085174175822e-05
1.007499999999999929e+01 3.095491821112971883e-06 -3.373539360060778960e-05
1.009999999999999964e+01 2.911625013754875123e-06 -3.224521351194139032e-05
1.012500000000000000e+01 2.738710914199590739e-06 -3.082226791830002368e-05
1.015000000000000036e+01 2.576102242583965768e-06 -2.946346583763728949e-05
1.017500000000000071e+01 2.423190371325465056e-06 -2.816586053235304964e-05
1.019999999999999929e+01 2.279401919418310201e-06 -2.692664244349164392e-05
1.022499999999999964e+01 2.144195748303546516e-06 -2.574313252089155244e-05
1.025000000000000000e+01 2.017060452746962605e-06 -2.461277595916238023e-05
1.027500000000000036e+01 1.897512388750325167e-06 -2.353313633512278360e-05
1.030000000000000071e+01 1.785094223558802854e-06 -2.250189012731129302e-05
1.032499999999999929e+01 1.679373937983195581e-06 -2.151682158425184229e-05
1.034999999999999964e+01 1.579944166268687767e-06 -2.057581789742668143e-05
1.037500000000000000e+01 1.486421729463825730e-06 -1.967686462889580641e-05
1.040000000000000036e+01 1.398447208409613449e-06 -1.881804134278290103e-05
1.042500000000000071e+01 1.315684413152037391e-06 -1.799751739485241949e-05
1.044999999999999929e+01 1.237819634767488399e-06 -1.721354784385319473e-05
1.047499999999999964e+01 1.164560609129675218e-06 -1.646446946141269705e-05
1.050000000000000000e+01 1.095635173683440970e-06 -1.574869683177019576e-05
1.052500000000000036e+01 1.030789650750999404e-06 -1.506471854675522822e-05
1.055000000000000071e+01 9.697870370624910227e-07 -1.441109351330681021e-05
1.057499999999999929e+01 9.124051129956205844e-07 -1.378644739883794093e-05
1.059999999999999964e+01 8.584346019825624065e-07 -1.318946924289955716e-05
1.062500000000000000e+01 8.076775089362738536e-07 -1.261890826188975708e-05
1.065000000000000036e+01 7.599457467354931600e-07 -1.207357086687846708e-05
1.067500000000000071e+01 7.150601251571374516e-07 -1.155231790460702961e-05
1.069999999999999929e+01 6.728497319864662403e-07 -1.105406211944770274e-05
1.072499999999999964e+01 6.331516878434008767e-07 -1.057776582156691679e-05
1.075000000000000000e+01 5.958112112163122946e-07 -1.012243873549744664e-05
1.077500000000000036e+01 5.606818942788713606e-07 -9.687135995172878780e-06
1.080000000000000071e+01 5.276260682463565129e-07 -9.270956247578631123e-06
1.082499999999999929e+01 4.965151318474165157e-07 -8.873039827633378367e-06
1.084999999999999964e+01 4.672297284513180023e-07 -8.492566972063388404e-06
1.087500000000000000e+01 4.396596845575315113e-07 -8.128756048646513794e-06
1.090000000000000036e+01 4.137036606353642783e-07 -7.780861788411389709e-06
1.092500000000000071e+01 3.892685094217299046e-07 -7.448173520350875544e-06
1.094999999999999929e+01 3.662683804180907080e-07 -7.130013419523568852e-06
1.097499999999999964e+01 3.446236467089420285e-07 -6.825734788322568907e-06
1.100000000000000000e+01 3.242597562428723326e-07 -6.534720396260506849e-06
1.102500000000000036e+01 3.051061210697675310e-07 -6.256380905035201436e-06
1.105000000000000071e+01 2.870951535012200635e-07 -5.990153402828849691e-06
1.107499999999999929e+01 2.701615385377349481e-07 -5.735500065304985328e-06
1.109999999999999964e+01 2.542418003703090372e-07 -5.491906951604067692e-06
1.112500000000000000e+01 2.392741815752998251e-07 -5.258882932964308133e-06
1.115000000000000036e+01 2.251988126715136486e-07 -5.035958741267046496e-06
1.117500000000000071e+01 2.119581121826538477e-07 -4.822686115871448814e-06
1.119999999999999929e+01 1.994973287807665438e-07 -4.618637021088757681e-06
1.122499999999999964e+01 1.877651209175154582e-07 -4.423402904226518021e-06
1.125000000000000000e+01 1.767140677236083965e-07 -4.236593965500139329e-06
1.127500000000000036e+01 1.663010178361162114e-07 -4.057838416239074993e-06
1.130000000000000071e+01 1.564872081122600595e-07 -3.886781709681587328e-06
1.132499999999999929e+01 1.472381183357567821e-07 -3.723085738349659138e-06
1.134999999999999964e+01 1.385230661106058569e-07 -3.566428002009025135e-06
1.137500000000000000e+01 1.303145828774875189e-07 -3.416500759279614179e-06
1.140000000000000036e+01 1.225876425088201929e-07 -3.273010182774780748e-06
1.142500000000000071e+01 1.153188339374098853e-07 -3.135675541385499096e-06
1.144999999999999929e+01 1.084855764419372631e-07 -3.004228433457865018e-06
1.147499999999999964e+01 1.020654696363445147e-07 -2.878412091367478222e-06
1.150000000000000000e+01 9.603585105467791165e-08 -2.757980771600525946e-06
1.152500000000000036e+01 9.037360535913567872e-08 -2.642699236250918159e-06
1.155000000000000071e+01 8.505523476519429622e-08 -2.532342322625404112e-06
1.157499999999999929e+01 8.005716499801253293e-08 -2.426694588962666338e-06
1.159999999999999964e+01 7.535622993468583583e-08 -2.325550017271983204e-06
1.162500000000000000e+01 7.093025513634227364e-08 -2.228711749762578781e-06
1.165000000000000036e+01 6.675864891970350640e-08 -2.135991834196543606e-06
1.167500000000000071e+01 6.282291053770596188e-08 -2.047210955393039907e-06
1.169999999999999929e+01 5.910697856900343572e-08 -1.962198135229011602e-06
1.172499999999999964e+01 5.559736620301188281e-08 -1.880790390619449098e-06
1.175000000000000000e+01 5.228306072603998669e-08 -1.802832347438552415e-06
1.177500000000000036e+01 4.915519769232290125e-08 -1.728175816768386120e-06
1.180000000000000071e+01 4.620655141224895408e-08 -1.656679347185641560e-06
1.182499999999999929e+01 4.343090833320626156e-08 -1.588207771912044439e-06
1.184999999999999964e+01 4.082240528442816451e-08 -1.522631772168539961e-06
1.187500000000000000e+01 3.837491838289873399e-08 -1.459827477193058737e-06
1.190000000000000036e+01 3.608158050059004320e-08 -1.399676117984199551e-06
1.192500000000000071e+01 3.393448653676849840e-08 -1.342063745687240520e-06
1.194999999999999929e+01 3.192461942704372129e-08 -1.286881018151434542e-06
1.197499999999999964e+01 3.004199922555006562e-08 -1.234023050288167737e-06
1.200000000000000000e+01 2.827602723894845091e-08 -1.183389316567135321e-06
1.202500000000000036e+01 2.661597111305521356e-08 -1.134883588470642105e-06
1.205000000000000071e+01 2.505151845039171414e-08 -1.088413886489574037e-06
1.207499999999999929e+01 2.357331854290150013e-08 -1.043892425937148380e-06
1.209999999999999964e+01 2.217343477516245526e-08 -1.001235538245407042e-06
1.212500000000000000e+01 2.084564397989489465e-08 -9.603635543151477991e-07
1.215000000000000036e+01 1.958554110727878419e-08 -9.212006430758753784e-07
1.217500000000000071e+01 1.839043513979345165e-08 -8.836746057894784348e-07
1.219999999999999929e+01 1.725905117399635554e-08 -8.477166337496610427e-07
1.222499999999999964e+01 1.619108012688583482e-08 -8.132610429817298594e-07
1.225000000000000000e+01 1.518663795029463363e-08 -7.802450033715108152e-07
1.227500000000000036e+01 1.424570786916099964e-08 -7.486082811088651106e-07
1.230000000000000071e+01 1.336764050258174869e-08 -7.182930119511584150e-07
1.232499999999999929e+01 1.255077779489381375e-08 -6.892435191327617238e-07
1.234999999999999964e+01 1.179224882308104947e-08 -6.614061841407305198e-07
1.237500000000000000e+01 1.108796134658716845e-08 -6.347293717755251169e-07
1.240000000000000036e+01 1.043278585258844690e-08 -6.091634042502235347e-07
1.242500000000000071e+01 9.820902563815688316e-09 -5.846605728844798562e-07
1.244999999999999929e+01 9.246260025661917666e-09 -5.611751717021362676e-07
1.247499999999999964e+01 8.703079420521658557e-09 -5.386635350036624572e-07
1.250000000000000000e+01 8.186333483860387803e-09 -5.170840612949378081e-07
1.252500000000000036e+01 7.692133526793572699e-09 -4.963972087060710557e-07
1.255000000000000071e+01 7.217971674590503577e-09 -4.765654516784950969e-07
1.257499999999999929e+01 6.762786126617269595e-09 -4.575531947495514293e-07
1.259999999999999964e+01 6.326842098716121690e-09 -4.393266457447241354e-07
1.262500000000000000e+01 5.911446505150357380e-09 -4.218536566695807720e-07
1.265000000000000036e+01 5.518537087596426050e-09 -4.051035454463627947e-07
1.267500000000000071e+01 5.150203401154127997e-09 -3.890469144245431126e-07
1.269999999999999929e+01 4.808205619571446632e-09 -3.736554822826511833e-07
1.272499999999999964e+01 4.493556575469713771e-09 -3.589019441439966353e-07
1.275000000000000000e+01 4.206222846857458607e-09 -3.447598710331337385e-07
1.277500000000000036e+01 3.944983629166364895e-09 -3.312036544989647898e-07
1.280000000000000071e+01 3.707464007438808333e-09 -3.182084962629869869e-07
1.282499999999999929e+01 3.490335034296844857e-09 -3.057504368388994605e-07
1.284999999999999964e+01 3.289650349617187654e-09 -2.938064120463596646e-07
1.287500000000000000e+01 3.101270732733577699e-09 -2.823543229912152050e-07
1.290000000000000036e+01 2.921316653075164454e-09 -2.713731036529794003e-07
1.292500000000000071e+01 2.746585874391417221e-09 -2.608427710558372506e-07
1.294999999999999929e+01 2.574878898402527052e-09 -2.507444459037746899e-07
1.297499999999999964e+01 2.405188437247850702e-09 -2.410603359991276261e-07
1.300000000000000000e+01 2.237728472034319085e-09 -2.317736802970735909e-07
1.302500000000000036e+01 2.073800707777058472e-09 -2.228686570987739499e-07
1.305000000000000071e+01 1.915518728473991509e-09 -2.143302650030264182e-07
1.307499999999999929e+01 1.765429291666623675e-09 -2.061441891201227651e-07
1.309999999999999964e+01 1.626083875326209664e-09 -1.982966670321229852e-07
1.312500000000000000e+01 1.499619682014982048e-09 -1.907743690613523169e-07
1.315000000000000036e+01 1.387407189421018201e-09 -1.835643053769166481e-07
1.317500000000000071e+01 1.289811470961293730e-09 -1.766537687306751250e-07
1.319999999999999929e+01 1.206098284795709046e-09 -1.700303167894399505e-07
1.322499999999999964e+01 1.134495619017692924e-09 -1.636817925676368361e-07
1.325000000000000000e+01 1.072399991710278320e-09 -1.575963764558561299e-07
1.327500000000000036e+01 1.016697044832717593e-09 -1.517626591055279580e-07
1.330000000000000071e+01 9.641507742844123220e-10 -1.461697218951295542e-07
1.332499999999999929e+01 9.118069299938506890e-10 -1.408072109094706763e-07
1.334999999999999964e+01 8.573549289507109307e-10 -1.356653915581888688e-07
1.337500000000000000e+01 7.993990930390162096e-10 -1.307351739633165730e-07
1.340000000000000036e+01 7.376030836957108205e-10 -1.260081034301924189e-07
1.342500000000000071e+01 6.726893619016146330e-10 -1.214763153972101183e-07
1.344999999999999929e+01 6.062955420651615030e-10 -1.171324592150888402e-07
1.347499999999999964e+01 5.407091592763771974e-10 -1.129695994414182367e-07
1.350000000000000178e+01 4.785187455642475143e-10 -1.089811064865785950e-07
1.352500000000000213e+01 4.222300284148001504e-10 -1.051605497298612282e-07
1.355000000000000249e+01 3.739002360697701287e-10 -1.015016059030437828e-07
1.357499999999999929e+01 3.348402832118670038e-10 -9.799799330558650121e-08
1.359999999999999964e+01 3.054246178894425359e-10 -9.464343875655067414e-08
1.362500000000000000e+01 2.850332816569945838e-10 -9.143167970320517256e-08
1.365000000000000213e+01 2.721322411520900959e-10 -8.835649904438815026e-08
1.367500000000000249e+01 2.644790916544374086e-10 -8.541178579398124724e-08
1.369999999999999929e+01 2.594242340133281244e-10 -8.259161133048390134e-08
1.372499999999999964e+01 2.542649581294750548e-10 -7.989030889563379354e-08
1.375000000000000000e+01 2.466032683338728488e-10 -7.730254384723891919e-08
1.377500000000000213e+01 2.346583906921338215e-10 -7.482336354129379862e-08
1.380000000000000249e+01 2.174918621760391745e-10 -7.244821875511015047e-08
1.382499999999999929e+01 1.951155868199398793e-10 -7.017295255449497856e-08
1.384999999999999964e+01 1.684696912032155002e-10 -6.799375710313829040e-08
1.387500000000000000e+01 1.392750034806868552e-10 -6.590710335170302080e-08
1.390000000000000213e+01 1.097819951947054974e-10 -6.390965221299993693e-08
1.392500000000000249e+01 8.245193090196735554e-11 -6.199815837888543522e-08
1.394999999999999929e+01 5.961463821772995433e-11 -6.016937879843064247e-08
1.397499999999999964e+01 4.314989043649006041e-11 -5.841999711156139134e-08
1.400000000000000000e+01 3.423546789276118790e-11 -5.674657308225062287e-08
1.402500000000000213e+01 3.319523306874448647e-11 -5.514552251948858494e-08
1.405000000000000249e+01 3.946638240845463190e-11 -5.361312900532611982e-08
1.407499999999999929e+01 5.168852653767421613e-11 -5.214558436209729633e-08
1.409999999999999964e+01 6.790057055640352910e-11 -5.073905091155395285e-08
1.412500000000000000e+01 8.581690850709814311e-11 -4.938973569185905816e-08
1.415000000000000213e+01 1.031440754843539263e-10 -4.809396522757844238e-08
1.417500000000000249e+01 1.178940855302852689e-10 -4.684824955545810792e-08
1.419999999999999929e+01 1.286518545403809258e-10 -4.564932575158923013e-08
1.422499999999999964e+01 1.347609654324557012e-10 -4.449417414868182120e-08
1.425000000000000000e+01 1.364037433929117065e-10 -4.338000424333643568e-08
1.427500000000000036e+01 1.345662399832942163e-10 -4.230421151980580654e-08
1.430000000000000249e+01 1.308944887482810036e-10 -4.126431046613202238e-08
1.432499999999999929e+01 1.274628706786852856e-10 -4.025785233223199235e-08
1.434999999999999964e+01 1.264868653121498267e-10 -3.928233841743867723e-08
1.437500000000000000e+01 1.300192201414196534e-10 -3.833514037076609108e-08
1.440000000000000036e+01 1.396699290452456924e-10 -3.741343829848820964e-08
1.442500000000000249e+01 1.563862351112030534e-10 -3.651418532881771500e-08
1.444999999999999929e+01 1.803198905494471789e-10 -3.563410412433302162e-08
1.447499999999999964e+01 2.107964766156845595e-10 -3.476971704476154091e-08
1.450000000000000000e+01 2.463874849390937389e-10 -3.391740772032280641e-08
1.452500000000000036e+01 2.850720781748857838e-10 -3.307350828465558390e-08
1.455000000000000249e+01 3.244638900069366784e-10 -3.223440384637757080e-08
1.457499999999999929e+01 3.620704260071264165e-10 -3.139664421496907949e-08
1.459999999999999964e+01 3.955496129374939384e-10 -3.055705269669503842e-08
1.462500000000000000e+01 4.229299806708461862e-10 -2.971282278148757799e-08
1.465000000000000036e+01 4.427676523959064528e-10 -2.886159568806983786e-08
1.467500000000000249e+01 4.542234419163729377e-10 -2.800151450799079695e-08
1.469999999999999929e+01 4.570555744722535035e-10 -2.713125382864352891e-08
1.472499999999999964e+01 4.515359496322823650e-10 -2.625002666786555559e-08
1.475000000000000000e+01 4.383086520975065840e-10 -2.535757290476218367e-08
1.477500000000000036e+01 4.182171528407368509e-10 -2.445413491353400836e-08
1.480000000000000249e+01 3.921301471233607356e-10 -2.354042650746503668e-08
1.482499999999999929e+01 3.607949264225043817e-10 -2.261760072694554862e-08
1.484999999999999964e+01 3.247417273647978976e-10 -2.168722042851608384e-08
1.487500000000000000e+01 2.842535759333994208e-10 -2.075123350480015720e-08
1.490000000000000036e+01 2.394051180231503972e-10 -1.981195219716121901e-08
1.492500000000000071e+01 1.901624308368484535e-10 -1.887203368248280047e-08
1.494999999999999929e+01 1.365255840656434276e-10 -1.793445752164329876e-08
1.497499999999999964e+01 7.868836293562077230e-11 -1.700249467280486523e-08
