# raxis[fm], SN, VN, SP, VP
2.101448349307773875e-07 4.440066113532463443e-02 4.853809533528295056e-02 3.515433896922769835e-02 3.844947747912258462e-02
2.500000000000000139e-02 4.441539314849001635e-02 4.855376660599881877e-02 3.516751077136996695e-02 3.846261109082919211e-02
5.000000000000000278e-02 4.444621802739832928e-02 4.858583615160236291e-02 3.519737669149303194e-02 3.849127082829188057e-02
7.499999999999999722e-02 4.449744176078435087e-02 4.863911396693291339e-02 3.524705829502634141e-02 3.853891987790580842e-02
1.000000000000000056e-01 4.456905997645075473e-02 4.871359780497415415e-02 3.531646967822761607e-02 3.860548662866693931e-02
1.250000000000000000e-01 4.466102449499942395e-02 4.880922743778603329e-02 3.540548545729423069e-02 3.869085073636057553e-02
1.499999999999999944e-01 4.477325974773145589e-02 4.892591403779485842e-02 3.551393907765775654e-02 3.879485270021310744e-02
1.749999999999999889e-01 4.490567569179693824e-02 4.906355029591770445e-02 3.564163124886739198e-02 3.891730036531155373e-02
2.000000000000000111e-01 4.505816221440743508e-02 4.922200606184380656e-02 3.578832526430108379e-02 3.905796541885254991e-02
2.250000000000000056e-01 4.523059155852485191e-02 4.940113101653275524e-02 3.595374952016439085e-02 3.921658619105417021e-02
2.500000000000000000e-01 4.542282019604392679e-02 4.960075679274308924e-02 3.613759974945562892e-02 3.939286996257525958e-02
2.750000000000000222e-01 4.563468732867302646e-02 4.982069436176587984e-02 3.633953859880505177e-02 3.958649151172075747e-02
2.999999999999999889e-01 4.586601239807838737e-02 5.006073280241649798e-02 3.655919465840066357e-02 3.979709313967395856e-02
3.250000000000000111e-01 4.611659771512836847e-02 5.032064178423530793e-02 3.679616547553724720e-02 4.002428742280632334e-02
3.499999999999999778e-01 4.638622615388657972e-02 5.060016836152180647e-02 3.705001700233234024e-02 4.026765579181203203e-02
3.750000000000000000e-01 4.667466023296838740e-02 5.089903867352995465e-02 3.732028386629667599e-02 4.052675086148814498e-02
4.000000000000000222e-01 4.698164637878293054e-02 5.121696093548253753e-02 3.760647390775325588e-02 4.080109973479316421e-02
4.249999999999999889e-01 4.730691270607487869e-02 5.155362216485702420e-02 3.790806793448912165e-02 4.109020276179126130e-02
4.500000000000000111e-01 4.765016620288069910e-02 5.190868676492047668e-02 3.822451881993227385e-02 4.139353357097313307e-02
4.749999999999999778e-01 4.801109335507704884e-02 5.228179737475630029e-02 3.855525315373174722e-02 4.171054080889970150e-02
5.000000000000000000e-01 4.838936122971187331e-02 5.267257725692564563e-02 3.889967361122709244e-02 4.204065150473174084e-02
5.250000000000000222e-01 4.878461828451764737e-02 5.308062833077585585e-02 3.925716122842402844e-02 4.238327069100716882e-02
5.500000000000000444e-01 4.919649014952739291e-02 5.350552940166881932e-02 3.962707334495753353e-02 4.273778124966630398e-02
5.749999999999999556e-01 4.962458354370491431e-02 5.394684109418582812e-02 4.000874805514428867e-02 4.310354902505537239e-02
5.999999999999999778e-01 5.006848492179545584e-02 5.440410121922645281e-02 4.040150466985098499e-02 4.347992047308906621e-02
6.250000000000000000e-01 5.052775899335595899e-02 5.487682715064557543e-02 4.080464419425158806e-02 4.386622605772639433e-02
6.500000000000000222e-01 5.100195057471373222e-02 5.536451622771248332e-02 4.121745215130298567e-02 4.426178160390322608e-02
6.750000000000000444e-01 5.149058381738175205e-02 5.586664465820403991e-02 4.163919931157323423e-02 4.466588868694890829e-02
6.999999999999999556e-01 5.199316112632282327e-02 5.638266790200029133e-02 4.206914231631427026e-02 4.507783621022340426e-02
7.249999999999999778e-01 5.250916498795613063e-02 5.691202288627175698e-02 4.250652651513505548e-02 4.549690341218375067e-02
7.500000000000000000e-01 5.303805922707709869e-02 5.745412775336317807e-02 4.295058853591376263e-02 4.592236092775829615e-02
7.750000000000000222e-01 5.357928561291043501e-02 5.800838061633416254e-02 4.340055470207644650e-02 4.635347075482942891e-02
8.000000000000000444e-01 5.413226912080663922e-02 5.857416324905188876e-02 4.385564657593083587e-02 4.678949047221029472e-02
8.249999999999999556e-01 5.469641232695097999e-02 5.915083587552947414e-02 4.431507787360263600e-02 4.722967015673604912e-02
8.499999999999999778e-01 5.527109911529484026e-02 5.973774529381115084e-02 4.477805858028695990e-02 4.767325973436171288e-02
8.750000000000000000e-01 5.585569882420066135e-02 6.033422266476207163e-02 4.524379935127358782e-02 4.811950835773552704e-02
9.000000000000000222e-01 5.644956098874819028e-02 6.093958168712671625e-02 4.571150852633765888e-02 4.856766376964626042e-02
9.250000000000001554e-01 5.705201847828436645e-02 6.155312208873719299e-02 4.618039545318556455e-02 4.901697583881065023e-02
9.499999999999999556e-01 5.766238608080242328e-02 6.217412840537877433e-02 4.664967062022984390e-02 4.946669672195425083e-02
9.749999999999999778e-01 5.827996529014094901e-02 6.280187451193763870e-02 4.711855053225257051e-02 4.991608514466244068e-02
1.000000000000000000e+00 5.890404271126752078e-02 6.343562060793031532e-02 4.758625694374393755e-02 5.036440456137805666e-02
1.024999999999999911e+00 5.953388952754490315e-02 6.407461714590839685e-02 4.805201755779778955e-02 5.081092694159733414e-02
1.050000000000000044e+00 6.016876630506316770e-02 6.471810521422262374e-02 4.851507048006349632e-02 5.125493391197030041e-02
1.074999999999999956e+00 6.080792093037876156e-02 6.536531676229333232e-02 4.897466346072455040e-02 5.169571739034654195e-02
1.100000000000000089e+00 6.145059395471486052e-02 6.601547699552587356e-02 4.943005814459092151e-02 5.213258174205368661e-02
1.125000000000000000e+00 6.209600758244766122e-02 6.666779872489739245e-02 4.988052294406878501e-02 5.256484016801400705e-02
1.149999999999999911e+00 6.274337953018345460e-02 6.732149864208039625e-02 5.032534438464162513e-02 5.299182741937801672e-02
1.175000000000000044e+00 6.339193054364916646e-02 6.797579228873694424e-02 5.076383228390102947e-02 5.341289652037066460e-02
1.199999999999999956e+00 6.404086892683394372e-02 6.862988725967235359e-02 5.119530894935925280e-02 5.382741361196152763e-02
1.225000000000000089e+00 6.468939868119596981e-02 6.928299359039231942e-02 5.161911593938771359e-02 5.423476612225838767e-02
1.250000000000000000e+00 6.533672406250599918e-02 6.993432232996540932e-02 5.203461756874629834e-02 5.463436225863908119e-02
1.274999999999999911e+00 6.598204662499172757e-02 7.058308485469812210e-02 5.244119907290291371e-02 5.502563041131508514e-02
1.300000000000000044e+00 6.662456741619104950e-02 7.122849774877687556e-02 5.283826840229906979e-02 5.540802260235681148e-02
1.324999999999999956e+00 6.726349246548166128e-02 7.186978523026783805e-02 5.322526053085271242e-02 5.578101681373321546e-02
1.350000000000000089e+00 6.789803182861059438e-02 7.250617734256963043e-02 5.360163661580651107e-02 5.614411546275534931e-02
1.375000000000000000e+00 6.852740062419455935e-02 7.313691307116314266e-02 5.396688481264535348e-02 5.649684748081386376e-02
1.399999999999999911e+00 6.915082087331003713e-02 7.376124057190082406e-02 5.432052162937380663e-02 5.683876869257634135e-02
1.425000000000000044e+00 6.976752314663522969e-02 7.437841982674869845e-02 5.466209321884969718e-02 5.716946352590029229e-02
1.449999999999999956e+00 7.037674765429745294e-02 7.498772363560592125e-02 5.499117627104898459e-02 5.748854571321334456e-02
1.475000000000000089e+00 7.097774797123382329e-02 7.558844003358546060e-02 5.530738002134256981e-02 5.779565962320581951e-02
1.500000000000000000e+00 7.156979232580629180e-02 7.617987475661061603e-02 5.561034717030416408e-02 5.809048179672675338e-02
1.524999999999999911e+00 7.215216553225184404e-02 7.676135126879650439e-02 5.589975513588720663e-02 5.837272093228237924e-02
1.550000000000000044e+00 7.272416813272492009e-02 7.733221353266249432e-02 5.617531529098165194e-02 5.864211912794385639e-02
1.574999999999999956e+00 7.328512651541718714e-02 7.789182994556982653e-02 5.643677923781366401e-02 5.889845488703110421e-02
1.600000000000000089e+00 7.383438375721081137e-02 7.843958574866280453e-02 5.668393130660247942e-02 5.914153646809511972e-02
1.625000000000000000e+00 7.437130460876115179e-02 7.897489267198351537e-02 5.691659302647496255e-02 5.937120869752757907e-02
1.649999999999999911e+00 7.489527917674880519e-02 7.949718608771338957e-02 5.713462436589365062e-02 5.958735080191043809e-02
1.675000000000000044e+00 7.540572158527554525e-02 8.000592738925646485e-02 5.733792225445459578e-02 5.978987684739452135e-02
1.699999999999999956e+00 7.590207387186460875e-02 8.050060500813346898e-02 5.752642236703505579e-02 5.997873619000055473e-02
1.725000000000000311e+00 7.638380261693679396e-02 8.098073323617659136e-02 5.770009664168433694e-02 6.015391199693511520e-02
1.750000000000000000e+00 7.685040784832898597e-02 8.144586221274473237e-02 5.785895901665071700e-02 6.031542738473123777e-02
1.774999999999999911e+00 7.730142540531018125e-02 8.189557404453051692e-02 5.800306519918433518e-02 6.046334251455003778e-02
1.800000000000000044e+00 7.773642001056964290e-02 8.232948010910649816e-02 5.813250753106406071e-02 6.059775138074000728e-02
1.824999999999999956e+00 7.815499249101295898e-02 8.274722837114226182e-02 5.824741944126601151e-02 6.071878622350519034e-02
1.850000000000000311e+00 7.855678086352452238e-02 8.314850196699949403e-02 5.834797441593454065e-02 6.082661559833063558e-02
1.875000000000000000e+00 7.894145994105399022e-02 8.353301965606688140e-02 5.843438542395393287e-02 6.092144420412184957e-02
1.899999999999999911e+00 7.930874163140788635e-02 8.390053574769931743e-02 5.850690383970446468e-02 6.100351165531407022e-02
1.925000000000000044e+00 7.965837828157029676e-02 8.425084323902030936e-02 5.856582006542193630e-02 6.107309318666553910e-02
1.949999999999999956e+00 7.999016105772441265e-02 8.458377202962058528e-02 5.861146178615894015e-02 6.113049787861742773e-02
1.975000000000000089e+00 8.030392165638881863e-02 8.489919046067483099e-02 5.864419398847649234e-02 6.117606873575031495e-02
2.000000000000000000e+00 8.059953318285964508e-02 8.519700588916576112e-02 5.866441798787561807e-02 6.121018168005380039e-02
2.024999999999999911e+00 8.087691139814801033e-02 8.547716599073973409e-02 5.867257097608630928e-02 6.123324521532844122e-02
2.049999999999999822e+00 8.113601274330956015e-02 8.573965589731083470e-02 5.866912377457025873e-02 6.124569805857684596e-02
2.075000000000000178e+00 8.137683601618049545e-02 8.598450083726613680e-02 5.865458013272761839e-02 6.124800879486790722e-02
2.100000000000000089e+00 8.159942550536064543e-02 8.621176905696600890e-02 5.862947745531661009e-02 6.124067669230768424e-02
2.125000000000000000e+00 8.180387016707528491e-02 8.642156956644143906e-02 5.859438512457022796e-02 6.122422974285402636e-02
2.149999999999999911e+00 8.199030004943866357e-02 8.661404894565179202e-02 5.854990010227142244e-02 6.119922053012320090e-02
2.174999999999999822e+00 8.215888809202677445e-02 8.678939420371777069e-02 5.849664712710943293e-02 6.116622684249805458e-02
2.200000000000000178e+00 8.230985359264901546e-02 8.694783540954004186e-02 5.843527929958347578e-02 6.112585216815846073e-02
2.225000000000000089e+00 8.244345931263988292e-02 8.708964158723313254e-02 5.836647409932309988e-02 6.107872164953913330e-02
2.250000000000000000e+00 8.256000684083132646e-02 8.721511737012702103e-02 5.829092928726804096e-02 6.102547841444803944e-02
2.274999999999999911e+00 8.265983932669865308e-02 8.732460507299732999e-02 5.820936269681467601e-02 6.096678339645215938e-02
2.299999999999999822e+00 8.274333702873509777e-02 8.741848098314881910e-02 5.812250804471513072e-02 6.090331144095106203e-02
2.325000000000000178e+00 8.281092573092510567e-02 8.749716397756350517e-02 5.803111944583746323e-02 6.083575605591107216e-02
2.350000000000000089e+00 8.286307301941152337e-02 8.756111000752755946e-02 5.793596612421997999e-02 6.076482400525078098e-02
2.375000000000000000e+00 8.290028277808859924e-02 8.761080784298952429e-02 5.783782783525814181e-02 6.069123110571288809e-02
2.399999999999999911e+00 8.292309659494269403e-02 8.764678036984162313e-02 5.773749415398778811e-02 6.061570168467454722e-02
2.424999999999999822e+00 8.293209095747260118e-02 8.766958155609562431e-02 5.763576098990125240e-02 6.053896524631761922e-02
2.450000000000000178e+00 8.292787681245056275e-02 8.767979645950978174e-02 5.753342859337714360e-02 6.046175473861838817e-02
2.475000000000000089e+00 8.291109970413444719e-02 8.767804106855442425e-02 5.743130058227086804e-02 6.038480574324903843e-02
2.500000000000000000e+00 8.288243493645702786e-02 8.766495739225126094e-02 5.733017864672455832e-02 6.030885132207613325e-02
2.524999999999999911e+00 8.284258474370002900e-02 8.764121092636938115e-02 5.723085964861351904e-02 6.023461934599229350e-02
2.549999999999999822e+00 8.279227776254538540e-02 8.760749033845362244e-02 5.713413422538210495e-02 6.016283133631497582e-02
2.575000000000000178e+00 8.273226940946504238e-02 8.756450770944065876e-02 5.704078519907249817e-02 6.009420103239560690e-02
2.600000000000000089e+00 8.266333619494353746e-02 8.751299289910527412e-02 5.695158265827919564e-02 6.002942962647473540e-02
2.625000000000000000e+00 8.258627486553911379e-02 8.745369293640409269e-02 5.686728225870683884e-02 5.996920430860394613e-02
2.649999999999999911e+00 8.250189904434357402e-02 8.738736864113119673e-02 5.678862210668008531e-02 5.991419527891552604e-02
2.674999999999999822e+00 8.241103660837274802e-02 8.731479220279990405e-02 5.671631997059546626e-02 5.986505316965436141e-02
2.700000000000000178e+00 8.231452794682740659e-02 8.723674556370555888e-02 5.665107117684402976e-02 5.982240713794855641e-02
2.725000000000000089e+00 8.221322311428375107e-02 8.715401766630653801e-02 5.659354592795249467e-02 5.978686229643015437e-02
2.750000000000000000e+00 8.210797794755887724e-02 8.706740075061324136e-02 5.654438606803879191e-02 5.975899669183690893e-02
2.774999999999999911e+00 8.199965254794819303e-02 8.697768898531288428e-02 5.650420330974380290e-02 5.973935964850470015e-02
2.799999999999999822e+00 8.188910515440459004e-02 8.688567244040144855e-02 5.647357508019955341e-02 5.972846768775964127e-02
2.825000000000000178e+00 8.177719131840884004e-02 8.679213655199793931e-02 5.645304353560819111e-02 5.972680399530717887e-02
2.850000000000000089e+00 8.166476363532393368e-02 8.669786203760274090e-02 5.644311504447833971e-02 5.973481783762051717e-02
2.875000000000000000e+00 8.155266471044152199e-02 8.660361796910343024e-02 5.644425564138012136e-02 5.975291997221408163e-02
2.899999999999999911e+00 8.144172336044380733e-02 8.651015820695920344e-02 5.645688820407141623e-02 5.978148014759836898e-02
2.924999999999999822e+00 8.133275212245602570e-02 8.641821913437827685e-02 5.648139126403515370e-02 5.982082604372268575e-02
2.950000000000000178e+00 8.122654432965502325e-02 8.632851696556000098e-02 5.651809740312575131e-02 5.987124175279073118e-02
2.975000000000000089e+00 8.112387173881374647e-02 8.624174564395763187e-02 5.656729181272927842e-02 5.993296662201049591e-02
3.000000000000000000e+00 8.102548422890251678e-02 8.615857687972702794e-02 5.662921286950906713e-02 6.000619613970589739e-02
3.024999999999999911e+00 8.093210585314714045e-02 8.607965637205790277e-02 5.670405080668620285e-02 6.009107992197893627e-02
3.049999999999999822e+00 8.084442598680174896e-02 8.600559511812969071e-02 5.679194213958690257e-02 6.018771649350933284e-02
3.075000000000000178e+00 8.076309906457568299e-02 8.593696953649083980e-02 5.689297037240877153e-02 6.029615446497261361e-02
3.100000000000000089e+00 8.068874142332975452e-02 8.587431856368005212e-02 5.700716502937298175e-02 6.041639136321802495e-02
3.125000000000000000e+00 8.062193031170852842e-02 8.581814305094920270e-02 5.713450206752606481e-02 6.054837453030807032e-02
3.149999999999999911e+00 8.056320086328901120e-02 8.576890294929992442e-02 5.727490378872295701e-02 6.069200056862594089e-02
3.174999999999999822e+00 8.051304195593018964e-02 8.572701351135725290e-02 5.742823689784602725e-02 6.084711370898655131e-02
3.200000000000000178e+00 8.047189483291540546e-02 8.569284421197499724e-02 5.759431322647703272e-02 6.101350661999267039e-02
3.225000000000000089e+00 8.044014989097016122e-02 8.566671591221652893e-02 5.777288974442930380e-02 6.119092067584067096e-02
3.250000000000000000e+00 8.041814763118863840e-02 8.564890216118073440e-02 5.796367009906127493e-02 6.137904735396839534e-02
3.274999999999999911e+00 8.040617334061246624e-02 8.563962402858767142e-02 5.816630319882536843e-02 6.157752653357104894e-02
3.299999999999999822e+00 8.040445658545948560e-02 8.563905016456009600e-02 5.838038482638657767e-02 6.178594902132823058e-02
3.325000000000000178e+00 8.041317173782729089e-02 8.564729754526384520e-02 5.860545936787017740e-02 6.200385777282084454e-02
3.350000000000000089e+00 8.043243441019065632e-02 8.566442811560487369e-02 5.884101996265237583e-02 6.223074778325650425e-02
3.375000000000000444e+00 8.046229912667855755e-02 8.569044678800344372e-02 5.908650869292732255e-02 6.246606653530380193e-02
3.399999999999999911e+00 8.050275846375833100e-02 8.572530096350634843e-02 5.934131773105049551e-02 6.270921548830403480e-02
3.424999999999999822e+00 8.055374396064508835e-02 8.576888174082511473e-02 5.960479234580698393e-02 6.295955297721744781e-02
3.450000000000000622e+00 8.061512619266381074e-02 8.582102431375926432e-02 5.987623269449793978e-02 6.321639617354013474e-02
3.475000000000000533e+00 8.068671480190402201e-02 8.588150803973879088e-02 6.015489608477262579e-02 6.347902257010933080e-02
3.500000000000000000e+00 8.076825520430798433e-02 8.595005350492539165e-02 6.043999624087654371e-02 6.374666990525752752e-02
3.524999999999999911e+00 8.085943321634310454e-02 8.602632757188109769e-02 6.073070844446420286e-02 6.401854175401273939e-02
3.549999999999999822e+00 8.095987428991549550e-02 8.610994243997825703e-02 6.102617173435655878e-02 6.429380836245347786e-02
3.575000000000000622e+00 8.106914296237814621e-02 8.620045547095865623e-02 6.132548984017614085e-02 6.457160846310708302e-02
3.600000000000000089e+00 8.118674506223737264e-02 8.629737148446900430e-02 6.162773453052478034e-02 6.485105238574966069e-02
3.625000000000000000e+00 8.131212918046239191e-02 8.640014439548276970e-02 6.193194837242237821e-02 6.513122486631892083e-02
3.649999999999999911e+00 8.144468798773127349e-02 8.650817835595291105e-02 6.223714736854965568e-02 6.541118672931429956e-02
3.674999999999999822e+00 8.158375689145970500e-02 8.662082669952630987e-02 6.254232154235886409e-02 6.568997652287518474e-02
3.700000000000000622e+00 8.172862087753665628e-02 8.673739873579404402e-02 6.284644130923044969e-02 6.596661627905356373e-02
3.725000000000000089e+00 8.187851317051375588e-02 8.685715830917167812e-02 6.314845797067387967e-02 6.624011182315384105e-02
3.750000000000000000e+00 8.203262193508327471e-02 8.697933051427980677e-02 6.344731012163937200e-02 6.650945919595911693e-02
3.774999999999999911e+00 8.219008781427511456e-02 8.710309888458375727e-02 6.374192258712714498e-02 6.677364262804720563e-02
3.799999999999999822e+00 8.235000837444964028e-02 8.722760995094801240e-02 6.403121118836813119e-02 6.703164035698599976e-02
3.825000000000000178e+00 8.251144353717534963e-02 8.735197834673823214e-02 6.431408710805369688e-02 6.728242799446265687e-02
3.850000000000000089e+00 8.267341745506487372e-02 8.747528843566761136e-02 6.458945938010914045e-02 6.752498081785980599e-02
3.875000000000000000e+00 8.283491993887448501e-02 8.759659547056365680e-02 6.485623724065765761e-02 6.775827571895655377e-02
3.899999999999999911e+00 8.299490940226519897e-02 8.771492820440125737e-02 6.511333189569316893e-02 6.798129315380348203e-02
3.924999999999999822e+00 8.315231952860001330e-02 8.782929519040680311e-02 6.535966260339284850e-02 6.819302288771984799e-02
3.950000000000000178e+00 8.330606229941621421e-02 8.793868747385470697e-02 6.559415945174473794e-02 6.839246609802673849e-02
3.975000000000000089e+00 8.345502968295362423e-02 8.804207991195849015e-02 6.581576474439061741e-02 6.857863655965930338e-02
4.000000000000000000e+00 8.359809720656198595e-02 8.813843410170899006e-02 6.602343590785023086e-02 6.875056344064708891e-02
4.025000000000000355e+00 8.373413005680735433e-02 8.822670414004694928e-02 6.621615009959565257e-02 6.890729542195377089e-02
4.049999999999999822e+00 8.386198519970856913e-02 8.830583817065340568e-02 6.639290585019003155e-02 6.904790201070466760e-02
4.075000000000000178e+00 8.398051718399185406e-02 8.837478370026639884e-02 6.655272728646284552e-02 6.917147742357951379e-02
4.099999999999999645e+00 8.408858029033287884e-02 8.843248917714309487e-02 6.669466571948229339e-02 6.927714179639667125e-02
4.125000000000000000e+00 8.418503452760277284e-02 8.847790941055272418e-02 6.681780379697982442e-02 6.936404499949311298e-02
4.150000000000000355e+00 8.426874728422378835e-02 8.851000695584518296e-02 6.692125642448079614e-02 6.943136728356567866e-02
4.174999999999999822e+00 8.433859659565369482e-02 8.852775458352796223e-02 6.700417291868282499e-02 6.947832106749611547e-02
4.200000000000000178e+00 8.439347634125810016e-02 8.853013957828752278e-02 6.706574020604405550e-02 6.950415365826140279e-02
4.224999999999999645e+00 8.443230248752638112e-02 8.851616957274474617e-02 6.710518711616661469e-02 6.950815123154080455e-02
4.250000000000000000e+00 8.445401323666382187e-02 8.848487326187867708e-02 6.712178409585242700e-02 6.948963879024593060e-02
4.275000000000000355e+00 8.445757380495552691e-02 8.843530248969334873e-02 6.711484560591425563e-02 6.944798123903973830e-02
4.299999999999999822e+00 8.444198227623431197e-02 8.836653980917709428e-02 6.708373436359674202e-02 6.938258845089111115e-02
4.325000000000000178e+00 8.440626677476566198e-02 8.827769461468765178e-02 6.702785806128157275e-02 6.929291153240291212e-02
4.349999999999999645e+00 8.434949385508841435e-02 8.816790962041554103e-02 6.694667507293845798e-02 6.917844743016667020e-02
4.375000000000000000e+00 8.427076724669477215e-02 8.803636288378176300e-02 6.683969255671651233e-02 6.903873913528493778e-02
4.400000000000000355e+00 8.416922997330443523e-02 8.788226520384950780e-02 6.670646688387832368e-02 6.887337326508591318e-02
4.424999999999999822e+00 8.404407754781453854e-02 8.770487065022752882e-02 6.654661325582542086e-02 6.868198786606814765e-02
4.450000000000000178e+00 8.389456195456421184e-02 8.750348843901842311e-02 6.635980761674997730e-02 6.846427963498483149e-02
4.474999999999999645e+00 8.371998233629703023e-02 8.727747000550627188e-02 6.614577829032353140e-02 6.821999336058642838e-02
4.500000000000000000e+00 8.351968834227867233e-02 8.702621377041884487e-02 6.590430760072620020e-02 6.794892470016503094e-02
4.525000000000000355e+00 8.329307568453038491e-02 8.674915687485554305e-02 6.563522722432779677e-02 6.765091300155079423e-02
4.549999999999999822e+00 8.303960601480327164e-02 8.644579077991958183e-02 6.533843263900111775e-02 6.732585266313886874e-02
4.575000000000000178e+00 8.275880301605735567e-02 8.611566858252189816e-02 6.501387918021495071e-02 6.697369733827136795e-02
4.599999999999999645e+00 8.245024972163199350e-02 8.575839483491236315e-02 6.466157849946188585e-02 6.659445125968703472e-02
4.625000000000000000e+00 8.211359442833814082e-02 8.537363371846246052e-02 6.428160210620179060e-02 6.618817442290711450e-02
4.650000000000000355e+00 8.174854722302907217e-02 8.496110661357955673e-02 6.387407769271037650e-02 6.575497973053973100e-02
4.674999999999999822e+00 8.135488515419823929e-02 8.452059458554875282e-02 6.343919198954357797e-02 6.529503406258520271e-02
4.700000000000000178e+00 8.093244849138450658e-02 8.405193893970396013e-02 6.297718681563176102e-02 6.480855755312260602e-02
4.724999999999999645e+00 8.048114270387111968e-02 8.355504074582099927e-02 6.248835950908050718e-02 6.429582230042370228e-02
4.750000000000000000e+00 8.000094125183335181e-02 8.302986277959910344e-02 6.197306372191142831e-02 6.375715272826561197e-02
4.775000000000000355e+00 7.949188326276902805e-02 8.247643000445897821e-02 6.143170701819559987e-02 6.319292501887852076e-02
4.799999999999999822e+00 7.895407482225164086e-02 8.189483074039871635e-02 6.086475079431682977e-02 6.260356722621361614e-02
4.825000000000000178e+00 7.838768616496891162e-02 8.128521453857624757e-02 6.027270686436649733e-02 6.198955648658668882e-02
4.849999999999999645e+00 7.779295151475661141e-02 8.064779123109741543e-02 5.965613640663983142e-02 6.135141735241853023e-02
4.875000000000000000e+00 7.717017211747186078e-02 7.998283348247409164e-02 5.901565135831084163e-02 6.068972274521177573e-02
4.900000000000000355e+00 7.651971097416042367e-02 7.929067762856434332e-02 5.835190979432906822e-02 6.000509392165002953e-02
4.924999999999999822e+00 7.584199222630119697e-02 7.857171455961510509e-02 5.766561399327595205e-02 5.929819253416069441e-02
4.950000000000000178e+00 7.513750314288444865e-02 7.782639890912743108e-02 5.695751129373105570e-02 5.856972654201129946e-02
4.974999999999999645e+00 7.440678754838295217e-02 7.705524385138448618e-02 5.622838850151225948e-02 5.782044567416124575e-02
5.000000000000000000e+00 7.365044942478780887e-02 7.625881356796206101e-02 5.547907345447065236e-02 5.705113484478516878e-02
5.025000000000000355e+00 7.286914649031239755e-02 7.543774189048910173e-02 5.471042961181855901e-02 5.626262734813812505e-02
5.049999999999999822e+00 7.206357875025010129e-02 7.459269855143163541e-02 5.392334673214938673e-02 5.545577889712823699e-02
5.075000000000000178e+00 7.123450239660401861e-02 7.372439927677648663e-02 5.311875048976206354e-02 5.463147431447940711e-02
5.099999999999999645e+00 7.038272559618734270e-02 7.283362376972089824e-02 5.229759874962424532e-02 5.379064043472563117e-02
5.125000000000000000e+00 6.950909797796618605e-02 7.192119438566677014e-02 5.146087267954099764e-02 5.293422930434956569e-02
5.150000000000000355e+00 6.861450969115719112e-02 7.098797442508872346e-02 5.060957588738629331e-02 5.206321628116057643e-02
5.174999999999999822e+00 6.769989214972017832e-02 7.003487062547796016e-02 4.974473463408076584e-02 5.117860161819361847e-02
5.200000000000000178e+00 6.676620941136639231e-02 6.906282474953406858e-02 4.886739023624933620e-02 5.028140346101523522e-02
5.224999999999999645e+00 6.581446090415951633e-02 6.807281420163978358e-02 4.797860092027008555e-02 4.937265760573636419e-02
5.250000000000000000e+00 6.484567697083851168e-02 6.706585305448174716e-02 4.707943825922667608e-02 4.845341803877208087e-02
5.275000000000000355e+00 6.386091006691618777e-02 6.604298178352896453e-02 4.617097988052849128e-02 4.752474879246570277e-02
5.299999999999999822e+00 6.286123640010259084e-02 6.500526349010717075e-02 4.525431037015389957e-02 4.658772063644714412e-02
5.325000000000000178e+00 6.184775406047669094e-02 6.395378828650882808e-02 4.433051964710672810e-02 4.564341393288699755e-02
5.349999999999999645e+00 6.082157513911928826e-02 6.288966260703220124e-02 4.340069677214582200e-02 4.469291051799350462e-02
5.375000000000000000e+00 5.978382442349857578e-02 6.181400841999182272e-02 4.246592853357301217e-02 4.373729261065857632e-02
5.400000000000000355e+00 5.873563656350661716e-02 6.072796069536957192e-02 4.152729749445294855e-02 4.277764084798696409e-02
5.424999999999999822e+00 5.767815581348120085e-02 5.963266466518379882e-02 4.058588102947923576e-02 4.181503187194805793e-02
5.450000000000000178e+00 5.661252667171330633e-02 5.852927088982725484e-02 3.964274453476773763e-02 4.085053438892912586e-02
5.474999999999999645e+00 5.553989700732712975e-02 5.741893360025385196e-02 3.869894351029570106e-02 3.988520790940378036e-02
5.500000000000000000e+00 5.446141147993961706e-02 5.630280776210827565e-02 3.775551809820806154e-02 3.892010010248610902e-02
5.525000000000000355e+00 5.337820501572995008e-02 5.518204306911257684e-02 3.681348886336061055e-02 3.795624244268772096e-02
5.549999999999999822e+00 5.229140678387626112e-02 5.405778059926322210e-02 3.587385909502682074e-02 3.699464765353739637e-02
5.575000000000000178e+00 5.120213463602019122e-02 5.293115282841410335e-02 3.493761051458037920e-02 3.603630925779920807e-02
5.599999999999999645e+00 5.011149131886472041e-02 5.180328063619716455e-02 3.400570073723666736e-02 3.508219951798810521e-02
5.625000000000000000e+00 4.902056409472327347e-02 5.067526954673909345e-02 3.307906270364417006e-02 3.413326652270256417e-02
5.650000000000000355e+00 4.793041988685951132e-02 4.954820545364287121e-02 3.215860112348574440e-02 3.319043104341157929e-02
5.674999999999999822e+00 4.684210818702923967e-02 4.842315666924005418e-02 3.124519426821502008e-02 3.225458773074087182e-02
5.700000000000000178e+00 4.575665446558105365e-02 4.730117069125585466e-02 3.033968947714488218e-02 3.132660281888995785e-02
5.724999999999999645e+00 4.467505528068144854e-02 4.618326589694135564e-02 2.944289938521168701e-02 3.040730820962243841e-02
5.750000000000000000e+00 4.359828310636998383e-02 4.507043493063198070e-02 2.855560540953915385e-02 2.949750366306961441e-02
5.775000000000000355e+00 4.252728248445357406e-02 4.396364402790488290e-02 2.767855496452521769e-02 2.859795636936808549e-02
5.799999999999999822e+00 4.146296815431024796e-02 4.286382907902398787e-02 2.681245988811292724e-02 2.770939802613770972e-02
5.825000000000000178e+00 4.040622326585179003e-02 4.177189388219385707e-02 2.595799554775829118e-02 2.683252362984273054e-02
5.849999999999999645e+00 3.935789730703263128e-02 4.068870930392353563e-02 2.511579921406504462e-02 2.596799100258586138e-02
5.875000000000000000e+00 3.831880584751743563e-02 3.961511201811919458e-02 2.428647001023359620e-02 2.511641988136924936e-02
5.900000000000000355e+00 3.728973071788622973e-02 3.855190125917356408e-02 2.347056920114664463e-02 2.427838979206240963e-02
5.924999999999999822e+00 3.627141917954995048e-02 3.749984404602620808e-02 2.266861942753591042e-02 2.345444359996753589e-02
5.950000000000000178e+00 3.526458010607830956e-02 3.645966782799651973e-02 2.188110259752247891e-02 2.264508276824511029e-02
5.974999999999999645e+00 3.426988661403736203e-02 3.543206225226819966e-02 2.110846177444867730e-02 2.185076864903144969e-02
6.000000000000000000e+00 3.328797367297596510e-02 3.441767847497390759e-02 2.035109972887499952e-02 2.107192230685853845e-02
6.025000000000000355e+00 3.231944186900637117e-02 3.341713073210925838e-02 1.960938151641782382e-02 2.030892559744577885e-02
6.049999999999999822e+00 3.136485155635235916e-02 3.243099482103492526e-02 1.888363110344930609e-02 1.956212050645621953e-02
6.075000000000000178e+00 3.042472528273289234e-02 3.145980636583863704e-02 1.817413346738612837e-02 1.883180844673799231e-02
6.099999999999999645e+00 2.949954912638898946e-02 3.050406257935926388e-02 1.748113568313731936e-02 1.811825171218805694e-02
6.125000000000000000e+00 2.858977037825501111e-02 2.956422216957057050e-02 1.680484590193032438e-02 1.742167383161564304e-02
6.150000000000000355e+00 2.769579868124224381e-02 2.864070494791565516e-02 1.614543455784136702e-02 1.674225981914101782e-02
6.174999999999999822e+00 2.681800554033415829e-02 2.773389174748730826e-02 1.550303457120327626e-02 1.608015654434266292e-02
6.200000000000000178e+00 2.595672564954476860e-02 2.684412484385360204e-02 1.487774303072461092e-02 1.543547366859022302e-02
6.224999999999999645e+00 2.511225933577365677e-02 2.597171013840178511e-02 1.426962309451396647e-02 1.480828556838603531e-02
6.250000000000000000e+00 2.428486928722454335e-02 2.511691699706095071e-02 1.367870255779904398e-02 1.419863182355409446e-02
6.275000000000000355e+00 2.347478229871085426e-02 2.427997781771517108e-02 1.310497600199153623e-02 1.360651775736068658e-02
6.299999999999999822e+00 2.268219077984076626e-02 2.346108959998012555e-02 1.254840629020423197e-02 1.303191615119155163e-02
6.325000000000000178e+00 2.190725254902330457e-02 2.266041321337669556e-02 1.200892522754965983e-02 1.247476746978581907e-02
6.349999999999999645e+00 2.115009249861476981e-02 2.187807550603274379e-02 1.148643548001458854e-02 1.193498198009767912e-02
6.375000000000000000e+00 2.041080350159475698e-02 2.111417074267118651e-02 1.098081185315136904e-02 1.141244145718530410e-02
6.400000000000000355e+00 1.968944716711628143e-02 2.036876164275103554e-02 1.049190264351338234e-02 1.090700062460666329e-02
6.424999999999999822e+00 1.898605412007111845e-02 1.964187913642114966e-02 1.001953079782400870e-02 1.041848792131730601e-02
6.450000000000000178e+00 1.830062576580820249e-02 1.893352425742610493e-02 9.563495784126414823e-03 9.946707512260569845e-03
6.474999999999999645e+00 1.763313476984562297e-02 1.824366835972625334e-02 9.123574765439425999e-03 9.491440284467004065e-03
6.500000000000000000e+00 1.698352710640243027e-02 1.757225513522418792e-02 8.699524717004780347e-03 9.052445901987882931e-03
6.525000000000000355e+00 1.635172262128561579e-02 1.691920236433069186e-02 8.291083683231127363e-03 8.629464764317092140e-03
6.549999999999999822e+00 1.573761595345019026e-02 1.628440173067205454e-02 7.897972209479041383e-03 8.222218798824738883e-03
6.575000000000000178e+00 1.514107823330116884e-02 1.566772071729915367e-02 7.519895164136388907e-03 7.830413403980857057e-03
6.599999999999999645e+00 1.456195818729974327e-02 1.506900398615585585e-02 7.156543243892209832e-03 7.453739107246030657e-03
6.625000000000000000e+00 1.400008318203883710e-02 1.448807442717019514e-02 6.807594348999836120e-03 7.091872988165913612e-03
6.650000000000000355e+00 1.345526085037347143e-02 1.392473461073355685e-02 6.472715379486656921e-03 6.744480311741946239e-03
6.674999999999999822e+00 1.292728013020794965e-02 1.337876799167729731e-02 6.151563565443095641e-03 6.411216010488812907e-03
6.700000000000000178e+00 1.241591295339905358e-02 1.284994036040870528e-02 5.843788128331997740e-03 6.091726223735751712e-03
6.724999999999999645e+00 1.192091515488974234e-02 1.233800133715439416e-02 5.549031501929056753e-03 5.785649850677391723e-03
6.750000000000000888e+00 1.144202748156804457e-02 1.184268513792674157e-02 5.266930532190887242e-03 5.492619663689768741e-03
6.775000000000001243e+00 1.097897736787651832e-02 1.136371208983635514e-02 4.997118100526228013e-03 5.212263762195202751e-03
6.799999999999999822e+00 1.053147998439220821e-02 1.090079004516795666e-02 4.739224293842468801e-03 4.944206964618576457e-03
6.825000000000001066e+00 1.009923952982290894e-02 1.045361550665677326e-02 4.492877559244692377e-03 4.688071961609915211e-03
6.849999999999999645e+00 9.681950367838677851e-03 1.002187485358863386e-02 4.257705846627535089e-03 4.443480464120055408e-03
6.875000000000000000e+00 9.279298387878148063e-03 9.605245708028111937e-03 4.033337754607812554e-03 4.210054415225634658e-03
6.900000000000001243e+00 8.890961995448131219e-03 9.203397968824009179e-03 3.819403450238928032e-03 3.987416934448255457e-03
6.924999999999999822e+00 8.516613257479131033e-03 8.815994968865276810e-03 3.615535636402020508e-03 3.775193327979901089e-03
6.950000000000001066e+00 8.155919053039722977e-03 8.442694625159846353e-03 3.421370400847584693e-03 3.573011984898275418e-03
6.974999999999999645e+00 7.807999710510705321e-03 8.083692856885208583e-03 3.236180155508986290e-03 3.380873147972985812e-03
7.000000000000000000e+00 7.470925427910290323e-03 7.734715288469264614e-03 3.059193402487921879e-03 3.196412939323923369e-03
7.025000000000001243e+00 7.146779156217609834e-03 7.399099498904587908e-03 2.891002484993993038e-03 3.021074219902408244e-03
7.049999999999999822e+00 6.835195278265689643e-03 7.076469533994624722e-03 2.731249936579705981e-03 2.854490189173217347e-03
7.075000000000001066e+00 6.535808782965574042e-03 6.766449991381842839e-03 2.579585995838518976e-03 2.696301661567493402e-03
7.099999999999999645e+00 6.248256133315185055e-03 6.468666806389083632e-03 2.435669074315235504e-03 2.546157515558036214e-03
7.125000000000000000e+00 5.972176014574467548e-03 6.182748099734368397e-03 2.299166098944914385e-03 2.403715119786653965e-03
7.150000000000001243e+00 5.707210018042700901e-03 5.908324897838238172e-03 2.169752843033900119e-03 2.268640675911562984e-03
7.174999999999999822e+00 5.453003247874533936e-03 5.645031738322509041e-03 2.047114155665338310e-03 2.140609481513656119e-03
7.200000000000000178e+00 5.209204932589302055e-03 5.392507289239875483e-03 1.930944152690756282e-03 2.019306151574411668e-03
7.224999999999999645e+00 4.975469005299806326e-03 5.150394951151191641e-03 1.820946405708807848e-03 1.904424812033230635e-03
7.250000000000000000e+00 4.751454511022075791e-03 4.918343308303064869e-03 1.716834001576156505e-03 1.795669207252362362e-03
7.275000000000001243e+00 4.536826086408405484e-03 4.696006604384931823e-03 1.618329603783392589e-03 1.692752781048385098e-03
7.299999999999999822e+00 4.331254370621584297e-03 4.483045174102085785e-03 1.525165495898427991e-03 1.595398723557362505e-03
7.325000000000000178e+00 4.134416317222589475e-03 4.279125777675726709e-03 1.437083543919139570e-03 1.503339963616153688e-03
7.349999999999999645e+00 3.945995521679177172e-03 4.083921914447084800e-03 1.353835141857638981e-03 1.416319124484186932e-03
7.375000000000000000e+00 3.765682503411095158e-03 3.897114120353322060e-03 1.275181150752572982e-03 1.334088463408023093e-03
7.400000000000001243e+00 3.593174920955848235e-03 3.718390235284120115e-03 1.200891771559524758e-03 1.256409788444640954e-03
7.424999999999999822e+00 3.428177752014492045e-03 3.547445573017024654e-03 1.130746412723397090e-03 1.183054317937107637e-03
7.450000000000000178e+00 3.270403445465904901e-03 3.383983091798721966e-03 1.064533542497501884e-03 1.113802543173707509e-03
7.474999999999999645e+00 3.119572026406402382e-03 3.227713480993714152e-03 1.002050504033865199e-03 1.048444043619108697e-03
7.500000000000000000e+00 2.975411213402921057e-03 3.078355319033787302e-03 9.431033315003555266e-04 9.867773260223077717e-04
7.525000000000000355e+00 2.837656433086512865e-03 2.935635099096400163e-03 8.875065287791176431e-04 9.286096046771853295e-04
7.549999999999999822e+00 2.706050897605419454e-03 2.799287259332172619e-03 8.350828791716676620e-04 8.737565891086186047e-04
7.575000000000000178e+00 2.580345593415938298e-03 2.669054237347083958e-03 7.856631988353694231e-04 8.220422726577602352e-04
7.599999999999999645e+00 2.460299251614448887e-03 2.544686429699228886e-03 7.390861046581453410e-04 7.732986884568031306e-04
7.625000000000000000e+00 2.345678318734977560e-03 2.425942141500296231e-03 6.951977765522521268e-04 7.273656632709358952e-04
7.650000000000000355e+00 2.236256892024775494e-03 2.312587563254294397e-03 6.538517074400771118e-04 6.840905828340422502e-04
7.674999999999999822e+00 2.131816640153305718e-03 2.204396674431469833e-03 6.149084600269725176e-04 6.433281347950437021e-04
7.700000000000000178e+00 2.032146713706681727e-03 2.101151143632097422e-03 5.782354130985392854e-04 6.049400544384209936e-04
7.724999999999999645e+00 1.937043644408689442e-03 2.002640248169889562e-03 5.437065087059075050e-04 5.687948759002238409e-04
7.750000000000000000e+00 1.846311215493407626e-03 1.908660749347312023e-03 5.112020110666636334e-04 5.347676799882924645e-04
7.775000000000000355e+00 1.759760328059615467e-03 1.819016737256547384e-03 4.806082521762327395e-04 5.027398362378734204e-04
7.799999999999999822e+00 1.677208872593800295e-03 1.733519509318614399e-03 4.518173882620835362e-04 4.725987569322024273e-04
7.825000000000000178e+00 1.598481571722469401e-03 1.651987421845726913e-03 4.247271595545949741e-04 4.442376521423661460e-04
7.849999999999999645e+00 1.523409826883297602e-03 1.574245722792677214e-03 3.992406528139372723e-04 4.175552843293463181e-04
7.875000000000000000e+00 1.451831555574743761e-03 1.500126387457182504e-03 3.752660687902909767e-04 3.924557301462639207e-04
7.900000000000000355e+00 1.383591030931841060e-03 1.429467961158101047e-03 3.527164968947381807e-04 3.688481511170561681e-04
7.924999999999999822e+00 1.318538702078206728e-03 1.362115380207291546e-03 3.315096913494129530e-04 3.466465647322315605e-04
7.950000000000000178e+00 1.256531022518767417e-03 1.297919782558399618e-03 3.115678561084364280e-04 3.257696188531356788e-04
7.974999999999999645e+00 1.197430280802788552e-03 1.236738341277801405e-03 2.928174376680392466e-04 3.061403799239583346e-04
8.000000000000000000e+00 1.141104422646004772e-03 1.178434085084319703e-03 2.751889218460196532e-04 2.876861245306058757e-04
8.025000000000000355e+00 1.087426874400884225e-03 1.122875716122377935e-03 2.586166379456470246e-04 2.703381365520681140e-04
8.050000000000000711e+00 1.036276365340089382e-03 1.069937427766212180e-03 2.430385695729668342e-04 2.540315115687915540e-04
8.074999999999999289e+00 9.875367532970668813e-04 1.019498723536084537e-03 2.283961723276955297e-04 2.387049678462695287e-04
8.099999999999999645e+00 9.410968515332749805e-04 9.714442411093841042e-04 2.146341991514587842e-04 2.243006656412801635e-04
8.125000000000000000e+00 8.968502545288600455e-04 9.256635732583074318e-04 2.017005308028285270e-04 2.107640319754542702e-04
8.150000000000000355e+00 8.546951694001934594e-04 8.820510930230636600e-04 1.895460148462823973e-04 1.980435928138127289e-04
8.175000000000000711e+00 8.145342487852257150e-04 8.405057817186805270e-04 1.781243106474134639e-04 1.860908123589199081e-04
8.199999999999999289e+00 7.762744268189822588e-04 8.009310599659597756e-04 1.673917407529004493e-04 1.748599388247333412e-04
8.224999999999999645e+00 7.398267570035112683e-04 7.632346213639893458e-04 1.573071489235451572e-04 1.643078568713014634e-04
8.250000000000000000e+00 7.051062547330852600e-04 7.273282690715567695e-04 1.478317647077921127e-04 1.543939464436050305e-04
8.275000000000000355e+00 6.720317434938525474e-04 6.931277565701813746e-04 1.389290741439874830e-04 1.450799481150250188e-04
8.300000000000000711e+00 6.405257038791479715e-04 6.605526327595216598e-04 1.305646960049070069e-04 1.363298346367655732e-04
8.324999999999999289e+00 6.105141275297208767e-04 6.295260901560055349e-04 1.227062645408967978e-04 1.281096883350402822e-04
8.349999999999999645e+00 5.819263751969449899e-04 5.999748177970506448e-04 1.153233178464919582e-04 1.203875845952548791e-04
8.375000000000000000e+00 5.546950380680845064e-04 5.718288581563667422e-04 1.083871912865123368e-04 1.131334809220442425e-04
8.400000000000000355e+00 5.287558035684934319e-04 5.450214682331599525e-04 1.018709164071956644e-04 1.063191114013812937e-04
8.425000000000000711e+00 5.040473253602646437e-04 5.194889851036526467e-04 9.574912514575457966e-05 9.991788658639533520e-05
8.449999999999999289e+00 4.805110978273584451e-04 4.951706952203523875e-04 8.999795874416531528e-05 9.390479832756784453e-05
8.474999999999999645e+00 4.580913342675430500e-04 4.720087086138861541e-04 8.459498133082460824e-05 8.825632953472179278e-05
8.500000000000000000e+00 4.367348496966563342e-04 4.499478374020320689e-04 7.951909831868292952e-05 8.295036876634868527e-05
8.525000000000000355e+00 4.163909470832386460e-04 4.289354776893991843e-04 7.475047877902825160e-05 7.796612909050795541e-05
8.550000000000000711e+00 3.970113082274601135e-04 4.089214963508457567e-04 7.027048212856485787e-05 7.328407139277977496e-05
8.574999999999999289e+00 3.785498890192551822e-04 3.898581221849200932e-04 6.606158883365699432e-05 6.888583182634066605e-05
8.599999999999999645e+00 3.609628175549002343e-04 3.716998406342292933e-04 6.210733477346499208e-05 6.475415313022767907e-05
8.625000000000000000e+00 3.442082967517556911e-04 3.544032922926955691e-04 5.839224926783013786e-05 6.087281968787861723e-05
8.650000000000000355e+00 3.282465112423180393e-04 3.379271759923067387e-04 5.490179653743676631e-05 5.722659622609971178e-05
8.675000000000000711e+00 3.130395369610038548e-04 3.222321557028594470e-04 5.162232040068500896e-05 5.380116995085524370e-05
8.699999999999999289e+00 2.985512546697250682e-04 3.072807702931728332e-04 4.854099207757644053e-05 5.058309580124177005e-05
8.724999999999999645e+00 2.847472675409961013e-04 2.930373475530928659e-04 4.564576095614952708e-05 4.755974482441773513e-05
8.750000000000000000e+00 2.715948217062617376e-04 2.794679219657935721e-04 4.292530821758421992e-05 4.471925555647970852e-05
8.775000000000000355e+00 2.590627300807400116e-04 2.665401557361669156e-04 4.036900306250683780e-05 4.205048817643830512e-05
8.800000000000000711e+00 2.471212992644261142e-04 2.542232627485857825e-04 3.796686139046882993e-05 3.954298119640079634e-05
8.824999999999999289e+00 2.357422599398109077e-04 2.424879358691405364e-04 3.570950691631204709e-05 3.718691063738419045e-05
8.849999999999999645e+00 2.248987002083577811e-04 2.313062779566337542e-04 3.358813462335087603e-05 3.497305169453904255e-05
8.875000000000000000e+00 2.145650015910887548e-04 2.206517353333377709e-04 3.159447629332428904e-05 3.289274258347474859e-05
8.900000000000000355e+00 2.047167780686025447e-04 2.104990342408208771e-04 2.972076800243221537e-05 3.093785046537947506e-05
8.925000000000000711e+00 1.953308176903250791e-04 2.008241203084831198e-04 2.795971959975223703e-05 2.910073941345839860e-05
8.949999999999999289e+00 1.863850267650088140e-04 1.916041005374123564e-04 2.630448599027363282e-05 2.737424027049353324e-05
8.974999999999999645e+00 1.778583766142227760e-04 1.828171877500328005e-04 2.474864004576384329e-05 2.575162224245199294e-05
9.000000000000000000e+00 1.697308528400135515e-04 1.744426479296253658e-04 2.328614723117329493e-05 2.422656623568107619e-05
9.025000000000000355e+00 1.619834067657932868e-04 1.664607497469092526e-04 2.191134169263648661e-05 2.279313978668744733e-05
9.050000000000000711e+00 1.545979091497455017e-04 1.588527164818581260e-04 2.061890375259372533e-05 2.144577346347721468e-05
9.074999999999999289e+00 1.475571059491527276e-04 1.516006799438074197e-04 1.940383879679649320e-05 2.017923867552664661e-05
9.099999999999999645e+00 1.408445762892210102e-04 1.446876367708766202e-04 1.826145740272549118e-05 1.898862683657012276e-05
9.125000000000000000e+00 1.344446922394908835e-04 1.380974066568576588e-04 1.718735669967533399e-05 1.786932978487392349e-05
9.150000000000000355e+00 1.283425805525137897e-04 1.318145925598643851e-04 1.617740282895895225e-05 1.681702138824091837e-05
9.175000000000000711e+00 1.225240861524560675e-04 1.258245426759759813e-04 1.522771447467956744e-05 1.582764024445640566e-05
9.199999999999999289e+00 1.169757374711163982e-04 1.201133143944285616e-04 1.433464738361384264e-05 1.489737345263214548e-05
9.224999999999999645e+00 1.116847132579605844e-04 1.146676399162109951e-04 1.349477984463825552e-05 1.402264136608952771e-05
9.250000000000000000e+00 1.066388110311579813e-04 1.094748933360552518e-04 1.270489904648739402e-05 1.320008326652052219e-05
9.275000000000000355e+00 1.018264170642360763e-04 1.045230594773823176e-04 1.196198825066646536e-05 1.242654391620136092e-05
9.300000000000000711e+00 9.723647778719251601e-05 9.980070415641691811e-05 1.126321477437467531e-05 1.169906093660399812e-05
9.324999999999999289e+00 9.285847253532180940e-05 9.529694587130547805e-05 1.060591868649899281e-05 1.101485295174774152e-05
9.349999999999999645e+00 8.868238763222939080e-05 9.100142885569624009e-05 9.987602219027390076e-06 1.037130846858427478e-05
9.375000000000000000e+00 8.469869172144289587e-05 8.690429743005556715e-05 9.405919793961809436e-06 9.765975428670221154e-06
9.400000000000000355e+00 8.089831228535418906e-05 8.299617160807725227e-05 8.858668689434687796e-06 9.196551402838170299e-06
9.425000000000000711e+00 7.727261330054729829e-05 7.926812387876601049e-05 8.343780270171631170e-06 8.660874394502401103e-06
9.449999999999999289e+00 7.381337396569073663e-05 7.571165710591969253e-05 7.859311760765671796e-06 8.156914204130603222e-06
9.474999999999999645e+00 7.051276848073132592e-05 7.231868350841426352e-05 7.403438518095116178e-06 7.682764330084587614e-06
9.500000000000000000e+00 6.736334680691484966e-05 6.908150467765552638e-05 6.974446776027350633e-06 7.236634359108570254e-06
9.525000000000000355e+00 6.435801635250803458e-05 6.599279255561549783e-05 6.570726853786567859e-06 6.816842834927491605e-06
9.550000000000000711e+00 6.149002456659419735e-05 6.304557134756922168e-05 6.190766762538543131e-06 6.421810561870442139e-06
9.574999999999999289e+00 5.875294237297872657e-05 6.023320032893243579e-05 5.833146222968147076e-06 6.050054324136348386e-06
9.599999999999999645e+00 5.614064841149395948e-05 5.754935747166010245e-05 5.496531038172592233e-06 5.700180991664997355e-06
9.625000000000000000e+00 5.364731406595205418e-05 5.498802389835740330e-05 5.179667816517604759e-06 5.370881986809575654e-06
9.650000000000000355e+00 5.126738921117120201e-05 5.254346908951480560e-05 4.881379028264716557e-06 5.060928097261282421e-06
9.675000000000000711e+00 4.899558866427409918e-05 5.021023681347771091e-05 4.600558359008543895e-06 4.769164608043991878e-06
9.699999999999999289e+00 4.682687930183050044e-05 4.798313175476340829e-05 4.336166349356000212e-06 4.494506733280047394e-06
9.724999999999999645e+00 4.475646781187832935e-05 4.585720679934503474e-05 4.087226307197297104e-06 4.235935329394177060e-06
9.750000000000000000e+00 4.277978903695497329e-05 4.382775094791443299e-05 3.852820470572488092e-06 3.992492875799210299e-06
9.775000000000000355e+00 4.089249489595143657e-05 4.189027781401213842e-05 3.632086406569320013e-06 3.763279700914383591e-06
9.800000000000000711e+00 3.909044385623124254e-05 4.004051469758538364e-05 3.424213633946217943e-06 3.547450443529585576e-06
9.824999999999999289e+00 3.736969091163081891e-05 3.827439219701483431e-05 3.228440451806996417e-06 3.344210731393560476e-06
9.849999999999999645e+00 3.572647806206595030e-05 3.658803432773632817e-05 3.044050963781810877e-06 3.152814065217118475e-06
9.875000000000000000e+00 3.415722525920017330e-05 3.497774913380836585e-05 2.870372286006236413e-06 2.972558893472212813e-06
9.900000000000000355e+00 3.265852179381862740e-05 3.344001975955045305e-05 2.706771930931387367e-06 2.802785871156609798e-06
9.925000000000000711e+00 3.122711810849982528e-05 3.197149595694404083e-05 2.552655343159019461e-06 2.642875284226167807e-06
9.949999999999999289e+00 2.985991801229339346e-05 3.056898601904092111e-05 2.407463595952880306e-06 2.492244633758783608e-06
9.974999999999999645e+00 2.855397127844633206e-05 2.922944910297888682e-05 2.270671225802765986e-06 2.350346370717141332e-06
1.000000000000000000e+01 2.730646660755448374e-05 2.794998793722201647e-05 2.141784198348919592e-06 2.216665767837183125e-06
1.002500000000000036e+01 2.611472493094053738e-05 2.672784188622270935e-05 2.020338002090175924e-06 2.090718924086661831e-06
1.005000000000000071e+01 2.497619304619649663e-05 2.556038035324405421e-05 1.905895859212897020e-06 1.972050891337804346e-06
1.007499999999999929e+01 2.388843756418889444e-05 2.444509650852536413e-05 1.798047044452523072e-06 1.860233917246363023e-06
1.009999999999999964e+01 2.284913915411279414e-05 2.337960133015804884e-05 1.696405306262449718e-06 1.754865793945034900e-06
1.012500000000000000e+01 2.185608706784362241e-05 2.236161793219569908e-05 1.600607390043414772e-06 1.655568310579717507e-06
1.015000000000000036e+01 2.090717393514896971e-05 2.138897617439660187e-05 1.510311646048110060e-06 1.561985800224858856e-06
1.017500000000000071e+01 2.000039081154084217e-05 2.045960753605746438e-05 1.425196724415903452e-06 1.473783774933113926e-06
1.019999999999999929e+01 1.913382246971735703e-05 1.957154023983887316e-05 1.344960350979250549e-06 1.390647645065721295e-06
1.022499999999999964e+01 1.830564292010090064e-05 1.872289461682288730e-05 1.269318177438171670e-06 1.312281517485935912e-06
1.025000000000000000e+01 1.751411115041594713e-05 1.791187869558986346e-05 1.198002701630668504e-06 1.238407066999433743e-06
1.027500000000000036e+01 1.675756707379079987e-05 1.713678401011607167e-05 1.130762254793425628e-06 1.168762477303190868e-06
1.030000000000000071e+01 1.603442767323895145e-05 1.639598161025709929e-05 1.067360048835340569e-06 1.103101446577525515e-06
1.032499999999999929e+01 1.534318333517157681e-05 1.568791826910214906e-05 1.007573282077683042e-06 1.041192252984569219e-06
1.034999999999999964e+01 1.468239435978030941e-05 1.501111287296864935e-05 9.511923004500562539e-07 9.828168779454902133e-07
1.037500000000000000e+01 1.405068764318150917e-05 1.436415298975604137e-05 8.980198096617256294e-07 9.277701828847607218e-07
1.040000000000000036e+01 1.344675351917549527e-05 1.374569160370043917e-05 8.478701351716618624e-07 8.758591367078682382e-07
1.042500000000000071e+01 1.286934275499658725e-05 1.315444400854502353e-05 8.005685253572514692e-07 8.269020890763986996e-07
1.044999999999999929e+01 1.231726369222347165e-05 1.258918485258078698e-05 7.559505002697060405e-07 7.807280886969296328e-07
1.047499999999999964e+01 1.178937952661608242e-05 1.204874532623253408e-05 7.138612374439546921e-07 7.371762434184223291e-07
1.050000000000000000e+01 1.128460571965486787e-05 1.153201048719023037e-05 6.741549950444147539e-07 6.960951180701255054e-07
1.052500000000000036e+01 1.080190753463401124e-05 1.103791671441987517e-05 6.366945720626797835e-07 6.573421699936825293e-07
1.055000000000000071e+01 1.034029769227333119e-05 1.056544928574033014e-05 6.013507983986578610e-07 6.207832183719590117e-07
1.057499999999999929e+01 9.898834139177307135e-06 1.011364007263527611e-05 5.680020573679389903e-07 5.862919452595226420e-07
1.059999999999999964e+01 9.476617923718461752e-06 9.681565346171770714e-06 5.365338373475573081e-07 5.537494276556082969e-07
1.062500000000000000e+01 9.072791174499943560e-06 9.268343689090574329e-06 5.068383092839677008e-07 5.230436973751634069e-07
1.065000000000000036e+01 8.686535175675044583e-06 8.873134008445253377e-06 4.788139305653600811e-07 4.940693275735735188e-07
1.067500000000000071e+01 8.317068534821521960e-06 8.495133643944505637e-06 4.523650724774517574e-07 4.667270443325025933e-07
1.069999999999999929e+01 7.963645438717488733e-06 8.133576567238275191e-06 4.274016701343295773e-07 4.409233616465653648e-07
1.072499999999999964e+01 7.625553992614885214e-06 7.787731667754146242e-06 4.038388934440892657e-07 4.165702384136747386e-07
1.075000000000000000e+01 7.302114639041500582e-06 7.456901120757049629e-06 3.815968378321591976e-07 3.935847560687082970e-07
1.077500000000000036e+01 6.992678652131500217e-06 7.140418833664462922e-06 3.606002335764199342e-07 3.718888156202387304e-07
1.080000000000000071e+01 6.696626703916422266e-06 6.837648966688057927e-06 3.407781723221491270e-07 3.514088528370224069e-07
1.082499999999999929e+01 6.413367498942401152e-06 6.547984524327444309e-06 3.220638502642523127e-07 3.320755704782004612e-07
1.084999999999999964e+01 6.142336473744759754e-06 6.270846013884980132e-06 3.043943266872701560e-07 3.138236867693649666e-07
1.087500000000000000e+01 5.882994558457060881e-06 6.005680168124784049e-06 2.877102967940870239e-07 2.965916987980542758e-07
1.090000000000000036e+01 5.634826997156498044e-06 5.751958728834139777e-06 2.719558784490840417e-07 2.803216602515693656e-07
1.092500000000000071e+01 5.397342224160181384e-06 5.509177288158993489e-06 2.570784111492665046e-07 2.649589723366066992e-07
1.094999999999999929e+01 5.170070793527102770e-06 5.276854185015562927e-06 2.430282671049883969e-07 2.504521870556408151e-07
1.097499999999999964e+01 4.952564359333546978e-06 5.054529453868781854e-06 2.297586739233111671e-07 2.367528223753490636e-07
1.100000000000000000e+01 4.744394704124838368e-06 4.841763823385000738e-06 2.172255475462938864e-07 2.238151884823286874e-07
1.102500000000000036e+01 4.545152813249363905e-06 4.638137762478046001e-06 2.053873351704700482e-07 2.115962242537964319e-07
1.105000000000000071e+01 4.354447992794865671e-06 4.443250571446171891e-06 1.942048674259615714e-07 2.000553435295748194e-07
1.107499999999999929e+01 4.171907029067964874e-06 4.256719515981352895e-06 1.836412193735927456e-07 1.891542903909284368e-07
1.109999999999999964e+01 3.997173387705063187e-06 4.078179002086627793e-06 1.736615799624063174e-07 1.788570032608188441e-07
1.112500000000000000e+01 3.829906450338927377e-06 3.907279789837869011e-06 1.642331288331498391e-07 1.691294869162454070e-07
1.115000000000000036e+01 3.669780787085526054e-06 3.743688244118543495e-06 1.553249205648851845e-07 1.599396920743118772e-07
1.117500000000000071e+01 3.516485463132971908e-06 3.587085620588358682e-06 1.469077758830638879e-07 1.512574021307042163e-07
1.119999999999999929e+01 3.369723377806101029e-06 3.437167385122306955e-06 1.389541792954417061e-07 1.430541267278720202e-07
1.122499999999999964e+01 3.229210634486442729e-06 3.293642565154147117e-06 1.314381825180003392e-07 1.353030014699411394e-07
1.125000000000000000e+01 3.094675939987852447e-06 3.156233131383784662e-06 1.243353137228554871e-07 1.279786935575118536e-07
1.127500000000000036e+01 2.965860031939461411e-06 3.024673408405284638e-06 1.176224921452793099e-07 1.210573129866233849e-07
1.130000000000000071e+01 2.842515132788490413e-06 2.898709512811150591e-06 1.112779477941053443e-07 1.145163290597356025e-07
1.132499999999999929e+01 2.724404429259898073e-06 2.778098817528710314e-06 1.052811457582025356e-07 1.083344917812519353e-07
1.134999999999999964e+01 2.611301575958142268e-06 2.662609441100126046e-06 9.961271493295219897e-08 1.024917578420247268e-07
1.137500000000000000e+01 2.502990222007839614e-06 2.552019760692393088e-06 9.425438098109089984e-08 9.696922093222953638e-08
1.140000000000000036e+01 2.399263559639317279e-06 2.446117947744960137e-06 8.918890329162258878e-08 9.174904621551599722e-08
1.142500000000000071e+01 2.299923893663352957e-06 2.344701525165803839e-06 8.440001547485779038e-08 8.681440860742464769e-08
1.144999999999999929e+01 2.204782230839182397e-06 2.247576945038518818e-06 7.987236937130995920e-08 8.214943462379019038e-08
1.147499999999999964e+01 2.113657888203361921e-06 2.154559185863634951e-06 7.559148243999513549e-08 7.773914767947422241e-08
1.150000000000000000e+01 2.026378119465017405e-06 2.065471368425183717e-06 7.154368812658523758e-08 7.356941660612650890e-08
1.152500000000000036e+01 1.942777758599934646e-06 1.980144389391100822e-06 6.771608912455144448e-08 6.962690712845910981e-08
1.155000000000000071e+01 1.862698879833739857e-06 1.898416571796640182e-06 6.409651339222252550e-08 6.589903620544975867e-08
1.157499999999999929e+01 1.785990473262499734e-06 1.820133331622336540e-06 6.067347264574689142e-08 6.237392899039933856e-08
1.159999999999999964e+01 1.712508135353276992e-06 1.745146859734732546e-06 5.743612338700557018e-08 5.904037832373669322e-08
1.162500000000000000e+01 1.642113773604196866e-06 1.673315818392492543e-06 5.437423008269796564e-08 5.588780659106109434e-08
1.165000000000000036e+01 1.574675324757955992e-06 1.604505051706642801e-06 5.147813051845151065e-08 5.290622975041116536e-08
1.167500000000000071e+01 1.510066485873764489e-06 1.538585309359728903e-06 4.873870321678481338e-08 5.008622351208544565e-08
1.169999999999999929e+01 1.448166457691647654e-06 1.475432982964798150e-06 4.614733663016838966e-08 4.741889143444431465e-08
1.172499999999999964e+01 1.388859699697611442e-06 1.414929854485834889e-06 4.369590019143053551e-08 4.489583487230090010e-08
1.175000000000000000e+01 1.332035696344351940e-06 1.356962856132628240e-06 4.137671701257849847e-08 4.250912467243826131e-08
1.177500000000000036e+01 1.277588733913427576e-06 1.301423841211980292e-06 3.918253816060047677e-08 4.025127450251821975e-08
1.180000000000000071e+01 1.225417687517338976e-06 1.248209365415699581e-06 3.710651842107074000e-08 3.811521572173952256e-08
1.182499999999999929e+01 1.175425817769259180e-06 1.197220478056571964e-06 3.514219342695489462e-08 3.609427369387860708e-08
1.184999999999999964e+01 1.127520576671809464e-06 1.148362522790496341e-06 3.328345815403456412e-08 3.418214546416466281e-08
1.187500000000000000e+01 1.081613422297508181e-06 1.101544947383179972e-06 3.152454662410723641e-08 3.237287874674818592e-08
1.190000000000000036e+01 1.037619641851905310e-06 1.056681122100424335e-06 2.986001276558838801e-08 3.066085208700170361e-08
1.192500000000000071e+01 9.954581827318296547e-07 1.013688166322701114e-06 2.828471237656549924e-08 2.904075618704373787e-08
1.194999999999999929e+01 9.550514912070168386e-07 9.724867829992950818e-07 2.679378611331944872e-08 2.750757627155615005e-08
1.197499999999999964e+01 9.163253583755153245e-07 9.330011005826621820e-07 2.538264349858050866e-08 2.605657550955303445e-08
1.200000000000000000e+01 8.792087730545631547e-07 8.951585220946845344e-07 2.404694777122263143e-08 2.468327935093481231e-08
1.202500000000000036e+01 8.436337812884040201e-07 8.588895809956182445e-07 2.278260166974319566e-08 2.338346077627086795e-08
1.205000000000000071e+01 8.095353521683124964e-07 8.241278035417532002e-07 2.158573397588646433e-08 2.215312638605433756e-08
1.207499999999999929e+01 7.768512496747340604e-07 7.908095773330461810e-07 2.045268683661678167e-08 2.098850327200774720e-08
1.209999999999999964e+01 7.455219102645360803e-07 7.588740257661860424e-07 1.938000383483164258e-08 1.988602665024690969e-08
1.212500000000000000e+01 7.154903259389889856e-07 7.282628881198556171e-07 1.836441871828097045e-08 1.884232820511567167e-08
1.215000000000000036e+01 6.867019325434833863e-07 6.989204050150537882e-07 1.740284476612517437e-08 1.785422508410505572e-08
1.217500000000000071e+01 6.591045030577006208e-07 6.707932090040719327e-07 1.649236478135164011e-08 1.691870953079977484e-08
1.219999999999999929e+01 6.326480456486067900e-07 6.438302200513483211e-07 1.563022161017923118e-08 1.603293909774311130e-08
1.222499999999999964e+01 6.072847062700662845e-07 6.179825456855793085e-07 1.481380922718970291e-08 1.519422740641122873e-08
1.225000000000000000e+01 5.829686755990909944e-07 5.932033856057653416e-07 1.404066433428262489e-08 1.440003545205399248e-08
1.227500000000000036e+01 5.596561001140684556e-07 5.694479405411521435e-07 1.330845841282524647e-08 1.364796338985024153e-08
1.230000000000000071e+01 5.373049971247243790e-07 5.466733251691485640e-07 1.261499024046015594e-08 1.293574279093733632e-08
1.232499999999999929e+01 5.158751735755665616e-07 5.248384849075626494e-07 1.195817880425868085e-08 1.226122932688894515e-08
1.234999999999999964e+01 4.953281484500166217e-07 5.039041164045658659e-07 1.133605665189207681e-08 1.162239587174278095e-08
1.237500000000000000e+01 4.756270786137431524e-07 4.838325915582980378e-07 1.074676359880291510e-08 1.101732600699719526e-08
1.240000000000000036e+01 4.567366879401721591e-07 4.645878849065568710e-07 1.018854077118247534e-08 1.044420787088944052e-08
1.242500000000000071e+01 4.386231995698290309e-07 4.461355042320499098e-07 9.659725015959143135e-09 9.901328366088983925e-09
1.244999999999999929e+01 4.212542711636280497e-07 4.284424242407271297e-07 9.158743612540025479e-09 9.387067695547616003e-09
1.247499999999999964e+01 4.045989330132779336e-07 4.114770231721396239e-07 8.684109275722527259e-09 8.899894204106976203e-09
1.250000000000000000e+01 3.886275288805001580e-07 3.952090222096301219e-07 8.234415436019528041e-09 8.438359501727070041e-09
1.252500000000000036e+01 3.733116594427058281e-07 3.796094275647400883e-07 7.808331805431295422e-09 8.001093870386236062e-09
1.255000000000000071e+01 3.586241282277126948e-07 3.646504751150854686e-07 7.404600169917917609e-09 7.586801928013867816e-09
1.257499999999999929e+01 3.445388899256220736e-07 3.503055774806730007e-07 7.022030420297420447e-09 7.194258526759361750e-09
1.259999999999999964e+01 3.310310009712563059e-07 3.365492734293584492e-07 6.659496816818394849e-09 6.822304888591636057e-09
1.262500000000000000e+01 3.180765722954414980e-07 3.233571795062256302e-07 6.315934452103091712e-09 6.469844955904854849e-09
1.265000000000000036e+01 3.056527241492364276e-07 3.107059437887531180e-07 5.990335915084641583e-09 6.135841944985267561e-09
1.267500000000000071e+01 2.937375429062959374e-07 2.985732016710336596e-07 5.681748136694482188e-09 5.819315091310864929e-09
1.269999999999999929e+01 2.823100397566803934e-07 2.869375335866273301e-07 5.389269414467012709e-09 5.519336575039343846e-09
1.272499999999999964e+01 2.713501112077783303e-07 2.757784245841692413e-07 5.112046607148559884e-09 5.235028622103152947e-09
1.275000000000000000e+01 2.608385013110606873e-07 2.650762256725480310e-07 4.849272475410728787e-09 4.965560764167001785e-09
1.277500000000000036e+01 2.507567655383448338e-07 2.548121168565076357e-07 4.600183179382083500e-09 4.710147250176510692e-09
1.280000000000000071e+01 2.410872362345071356e-07 2.449680717881258752e-07 4.364055908729982148e-09 4.468044604898414724e-09
1.282499999999999929e+01 2.318129895761885499e-07 2.355268239619509215e-07 4.140206644657504173e-09 4.238549317229786066e-09
1.284999999999999964e+01 2.229178139701365547e-07 2.264718343849067511e-07 3.927988053261262133e-09 4.020995664003128345e-09
1.287500000000000000e+01 2.143861798275252348e-07 2.177872606563673463e-07 3.726787481567807169e-09 3.814753648312013686e-09
1.290000000000000036e+01 2.062032106531656123e-07 2.094579273956908012e-07 3.536025079598146810e-09 3.619227054505667698e-09
1.292500000000000071e+01 1.983546553914280044e-07 2.014692979568663143e-07 3.355152016269040148e-09 3.433851612996927082e-09
1.294999999999999929e+01 1.908268619739025388e-07 1.938074473743260310e-07 3.183648793440423717e-09 3.258093260830294442e-09
1.297499999999999964e+01 1.836067520155062728e-07 1.864590364852280786e-07 3.021023661877020611e-09 3.091446503771097627e-09
1.300000000000000000e+01 1.766817966086856791e-07 1.794112871762406099e-07 2.866811115080052112e-09 2.933432867179004784e-09
1.302500000000000036e+01 1.700399931674078369e-07 1.726519587057015656e-07 2.720570468406264569e-09 2.783599430242906475e-09
1.305000000000000071e+01 1.636698432747111238e-07 1.661693250533608770e-07 2.581884519557224750e-09 2.641517442714401829e-09
1.307499999999999929e+01 1.575603314901481606e-07 1.599521532528408181e-07 2.450358280454545667e-09 2.506781018602652783e-09
1.309999999999999964e+01 1.517009050749792398e-07 1.539896826640260021e-07 2.325617776902975107e-09 2.379005899732788375e-09
1.312500000000000000e+01 1.460814545948143044e-07 1.482716051437316599e-07 2.207308917980268185e-09 2.257828288256146395e-09
1.315000000000000036e+01 1.406922953616517397e-07 1.427880460755253777e-07 2.095096425328214132e-09 2.142903744081636526e-09
1.317500000000000071e+01 1.355241496786109551e-07 1.375295462213279974e-07 1.988662819477279948e-09 2.033906141054639389e-09
1.319999999999999929e+01 1.305681298524474727e-07 1.324870443588479843e-07 1.887707465278850926e-09 1.930526681311607821e-09
1.322499999999999964e+01 1.258157219404354955e-07 1.276518606706151540e-07 1.791945666325503190e-09 1.832472963989409101e-09
1.325000000000000000e+01 1.212587701997388130e-07 1.230156808519272609e-07 1.701107809906731763e-09 1.739468103364210766e-09
1.327500000000000036e+01 1.168894622088807504e-07 1.185705409065144288e-07 1.614938560590828233e-09 1.651249897364555036e-09
1.330000000000000071e+01 1.127003146321813966e-07 1.143088126001395069e-07 1.533196094402356130e-09 1.567570040092854920e-09
1.332499999999999929e+01 1.086841595993706680e-07 1.102231895435951244e-07 1.455651376888802675e-09 1.488193377448819035e-09
1.334999999999999964e+01 1.048341316738649720e-07 1.063066738779077534e-07 1.382087480860302242e-09 1.412897203907591792e-09
1.337500000000000000e+01 1.011436553843734944e-07 1.025525635358090954e-07 1.312298939819381329e-09 1.341470597690732696e-09
1.340000000000000036e+01 9.760643329555854449e-08 9.895444005463389824e-08 1.246091136210384620e-09 1.273713790872217978e-09
1.342500000000000071e+01 9.421643459461698416e-08 9.550615691688028180e-08 1.183279726084257994e-09 1.209437575311601175e-09
1.344999999999999929e+01 9.096788417178185556e-08 9.220182839587895865e-08 1.123690091689620897e-09 1.148462740793056504e-09
1.347499999999999964e+01 8.785525217350342558e-08 8.903581888489261236e-08 1.067156825025940472e-09 1.090619542616927442e-09
1.350000000000000178e+01 8.487324400820033117e-08 8.600273268896238487e-08 1.013523239933621227e-09 1.035747199376463192e-09
1.352500000000000213e+01 8.201679078530107195e-08 8.309740425979482782e-08 9.626409091502309642e-10 9.836934169133673511e-10
1.355000000000000249e+01 7.928104016914847586e-08 8.031488885479901405e-08 9.143692284100723187e-10 9.343139389048836212e-10
1.357499999999999929e+01 7.666134763020363218e-08 7.765045360227825012e-08 8.685750035433796020e-10 8.874721219472259382e-10
1.359999999999999964e+01 7.415326807672958637e-08 7.509956895556322461e-08 8.251320587125704061e-10 8.430385334360754702e-10
1.362500000000000000e+01 7.175254785090098132e-08 7.265790051964355190e-08 7.839208666765835817e-10 8.008905704472515610e-10
1.365000000000000213e+01 6.945511707400480187e-08 7.032130123458198113e-08 7.448282006389992426e-10 7.609121008725210280e-10
1.367500000000000249e+01 6.725708232609575774e-08 6.808580390073503967e-08 7.077468020823614051e-10 7.229931230298574742e-10
1.369999999999999929e+01 6.515471964608539512e-08 6.594761403143153187e-08 6.725750683730725589e-10 6.870294435414216347e-10
1.372499999999999964e+01 6.314446783891392417e-08 6.390310301940800268e-08 6.392167573422392569e-10 6.529223733344040984e-10
1.375000000000000000e+01 6.122292207704151112e-08 6.194880160397235688e-08 6.075807073119901009e-10 6.205784399140173882e-10
1.377500000000000213e+01 5.938682778404044579e-08 6.008139362636065813e-08 5.775805721305369892e-10 5.899091150651924512e-10
1.380000000000000249e+01 5.763307478865410749e-08 5.829771006139152247e-08 5.491345708635916907e-10 5.608305572204279123e-10
1.382499999999999929e+01 5.595869173818560945e-08 5.659472331401301300e-08 5.221652514117096563e-10 5.332633682067255742e-10
1.384999999999999964e+01 5.436084076060768234e-08 5.496954176987158540e-08 4.965992664105970490e-10 5.071323630498013247e-10
1.387500000000000000e+01 5.283681236522173212e-08 5.341940458952634830e-08 4.723671612580333074e-10 4.823663521516128212e-10
1.390000000000000213e+01 5.138402057219740944e-08 5.194167673636906426e-08 4.494031735373950586e-10 4.588979351427642814e-10
1.392500000000000249e+01 4.999999826174770309e-08 5.053384422881563838e-08 4.276450442179624790e-10 4.366633062565425736e-10
1.394999999999999929e+01 4.868239273408474133e-08 4.919350960770756257e-08 4.070338384930428083e-10 4.156020705382149505e-10
1.397499999999999964e+01 4.742896147175587169e-08 4.791838761030979765e-08 3.875137757983500105e-10 3.956570694421269403e-10
1.400000000000000000e+01 4.623756809629806548e-08 4.670630104267604259e-08 3.690320701730148906e-10 3.767742162386855367e-10
1.402500000000000213e+01 4.510617851154474742e-08 4.555517684251850961e-08 3.515387788137613268e-10 3.589023406091428370e-10
1.405000000000000249e+01 4.403285722626575262e-08 4.446304232509968173e-08 3.349866588999042329e-10 3.419930415083988182e-10
1.407499999999999929e+01 4.301576384914556661e-08 4.342802160499567833e-08 3.193310326262091197e-10 3.260005483304004338e-10
1.409999999999999964e+01 4.205314974945629751e-08 4.244833218692179873e-08 3.045296591586973124e-10 3.108815896023121024e-10
1.412500000000000000e+01 4.114335487706041767e-08 4.152228171911863043e-08 2.905426137602738908e-10 2.965952687764606091e-10
1.415000000000000213e+01 4.028480473568763090e-08 4.064826490309397428e-08 2.773321739867110219e-10 2.831029470836284884e-10
1.417500000000000249e+01 3.947600750374623117e-08 3.982476055384665111e-08 2.648627119379252313e-10 2.703681329896337668e-10
1.419999999999999929e+01 3.871555129714670827e-08 3.905032880493377620e-08 2.531005925160754667e-10 2.583563776638487819e-10
1.422499999999999964e+01 3.800210156891556940e-08 3.832360845302929887e-08 2.420140775246808897e-10 2.470351764503005444e-10
1.425000000000000000e+01 3.733439864062565891e-08 3.764331443688135898e-08 2.315732349049718316e-10 2.363738757562252935e-10
1.427500000000000036e+01 3.671125536090305258e-08 3.700823544582655554e-08 2.217498535134267370e-10 2.263435853226299706e-10
1.430000000000000249e+01 3.613155488650123390e-08 3.641723165324536671e-08 2.125173625795519686e-10 2.169170956014052532e-10
1.432499999999999929e+01 3.559424858166718033e-08 3.586923257057700013e-08 2.038507556565184683e-10 2.080687997277591090e-10
1.434999999999999964e+01 3.509835403172697698e-08 3.536323501773519823e-08 1.957265193112035373e-10 1.997746201199771744e-10
1.437500000000000000e+01 3.464295316703152510e-08 3.489830120596853423e-08 1.881225658356205881e-10 1.920119394623072693e-10
1.440000000000000036e+01 3.422719049359873598e-08 3.447355692941874555e-08 1.810181698464992947e-10 1.847595356441868191e-10
1.442500000000000249e+01 3.385027142697819047e-08 3.408818986182118094e-08 1.743939088478455347e-10 1.779975206558450596e-10
1.444999999999999929e+01 3.351146072605404629e-08 3.374144795498038552e-08 1.682316074509381578e-10 1.717072832550317603e-10
1.447499999999999964e+01 3.321008102367397557e-08 3.343263793584283548e-08 1.625142849767101884e-10 1.658714352088717378e-10
1.450000000000000000e+01 3.294551145115483011e-08 3.316112389914158479e-08 1.572261062431700818e-10 1.604737607977598292e-10
1.452500000000000036e+01 3.271718635389959088e-08 3.292632599277879715e-08 1.523523356522050876e-10 1.554991695947470072e-10
1.455000000000000249e+01 3.252459409550149377e-08 3.272771919326386143e-08 1.478792942148452526e-10 1.509336523461157660e-10
1.457499999999999929e+01 3.236727594787038616e-08 3.256483216867776407e-08 1.437943195464066847e-10 1.467642398208664232e-10
1.459999999999999964e+01 3.224482506506930495e-08 3.243724622679412402e-08 1.400857284748821088e-10 1.429789644897233151e-10
1.462500000000000000e+01 3.215688553868696221e-08 3.234459434613055003e-08 1.367427823086336762e-10 1.395668247934576395e-10
1.465000000000000036e+01 3.210315153270795887e-08 3.228656028783916815e-08 1.337556547854159506e-10 1.365177521710562254e-10
1.467500000000000249e+01 3.208336649597975947e-08 3.226287778648826265e-08 1.311154022292633209e-10 1.338225804632636389e-10
1.469999999999999929e+01 3.209732245051090698e-08 3.227332981791395583e-08 1.288139361724975724e-10 1.314730177208176091e-10
1.472499999999999964e+01 3.214485935397117664e-08 3.231774794248361508e-08 1.268439981959341610e-10 1.294616203409363862e-10
1.475000000000000000e+01 3.222586453483857596e-08 3.239601172216436388e-08 1.251991369410132633e-10 1.277817694189191109e-10
1.477500000000000036e+01 3.234027219882660244e-08 3.250804820999112532e-08 1.238736872139594389e-10 1.264276492453489330e-10
1.480000000000000249e+01 3.248806300527454336e-08 3.265383151058523177e-08 1.228627511147959132e-10 1.253942278764596488e-10
1.482499999999999929e+01 3.266926371235605268e-08 3.283338241053638484e-08 1.221621811280062581e-10 1.246772397132676755e-10
1.484999999999999964e+01 3.288394689002858567e-08 3.304676807754462576e-08 1.217685651181799940e-10 1.242731700304385232e-10
1.487500000000000000e+01 3.313223069977596730e-08 3.329410182733842801e-08 1.216792131755390914e-10 1.241792413993487886e-10
1.490000000000000036e+01 3.341427874029788873e-08 3.357554295749705693e-08 1.218921462738549599e-10 1.243934019623406726e-10
1.492500000000000071e+01 3.373029995839061286e-08 3.389129664739236106e-08 1.224060866603282757e-10 1.249143154894180059e-10
1.494999999999999929e+01 3.408054862438489828e-08 3.424161392359028201e-08 1.232204499805048038e-10 1.257413531856400826e-10
1.497499999999999964e+01 3.446532437159354781e-08 3.462679169014171216e-08 1.243353391880551290e-10 1.268745873443848239e-10
