## Rp, Rn, Rn-Rp, Rch, Rw, Rw-Rch
#FsuGold
  4.7139    4.8853    0.1714    4.7755    4.9564    0.1809  
#FsuGarnet
  4.6924    4.8292    0.1368    4.7543    4.8993    0.1449  
#Rmf022
  4.6905    4.8790    0.1884    4.7525    4.9510    0.1985  
#Rmf028
  4.6837    4.9257    0.2420    4.7457    4.9998    0.2541  
#Rmf032
  4.6793    4.9350    0.2557    4.7414    5.0096    0.2682  
#TamuFsuA
  4.7031    4.9167    0.2136    4.7648    4.9895    0.2247  
#TamuFsuC
  4.6991    4.9767    0.2776    4.7609    5.0519    0.2910  
